0.999912  0.00407005
1.00024  0.00288761
0.999585  0.00235583
1.00101  0.00204243
1.00039  0.00182027
1.00037  0.00166236
0.999962  0.00154289
1.00073  0.00144927
1.00045  0.00136324
1.00094  0.00129334
1.00127  0.00123123
1.00108  0.00117922
1.00112  0.00113352
1.00115   0.0010936
1.00104  0.00105463
1.00054  0.00102161
1.00067 0.000989652
1.00077 0.000963015
1.00081 0.000937188
1.00083 0.000913107
1.00135 0.000891411
1.00152 0.000871429
1.0014 0.000851626
1.00123 0.000833381
1.00137 0.000816555
1.00125 0.000801233
1.00112  0.00078661
1.00099 0.000772974
1.00149 0.000759705
1.00162 0.000747274
1.00173 0.000734888
1.00166 0.000723497
1.0016 0.000712081
1.00146 0.000701873
1.00147 0.000691834
1.00118 0.000681612
1.00102 0.000672429
1.00095 0.000663582
1.00111 0.000654997
1.00121 0.000646618
1.00106   0.0006385
1.00094 0.000631058
1.00069 0.000623993
1.00077 0.000617091
1.00078 0.000609818
1.00073 0.000602956
1.0007   0.0005964
1.00064  0.00059002
1.0007 0.000583888
1.00077  0.00057804
1.00075 0.000572486
1.00075 0.000566881
1.00062 0.000561441
1.00057 0.000556101
1.00055 0.000551132
1.00056    0.000546
1.00057 0.000541177
1.00037 0.000536484
1.00033  0.00053201
1.00042 0.000527401
1.00043 0.000522875
1.00039 0.000518739
1.00048 0.000514641
1.00057 0.000510805
1.00055 0.000507036
1.00061 0.000503027
1.00064 0.000499225
1.00052 0.000495427
1.00053 0.000491843
1.00046 0.000488267
1.00056 0.000484893
1.00049 0.000481734
1.0004 0.000478562
1.00036 0.000475358
1.00036 0.000472227
1.00032 0.000469106
1.00025 0.000466027
1.00022 0.000463165
1.00027 0.000460223
1.00024 0.000457356
1.00033 0.000454536
1.00025 0.000451703
1.0002 0.000448986
1.00011 0.000446221
1.00022 0.000443556
1.00019 0.000440911
1.00015 0.000438334
1.0002 0.000435907
1.00023 0.000433471
1.00024 0.000431048
1.00023 0.000428586
1.00018 0.000426284
1.0001 0.000423961
1.00017 0.000421673
1.00015  0.00041952
1.00019  0.00041741
1.00017 0.000415339
1.00017 0.000413197
1.0002 0.000411125
1.00016 0.000408977
