0.976496   0.0156875
0.985353   0.0109644
0.991653  0.00894737
0.987794  0.00773471
0.996706  0.00686307
0.99922  0.00627585
0.997614  0.00581173
0.994657  0.00543204
0.99364  0.00512716
0.994718  0.00486018
0.995691  0.00461778
0.998844  0.00441784
1.00155  0.00424608
1.00277  0.00408928
1.00261   0.0039543
1.00217  0.00382921
1.00241  0.00371575
1.00096  0.00360926
1.00041   0.0035114
1.00058  0.00342501
1.00059  0.00333969
1.00089  0.00326364
1.0008  0.00319169
0.999406   0.0031272
0.998987  0.00306625
0.998944   0.0030063
0.998575  0.00295109
0.998566  0.00289856
0.998236  0.00285051
0.998646  0.00280278
0.997746  0.00275953
0.997456  0.00271651
0.996778  0.00267488
0.996981  0.00263433
0.997477  0.00259769
0.997692  0.00256259
0.997311  0.00252757
0.997462  0.00249348
0.997433  0.00246056
0.997135  0.00242951
0.997819  0.00239845
0.998101  0.00236859
0.997823  0.00234048
0.997545  0.00231322
0.997576  0.00228756
0.9975    0.002263
0.99728  0.00223912
0.997347  0.00221513
0.997601  0.00219195
0.997344  0.00216945
0.997738  0.00214672
0.9977  0.00212567
0.997721  0.00210608
0.998007  0.00208646
0.997586  0.00206728
0.997602  0.00204842
0.997255  0.00203128
0.997564  0.00201265
0.997573  0.00199575
0.997691  0.00197885
0.997456  0.00196339
0.997743  0.00194711
0.997754  0.00193155
0.997648  0.00191642
0.997494  0.00190133
0.997415  0.00188648
0.997145  0.00187261
0.997092   0.0018585
0.997441  0.00184416
0.997399  0.00183122
0.997297  0.00181855
0.997396  0.00180605
0.9972   0.0017936
0.997427  0.00178213
0.997524  0.00177028
0.997975  0.00175812
0.997883  0.00174712
0.998264  0.00173545
0.998397  0.00172434
0.998299  0.00171365
0.998132   0.0017033
0.99827  0.00169306
0.998372  0.00168245
0.998073  0.00167254
0.997885  0.00166268
0.998  0.00165305
0.998199  0.00164325
0.998475   0.0016338
0.998487  0.00162411
0.99837  0.00161494
0.998045  0.00160599
0.997863  0.00159759
0.997827  0.00158906
0.997659  0.00158085
0.997766   0.0015721
0.99777  0.00156417
0.997555   0.0015562
0.997531  0.00154826
0.997428   0.0015408
0.997298  0.00153344
