4.89648           0
4.63174    0.264739
5.0277    0.424435
5.21665    0.354648
5.30073    0.287287
5.28611    0.235024
5.38679    0.222694
5.49355    0.220433
5.66077     0.25643
5.57442    0.245073
5.56483    0.221884
5.54751    0.203291
5.48759    0.196366
5.6201    0.224967
5.66754    0.214737
5.62165    0.206043
5.57556    0.198955
5.59637    0.188727
5.58439    0.178919
5.6123    0.172018
5.59519    0.164514
5.61506    0.158111
5.62935    0.151755
5.61786    0.145747
5.61977    0.139809
5.64506    0.136682
5.6821     0.13664
5.67134    0.132108
5.65309    0.128771
5.64436     0.12471
5.63854    0.120761
5.59364     0.12525
5.59963    0.121543
5.5552    0.126008
5.58764    0.126581
5.66267    0.144093
5.70387    0.146076
5.66769    0.146712
5.67189    0.142962
5.67764    0.139461
5.66638    0.136482
5.63999    0.135782
5.64466    0.132669
5.61599    0.132752
5.62312    0.129964
5.6261    0.127142
5.59432    0.128403
5.57703    0.126883
5.59024    0.124967
5.60541    0.123378
5.60096    0.121016
5.58418    0.119846
5.57815    0.117718
5.55578    0.117664
5.57466    0.117038
5.5786    0.114997
5.59402    0.114008
5.62323    0.115771
5.60926    0.114646
5.60901    0.112719
5.62011     0.11141
5.61151    0.109935
5.60464    0.108394
5.59847    0.106865
5.61113    0.105967
5.63029    0.106094
5.62891    0.104507
5.63342    0.103057
5.62807    0.101693
5.64066    0.101018
5.64925    0.099954
5.672    0.101148
5.67121   0.0997563
5.67125    0.098399
5.66626   0.0972059
5.65027   0.0972428
5.64638   0.0960505
5.64879   0.0948417
5.63595   0.0945087
5.60977   0.0969239
5.62129   0.0964108
5.63273   0.0959121
5.63363   0.0947538
5.64234   0.0940226
5.63922   0.0929621
5.63639   0.0919183
5.64518   0.0912796
5.64459   0.0902383
5.63809   0.0894548
5.63125   0.0887193
5.61148   0.0899389
5.62092   0.0894547
5.60628   0.0896901
5.59782   0.0891332
5.59604   0.0882079
5.6005   0.0873979
5.5868    0.087569
5.60093   0.0878144
5.60686   0.0871249
5.60137   0.0864236
