14.8286           0
15.0536    0.224993
15.0788    0.132316
14.9273     0.17802
14.9423    0.138708
14.9423    0.113255
14.9189    0.098524
14.9192   0.0853248
14.9257   0.0755263
14.9457   0.0704512
14.9272    0.066352
14.8988   0.0668833
14.8814   0.0639568
14.863   0.0620057
14.8736   0.0586978
14.8783   0.0551065
14.865   0.0534417
14.8874   0.0551449
14.8836   0.0523026
14.8915   0.0502393
14.8945    0.047883
14.9055   0.0469687
14.9174   0.0464301
14.9297   0.0461031
14.9274   0.0442792
14.9294   0.0425923
14.9366   0.0416104
14.9383   0.0401296
14.9313   0.0393419
14.9307   0.0380124
14.9327   0.0368212
14.9234   0.0368644
14.9184   0.0360667
14.9322   0.0376054
14.9261   0.0370158
14.9322   0.0364731
14.9326   0.0354767
14.9324   0.0345316
14.9338   0.0336646
14.9351   0.0328391
14.9403   0.0324513
14.9435   0.0318285
14.9459   0.0311671
14.9493   0.0306481
14.9447   0.0303175
14.9476   0.0297976
14.9533   0.0296986
14.9525    0.029084
14.9562   0.0287199
14.9532   0.0282935
14.9618    0.029042
14.9637   0.0285357
14.9725    0.029367
14.9664   0.0294553
14.9677   0.0289416
14.9655    0.028506
14.9665   0.0280207
14.964   0.0276473
14.9613   0.0273061
14.9633   0.0269225
14.9583   0.0269616
14.9671   0.0279539
14.9655   0.0275526
14.9681   0.0272394
14.9671   0.0268347
14.9712   0.0267441
14.9714   0.0263425
14.965   0.0267315
14.9659   0.0263587
14.9647   0.0260068
14.9636   0.0256626
14.9647   0.0253264
14.9648   0.0249773
14.9622    0.024771
14.9634   0.0244653
14.9648   0.0241848
14.9592   0.0245339
14.9582   0.0242373
14.9583   0.0239291
14.9586   0.0236291
14.9674   0.0249384
14.966   0.0246707
14.9623   0.0246488
14.9619    0.024357
14.9666   0.0245319
14.9653   0.0242828
14.9694    0.024346
14.9719   0.0241993
14.9652   0.0248515
14.9656   0.0245769
14.9661    0.024311
14.9645   0.0240969
14.964   0.0238422
14.9649   0.0236044
14.9675   0.0235017
14.9715   0.0235946
14.9697   0.0234178
14.9678   0.0232516
14.9685   0.0230241
14.9687   0.0227936
