5.60137           0
5.56172   0.0396528
5.52497   0.0432996
5.55366   0.0419599
5.51925   0.0473353
5.5237   0.0389049
5.51256   0.0347176
5.51596    0.030258
5.50022   0.0309779
5.49699    0.027895
5.49922   0.0253298
5.50166    0.023251
5.50808   0.0223316
5.52508   0.0267643
5.51982   0.0254643
5.52373   0.0241391
5.53279   0.0244155
5.52328   0.0249064
5.51759   0.0242353
5.51981   0.0230978
5.51409    0.022702
5.5079   0.0225123
5.50293   0.0220793
5.50073   0.0212527
5.49915   0.0204465
5.50148   0.0197824
5.49931   0.0191593
5.49606   0.0187451
5.49549   0.0180963
5.50234    0.018776
5.50751   0.0188842
5.50834    0.018303
5.50746   0.0177611
5.50533   0.0173617
5.49937    0.017883
5.50151   0.0175108
5.4994   0.0171612
5.49924   0.0167042
5.49708   0.0164133
5.49641   0.0160116
5.49499   0.0156805
5.49178   0.0156353
5.49051   0.0153204
5.48865   0.0150827
5.48677   0.0148641
5.49027   0.0149546
5.48965   0.0146463
5.48752   0.0144958
5.48632   0.0142474
5.48708   0.0139803
5.48556   0.0137867
5.48378   0.0136367
5.4782   0.0144945
5.47572   0.0144366
5.47614   0.0141779
5.47606   0.0139227
5.47234   0.0141731
5.47199   0.0139309
5.47045   0.0137794
5.47325   0.0138354
5.47593    0.013867
5.47131   0.0144004
5.47182   0.0141789
5.47003   0.0140697
5.47053   0.0138607
5.47047   0.0136492
5.4704   0.0134441
5.47256   0.0134209
5.47191   0.0132411
5.47295   0.0130924
5.47296   0.0129067
5.47371   0.0127483
5.47391    0.012574
5.47372   0.0124044
5.47421   0.0122476
5.47464   0.0120933
5.47701   0.0121674
5.47737   0.0120158
5.47804   0.0118817
5.47859    0.011745
5.47789   0.0116204
5.47678   0.0115311
5.47545   0.0114686
5.47722   0.0114685
5.47633   0.0113678
5.47789   0.0113425
5.47737   0.0112233
5.47617   0.0111601
5.47737   0.0110992
5.47778    0.010983
5.47833   0.0108752
5.4789   0.0107718
5.4775   0.0107475
5.47737   0.0106333
5.47571   0.0106507
5.47524   0.0105494
5.47518   0.0104402
5.47614   0.0103772
5.47594   0.0102736
5.47631   0.0101769
