15.8804           0
17.2169     1.33648
15.7222     1.68214
15.3158     1.25696
14.8331     1.08673
15.1012    0.926943
15.1211    0.783662
15.0648    0.681001
14.8228    0.647506
15.0843    0.635456
15.1695     0.58107
15.1603    0.530523
15.0485     0.50065
15.0522    0.463527
14.9665    0.439959
14.9093    0.415501
14.8931    0.390628
14.8431     0.37167
14.8807    0.353572
14.8655    0.335773
14.9143    0.323092
14.8812    0.309831
14.9661    0.307987
14.9072    0.300706
15.0424    0.318565
14.9073    0.334549
15.0377      0.3473
15.0929    0.339194
15.125    0.328863
15.1717    0.321123
15.1442    0.311811
15.136    0.302021
15.0491    0.305348
15.1941    0.329808
15.1437    0.324182
15.0541    0.327541
14.9635    0.331203
14.9523    0.322565
14.9533    0.314187
14.9092    0.309393
14.904    0.301797
14.9706    0.301952
14.934    0.297108
14.9197    0.290628
14.8649     0.28933
14.7544    0.303797
14.7562    0.297269
14.7504    0.291068
14.7302    0.285777
14.699    0.281738
14.702    0.276175
14.7255    0.271831
14.7051    0.267436
14.7483    0.265971
14.7431    0.261141
14.7403    0.256451
14.7454    0.251963
14.6926    0.253144
14.6923    0.248817
14.7329    0.247982
14.7268     0.24396
14.7386    0.240283
14.7686    0.238332
14.7633    0.234637
14.7664    0.231021
14.8067    0.231034
14.7666    0.231067
14.7475    0.228442
14.7649    0.225777
14.7473    0.223227
14.7498    0.220075
14.7099    0.220639
14.674    0.220549
14.6443    0.219565
14.6257    0.217411
14.6412    0.215088
14.6523    0.212567
14.6349    0.210543
14.658    0.209145
14.6894    0.208881
14.6865    0.206305
14.7047    0.204585
14.7186    0.202582
14.7242    0.200233
14.7258    0.197869
14.7339    0.195723
14.7186    0.194067
14.7438    0.193504
14.7344    0.191547
14.7478    0.189881
14.8102    0.197864
14.7822      0.1977
14.7966    0.196099
14.8051    0.194188
14.8196    0.192673
14.7959    0.192119
14.7774    0.191026
14.8102    0.191885
14.8083    0.189946
14.8286    0.189132
