85.8674
133.644
92.4268
142.115
126.58
100.174
126.327
91.6103
135.65
129.788
91.3043
100.808
74.6248
98.2753
129.586
99.0655
80.547
154.588
83.8623
122.48
99.2399
193.312
107.645
140.064
117.58
89.8598
146.605
115.518
92.4682
119.494
87.7493
94.2901
115.128
112.428
101.241
101.327
154.178
120.827
63.6458
134.15
104.16
123.962
163.111
98.4492
104.512
135.349
114.005
105.955
72.615
112.773
135.556
120.351
125.398
71.5048
96.7174
111.035
120.965
85.8961
102.758
117.263
88.6364
76.8711
155.448
73.3802
148.098
93.6058
82.5227
123.618
83.7301
91.9799
144.778
99.3505
87.7114
124.676
151.273
172.313
127.488
103.733
93.2749
79.9724
176.144
119.141
119.082
85.4026
121.011
151.517
115.277
136.862
148.832
87.6643
116.912
68.7049
86.0819
77.6339
74.885
136.539
106.192
77.4278
143.822
133.91
118.895
142.904
110.103
133.27
106.647
127.867
90.6452
118.229
126.965
113.466
247.203
136.414
128.403
76.5449
114.497
58.7127
101.658
111.045
126.668
132.06
132.809
126.598
123.988
96.6599
82.5196
107.322
103.609
158.121
180.417
95.6954
135.543
131.545
103.531
91.0641
120.927
101.601
216.093
125.885
122.527
124.73
142.296
81.084
149.568
90.7495
120.779
82.5861
61.1148
144.7
127.85
98.2684
103.604
186.116
124.667
103.97
138.971
75.5429
141.319
100.441
127.605
140.402
133.653
102.93
177.503
123.166
142.66
118.871
74.0292
90.7481
121.013
70.3302
88.109
98.0923
92.4301
93.8118
82.8898
112.627
97.1549
91.6112
155.004
99.6209
109.403
90.2955
55.1981
86.6776
238.583
99.0308
118.833
122.895
87.2423
94.8233
88.3241
91.6681
87.8332
141.773
100.398
91.3089
98.0053
119.838
147.492
86.9492
70.7214
88.5666
112.117
128.15
144.013
138.624
121.569
91.39
111.873
120.913
191.312
87.9342
101.266
90.7736
111.291
88.782
82.8736
103.555
80.2982
105.646
87.7833
112.316
106.344
101.304
74.0276
127.154
82.1347
81.8045
74.8264
84.176
113.762
87.5159
135.953
89.9108
143.312
81.1876
103.672
109.589
91.7198
103.045
102.135
110.517
143.148
120.707
88.1794
117.013
138.103
93.8992
124.757
76.5193
56.0996
75.5336
146.981
107.391
102.168
106.88
102.22
110.299
89.7231
78.0008
83.7578
130.71
95.3979
127.49
129.1
171.142
84.8122
124.954
83.9206
171.021
102.789
86.4268
102.073
84.9857
72.9292
134.203
79.1927
94.9732
183.07
56.9606
85.8333
127.973
126.283
80.2567
94.3801
131.665
135.434
135.83
99.7622
130.024
118.833
121.712
100.266
127.734
99.0753
121.316
136.49
121.92
116.051
99.7874
82.4603
112.359
96.2026
227.305
85.0383
156.044
126.775
83.1688
112.592
94.6781
144.994
154.796
113.292
73.1736
93.975
113.329
157.775
137.249
95.8865
83.4507
98.5968
101.535
132.757
85.4307
102.812
103.85
123.336
105.255
111.307
108.869
130.456
79.475
117.78
103.954
90.2274
130.792
113.505
126.296
102.868
104.054
163.342
115.644
92.8909
176.759
92.7933
106.413
161.732
108.44
79.9267
114.731
61.321
90.1205
169.339
106.197
81.2805
101.602
116.995
139.44
129.963
76.4923
82.733
110.551
112.206
79.7094
82.5863
114.1
89.4212
123.284
77.6591
77.9284
114.818
116.085
106.898
127.655
96.6583
104.217
187.775
71.3699
162.175
75.269
93.1069
117.626
95.5319
135.005
86.5911
94.0274
95.36
67.0168
84.2997
70.0574
97.7089
136.504
103.773
72.3612
143.525
93.4722
100.345
61.3668
148.898
105.938
101.091
77.4925
131.263
75.7045
106.881
125.923
74.4455
136.552
125.013
87.3015
110.53
117.118
69.7138
65.555
103.295
109.109
141.597
165.02
105.162
116.572
97.8991
133.191
87.862
114.339
114.978
120.144
114.198
152.976
86.8811
78.8923
82.0023
130.797
98.0516
112.675
121.32
110.406
124.942
97.1953
127.065
65.0239
103.521
96.5185
90.2479
112.857
118.002
71.8141
96.0154
118.599
115.993
172.494
154.248
139.152
83.2588
141.112
118.653
101.538
80.9934
90.0984
90.9466
84.1748
112.433
107.793
137.863
164.157
99.0561
95.1443
102.307
153.539
70.0112
96.0935
80.1653
163.117
78.1969
71.5504
98.4026
144.303
96.0751
93.6649
105.931
118.706
130.82
75.7463
72.8473
123.217
116.654
101.18
90.7475
161.512
83.5932
106.727
138.289
95.6244
93.1537
78.1389
118.996
93.9438
141.921
108.133
87.572
99.1965
143.195
105.039
82.5861
116.852
138.572
97.5552
112.933
151.929
85.2031
89.9881
86.7211
114.951
86.6027
87.8742
84.6566
119.365
85.513
141.117
104.684
89.1204
79.4382
118.95
143.396
93.311
130.73
78.3036
103.328
116.453
117.394
175.741
109.577
114.964
144.719
141.927
144.888
77.1833
132.949
142.798
165.256
137.726
108.864
149.467
141.61
78.712
147.011
143.243
134.481
87.0414
86.4216
91.4019
80.0882
75.0979
115.928
90.2709
174.2
80.2191
116.632
124.511
95.0858
85.5076
97.9908
117.021
166.478
109.627
121.15
99.1482
90.308
153.84
124.659
110.25
125.62
84.1842
128.679
84.9818
107.861
130.113
106.503
166.58
90.5624
130.658
134.46
102.425
65.2808
133.845
118.249
124.443
60.4021
89.5322
110.665
79.0847
126.278
120.872
85.6184
113.707
99.5995
129.127
73.5532
152.218
69.7256
106.414
104.132
73.0004
91.0558
129.446
113.334
113.531
125.818
76.1056
155.389
170.373
125.645
89.717
98.4466
78.151
130.059
84.3836
126.525
96.5441
137.048
84.4802
184.875
151.757
140.488
88.818
72.4678
87.3381
144.801
101.822
81.3201
75.7787
125.832
101.747
86.5019
78.199
184.55
106.981
70.0504
107.031
129.161
138.485
89.0935
119.89
97.1356
74.3997
90.8972
108.186
111.669
81.6795
85.2924
69.0792
127.017
109.547
95.2357
103.588
100.109
100.799
88.6386
98.8076
137.121
106.206
128.341
151.174
88.4093
127.929
148.578
163.861
96.2757
77.7899
103.539
75.9127
128.587
186.564
101.514
118.414
101.696
86.8422
83.8192
94.2995
143.338
74.8407
169.69
148.585
102.904
134.941
62.6825
97.7316
105.016
102.54
74.0598
96.1274
104.768
63.1042
121.999
112.549
91.7208
121.842
91.6685
159.479
216.21
107.292
170.169
84.3302
126.166
122.372
159.628
152.234
87.395
196.196
142.125
127.761
85.51
105.656
99.1252
150.601
178.823
111.102
99.5317
122.649
95.2637
99.7112
146.179
158.334
94.7405
69.6225
78.5471
105.548
135.512
125.606
83.9493
90.9313
107.676
73.2057
120.298
96.4286
78.3664
89.4505
100.776
61.4382
122.794
119.712
92.9656
95.0268
87.8841
78.9505
72.855
130.256
152.915
111.933
140.662
120.208
93.4528
123.031
111.161
111.539
158.723
62.2983
70.484
108.123
104.36
67.3306
143.581
101.839
79.3508
117.304
101.688
75.1869
91.1842
113.473
48.2898
90.6742
122.928
109.258
102.383
90.8458
122.862
142.594
87.7998
92.2978
120.213
118.472
118.796
133.382
155.105
109.142
128.936
150.433
123.937
128.337
105.473
100.052
58.6676
142.912
72.5255
104.1
104.236
119.106
90.5687
89.8571
94.1438
60.0956
99.9968
98.0183
118.327
71.4822
102.21
121.791
141.082
59.3706
100.321
93.0996
183.962
103.988
73.5351
94.0793
99.5512
79.3029
99.4194
120.634
60.4964
79.9572
97.8759
90.9108
91.853
76.6698
95.4679
191.101
82.6479
119.815
188.95
94.6611
72.5526
110.509
124.271
91.4209
139.17
102.885
88.1904
118.559
79.6171
83.4042
83.3789
127.191
100.231
92.4936
77.5012
106.638
97.2657
118.254
105.823
113.381
84.8422
107.033
105.7
116.323
130.029
134.099
141.986
78.5886
60.079
146.507
100.946
98.6576
115.64
131.723
84.7581
146.775
79.0174
138.322
97.3769
116.366
113.709
83.7549
63.2269
111.044
89.2827
70.4451
83.563
115.478
229.197
99.3313
76.6285
94.3032
105.587
97.767
125.724
191.505
62.4644
135.147
108.671
123.655
132.449
98.3589
60.2882
166.313
125.418
59.5865
109.505
108.917
129.217
102.139
119.119
78.8553
116.375
60.7184
118.733
159.23
91.9662
91.2658
148.723
156.175
92.0905
95.7651
96.1949
158.428
138.34
115.228
105.223
88.9527
101.282
74.0558
93.4322
114.708
120.241
98.1129
165.737
160.719
104.669
145.353
129.721
90.0063
93.8241
87.6063
133.982
99.3665
83.9757
89.2136
128.15
97.8734
115.106
102.66
182.415
130.303
161.138
135.015
198.157
87.0623
139.231
99.7814
106.426
93.7223
130.623
180.902
191.286
113.969
146.226
87.1729
110.254
108.542
138.337
110.153
105.855
78.6425
126.216
117.698
87.1556
104.137
142.918
166.456
78.2867
108.129
114.815
137.484
61.9558
137.685
116.424
82.291
125.463
81.187
94.0701
86.8037
91.5113
83.1843
54.2141
101.572
105.582
81.0253
60.0399
137.703
142.287
165.108
144.381
101.29
83.4694
101.815
119.107
98.1519
103.078
130.267
96.8127
130.849
89.5442
114.688
78.5429
70.455
135.401
224.756
92.047
85.0408
68.5403
139.555
107.296
160.372
105.433
171.987
87.8559
92.0428
122.044
109.294
77.736
174.588
103.676
122.831
96.3105
143.235
121.009
60.6402
79.9418
96.119
133.06
81.2408
139.598
108.205
106.379
113.897
143.408
117.317
162.31
116.308
78.1435
120.072
101.001
110.205
73.5839
77.3245
129.496
91.3797
103.961
103.67
122.726
115.27
104.298
89.3948
80.1148
113.572
108.025
103.796
141.697
93.189
139.412
78.4252
145.309
142.345
111.288
151.779
166.094
105.691
98.8105
106.433
91.2019
86.1422
88.9632
147.023
84.1185
114.689
139.973
109.012
108.227
87.7465
129.378
74.3622
129.112
129.709
138.272
124.542
87.8403
127.27
158.038
88.0753
121.814
130.175
105.481
146.868
103.004
81.317
75.0266
118.728
71.9865
124.661
62.387
121.875
98.4844
128.687
114.308
83.4577
110.12
110.096
101.59
73.7426
192.576
46.6763
106.986
98.6902
95.3938
97.9466
73.4912
95.4685
77.9368
88.3448
69.3214
124.664
91.9887
136.718
95.2427
161.524
119.182
156.363
139.545
135.118
147.842
106.975
82.2335
106.041
196.754
125.578
121.487
69.7379
110.09
164.207
75.126
155.73
100.193
97.7367
148.964
118.124
118.725
133.962
107.837
135.445
110.399
86.6416
82.2773
128.522
115.335
98.887
154.178
122.439
159.561
112.424
87.0103
107.706
84.7913
80.1816
77.5643
137.623
87.6001
149.415
110.063
147.751
115.29
115.753
76.3129
107.167
116.216
96.693
105.418
119.248
70.4798
83.5547
174.09
98.1591
111.341
141.392
92.1217
105.696
134.272
127.322
79.5141
79.4525
86.0566
113.247
112.24
102.667
95.7125
99.3418
71.9767
84.6497
114.038
140.097
117.854
97.9627
104.588
98.6326
107.374
81.0606
113.87
94.8189
82.7735
99.6515
155.358
99.7065
95.2699
154.382
134.408
118.862
126.197
113.44
110.237
139.613
102.084
159.533
99.9925
65.77
113.693
143.199
83.6338
97.8056
93.9292
120.792
67.951
119.246
121.62
146.485
127.524
120.553
121.78
104.535
81.5626
82.4515
122.428
110.6
133.23
131.164
130.706
88.9857
83.8408
139.856
112.127
191.46
82.5902
125.947
86.976
91.3206
148.989
106.423
122.102
85.9652
111.82
100.078
65.0357
109.658
82.627
133.774
111.526
122.265
97.4892
100.138
107.766
110.857
113.902
116.864
89.7826
112.541
135.455
125.01
145.339
118.846
85.7201
64.5463
104.951
85.3329
130.112
134.475
75.2784
101.427
156.072
145.224
108.242
128.646
90.6814
91.8237
112.24
86.9945
70.3776
106.498
100.113
78.9072
87.3191
156.613
78.028
98.3616
84.6447
79.3185
121.733
109.379
101.384
141.54
180.612
116.757
212.298
67.7145
66.278
80.5783
97.5722
93.6667
96.6214
86.5911
131.387
96.7936
138.432
100.679
92.4353
81.0373
95.4955
177.698
75.2748
75.8958
139.775
78.5241
87.9576
109.639
145.405
116.95
98.187
112.397
99.3342
54.3278
109.034
59.1917
141.143
125.416
99.5679
93.571
95.7454
100.38
114.216
121.733
122.768
116.609
113.728
134.783
151.483
138.815
157.737
157.661
88.1922
139.47
66.5247
195.69
129.017
76.7739
68.3025
121.006
109.058
81.0821
90.1079
71.6787
96.8375
126.209
140.001
80.3225
66.7761
80.7702
114.41
67.3107
65.4978
107.881
158.263
92.198
103.64
117.346
170.052
179.804
118.732
117.075
150.146
127.91
77.5213
103.271
105.482
74.7408
99.6322
108.322
90.4727
122.503
73.3329
125.266
85.6153
87.0999
116.793
71.3867
126.945
74.4614
98.9981
87.762
106.088
119.011
102.466
112.006
71.9785
98.9188
77.5451
139.144
151.839
107.267
85.9889
164.93
108.352
103.699
91.652
95.3592
190.414
95.3973
79.1355
100.485
96.3242
130.019
117.438
98.5051
146.437
58.541
120.771
93.278
104.84
133.49
142.046
158.795
82.4522
122.391
84.9804
131.363
113.681
127.258
117.553
82.9998
100.856
68.3058
103.007
109.056
103.287
80.9431
108.752
114.329
93.3219
76.7375
69.3602
122.431
131.947
142.188
96.6621
107.376
76.3372
73.1157
132.609
139.033
148.415
70.94
127.433
97.1691
89.5303
113.917
88.9425
131.05
129.463
107.881
116.975
103.889
143.151
133.363
91.4243
96.8621
62.7369
71.252
131.811
82.7516
63.1841
117.273
117.573
224.942
84.8999
135.314
82.4032
106.655
102.661
114.723
121.985
87.9003
75.2284
129.487
65.9661
149.799
97.0393
127.517
99.0674
135.258
81.9075
148.213
131.264
119.137
107.032
102.209
111.29
136.993
138.563
64.465
135.924
98.4636
121.283
89.1833
93.4432
192.173
73.8749
190.508
67.5761
96.9018
88.9865
88.9887
105.495
98.4955
81.425
119.176
184.612
168.667
105.397
128.218
104.821
129.706
79.3198
76.5038
123.273
115.324
59.6002
95.1208
113.516
107.011
133.739
95.7447
126.915
74.1307
173.105
102.585
111.156
91.2455
92.2901
86.2037
87.2894
99.6515
97.2953
111.37
126.82
101.112
85.7466
122.928
128.19
99.4299
126.881
164.813
123.766
86.1492
79.6661
94.2544
113.062
132.938
117.536
82.4102
129.43
88.3422
73.3223
87.3081
162.247
112.866
113.947
84.4796
119.46
111.531
93.2221
90.5111
108.525
94.86
124.825
105.128
141.308
99.5989
136.786
98.5761
88.6637
78.316
102.853
139.847
124.649
95.7149
149.574
123.372
113.757
95.0637
118.142
108.979
128.487
85.3872
108.419
85.2274
145.436
71.2733
75.9378
114.741
130.477
135.572
75.5809
104.574
171.393
99.7998
109.51
67.3764
92.1657
128.613
128.142
137.238
113.088
124.223
96.0647
101.697
97.4773
103.977
172.628
113.081
127.385
92.891
132.257
92.8421
106.604
120.644
107.59
71.6037
120.88
133.204
107.963
115.423
81.8063
71.8025
99.2673
89.8213
88.406
109.231
93.195
86.8012
112.782
126.615
81.3285
104.997
119.788
84.8674
85.8888
93.7565
116.112
97.0438
91.0893
108.484
115.728
207.097
86.39
96.5831
120.962
96.8137
149.733
66.2646
143.468
127.182
173.524
139.926
87.6362
121.613
80.4518
98.7101
77.1462
137.766
166.84
79.5304
113.598
142.319
144.387
162.664
104.46
88.2635
119.065
108.22
153.49
105.732
84.7113
98.9515
104.57
80.0765
85.6019
91.8679
125.357
89.3186
95.6737
112.889
99.3818
89.5398
83.8509
90.7973
117.28
114.691
96.083
93.9677
70.3379
57.5185
94.7861
143.358
68.9582
75.4593
62.0042
105.477
130.122
105.341
77.4589
110.41
153.974
164.594
110.227
83.8885
92.2012
100.105
94.431
102.937
94.7514
155.107
111.497
94.7653
105.39
65.1316
90.6574
65.3278
187.091
102.631
115.435
112.749
95.2015
79.219
94.5049
90.3698
117.081
74.9422
168.927
102.415
111.542
104.637
109.261
97.3417
87.9654
106.023
100.257
130.985
100.745
105.759
141.581
113.093
187.834
113.023
138.443
137.612
178.256
164.947
98.7206
118.847
83.5255
140.392
78.6713
112.632
157.787
110.568
130.207
149.599
124.676
130.045
67.6562
97.4967
86.0112
92.5108
87.8741
158.244
111.304
115.297
70.1977
95.2486
142.607
157.819
84.4261
167.308
86.1649
90.6031
102.185
102.402
92.6633
123.749
130.899
89.2765
93.9328
97.42
186.758
120.596
103.033
113.156
89.105
111.692
72.6966
191.99
162.917
182.168
118.04
88.345
87.0773
78.2344
110.211
106.375
134.825
99.9434
150.974
134.041
72.8479
77.9567
112.795
70.0128
46.3535
91.9582
80.6824
86.1465
108.24
87.5417
96.4513
143.099
157.473
96.3558
100.836
125.461
100.337
96.6925
127.967
72.4242
103.491
112.467
119.326
90.2179
109.021
114.116
106.527
141.083
120.65
141.903
136.325
73.5695
101.868
121.619
221.432
91.7737
71.8311
145.014
127.108
95.3278
100.532
146.536
128.684
77.8562
107.824
103.664
90.8731
84.9259
101.83
94.2327
91.2369
74.6363
134.91
101.051
139.804
134.959
83.5475
166.692
138.892
145.43
116.244
106.771
147.998
125.52
78.5644
87.7651
125.7
75.2406
80.9467
105.077
127.404
129.723
146.064
85.6832
121.779
117.474
107.832
67.9251
89.4426
91.3037
61.7226
180.536
92.455
138.813
80.2958
109.796
93.002
78.3891
158.922
141
104.169
128.576
73.6006
115.414
109.154
122.681
82.9569
95.2311
159.707
145.852
80.9128
102.272
97.9279
76.4942
152.529
101.325
86.1236
105.115
97.9911
103.034
99.2753
125.199
113.968
214.67
69.9191
114.516
102.222
120.881
136.758
74.4593
103.325
117.826
101.645
92.4161
120.692
86.2685
128.342
144.037
186.312
104.617
134.331
99.9897
117.453
115.022
104.718
105.178
105.452
84.3409
99.5687
66.9192
114.316
102.349
118.062
107.063
106.279
88.9857
126.732
109.268
61.1515
83.8478
144.651
148.296
114.73
59.1398
107.032
91.3579
57.9911
126.037
73.9601
81.6436
126.476
121.204
158.471
53.8114
90.9067
109.752
115.704
192.445
114.634
134.907
73.7229
123.319
139.487
153.265
84.7544
129.257
89.2498
97.8632
108.66
104.96
171.536
66.2719
73.6877
102.445
92.7091
91.6723
85.5605
107.204
89.7725
167.301
88.8147
124.176
90.9014
138.25
116.261
258.722
144.102
113.752
113.539
73.5685
134.394
113.357
68.8153
94.0564
134.498
106.718
122.724
123.193
78.0925
137.373
170.361
87.7811
116.707
113.639
78.037
106.679
109.934
94.9169
91.1813
111.56
101.42
109.496
77.1536
113.272
154.438
61.488
101.601
134.903
94.76
111.871
63.1561
114.951
129.654
216.333
111.304
78.5084
142.656
86.5158
112.284
126.639
88.8519
147.59
125.367
101.405
96.0297
61.1725
103.832
152.379
124.651
119.94
81.2796
155.795
107.552
145.811
101.761
158.268
88.9249
106.139
114.093
107.944
121.794
72.1708
113.471
121.339
98.7263
83.4329
100.728
88.7958
80.788
137.791
104.084
109.568
77.6549
123.087
77.4635
146.379
79.3802
164.16
103.344
87.7627
126.923
89.2904
132.705
125.77
101.131
131.847
66.2659
91.2234
104.4
121.864
98.8227
113.844
117.978
103.395
102.782
99.3457
80.3231
95.5938
115.007
152.37
84.7659
90.2824
159.971
103.077
81.3391
112.313
96.2946
138.671
87.8491
83.0075
89.4455
124.289
147.335
63.266
75.6507
154.432
128.13
106.354
104.423
107.166
120.615
142.663
120.902
137.142
86.6265
162.432
135.843
91.3286
136.276
117.711
82.5137
101.883
91.5372
124.207
158.252
69.2467
101.1
86.0124
109.131
74.7019
86.0891
104.391
156.892
137.944
114.085
62.4665
94.028
82.7006
96.9903
64.4829
113.726
79.4195
71.0607
135.381
112.857
77.5367
97.7046
93.0237
160.533
165.706
86.9967
106.647
117.173
126.956
96.8116
117.268
184.83
109.036
108.569
111.51
67.0196
142.975
90.7496
119.67
103.761
107.318
66.6638
115.884
145.63
89.7593
91.054
147.286
122.84
80.8435
64.7998
135.759
95.5667
94.9396
87.1747
150.571
142.876
99.7377
74.1274
154.577
124.139
87.859
110.459
88.0186
135.764
98.1919
157.345
48.758
144.039
126.432
99.6341
122.407
92.0345
97.846
142.475
144.915
118.714
125.197
114.687
130.319
159.406
78.8485
142.049
141.246
135.723
182.488
67.5734
83.8203
148.177
147.269
99.9506
110.655
87.2998
123.082
156.837
159.649
73.7643
125.431
90.5768
97.444
123.256
107.34
183.575
77.1439
139.068
104.632
79.7667
135.384
115.514
95.6176
116.24
116.405
118.214
92.6928
107.865
126.181
129.691
75.652
162.995
93.1126
89.001
115.786
78.8327
82.2489
58.6691
84.7025
108.754
132.117
103.494
115.613
147.695
98.3399
58.2603
82.9064
108.718
143.162
123.664
69.1415
98.7445
130.656
214.63
108.735
150.819
106.478
92.3606
110.401
131.736
139.203
85.0961
100.155
92.2278
75.9588
102.515
92.3419
109.88
81.2993
86.7916
104.776
110.966
173.278
75.3498
125.013
127.21
110.174
70.3338
88.6247
98.5796
109.599
148.522
118.886
56.9747
88.8094
97.0663
79.7976
117.763
130.756
109.87
112.956
91.1876
131.992
103.095
138.372
101.44
121.695
114.247
79.8358
164.201
93.8882
97.3692
91.24
89.5666
137.693
74.4737
94.0852
131.661
89.3116
79.1144
85.7111
112.506
92.9573
61.438
105.496
80.5423
136.05
121.814
103.507
138.313
71.0497
157.262
93.5649
128.013
104.857
153.397
149.331
107.501
101.492
134.878
102.131
108.108
93.3735
122.719
113.106
101.08
164.501
77.6274
131.356
78.979
118.415
118.93
127.082
66.3527
112.199
106.078
85.8975
139.251
123.123
105.839
80.3934
70.8382
105.896
100.778
144.624
125.305
89.291
135.321
107.557
149.37
113.614
129.441
80.9624
90.7886
96.5713
117.73
117.138
61.0103
106.226
131.175
91.819
102.792
127.56
96.8427
64.3274
63.8688
124.187
129.681
114.71
100.436
110.754
67.4036
107.148
105.032
144.734
116.089
84.332
219.16
99.3638
111.81
76.7695
157.114
115.125
208.885
165.136
82.9965
133.953
128.618
127.508
145.572
189.436
91.6874
70.4865
117.123
86.7249
125.124
73.8466
184.845
111.667
124.659
71.1498
189.975
135.222
103.812
125.028
113.384
148.341
130.187
95.1793
101.545
115.758
116.761
70.03
107.313
123.205
59.9484
85.0815
115.821
113.778
73.4651
86.4834
83.4995
97.8138
82.3952
93.5237
141.789
105.712
144.666
79.4889
132.279
83.7056
147.142
83.7611
127.082
107.858
101.364
88.3982
132.883
185.856
166.323
155.076
108.058
118.64
90.5691
77.506
149.033
67.4589
131.332
87.8857
85.7614
112.629
74.7225
135.666
91.3317
68.9545
126.376
95.7136
137.408
126.105
106.136
106.644
126.512
136.313
76.2965
75.1457
102.533
118.513
131.646
116.495
95.6101
162.768
109.822
119.914
67.6482
149.72
100.27
91.6233
62.852
104.675
150.58
84.0737
90.4307
156.224
105.712
68.3224
87.0543
77.543
155.99
119.521
127.296
90.6236
83.0491
173.219
90.0088
117.17
85.2739
86.3601
71.8495
82.2737
104.417
94.3595
109.725
86.5431
146.771
125.577
112.891
121.425
96.4098
88.1145
130.029
85.3324
73.2153
81.0309
99.4374
101.252
110.648
114.727
95.45
90.1456
90.6303
106.019
55.8593
104.338
94.8896
106.956
111.672
117.69
91.0512
90.3447
124.208
139.999
109.698
128.658
105.29
93.0756
100.256
130.39
145.476
113.282
94.4411
109.998
67.5656
95.3362
104.055
94.1492
148.579
90.6483
75.2451
110.045
129.709
95.0119
98.7856
133.889
122.502
126.71
65.8793
81.7739
111.693
129.442
121.858
140.621
89.4968
123.53
92.69
114.802
91.8218
62.4847
172.91
139.921
94.0875
94.9794
64.8614
140.683
86.8369
131.806
138.506
192.836
60.1377
60.0756
88.546
132.644
99.2482
110.907
103.287
118.632
65.5913
106.075
142.127
93.8569
132.999
106.722
195.624
131.158
158.365
141.081
123.079
115.044
141.548
101.797
93.0875
69.6725
69.6233
122.619
96.1284
83.5619
130.285
92.0096
105
126.311
160.643
132.2
182.776
115.885
209.199
145.815
98.1175
111.476
127.26
137.283
66.5103
119.551
144.554
86.1351
104.945
92.0226
130.232
65.1762
113.942
74.524
137.063
123.388
171.374
63.8002
90.7531
68.7171
78.0585
130.635
161.339
196.097
68.5819
101.354
89.1585
101.216
107.368
138.241
104.113
139.286
78.6276
115.505
131.904
113.617
126.4
85.2793
108.832
133.476
132.409
134.352
156.43
143.56
108.653
150.972
96.7929
133.766
112.512
92.8826
69.8625
138.466
102.957
96.7077
173.518
131.276
133.021
105.111
71.496
78.9866
125.761
95.2003
111.834
111.592
96.3091
122.979
137.289
74.5514
108.176
115.435
57.5144
65.7189
108.071
85.4912
166.8
82.2855
96.3791
86.5411
102.406
79.4368
123.315
107.6
80.8227
143.27
127.267
79.8653
120.345
155.769
101.582
69.7595
98.2093
136.333
132.834
77.9741
192.655
94.6741
97.6034
83.9121
113.396
124.509
113.41
101.684
107.422
78.124
129.31
128.648
187.946
79.466
145.199
91.574
68.1005
64.4491
97.4359
146.224
88.2739
128.474
109.655
121.741
128.709
139.201
101.985
204.297
112.262
76.754
99.1012
160.499
81.3023
136.484
87.4148
73.557
167.751
127.537
116.492
141.362
66.8796
91.3424
93.1837
131.538
65.0375
107.064
170.508
104.746
88.1187
99.9601
145.063
157.262
83.7638
177.294
112.037
69.9108
134.849
87.4729
132.652
69.3508
101.445
74.0206
122.224
112.229
113.511
95.9799
98.7245
95.364
89.2919
129.294
152.37
122.667
81.4354
76.4424
86.8537
112.551
91.5489
175.87
116.207
70.678
196.435
108.145
81.7998
88.475
115.717
96.8551
98.431
92.1874
130.481
131.054
115.061
106.664
99.8425
112.649
147.413
154.166
54.1767
127.289
109.868
124.904
86.4544
94.7124
70.9442
126.409
99.8194
95.6103
96.2717
105.187
112.819
115.965
146.669
81.3263
94.5256
143.338
103.94
83.7581
98.8776
118.918
139.846
119.078
109.504
103.267
134.243
121.933
137.195
189.573
144.9
143.748
120.036
122.12
101.078
110.404
132.527
67.9681
96.4611
71.6048
152.124
76.0567
100.193
123.087
83.8234
148.429
79.5695
161.24
120.37
70.1075
118.453
71.9244
93.3112
166.071
56.9073
145.136
66.9559
121.315
102.477
148.943
121.477
90.1024
129.187
130.969
96.101
189.902
111.203
120.755
83.5846
94.5378
73.8563
121.886
99.6033
130.86
77.0998
130.788
129.638
130.228
106.874
90.5799
140.247
90.1959
68.3197
113.32
135.657
102.28
97.1308
103.548
92.4615
99.7073
95.1607
96.2697
98.9811
132.781
85.4109
97.6856
139.769
93.7074
85.6803
116.306
110.835
80.8484
143.937
101.59
107.506
104.907
198.259
177.378
95.1555
89.4329
138.775
100.02
101.687
75.9932
93.9275
238.13
134.221
135.827
150.007
128.018
109.038
114.819
125.546
138.549
86.9273
83.1181
75.7226
94.1918
125.077
129.187
108.225
128.524
109.157
130.51
158.588
88.0071
96.5385
90.4654
93.304
112.923
110.843
59.8551
122.617
107.664
108.005
90.1034
92.6333
72.4071
134.614
78.1438
166.263
118.669
99.1125
158.491
119.125
137.735
122.636
110.636
105.253
100.032
161.975
84.4145
139.864
67.0239
162.048
118.539
175.018
91.2305
79.6617
133.224
101.134
112.328
86.5993
99.8647
125.566
84.2276
92.1132
111.935
106.753
106.263
85.9051
90.5074
158.884
78.2984
92.7579
140.276
106.219
78.9558
135.895
106.615
76.0346
83.5208
77.2602
82.5331
84.1713
145.927
81.0935
58.7181
119.43
219.084
117.379
124.266
106.242
69.3509
76.3599
153.617
109.739
161.964
114.217
83.79
112.31
85.8242
123.746
118.222
103.645
111.302
94.5453
95.4022
105.238
94.6222
76.9188
101.667
102.938
122.611
163.782
131.299
95.4209
133.987
112.703
135.827
98.8784
159.375
116.043
109.827
107.925
97.5906
115.875
94.3022
105.821
90.0619
101.298
120.837
98.1944
126.528
108.993
158.595
80.5668
116.583
106.665
79.995
108.584
106.995
81.4857
105.894
93.8057
110.85
62.0916
84.4644
107.063
113.266
105.304
92.4571
132.613
123.089
106.218
65.4119
118.469
95.1928
142.409
112.18
149.571
137.588
110.721
134.265
136.592
79.4603
78.4191
70.9789
154.205
137.987
127.866
78.8007
104.962
88.7701
162.192
97.6797
138.578
75.5724
119.683
125.386
100.587
113.646
133.13
98.0151
140.056
112.044
153.463
81.1678
100.809
124.25
91.8096
94.6444
139.487
93.5922
119.231
90.946
89.844
158.109
80.8514
164.907
128.339
131.893
105.544
139.477
82.759
118.352
114.704
121.248
129.711
149.434
120.281
114.361
136.912
92.6384
96.3624
98.5502
160.512
90.2845
101.175
136.439
130.76
92.3876
101.151
74.0659
116.34
134.601
114.579
86.2107
101.133
95.2211
93.1512
134.853
116.835
71.3116
127.655
117.095
86.484
107.067
83.9246
105.881
118.303
109.972
112.649
115.259
130.176
116.259
99.076
75.2435
112.908
121.751
65.1755
100.695
138.07
129.973
84.2297
115.847
107.78
122.904
56.8759
99.6321
89.3342
119.531
80.5095
62.7108
137.488
101.317
124.846
143.554
88.9987
93.5404
122.34
131.98
118.447
133.9
92.4273
136.406
100.67
100.482
109.308
96.3844
105.942
131.737
103.64
85.4197
139.089
74.2541
113.571
76.2027
138.532
89.3595
82.3011
105.886
138.532
90.0473
106.322
134.67
120.318
74.7077
99.5196
157.256
138.371
100.783
67.3993
133.926
165.781
103.322
156.45
81.6582
72.4067
75.1377
91.7656
92.0865
111.249
142.058
85.607
99.0764
174.277
67.9439
98.7658
87.0117
102.069
100.041
91.2891
174.176
94.3511
83.2002
126.217
113.692
103.369
142.202
124.836
155.462
85.2817
73.9321
140.833
135.152
144.296
92.4281
112.623
126.899
154.13
157.482
128.066
92.7993
183.615
100.974
102.121
145.131
153.01
171.611
153.244
83.3878
130.965
119.342
119.168
135.598
144.933
144.036
92.4857
79.2505
79.0504
84.5929
111.814
111.455
142.161
82.1195
201.927
122.72
125.816
78.9422
82.5339
75.8639
129.263
177.014
167.055
105.649
151.695
104.977
87.5858
101.814
119.546
130.759
119.275
123.452
173.281
108.116
123.138
97.9291
52.1016
157.969
105.668
111.994
144.868
92.8626
105.116
134.097
85.1788
126.688
94.5584
91.1329
87.2865
107.514
89.4514
168.871
136.722
121.525
89.7078
98.9768
145.437
78.9404
71.5208
161.568
101.059
94.8922
110.304
93.4816
103.306
90.6817
123.539
103.517
126.234
136.662
80.661
140.798
88.4871
114.588
93.3438
109.187
110.059
86.5262
108.933
108.52
96.4652
108.051
95.9687
95.2139
134.823
77.0218
124.771
89.7964
89.6441
72.2275
133.786
145.947
144.3
73.7179
91.6732
93.0869
83.1825
102.507
70.9136
72.2782
179.136
92.703
101.215
66.8464
112.626
99.0697
82.7977
126.631
150.14
76.1674
122.424
109.298
90.3131
100.824
141.294
146.202
113.696
85.0107
89.4428
166.857
96.7368
146.033
85.0671
85.7339
73.4674
88.6077
136.161
113.105
108.558
88.2819
100.204
87.9912
137.719
148.21
97.8545
123.786
131.548
106.43
113.849
78.7743
137.403
123.805
111.545
80.4268
130.094
93.4562
127.325
76.3304
72.6465
119.681
152.969
224.757
105.004
94.8754
151.991
83.0659
119.322
109.406
104.775
79.9463
103.75
80.8473
68.8594
71.193
91.2457
85.2956
122.381
96.5241
86.2249
75.9033
183.02
168.021
77.818
122.347
57.2763
76.8474
129.796
205.274
86.9576
134.161
154.95
97.2534
97.3962
90.8095
96.294
68.9815
78.1199
145.648
85.8489
124.286
102.713
90.3082
109.356
100.072
211.84
87.5079
81.7633
132.195
110.192
93.6699
81.2892
91.4943
68.6334
82.1763
120.879
83.3982
113.614
64.8574
103.64
122.552
124.183
93.7289
149.392
80.7756
120.088
95.4634
102.37
127.399
106.872
106.046
104.576
89.6722
72.3353
78.8894
92.8446
87.5513
74.2687
101.537
91.2678
109.162
101.12
76.6206
85.0792
133.623
117.117
104.549
141.796
94.5118
86.3878
73.1185
132.983
107.824
80.7845
46.3641
77.7427
88.1519
94.7114
120.062
113.368
135.565
152.5
112.179
185.097
69.5106
158.663
77.7235
94.7098
88.6068
167.896
120.651
137.448
124.132
93.3764
97.9866
92.8184
165.76
87.1559
74.1504
112.034
84.2087
70.0924
76.7736
82.0857
73.5907
116.574
140.335
57.284
113.87
120.729
126.371
63.9413
103.48
123.241
72.432
101.926
124.935
78.9885
80.0186
120.56
121.377
112.16
115.832
125.505
90.7716
101.581
121.105
93.2891
81.0312
75.2092
69.7587
119.931
83.5497
103.378
90.5748
167.456
75.2408
158.06
96.6953
98.7848
160.633
104.822
56.1172
76.6604
84.8478
114.045
101.4
105.694
118.247
90.7484
119.533
106.273
97.8279
80.8276
105.115
87.926
101.022
75.8229
170.293
119.248
98.7931
90.3103
140.399
161.526
94.903
88.9099
94.3476
118.921
101.979
218.501
123.039
144.344
131.471
107.588
126.353
122.49
91.6607
85.2565
137.936
67.0389
104.194
101.135
97.0117
69.3766
115.691
82.8565
126.551
83.2776
93.0516
96.2267
68.5066
106.74
71.1964
82.7981
76.0876
115.923
120.497
122.487
130.072
77.4689
119.055
80.4891
85.5729
131.578
72.2015
103.585
98.7552
110.292
145.758
108.192
136.953
172.541
108.718
121.291
106.531
99.1736
137.73
74.3747
115.073
165.384
106.467
139.059
106.613
96.8383
93.2622
99.5245
139.499
141.331
118.301
100.281
98.3182
142.021
76.3358
82.7368
193.159
106.335
89.0966
97.8081
94.6252
121.872
112.564
68.4436
165.058
124.309
92.1254
124.181
109.433
80.3032
125.392
80.5782
110.559
132.226
112.918
145.693
99.5865
97.8118
113.601
122.998
93.2834
102.265
96.1916
81.3315
105.053
67.809
72.2637
153.541
131.383
86.1749
103.94
107.826
111.092
79.672
123.936
117.321
114.414
91.0502
97.2892
125.271
110.26
114.161
155.312
120.921
103.366
116.811
177.925
84.75
120.187
115.304
109.49
127.696
105.834
67.5094
69.5891
95.191
84.0948
73.0315
124.535
99.6312
89.318
184.138
140.087
101.326
137.188
94.5858
79.1133
106.439
136.176
76.7724
137.14
168.029
102.012
171.246
162.094
98.814
141.074
82.9133
74.4799
168.073
96.9294
92.2128
125.993
86.1915
77.3526
102.085
157.119
132.565
141.275
130.006
101.223
80.2697
80.5682
119.523
83.7714
100.156
98.462
136.421
109.088
77.1164
112.829
75.5434
112.485
140.887
83.4832
105.323
116.497
140.673
119.375
117.055
118.034
128.425
107.184
113.174
141.201
78.7233
101.965
107.866
83.4185
123.592
86.8485
158.174
124.275
106.814
102.035
83.0519
139.638
82.5591
101.582
107.231
73.3529
69.6617
105.065
117.847
100.434
86.9282
89.9223
71.3074
68.882
79.1139
120.016
120.572
105.11
96.0835
66.5939
99.288
122.42
130.663
87.0245
143.907
75.6005
95.2438
77.8464
123.788
193.651
73.8719
103.384
95.2076
92.5399
134.589
88.1182
146.917
200.992
92.8004
161.333
96.646
132.405
122.485
91.8148
130.14
75.9367
111.09
128.861
130.997
102.091
88.4936
93.1725
150.185
95.0354
119.516
107.881
113.681
130.973
84.4966
91.8846
98.5025
117.109
98.1703
102.016
126.799
102.211
91.8559
82.6447
89.5169
83.2639
110.821
96.4433
74.765
148.746
144.99
88.9039
93.4167
137.606
75.0169
88.0077
115.278
100.438
96.3747
102.821
75.6658
81.4727
86.408
93.4267
138.456
160.004
73.3098
139.873
105.181
82.6533
154.71
87.1631
153.927
113.716
63.0008
148.719
108.015
93.8563
109.16
131.601
74.2216
141.969
90.0096
104.272
73.2949
73.6774
169.078
110.335
118.759
171.614
104.924
56.0465
142.34
134.951
138.142
93.9523
106.73
111.776
84.3861
138.042
78.9508
108.314
103.341
100.83
129.925
89.4099
200.143
75.4463
103.938
109.369
105.054
82.0237
80.8981
85.1858
121.806
147.677
95.5731
114.165
111.577
94.5744
99.213
84.1005
98.8748
126.162
138.826
121.394
103.251
88.9229
99.4646
129.322
109.582
126.971
92.2395
76.3183
81.3438
122.182
99.4128
101.114
145.636
100.216
105.789
105.857
92.6288
76.4282
122.978
91.5358
76.4262
74.9322
104.012
111.701
122.047
73.5527
125.109
99.3613
112.987
118.064
91.8784
117.546
69.1065
81.557
160.763
135.823
114.216
136.162
112.612
136.951
140.017
68.8121
133.646
132.47
106.132
106.829
134.56
105.729
93.6571
95.7644
155.671
165.767
116.798
75.1528
132.728
95.275
95.4789
64.2942
177.332
110.577
158.422
93.437
156.852
196.391
110.568
82.3024
71.8218
71.0163
140.258
122.382
139.045
95.3281
92.7646
90.7086
83.7451
103.019
132.727
102.857
125.802
121.502
68.9353
112.955
115.662
98.3315
121.727
123.426
71.5144
113.255
98.654
143.443
186.707
74.6943
112.176
123.019
143.102
80.5003
103.657
71.9324
131.541
134.453
102.696
107.965
122.517
70.7753
76.8752
97.8963
109.459
78.1402
107.639
97.1889
119.502
109.708
89.6987
90.0224
106.628
175.309
112.467
90.6243
109.507
65.6338
158.69
59.8331
114.662
146.118
94.8879
103.069
141.303
84.0255
83.0837
90.4448
130.971
74.2076
93.6299
121.107
96.2747
167.24
100.362
133.036
103.683
153.041
136.066
81.976
101.755
154.605
131.985
154.895
104.77
79.7621
132.382
119.048
78.3566
132.972
117.512
158.85
145.628
106.16
75.3169
130.185
126.566
148.486
131.835
91.8556
107.447
115.206
183.374
107.733
87.5184
144.713
148.745
116.004
149.789
78.1495
140.429
154.626
88.8429
121.627
122.922
137.146
101.243
83.1446
171.089
119.747
120.359
105.763
106.365
155.724
159.379
99.1084
113.652
66.5599
107.858
106.84
84.6042
98.8446
101.72
94.5456
55.8405
105.76
111.539
84.8289
81.604
79.2382
119.08
109.576
113.278
87.9825
114.649
112.702
109.417
123.505
126.001
78.8998
135.023
184.813
81.8904
111.087
132.223
139.188
118.232
172.298
133.764
91.0021
116.059
109.823
75.3979
83.6377
86.8551
118.941
91.8145
92.5732
75.8584
122.568
119.769
87.566
110.175
82.1409
93.6512
92.5197
80.8623
123.886
107.789
86.6659
128.682
116.633
105.504
122.159
105.907
105.016
110.205
71.2067
63.6181
138.668
150.454
109.188
120.629
97.0224
120.643
113.464
95.6223
118.78
109.624
137.797
116.76
91.7552
199.903
64.1202
104.124
116.439
128.198
86.7089
93.9697
84.0281
100.861
125.44
161.113
65.7846
95.5522
115.534
174.578
181.381
136.623
71.7781
121.181
74.4945
131.138
94.5049
129.435
81.9048
97.1979
99.9547
76.4449
121.668
98.6262
148.344
103.203
70.4129
101.47
141.469
153.721
74.1321
107.543
118.121
98.1089
115.315
132.77
114.79
100.824
93.4383
129.929
127.721
73.9954
82.2779
74.3316
163.855
94.5673
112.031
87.7732
89.1791
114.778
156.42
99.7573
99.3358
107.025
122.447
138.843
109.01
111.359
125.111
107.323
85.3471
69.2672
123.931
91.3833
82.2351
91.1295
111.53
96.3299
108.316
157.665
104.105
106.447
67.0056
73.6231
147.478
135.928
200.026
91.6093
127.431
100.497
160.528
110.939
92.1704
128.71
95.233
159.098
169.388
103.956
100.296
111.435
76.3797
132.816
91.032
103.265
106.57
91.5066
105.091
80.3739
110.273
119.391
100.861
95.5136
57.8315
109.749
154.903
148.47
83.7855
122.413
129.566
116.192
82.8962
110.037
130.894
92.3051
130.499
107.846
109.721
135.531
106.385
107.86
92.6931
130.672
120.953
145.506
125.981
137.793
88.7511
90.6626
83.1018
89.6864
96.7649
114.473
122.563
107.495
207.471
89.3866
108.8
144.35
132.913
82.3815
103.205
86.2356
100.517
141.632
76.9476
123.877
88.2853
118.523
141.618
111.209
144.932
112.121
97.9314
142.836
54.292
93.9234
95.9254
120.015
111.948
142.991
86.6808
122.622
98.4668
116.814
153.157
116.065
140.653
80.849
74.9086
114.855
103.458
131.922
100.877
119.099
76.0719
101.601
117.932
137.272
87.911
63.7268
130.184
65.2138
95.8253
80.4329
101.228
200.648
98.2871
101.475
86.8909
130.264
122.892
93.2463
120.599
105.718
96.4622
76.4261
110.872
72.1729
105.805
96.7903
112.34
76.7444
82.2434
64.8214
80.2267
108.938
95.2894
130.387
94.239
121.004
88.166
71.353
101.095
154.3
97.1968
86.8877
109.19
91.6793
107.814
78.4997
138.46
91.8734
124.113
108.391
102.024
114.458
83.0131
146.345
123.939
93.5892
63.9937
74.1698
85.6383
117.479
125.833
94.0252
94.5029
130.126
82.7368
152.741
100.497
120.773
101.513
100.438
110.284
68.0632
90.0571
70.8529
91.4418
83.7292
92.1929
101.597
106.445
97.2508
85.0838
103.659
99.4175
97.2519
75.7629
161.574
140.109
90.4354
101.229
65.2525
118.698
101.834
99.2424
70.291
83.3474
101.496
83.9382
98.081
79.9835
115.705
98.0569
181.563
177.306
76.9916
93.1076
149.354
97.0609
96.4485
142.986
140.012
137.358
91.5695
120.62
104.014
114.147
116.716
99.652
90.7269
71.9841
85.4584
99.4087
143.364
89.4904
98.0494
104.239
66.7999
94.5615
134.883
112.5
159.176
116.051
92.3983
82.0771
95.2574
107.356
97.0141
99.9979
99.1774
92.772
121.863
90.9299
101.195
94.656
120.369
93.3102
93.1436
155.449
89.9696
113.136
95.9758
89.3235
76.5003
144.149
78.682
161.121
110.675
146.778
111.144
84.6441
98.756
98.6135
100.28
108.148
119.765
63.2206
117.313
89.9527
105.12
126.406
129.552
107.398
88.8633
108.251
106.707
137.464
108.723
74.6987
104.504
98.3194
107.696
77.4441
141.004
91.0844
122.522
150.364
107.024
76.6095
112.503
96.3184
100.967
137.004
88.6431
108.611
87.3183
114.846
115.38
140.936
85.3541
106.541
126.505
147.231
82.6297
86.3418
108.794
202.079
111.874
87.0851
172.278
146.585
102.031
110.24
106.232
170.612
115.572
114.299
106.284
140.009
96.7732
107.922
104.038
118.557
97.661
71.6498
122.646
101.716
138.655
138.639
76.5074
89.8828
151.674
101.773
131.186
68.5487
110.873
191.454
115.299
129.15
101.798
129.981
133.093
110.216
147.822
95.4562
125.633
115.122
61.2388
89.1944
109.6
103.803
101.072
101.395
123.523
104.775
92.6992
124.768
113.229
66.5033
115.913
103.86
158.621
80.6894
75.9252
114.339
123.229
86.6907
133.483
95.3647
91.6574
72.8886
96.3546
66.5251
146.532
130.956
116.827
166.837
116.707
118.41
103.528
132.809
98.0973
104.004
109.113
115.15
108.953
97.5191
131.883
128.852
92.9043
124.244
88.1126
108.99
114.934
87.1821
68.04
91.4424
83.7068
120.788
91.7508
98.8368
82.316
97.9564
67.4254
123.83
147.761
126.813
93.4097
128.478
102.134
100.521
127.447
129.807
102.025
122.247
89.1434
130.984
123.917
149.927
72.2614
126.963
71.9839
118.326
101.555
196.947
142.265
75.032
106.872
108.562
143.406
103.049
140.908
146.761
109.428
103.401
128.348
145.572
77.1667
123.78
179.695
131.143
116.637
137.953
117.621
88.2044
96.6469
73.7752
68.2855
133.632
103.355
96.9569
84.0325
131.724
132.211
101.119
168.132
86.4461
77.0679
118.687
170.463
91.7652
77.8711
138.504
113.643
194.6
118.408
101.601
126.258
118.208
126.511
88.6528
136.636
115.063
93.5083
177.5
146.97
89.875
67.4925
57.9664
101.391
103.073
119.484
141.871
147.771
122.559
74.7044
129.937
135.727
133.39
131.093
90.7983
123.493
162.562
74.5529
94.0584
112.973
77.6054
96.5968
139.304
103.461
111.826
112.664
81.9165
111.015
66.545
98.6164
92.9299
110.866
129.687
136.291
94.8116
72.5158
82.2594
132.436
120.821
112.439
113.003
144.032
87.1937
71.3176
100.878
158.49
96.7272
66.5755
67.8447
79.6866
111.966
87.2192
111.699
90.9491
77.9019
75.9305
60.4462
151.202
133.272
95.8579
112.818
89.9609
96.6999
85.347
98.3075
97.8921
93.3302
95.9734
98.6841
93.9075
108.798
91.7414
121.831
105.334
125.368
109.708
92.8375
112.712
96.5877
107.792
97.2981
136.135
111.114
114.123
129.195
182.737
118.018
129.184
94.7764
95.2019
114.348
89.7862
89.0084
74.1992
118.525
103.73
89.324
99.9009
75.7024
110.306
115.465
136.968
48.467
125.439
72.8222
84.8174
107.328
144.667
118.085
159.784
72.245
93.681
146.865
81.0619
143.096
126.978
87.0833
106.646
55.8433
68.8996
129.13
122.485
57.6172
113.01
113.168
157.741
91.286
79.4687
80.9309
119.42
108.651
135.066
107.791
110.955
114.421
89.0407
63.1121
151.389
110.718
86.6976
102.843
113.26
82.4517
122.946
88.1095
166.332
104.222
77.89
156.932
97.1427
94.9027
103.631
113.391
73.7957
109.143
93.6486
128.878
108.174
105.259
149.823
124.335
135.347
71.6862
155.458
89.346
87.8246
140.932
118.518
145.25
88.6444
89.7429
107.31
76.435
79.06
120.555
92.5365
196.095
108.698
129.764
168.935
125.817
119.333
96.0465
78.2957
104.103
88.2666
87.7722
95.0293
113.698
100.604
85.2806
65.6158
79.3015
132.99
100.946
139.316
121.796
123.016
154.373
137.42
81.1948
138.056
119.382
79.3519
97.7047
135.318
92.3532
131.115
98.0756
164.728
104.906
88.6009
110.318
91.7154
102.436
91.9961
148.564
137.521
80.4331
148.175
134.397
85.332
77.9914
54.7898
131.919
94.1573
118.256
117.286
146.702
104.086
111.382
85.577
84.9611
126.491
98.6765
106.599
152.082
86.008
114.277
106.469
87.6228
76.3551
129.509
95.4814
120.179
115.854
114.154
62.9972
95.052
118.632
92.7749
109.366
169.293
158.626
99.6543
92.9358
179.602
95.3138
90.8435
151.201
94.1139
92.9633
110.955
112.671
75.4632
61.7267
70.5618
161.057
122.113
114.715
130.652
96.7126
122.494
112.774
87.952
84.9738
89.3517
111.212
127.19
160.088
97.9914
160.392
121.821
178.943
110.654
105.736
136.589
95.2963
92.7293
115.042
90.478
83.1453
113.423
105.025
108.755
183.82
114.652
169.765
108.646
149.417
151.535
73.3334
95.4347
98.6906
88.4798
88.4553
87.8691
128.727
151.842
130.107
99.3356
91.0954
89.9403
146.199
88.1287
122.437
143.162
95.1226
84.7733
81.1517
97.0975
69.3906
136.17
141.706
183.487
84.8622
96.779
76.8532
126.074
126.817
158.016
101.37
79.9583
112.866
75.414
89.2859
122.366
80.6398
107.071
110.961
137.172
87.1614
108.697
107.592
109.03
146.132
112.344
143.207
125.744
76.5121
116.868
80.6107
71.4572
90.2009
88.392
115.424
111.389
120.051
146.182
97.8992
145.405
114.909
124.654
152.735
99.9227
69.1897
141.681
106.887
114.243
135.4
72.8788
107.264
97.1279
126.337
108.57
71.9538
135.144
212.064
155.649
132.775
96.9438
104.246
169.685
63.2664
77.6413
99.8209
100.904
83.4526
108.539
103.597
118.082
109.646
165.893
159.328
75.2449
92.1323
94.9938
81.4941
136.046
125.558
112.699
119.232
88.7057
105.063
102.797
113.719
92.6663
133.343
86.2077
93.3687
166.75
116.645
96.8645
174.242
83.3042
127.684
140.485
108.674
115.559
65.1645
108.449
95.6482
129.85
86.8755
70.909
92.07
53.6653
90.4637
141.224
92.1692
113.41
100.048
135.712
93.3437
116.094
74.2848
76.6065
74.2889
95.7375
102.31
143.095
89.8343
104.341
164.869
163.144
87.0353
107.905
99.116
103.798
106.525
90.4212
87.4507
74.3742
122.935
99.1485
96.8362
154.725
101.266
110.586
88.3081
108.179
98.4477
103.573
97.284
96.1922
117.946
156.383
89.6447
107.248
112.852
100.371
84.8241
102.35
119.384
175.014
140.712
86.9879
99.0092
101.39
75.7278
115.633
78.1487
95.9852
87.6732
154.509
126.48
91.4298
75.9035
106.625
130.442
114.155
130.227
127.84
137.201
122.332
95.5912
144.153
107.883
126.476
81.92
93.6772
80.4589
97.0986
127.219
87.2718
118.751
117.222
141.186
121.539
118.126
106.751
84.8428
126.653
86.2593
107.657
81.1446
71.978
154.332
155.644
152.566
149.823
122.448
73.4435
85.6314
218.355
113.97
117.982
139.383
163.856
135.654
101.953
80.2877
82.714
95.0661
118.167
119.161
103.667
112.566
91.6485
118.704
69.9945
119.01
133.632
82.0802
82.5396
115.803
117.233
140.34
150.153
118.108
91.037
84.3769
138.619
90.7795
107.621
145.576
115.433
179.194
151.133
89.3863
89.0309
123.674
135.631
102.516
100.371
84.93
102.208
158.637
122.887
98.237
123.54
94.7342
151.405
130.271
130.658
110.503
100.018
80.7476
107.723
77.506
105.314
98.3738
135.54
100.236
105.608
139.152
102.12
78.8919
147.973
98.6367
67.0538
59.0253
75.3341
114.462
74.6987
151.054
138.793
139.63
68.3235
76.4563
74.0973
80.4653
106.14
152.634
117.657
76.9448
124.52
76.4897
118.535
92.9071
95.6337
98.0759
141.103
133.372
107.319
121.467
77.3957
121.032
69.7433
120.028
107.414
98.4069
81.0178
98.1712
116.774
104.907
157.968
85.8896
93.5779
191.314
92.9463
95.2773
107.015
140.953
164.285
125.444
150.645
106.479
92.8809
107.493
154.711
142.231
127.779
71.1283
114.853
86.2894
127.225
113.27
101.453
72.4652
111.265
57.3712
85.4212
146.031
91.9864
105.303
96.3689
114.382
105.17
153.216
185.96
68.6018
83.548
108.437
83.8343
108.318
136.991
96.5315
57.6602
201.922
161.219
114.371
106.839
115.071
85.0176
122.024
94.1328
86.5815
76.0187
93.8716
157.254
150.195
83.6182
107.866
76.8132
85.7442
90.1927
118.147
80.8894
57.6085
130.689
133.942
93.6414
146.585
108.857
87.1645
89.779
130.526
132.438
105.838
94.5511
94.0902
106.205
101.121
121.93
113.677
84.9172
92.7418
121.943
117.048
72.4721
157.632
97.163
140.71
96.4932
179.033
118.998
119.922
69.6098
89.1242
61.7409
68.5634
93.3851
104.961
108.653
114.418
80.0574
123.042
118.572
83.6166
82.372
104.38
142.948
101.263
94.9384
119.347
91.0996
177.033
122.72
139.258
136.78
112.343
65.8547
97.5312
131.837
123.088
74.5878
156.956
120.921
60.8717
98.2344
149.007
92.5442
145.91
115.093
108.942
94.9875
130.729
145.017
110.787
105.625
75.2929
125.116
113.257
82.5238
92.6646
148.392
111.286
139.698
134.79
89.6058
112.345
91.8231
113.758
200.924
130.299
121.139
118.387
75.3733
69.0886
81.8154
153.778
126.594
92.4198
138.45
119.011
103.137
72.0463
95.1281
75.4379
105.091
151.408
84.7006
126.833
121.25
169.828
133.586
138.826
101.062
76.9526
116.234
90.6586
90.7766
103.097
78.2436
81.088
93.2268
81.1967
109.176
67.8136
77.4008
93.6792
134.327
177.565
94.0033
137.274
187.838
121.056
121.451
108.575
69.6782
86.3135
86.4608
91.7061
92.808
129.377
65.9409
126.906
72.9873
96.1807
71.5559
102.165
118.814
93.7392
97.804
138.406
118.099
122.361
169.809
101.699
115.365
118.584
102.832
141.167
114.076
93.311
138.994
104.519
168.817
104.349
91.6036
69.413
244.306
101.589
145.661
182.619
100.167
61.8748
92.1075
72.7121
116.837
121.591
110.294
116.891
83.7538
79.4401
92.8317
91.6852
89.9953
95.7068
144.819
112.883
86.8592
88.8542
151.883
109.539
77.3858
74.1759
78.9205
89.2576
89.3182
63.559
88.3763
86.4734
91.7446
89.1019
63.9801
95.6123
104.562
97.9378
104.947
86.4109
75.2356
81.042
70.9967
79.7722
116.246
134.741
101.291
84.3499
81.3607
109.307
72.8618
102.631
158.65
120.5
151.212
158.004
107.838
117.753
139.466
101.281
106.967
107.394
57.6894
113.178
98.3466
133.256
86.7916
162.37
188.29
89.6529
109.221
123.9
107.157
94.8865
119.379
187.604
99.5882
115.766
102.472
83.9098
101.348
82.6093
111.877
100.397
99.5901
118.226
92.2744
74.2677
145.993
106.564
90.5183
175.647
69.8915
109.874
94.1667
89.4079
113.515
75.5853
78.0877
109.324
78.0254
104.775
105.308
161.21
98.6629
110.041
66.1129
143.605
147.026
171.835
122.265
141.776
71.7233
82.6388
115.789
113.71
114.151
84.5436
112.301
84.1816
79.013
119.814
74.4924
125.885
60.9229
100.965
86.0026
111.005
124.197
128.45
69.4377
114.916
102.678
111.733
145.98
93.6624
100.567
66.0393
118.921
129.388
92.4028
93.217
114.374
133.563
96.9855
102.709
101.79
149.988
178.843
133.136
158.354
125.154
123.147
106.93
111.583
112.564
90.6495
102.497
109.885
96.2633
134.174
119.948
125.103
67.1922
71.0824
138.027
86.9993
109.734
113.069
139.624
116.256
105.798
102.673
151.395
69.4134
66.3272
144.293
159.906
202.278
85.8937
125.97
96.169
101.008
132.719
138.408
186.627
99.032
145.643
114.612
87.1363
87.1124
114.02
122.226
103.802
65.8838
111.746
90.313
139.289
106.597
60.3335
90.7844
131.842
142.404
89.0824
104.777
108.191
106.33
93.36
67.6549
103.646
81.6849
139.191
93.7245
104.14
116.839
98.2221
117.477
118.625
91.7187
109.818
88.0567
134.501
96.8695
139.733
82.9133
152.183
97.7484
143.067
122.925
165.174
110.018
122.32
105.231
91.3751
86.363
75.4286
89.3873
127.178
102.582
57.1588
110.307
92.2466
81.2379
76.6062
127.208
89.1944
149.663
79.478
131.077
95.3536
158.416
104.49
97.1707
69.3196
103.398
109.738
114.461
92.5965
113.711
168.101
124.888
122.66
150.487
108.674
119.5
134.187
107.799
198.858
128.435
61.091
129.596
63.204
95.1948
86.6022
197.186
145.278
96.4788
67.1662
193.199
169.055
86.3642
128.195
136.933
103.294
92.6729
77.2642
78.7081
90.0521
121.741
103.4
81.1973
96.6719
126.759
108.105
84.8945
143.174
128.37
125.484
107.384
150.823
107.986
110.623
114.52
142.809
116.454
160.925
99.0878
119.053
94.2644
89.9136
129.29
148.25
88.9455
87.2008
61.7515
147.032
85.3054
129.615
105.411
93.4457
70.6724
123.457
143.125
99.8696
97.6827
204.703
75.1099
101.654
144.087
96.206
121.13
113.6
151.453
80.1108
75.775
176.043
80.6394
105.16
111.363
84.0384
81.9737
157.867
95.5428
163.277
178.802
127.928
76.9876
101.487
128.723
123.804
144.195
73.4234
135.533
100.028
81.7771
106.248
97.7865
121.609
117.3
146.336
104.746
90.2468
153.049
109.813
86.5958
80.9338
106.46
125.944
128.151
75.4767
70.5479
121.403
89.7671
85.4015
62.1319
100.044
115.677
132.065
102.31
99.7246
153.094
124.281
73.3272
68.3836
123.993
100.535
114.134
114.549
103.174
77.0151
110.813
124.493
97.3312
114.332
89.4167
82.0952
97.0787
90.007
66.5604
94.6853
120.419
136.815
89.3092
95.3353
82.9965
128.014
108.969
82.0763
78.6765
73.8591
95.486
122.918
177.266
138.14
62.5095
159.369
93.0556
141.076
116.166
145.315
78.3407
107.904
119.136
96.0904
126.576
84.4483
103.186
124.282
88.6173
92.2758
89.4682
94.832
94.7447
91.5784
136.423
74.1444
71.9268
127.376
81.6809
132.136
99.4443
65.2777
151.667
97.4566
113.092
136.741
174.252
145.393
123.819
112.159
126.661
155.404
133.477
143.387
64.6106
163.345
88.8615
94.3899
121.626
85.2549
130.478
87.3989
124.075
174.052
77.2018
130.489
85.9525
100.565
109.462
100.843
123.342
112.982
152.998
119.617
94.657
69.7454
82.5165
127.855
107.774
129.803
134.696
88.6075
161.791
207.322
120.028
95.0094
143.16
91.9424
96.6948
108.287
109.783
109.57
65.3844
138.05
106.562
83.1737
74.844
107.451
101.202
149.843
117.867
89.2013
95.5186
90.6816
125.511
114.547
148.349
63.5384
100.312
72.7009
133.204
117.858
93.4813
149.532
130.218
88.1242
106.489
96.3376
127.951
102.305
120.715
115.135
105.383
96.6677
82.8056
121.948
149.692
143.288
85.8001
120.183
112.716
125.068
92.7976
90.3462
66.1383
119.897
90.6416
87.1908
136.041
93.2208
142.986
82.3238
153.579
135.023
103.436
114.075
67.5876
140.57
95.4895
110.882
75.5569
97.8361
79.8012
107.145
104.809
151.744
152.137
83.9198
181.688
109.192
160.001
176.386
91.7219
89.9433
60.8444
111.671
68.74
66.8905
82.4211
98.6106
82.0562
108.919
109.877
108.055
121.349
96.0586
115.738
162.47
138.889
100.013
111.095
115.487
74.6648
104.711
97.0393
132.332
106.44
103.752
141.663
88.3015
66.065
92.5297
121.103
106.039
118.366
76.9683
78.0736
127.324
111.108
192.639
150.896
107.58
110.029
116.999
120.361
134.358
93.3343
172.195
112.354
149.044
142.274
129.106
88.3606
151.761
109.387
79.88
141.273
162.537
129.331
125.694
87.0153
109.939
120.987
99.6198
94.9973
119.944
81.9836
105.757
64.5659
102.904
101.484
61.0342
70.7255
86.3342
125.945
74.2457
101.26
129.585
120.602
88.7754
114.122
134.151
137.251
57.8201
126.086
165.755
107.179
129.812
105.468
109.312
146.121
83.647
128.265
116.698
110.152
101.096
111.766
73.6986
66.4491
93.5296
120.815
201.139
99.4689
96.4158
109.696
99.9567
79.0731
97.7294
84.9365
139.807
90.8079
130.436
129.435
123.223
110.67
98.0604
87.0381
108.853
116.837
130.253
111.948
148.699
108.044
80.8538
99.9249
84.7146
101.035
206.003
75.0234
94.388
119.806
98.8946
120.699
118.406
125.872
116.555
93.3048
137.068
97.1949
118.171
133.398
109.191
104.531
80.343
140.962
118.078
121.74
102.565
71.755
94.7468
126.512
139.164
76.8066
103.891
64.2025
132.879
159.764
115.802
128.923
81.1623
114.275
121.563
217.44
85.6554
143.378
89.9849
110.632
97.9909
119.153
84.4654
80.6383
70.6286
156.49
93.6254
104.908
163.366
135.834
111.888
102.471
82.9787
88.8435
76.9649
98.301
65.5291
119.393
179.933
112.164
77.0058
141.199
171.332
155.633
138.882
76.2416
88.5388
157.593
98.2225
109.743
74.2313
96.0253
88.6878
134.704
117.519
157.396
126.775
113.536
113.284
119.454
62.8124
57.9897
106.751
126.497
130.494
96.4274
97.3971
99.6012
83.5678
70.3543
125.449
97.9225
127.332
98.5898
108.401
112.223
116.062
98.233
91.4535
68.9568
150.991
133.956
145.743
73.1832
95.6764
115.37
138.519
78.6254
130.461
89.9337
84.3517
87.0645
138.44
106.602
125.607
99.9992
154.519
109.881
100.502
78.0461
95.4687
134.346
100.391
177.545
98.8667
77.7545
140.555
135.045
58.8933
78.5673
79.9742
129.2
117.817
76.0604
133.092
165.587
119.285
156.456
266.065
86.1315
119.218
93.9028
65.9961
126.788
107.542
78.1438
68.0775
94.1723
172.198
163.518
117.763
125.476
132.076
166.247
115.183
108.226
118.481
168.893
86.2119
113.256
101.772
142.766
171.514
85.4461
93.4101
98.9337
63.935
114.093
82.6179
136.483
133.483
127.965
90.1004
55.0475
92.6249
175.764
81.2251
148.592
87.4262
56.1448
89.1389
141.882
128.269
90.9029
73.0498
140.739
111.91
118.298
69.3815
93.8604
147.441
130.881
106.253
127.446
138.136
99.7716
102.346
156.576
109.169
78.4696
89.2735
107.282
94.1222
132.716
79.4685
106.276
81.5451
102.74
76.8852
75.2952
121.407
135.064
85.9372
59.933
93.2999
186.334
97.7265
75.1703
151.702
84.0816
116.73
204.539
100.288
96.1135
96.3121
190.505
78.6697
91.9828
110.64
88.8776
87.6742
94.9892
108.011
143.16
75.8852
82.7549
100.362
98.4452
107.378
98.5424
61.6192
121.567
103.222
99.5844
81.8312
87.5574
109.562
102.441
96.5984
153.17
178.738
143.078
128.61
85.0465
181.3
117.185
109.677
85.1253
101.745
70.3731
105.335
104.881
97.5833
133.897
125.073
88.0519
133.515
119.551
118.344
118.186
97.2328
77.8911
106.965
133.515
80.1546
159.613
130.054
101.135
109.164
98.6451
94.4782
82.9214
149.291
79.2253
109.881
89.8241
72.6761
108.355
79.8446
101.701
72.8654
106.286
65.3902
149.422
93.0934
94.4906
111.315
167.695
114.406
103.98
113.42
66.3459
130.188
73.8682
96.8903
116.407
84.077
108.093
58.353
90.0791
132.685
96.9476
83.816
129.001
134.984
133.516
83.6911
93.2922
150.691
109.405
109.241
109.445
92.2253
80.796
91.9422
85.6823
98.4273
115.312
82.4223
100.166
105.855
140.398
129.973
160.931
121.121
109.001
101.245
101.366
102.245
111.696
43.0975
92.2881
113.667
113.171
111.09
119.02
105.777
136.913
106.725
125.951
119.657
161.824
153.816
89.4904
92.4818
163.36
90.1806
92.8285
101.028
98.8901
102.973
123.793
168.331
143.898
119.753
106.36
62.2558
83.2112
78.3497
108.192
131.518
154.326
147.392
84.823
149.557
120.916
136.149
106.293
114.204
147.456
121.442
103.724
84.5408
76.202
98.9764
86.1339
54.0508
86.6157
125.32
106.12
99.1171
122.477
81.4731
94.9714
128.921
64.0995
75.2442
115.913
99.6222
105.573
95.529
66.071
112.723
81.8686
109.343
110.129
93.1046
102.532
75.338
99.2765
135.979
83.6861
106.288
81.2787
168.482
87.8071
93.052
101.672
88.055
80.0746
145.334
83.8078
92.7456
176.486
78.3324
87.0253
92.0813
95.6923
114.544
93.3045
120.157
143.209
169.151
168.42
86.9896
144.93
116.869
108.127
118.095
87.4739
100.034
91.5193
102.972
65.542
91.6371
137.991
76.8969
126.775
72.8474
116.162
108.335
116.878
90.5817
100.013
105.883
149.455
122.845
198.123
128.585
69.8297
99.7106
109.467
103.653
130.434
224.848
91.674
147.244
124.494
90.9516
127.956
80.386
90.438
104.754
145.125
151.237
58.9045
185.171
104.245
87.4527
114.767
69.1581
95.6201
125.919
117.791
95.9393
112.389
85.2213
99.472
84.1225
88.1012
91.8486
103.361
80.1324
94.2425
82.4651
123.009
86.4245
110.999
95.9552
54.3526
102.177
130.428
173.59
124.743
84.3107
114.012
92.041
96.2206
109.768
225.313
97.1294
156.331
114.176
111.542
161.349
72.2927
99.5371
111.127
148.868
89.887
108.1
103.899
139.522
90.3451
179.521
137.905
102.606
92.1126
142.277
91.8306
78.7113
203.112
106.574
84.8477
120.414
111.088
128.181
128.481
95.2898
84.0142
117.311
122.426
125.128
135.576
113.126
105.564
74.4565
83.0177
98.363
106.759
86.3732
155.087
72.1911
91.6369
191.187
88.6398
111.763
82.5377
119.921
70.0405
101.854
58.8184
97.6499
72.4964
112.446
122.008
104.644
75.1579
140.667
97.0414
159.505
107.63
91.0582
130.243
106.179
120.438
109.767
94.0417
88.5739
72.7245
54.4784
94.6511
116.252
142.321
96.8931
98.0564
172.262
140.291
102.709
150.956
167.61
90.6162
106.098
88.9714
90.434
115.914
146.702
102.485
113.91
88.8076
92.3343
125.29
81.1619
117.783
96.3072
115.397
91.7352
140.238
121.937
144.493
75.995
147.106
88.9539
69.0617
129.838
197.17
64.6057
147.921
64.2258
96.5521
111.853
142.291
64.8065
91.282
89.2798
103.744
116.007
77.4165
95.9854
132.984
97.0131
95.1796
79.3717
144.567
92.2863
103.304
63.5682
93.164
81.391
98.9945
102.582
117.513
70.2499
86.9593
77.1688
115.008
115.381
90.2082
171.304
210.216
92.3641
66.4513
115.595
184.592
176.119
60.0167
156.757
105.058
81.7869
92.9201
100.58
77.2268
124.64
121.811
88.9537
89.5326
152.72
78.3681
123.897
87.0866
133.476
83.6383
131.276
93.1956
83.7896
86.9806
124.004
89.1555
92.5201
142.782
121.507
114.816
138.527
105.527
120.869
134.16
145.387
85.5809
114.858
64.4848
118.93
113.001
137.924
99.5433
119.318
120.052
119.627
74.7608
82.1476
102.044
143.516
114.53
80.1463
104.185
133.984
106.398
112.62
150.215
105.244
113.172
92.0705
147.087
131.209
89.5296
95.5391
90.207
80.4005
94.9069
141.16
119.669
106.689
153.573
113.582
88.2142
168.313
114.768
62.0288
118.392
95.4303
127.266
122.967
76.9497
78.5451
124.199
73.1032
125.455
67.0959
138.855
104.39
103.831
97.7902
96.9401
69.3742
105.363
135.278
82.6808
149.761
96.0348
121.443
111.436
89.7721
97.8565
153.852
119.172
142.061
110.989
113.821
157.128
99.0244
84.5376
133.796
93.7581
71.1601
63.7698
115.16
72.9472
77.5743
159.996
119.762
74.7416
69.0464
114.39
106.874
82.807
50.8591
99.855
132.207
99.4806
138.087
111.738
84.8285
119.46
103.611
61.9619
122.781
104.408
157.849
105.375
84.8752
73.809
119.778
117.82
142.266
111.248
114.631
84.3384
88.0993
114.596
73.6639
173.844
192.959
91.8695
89.4983
117.101
120.477
114.165
97.5776
84.2968
79.1646
133.557
66.2687
107.509
77.5052
63.7381
100.743
110.335
63.9217
103.432
105.69
140.872
67.7092
98.4455
90.4072
85.1749
112.565
124.915
73.4679
118.091
107.667
93.233
92.2737
99.6311
91.7429
156.429
100.899
137.987
116.024
112.115
63.5121
131.595
177.335
132.123
163.051
76.8712
116
101.555
150.054
95.0409
90.1093
119.943
105.705
83.9587
98.5012
127.208
98.5856
120.76
128.417
87.04
109.311
136.794
94.1417
85.7407
86.3768
96.3195
69.0158
103.799
104.991
109.694
84.7773
110.373
105.757
79.3645
110.872
104.539
103.051
128.691
84.7839
96.2904
165.512
80.076
71.1395
105.452
135.541
89.8468
102.739
134.044
98.5665
100.804
95.1244
81.5814
136.753
129.993
153.556
185.134
119.048
127.348
110.674
109.408
65.6068
113.113
95.9627
77.3937
108.751
99.7254
67.4434
106.14
122.312
107.252
63.8747
109.937
97.4498
78.3532
158.302
91.373
60.6104
112.425
146.184
84.8092
98.6222
116.743
127.695
69.3801
83.7521
112.576
103.031
89.9413
81.0589
124.881
140.297
107.746
102.697
87.4045
112.483
102.487
132.241
122.398
76.5265
84.8426
134.253
103.56
102.324
119.622
96.0695
107.303
125.167
179.664
114.478
97.9989
173.002
120.617
104.079
97.1148
145.407
71.4706
86.1279
128.178
76.5497
137.593
157.663
100.279
116.308
110.922
132.164
84.8979
84.3455
75.9289
76.9709
127.914
89.403
95.0761
108.504
186.555
127.568
103.086
89.7014
90.681
113.336
90.6444
141.772
79.3773
124.667
130.351
85.6654
112.244
94.8039
106.52
132.207
76.0418
94.9394
77.0607
107.214
101.466
118.576
157.59
191.034
100.163
113.49
72.6498
88.423
78.9292
99.2293
63.0937
96.3468
107.135
86.1084
133.646
89.7791
104.852
92.2244
106.702
96.4828
98.9693
109.114
90.1645
76.7029
90.5818
95.7047
116.364
73.078
127.63
131.942
117.448
106.888
94.2414
143.896
80.27
124.297
108.135
140.632
65.4677
74.3243
128.767
136.386
117.622
100.611
97.9192
136.667
107.653
103.334
91.5519
114.24
124.401
141.166
130.982
88.0003
98.0393
81.2926
167.313
138.415
88.7748
79.8156
90.0739
135.901
93.2501
99.8673
125.729
100.929
119.077
130.888
115.621
105.303
122.558
150.574
158.749
120.552
111.958
76.3197
132.014
87.1736
140.166
99.5438
124.018
132.052
116.382
106.919
188.146
117.139
154.905
112.654
97.0985
99.3909
118.294
87.3536
91.769
155.405
96.717
84.441
70.3925
69.137
100.169
135.153
102.688
81.6372
114.339
100.853
103.76
63.5128
101.31
127.718
126.153
77.2113
121.828
105.961
112.97
126.804
126.14
72.433
116.186
97.5499
96.717
101.835
126.031
89.5031
146.868
160.708
125.061
81.1255
77.5649
96.0939
99.8131
125.031
130.652
115.047
107.223
88.6519
63.0217
134.686
104.815
75.6349
64.868
104.576
82.6776
63.7146
95.0612
92.6635
85.0637
71.6598
122.087
113.813
64.6836
88.1388
110.31
134.163
95.4102
160.655
70.6606
123.048
91.9738
70.1127
120.563
83.5175
116.308
110.486
115.567
77.0124
151.245
131.046
101.82
84.3806
81.659
99.424
95.3911
94.6604
107.202
145.191
94.6815
99.6956
108.847
159.526
126.515
82.9076
113.376
99.3921
124.327
119.002
85.3953
102.961
73.6443
104.438
81.3814
162.322
187.202
99.8206
136.68
109.157
134.96
149.895
93.2885
76.3619
116.604
100.86
109.36
157.493
93.3683
114.088
97.4601
95.7216
125.745
93.6837
153.46
90.5546
108.074
82.0441
153.058
78.2155
109.619
132.807
121.321
113.748
104.717
85.2617
160.531
94.0399
91.9377
147.246
121.164
96.3372
100.169
125.204
223.238
118.042
114.098
144.455
148.271
90.1051
113.693
95.8256
166.654
75.1402
93.1782
109.741
100.781
133.908
144.314
135.418
115.732
89.5192
128.557
90.3719
86.5267
82.8181
59.5913
140.369
97.9701
73.0318
87.9054
85.5756
100.819
84.3895
125.093
102.225
124.151
92.4044
116.898
120.398
124.323
192.736
128.983
119.682
114.288
85.6217
195.727
110.808
121.074
70.8036
118.869
65.3719
86.2131
105.573
125.843
127.562
119.543
95.009
106.753
147.992
122.508
124.483
162.563
99.4083
86.0276
91.7071
121.412
126.238
136.717
117.265
119.646
159.051
121.82
125.595
105.001
81.9845
79.5105
140.914
92.6735
133.256
129.389
121.207
189.362
76.3324
109.431
89.3517
106.062
89.1808
72.5625
91.2983
116.579
71.145
130.708
75.7599
121.053
125.263
109.924
94.4637
153.767
136.716
148.822
101.475
75.927
136.448
92.4713
95.4859
106.649
109.024
123.773
77.4707
89.2629
76.258
117.192
97.4003
134.521
116.546
79.8756
114.343
113.832
145.366
160.444
128.909
116.538
121.817
88.7236
129.843
92.3179
89.6822
93.9723
77.0231
116.96
89.5443
86.9558
92.7478
146.053
124.682
183.771
101.67
105.619
80.399
95.6895
89.0851
91.1928
89.2018
122.407
115.317
96.3408
104.137
94.7127
107.313
134.421
74.7922
121.041
81.3209
107.456
59.3401
104.178
113.747
153.191
152.364
85.6034
118.156
114.194
162.77
68.3434
126.36
90.589
126.642
108.908
114.926
104.527
91.5732
106.914
74.3373
111.195
122.087
110.552
93.4032
79.8178
149.174
139.897
150.692
159.504
76.0087
156.474
140.303
117.423
117.214
115.392
147.585
90.6477
138.546
99.7034
110.098
83.1161
65.4547
96.8753
116.668
122.08
113.249
118.655
50.4489
77.5858
79.5612
120.233
82.9405
117.585
105.394
171.363
128.178
79.0943
96.4587
115.128
109.044
84.3119
128.936
98.7365
79.297
121.931
73.4854
94.7743
80.874
113.781
92.9798
89.6795
101.404
100.132
89.2131
125.771
131.892
86.8857
102.961
104.466
126.333
98.1357
126.183
99.0497
101.584
142.032
87.4365
175.15
79.7666
122.289
82.2842
130.851
145.831
109.473
113.89
92.5552
71.5747
73.6277
147.63
118.223
182.137
126.038
183.31
164.268
122.435
140.49
129.879
111.575
65.0168
111.154
97.0618
104.821
101.112
91.1793
82.2046
68.7618
128.964
91.179
164.397
76.4266
119.38
113.203
121.182
137.621
151.423
136.069
103.354
143.248
163.373
134.37
99.0976
143.528
115.511
168.036
111.904
99.0521
106.916
174.993
90.9356
116.125
145.865
68.6998
154.645
94.8556
76.4276
112.386
97.6189
113.069
97.4563
121.769
88.3813
127.359
67.047
93.3799
119.846
91.6517
148.449
105.107
88.9046
98.7399
122.861
133.097
70.4611
139.383
82.1152
104.929
96.4529
90.5789
130.8
136.394
91.1292
112.909
150.053
115.359
108.607
124.136
76.3839
85.2814
83.3999
124.028
86.5977
69.9325
104.648
132.591
150.519
109.528
208.892
112.297
79.9595
130.896
111.246
87.9421
136.325
119.949
127.314
172.715
86.0187
122.364
89.0023
89.6833
98.9703
120.072
135.02
102.564
105.666
153.572
99.7144
130.404
82.8937
121.375
148.438
89.4601
86.2438
119.96
136.181
95.2546
124.893
159.217
105.802
94.3368
97.9478
79.8527
171.455
104.976
137.309
103.897
88.8538
98.7508
95.5286
137.828
105.902
124.813
99.5607
94.0851
138.515
126.973
84.6202
88.6247
151.162
121.669
81.6777
93.3396
135.347
92.5832
91.6854
79.9241
141.512
93.2584
112.285
102.327
114.375
119.425
122.201
116.871
93.1531
120.445
129.405
127.445
120.648
188.497
154.372
112.291
124.763
123.318
82.9917
117.951
136.807
147.642
101.554
126.366
98.4333
120.317
77.4977
66.1015
58.3304
85.1094
126.355
122.56
51.4327
88.8722
98.8207
133.983
127.474
117.792
150.392
105.3
85.0753
182.653
170.144
93.0511
59.0048
106.939
166.118
138.241
106.761
94.1378
82.1853
97.4266
80.4968
134.35
113.177
156.332
121.012
108.661
78.9758
96.3233
184.468
116.306
77.1395
125.632
89.842
70.4554
94.9269
73.0802
124.84
109.352
94.6171
122.432
90.4486
74.6734
94.6685
90.957
104.257
90.9598
168.956
68.7542
109.187
105.22
96.7621
88.6884
107.415
101.378
103.361
89.1577
167.046
111.272
131.693
93.2939
75.4594
153.147
110.474
59.0377
166.405
117.574
133.834
113.1
118.104
92.1051
118.504
210.766
138.237
113.558
75.6161
64.9718
105.352
109.078
109.181
109.151
81.1598
114.397
123.707
122.818
86.4958
131.544
79.7989
149.756
93.0249
99.5126
88.1822
89.0828
92.5447
127.266
119.732
84.2153
122.703
179.927
86.376
87.9437
174.752
84.382
91.5597
142.803
197.711
124.77
97.7375
105.429
71.1266
75.2811
82.1562
131.707
132.248
121.769
114.259
97.3087
130.683
100.266
126.526
95.0479
89.6301
78.5787
124.605
81.9389
109.455
115.068
166.325
155.587
93.0887
74.5444
149.4
69.1737
73.8952
150.976
137.263
119.496
108.118
176.17
133.79
126.745
107.819
157.297
117.617
123.391
143.368
147.774
65.5003
103.119
87.4996
70.7891
102.695
118.128
127.066
84.3928
126.921
166.474
113.664
108.057
121.06
133.953
93.0381
94.8682
92.1935
79.0897
124.715
115.93
91.1016
95.8785
94.3992
120.748
114.111
73.2516
104.007
85.4522
90.863
65.4949
146.503
172.021
70.0902
114.622
63.2561
122.03
61.3676
115.2
100.136
180.15
90.0662
70.9949
71.7309
113.892
103.93
72.4474
94.1592
95.733
178.111
137.301
86.7223
130.941
151.103
91.0676
115.735
72.789
93.6539
99.1188
126.905
88.0527
81.8368
138.902
97.3655
126.067
112.601
110.093
115.389
100.282
78.367
130.89
136.43
170.351
113.115
94.5092
133.421
96.3529
121.324
124.616
173.811
98.3907
144.245
72.5062
172.524
138.128
124.448
61.6556
116.885
108.623
95.1435
146.593
71.285
112.7
112.595
86.9983
144.389
100.096
125.335
130.572
87.955
104.561
142.607
94.6505
76.9995
128
85.0337
110.361
105.353
67.9473
105.971
218.681
151.077
80.727
128.882
106.792
107.32
65.2168
114.565
124.738
164.31
96.5968
100.196
119.241
79.51
106.676
174.133
91.0785
103.669
89.4358
85.0843
110.429
107.455
101.034
130.54
68.946
76.136
68.7418
178.519
126.137
70.6008
98.4038
97.0471
121.9
130.964
60.904
126.454
77.4699
110.04
111.992
83.1
64.9012
89.5872
112.569
73.755
97.87
164.321
118.095
116.106
136.949
93.9635
73.2778
91.093
99.6739
129.66
83.1747
82.6495
105.075
103.089
76.2403
74.215
128.843
114.856
90.1307
159.4
96.0315
136.765
110.646
82.7099
98.443
149.009
162.767
97.8417
122.324
94.6527
127.143
162.763
119.805
78.7444
163.88
75.1827
84.19
143.123
157.109
75.1428
114.885
85.7341
100.215
73.9252
82.4378
108.98
87.8839
108.367
119.849
64.9039
126.717
73.4211
128.238
98.7319
108.794
229.516
110.042
105.602
95.1564
125.174
124.846
138.848
77.6136
106.168
135.653
96.2965
135.563
85.7737
134.633
64.0424
100.817
120.872
143.608
88.7021
201.337
111.573
143.299
146.528
138.931
79.5952
105.466
104.194
85.4287
89.1211
133.133
69.9194
162.193
107.851
103.507
99.24
64.6328
131.104
98.5371
76.5655
124.131
123.323
73.2294
103.439
113.752
152.688
75.5615
186.164
130.444
158.682
101.848
99.3583
113.61
93.5987
70.0009
83.7526
112.662
115.332
52.8648
94.356
110.973
114.735
117.139
135.675
117.637
94.0725
121.078
158.795
118.205
73.8559
106.357
177.693
118.369
127.726
130.656
134.027
88.7928
89.9421
100.01
113.644
102.108
122.22
84.275
97.3565
117.377
91.4533
82.69
100.081
92.6267
96.165
150.905
63.7962
95.272
103.905
91.931
125.651
168.791
77.423
89.2532
95.0393
113.011
107.414
91.6141
111.335
165.144
159.076
167.364
131.989
104.669
88.4075
158.67
127.764
106.332
184.289
85.6102
79.6485
90.0025
102.537
74.9501
100.11
74.2605
97.6854
68.2238
132.452
98.9018
117.776
144.864
95.0578
83.126
147.192
109.156
132.631
146.522
111.104
83.6414
77.379
95.4252
104.255
113.589
184.14
108.353
94.9536
190.885
87.1653
120.508
119.826
74.678
157.515
80.2397
72.8578
99.7589
108.555
70.6833
134.266
102.067
123.296
108.554
98.499
80.413
150.305
100.542
94.5618
79.1303
108.426
123.223
62.8595
112.828
122.155
192.36
122.156
95.5267
110.248
88.1069
104.658
119.276
142.584
95.3253
138.1
133.653
135.586
118.024
172.747
95.9447
126.926
67.5229
113.94
101.614
70.93
93.3239
135.361
66.9492
86.7396
84.6977
102.645
195.078
180.838
110.635
62.0251
72.5141
89.4917
107.81
95.3333
99.431
132.594
114.005
102.694
124.69
116.173
91.3947
142.801
97.418
112.559
107.07
102.28
101.148
69.6728
93.1632
106.991
198.755
134.793
132.641
93.7844
132.183
94.6361
86.1936
119.711
123.815
131.957
73.7816
69.9393
110.428
150.546
100.807
85.3853
88.5999
126.999
121.297
139.112
154.608
102.408
98.5335
91.1455
122.12
119.753
115.38
136.028
74.9568
85.2995
166.35
132.936
71.2671
131.968
142.062
106.04
97.4874
121.539
112.846
65.417
107.391
95.3113
106.331
100.924
63.9583
75.6692
136.242
87.1963
98.6885
76.6753
98.7188
80.7248
72.1723
101.18
108.32
139.504
112.974
92.2439
92.1148
112.535
96.248
90.7762
134.707
153.99
96.3041
112.282
134.758
105.914
137.979
150.107
79.2892
69.4986
83.7063
71.8545
132.862
69.4343
108.092
98.0982
152.423
62.0736
238.654
82.7596
130.844
90.641
66.781
93.1123
99.2935
114.703
126.865
109.821
83.2697
87.6269
100.242
136.756
99.4524
118.252
96.6148
91.3775
83.2201
91.4087
145.219
99.9376
70.22
76.1604
71.8715
139.951
105.269
152.3
87.9085
111.242
121.616
101.97
86.0667
143.501
121.8
120.823
146.816
138.556
103.976
81.0713
85.3207
113.803
123.36
168.301
87.4716
89.7755
107.048
120.567
132.193
137.748
126.673
115.382
83.0425
75.9713
102.576
77.1267
79.9088
140.272
106.484
121.219
66.4954
139.959
109.311
88.0519
103.526
90.779
95.2204
82.1409
103.499
75.2527
128.74
98.3812
151.043
81.3156
91.1642
83.3779
126.606
122.172
67.57
112.674
78.6062
132.096
80.6089
126.855
116.247
152.928
102.374
153.076
141.64
133.545
172.467
98.2339
134.276
74.5912
122.957
141.579
116.403
123.271
129.381
139.596
141.452
97.3468
99.8116
109.854
120.008
152.136
113.521
154.428
126.056
92.2489
105.233
57.9905
92.996
82.637
112.948
72.6171
136.164
109.426
76.3755
134.003
146.657
93.6965
82.784
165.235
107.398
168.131
139.056
162.248
123.325
76.5943
170.334
100.084
133.373
139.783
124.978
96.3372
124.537
82.5288
66.4219
142.017
85.673
90.0556
106.047
116.674
92.073
121.366
107.19
96.1974
107.423
109.818
103.655
134.939
135.269
75.8521
110.113
122.857
145.075
140.479
120.517
110.728
127.933
69.7899
91.6902
121.634
50.7215
59.788
98.0797
99.5627
118.523
126.789
73.9285
74.9297
95.646
86.3352
127.105
114.526
143.871
92.6146
105.025
91.6028
95.9985
116.965
118.467
119.444
78.5496
126.319
121.447
85.1842
114.033
74.0236
101.134
143.632
87.2514
95.6395
103.874
184.787
101.308
92.3507
117.559
179.606
123.85
76.4663
86.2227
89.4078
115.965
105.877
125.915
111.441
130.803
112.341
128.624
100.064
170.613
74.5108
136.47
146.748
67.8249
112.23
128.882
108.813
84.9957
124.239
181.817
136.461
115.57
116.792
102.293
79.4987
131.682
111.993
107.007
74.2087
90.4364
149.614
102.935
85.5875
101.113
97.3685
128.934
136.595
128.134
146.657
91.8756
128.477
64.1514
104.807
124.619
140.435
138.369
84.7152
115.726
68.4797
80.532
87.3993
151.834
101.315
87.6808
109.76
100.597
87.8317
84.9554
105.033
142.427
103.817
71.4018
108.397
102.358
132.334
168.639
108.434
140.712
80.9681
85.4064
86.6102
75.4959
73.473
82.3548
116.106
134.121
111.238
65.0527
106.224
106.033
89.2497
102.288
90.9073
124.804
107.823
161.301
116.118
106.923
124.431
133.993
164.551
111.09
118.617
124.355
130.511
119.564
96.4425
116.922
147.147
95.4278
116.624
83.3132
146.063
118.639
166.874
117.864
162.244
111.256
143.068
151.469
79.9589
129.703
96.5793
151.884
110.95
105.64
64.2015
116.269
79.6956
122.877
73.9216
126.359
147.832
78.0129
111.279
131.302
97.2039
137.058
83.083
139.571
114.938
94.0455
124.812
84.5074
115.41
118.247
76.1759
122.275
54.5701
185.225
147.445
119.085
86.6765
116.926
91.7517
162.796
79.6446
113.551
118.913
103.82
149.36
163.232
201.792
102.086
99.5055
135.648
87.5282
136.132
79.3194
102.996
156.734
124.743
151.331
143.948
195.465
152.988
110.081
98.643
71.7016
91.861
100.013
143.751
111.359
106.294
98.1448
95.9007
135.77
125.512
99.8131
123.704
157.327
108.624
138.154
90.3813
130.846
141.902
119.677
137.111
127.184
110.153
101.061
149.129
79.5588
111.445
62.5945
141.078
168.687
109.249
145.286
99.7258
144.546
71.9912
72.8384
141.912
104.985
104.559
91.0717
99.3
80.599
128.511
116.736
123.052
110.362
130.935
96.4932
63.8019
180.616
86.1954
139.685
147.106
154.729
129.852
174.739
107.683
99.1905
91.0861
90.9845
115.257
96.8963
103.357
130.113
151.514
94.8305
97.7102
120.18
136.639
160.348
96.8421
114.466
109.482
106.182
64.5819
106.979
117.469
93.4266
104.596
88.4057
186.282
72.2547
125.083
85.0398
112.677
82.3907
112.957
117.814
89.8448
95.1731
91.6355
116.201
143.076
139.723
90.4643
143.602
94.265
94.2547
92.1869
117.541
69.303
111.484
75.7278
110.219
93.0283
80.3455
116.083
104.046
77.4253
64.2066
89.3816
190.542
115.034
79.1925
159.728
48.6133
101.147
78.0292
165.727
87.0417
115.196
84.619
73.2548
121.567
101.505
135.664
102.693
116.304
86.9295
71.7574
79.7534
102.493
70.9433
163.165
87.5515
153.858
129.491
87.3395
102.393
101.445
68.9317
107.746
96.3365
155.967
109.907
127.09
110.682
127.715
85.2783
114.366
109.17
99.388
169.38
113.017
124.716
111.853
88.6381
87.4358
107.306
166.671
85.4621
101.18
94.4021
119.039
117.753
99.7729
87.4428
103.82
75.6303
192.772
95.3332
134.257
106.213
96.5171
125.174
87.6278
144.792
106.244
153.655
101.68
116.78
150.409
93.9942
150.141
91.7986
95.408
98.0573
87.9685
100.788
116.491
137.916
92.6981
99.7242
112.884
105.397
99.7377
101.486
98.1815
109.041
99.4021
95.8718
80.9764
185.539
131.438
89.9366
71.5307
141.043
93.5745
106.402
138.452
118.817
108.193
101.229
141.859
189.596
71.4482
105.215
96.4774
129.132
186.804
100.625
111.602
115.806
109.046
97.8032
74.5946
120.762
95.7447
78.1922
80.1588
88.3052
80.1986
117.762
156.275
116.092
146.927
195.672
119.699
113.145
111.402
88.7861
94.3319
81.6644
70.1901
150.957
157.406
65.9533
107.153
84.6486
80.7935
79.1829
98.5879
68.7058
85.783
120.491
114.802
140.126
116.077
171.797
112.325
122.324
139.592
147.245
104.222
99.3543
136.804
120.306
100.588
135.702
85.2832
83.3003
105.371
138.768
134.184
113.483
91.0741
115.27
122.558
56.822
90.6528
92.0608
149.421
124.1
123.672
124.061
71.808
225.189
117.228
141.318
130.823
82.3256
106.868
118.596
135.591
94.4622
125.222
109.611
85.2369
106.346
158.02
93.8037
133.882
97.0306
86.6207
120.032
161.036
84.7014
127.376
111.921
101.015
125.759
81.274
169.411
110.298
110.072
145.846
113.428
126.899
118.985
149.671
115.417
70.3867
146.193
111.523
139.713
115.291
97.8308
85.4427
90.2986
88.5759
107.964
79.3158
93.9552
144.72
130.895
108.95
60.2728
94.9079
124.138
114.275
156.555
140.465
110.231
144.373
114.639
180.81
76.1452
98.4609
96.1854
102.125
87.2345
86.6907
124.113
83.901
112.615
105.134
132.022
113.403
95.9384
96.9837
105.35
65.7931
86.3747
103.598
80.303
132.917
108.829
76.8371
126.04
136.958
83.4451
117.26
125.238
86.6633
130.346
91.6953
94.9453
78.4232
112.589
127.281
140.115
130.971
93.2132
97.5322
60.4673
111.248
122.758
112.174
152.933
124.423
155.544
124.947
155.162
164.069
94.9243
87.4293
161.754
143.652
123.772
96.5996
113.319
101.263
70.7398
113.804
87.9158
109.573
118.908
151.083
90.6471
102.674
82.2628
105.728
97.5363
96.8108
146.47
123.453
94.0551
91.3341
110.003
91.5288
118.047
99.6779
150.965
96.0859
106.112
81.5553
83.8486
155.98
116.22
114.792
120.48
74.7486
90.103
141.164
191.52
97.9999
129.797
80.4795
101.45
139.793
84.5796
91.6142
87.1167
175.129
51.8086
194.482
134.551
86.8868
138.408
99.0203
106.172
88.7155
122.12
131.748
87.743
121.669
134.052
141.074
88.1884
93.2068
137.233
139.348
99.4966
90.5501
115.245
45.5751
62.2641
140.564
70.5847
113.238
84.8644
100.383
151.713
73.8791
107.552
130.851
129.876
125.15
106.466
117.902
94.9558
147.357
68.5996
172.086
108.24
102.7
69.6163
62.8616
81.1277
99.6937
100.575
111.417
96.5284
126.789
109.718
91.0904
101.295
117.525
123.42
136.275
110.295
149.647
100.006
146.159
127.382
76.4241
118.984
123.321
83.9039
172.91
114.801
98.8831
158.023
154.18
117.927
74.4909
59.0745
89.3528
156.594
107.985
82.8944
112.363
69.3473
122.325
75.5213
85.4233
78.2356
98.5579
137.966
121.411
78.1256
66.0974
106.76
99.4364
146.285
105.2
89.8441
97.476
78.0941
116.443
93.2047
100.535
94.7502
128.958
91.1737
115.573
71.9973
87.1833
120.235
113.961
94.3619
114.454
144.344
100.262
126.663
125.144
96.7959
96.3475
108.868
87.6385
107.454
140.421
119.768
63.5861
109.551
62.894
120.735
122.262
89.9308
107.32
92.8679
103.315
99.9549
75.3028
73.3292
109.484
94.2715
114.227
90.8594
92.9965
112.113
94.5522
155.444
96.4059
109.699
105.635
150.807
93.4629
77.6446
167.025
130.937
87.1874
126.981
92.5304
150.51
118.626
125.866
118.956
72.8147
102.75
109.56
101.123
110.706
103.076
82.384
116.8
89.3651
91.0319
101.579
91.518
119.62
110.226
92.7962
87.0755
114.247
188.349
105.277
125.42
106.574
132.902
99.2288
98.5523
99.883
90.4297
112.891
115.216
146.978
154.106
138.651
130.292
87.9387
124.401
161.246
121.993
101.068
106.83
115.993
133.631
83.075
134.176
88.4373
108.381
72.4744
109.382
223.183
107.012
77.2139
86.509
97.1197
89.178
53.4115
106.49
109.11
128.48
158.309
89.6057
109.872
83.4311
156.774
100.942
89.1318
99.1838
91.0375
123.59
93.6129
112.526
104.932
125.303
90.0124
192.747
104.839
118.867
140.637
75.6429
71.2182
98.994
104.872
138.24
98.8449
80.3551
134.157
71.0707
120.255
107.644
75.6506
135.891
61.2752
142.07
121.366
56.7322
142.197
95.4532
88.0384
160.284
66.6027
70.8984
165.552
138.193
76.3637
100.544
141.495
50.8469
157.363
84.3818
83.1332
97.7359
124.472
139.401
100.722
143.907
68.1478
134.52
107.672
129.658
78.1565
99.6253
165.602
110.422
127.258
93.7757
88.031
86.525
103.73
91.3242
60.0732
89.4953
77.8453
88.1174
126.841
99.8126
104.023
77.28
167.824
77.15
147.302
91.3742
97.6563
156.991
107.917
155.256
87.6677
116.166
225.692
81.8332
132.02
151.126
117.666
157.502
85.7758
177.173
91.9591
120.967
108.126
236.401
75.8081
101.066
115.901
123.24
118.445
171.932
78.9894
73.4061
106.877
124.453
91.3527
123.416
95.1554
112.226
126.907
98.1119
121.399
86.9815
127.141
44.6242
63.1335
88.856
102.398
83.5498
147.714
96.9277
143.094
189.288
126.967
113.379
103.556
66.9189
94.2621
114.098
184.725
60.2933
83.487
121.785
90.097
78.9212
68.4091
154.478
118.556
118.018
103.434
125.857
115.839
175.397
101.192
149.549
64.0864
93.2546
99.1559
94.4757
119.272
70.4372
132.588
92.9508
99.9423
72.3675
92.9465
92.1068
105.418
99.3584
175.123
81.0232
148.145
47.6312
94.2569
178.512
91.7765
107.734
78.0013
113.435
140.839
195.986
101.885
82.3039
111.073
143.366
100.281
94.9819
98.1691
110.422
156.242
91.4337
97.5689
107.23
102.017
132.946
90.8396
97.6476
108.027
95.3074
120.07
86.6023
120.338
149.427
83.0789
110.283
97.9513
139.794
129.947
79.3193
138.53
99.8766
102.27
91.3499
180.845
99.2148
65.147
96.9856
106.003
168.739
101.559
148.469
76.6892
107.816
79.7503
95.6713
197.935
156.084
159.813
81.543
68.3969
114.424
95.4413
86.7614
113.412
115.087
92.0549
102.412
159.503
152.393
118.446
88.4783
110.62
83.5071
94.9268
103.277
111.135
103.348
69.4069
121.239
101.983
123.932
70.321
111.742
95.5105
85.1939
93.6174
86.2346
101.72
99.8842
228.906
95.5076
116.263
102.823
156.164
111.434
97.915
133.123
94.7334
83.2375
93.3001
103.585
80.4918
134.888
157.176
84.2194
214.056
82.5167
98.4845
148.141
186.604
162.695
84.6524
124.268
162.268
94.3591
126.597
156.971
94.9071
184.377
92.5305
103.921
112.909
134.786
123.476
128.983
109.327
101.382
83.5847
115.07
77.4591
118.341
111.459
76.4074
169.443
111.946
136.243
89.9054
103.388
91.5416
159.283
77.2461
75.4077
109.124
125.472
72.0774
88.3039
108.355
117.338
115.779
88.8142
