15.7225           0
15.4606     0.26197
15.2662    0.246268
15.1653     0.20127
15.1137    0.164213
14.9599    0.204032
14.9619     0.17245
14.9903     0.15202
14.9852    0.134166
14.8991    0.147714
14.7971    0.168048
14.7832    0.154041
14.8881    0.176287
14.8669     0.16458
14.9324    0.166632
14.8747    0.166191
14.9339    0.166961
14.919    0.158121
14.934    0.150321
14.8831    0.151423
14.8773    0.144148
14.907    0.140612
14.8898    0.135451
14.8729    0.130791
14.8786    0.125582
14.906    0.123719
14.9627    0.131886
14.9527     0.12748
14.9866     0.12758
14.9693    0.124469
14.9603    0.120716
14.9132    0.126045
14.8971    0.123215
14.8769    0.121234
14.896     0.11926
14.8729    0.118191
14.8799     0.11517
14.8997     0.11382
14.8989    0.110866
14.9032    0.108147
14.8826    0.107467
14.8858    0.104924
14.8958    0.102944
14.915    0.102394
14.899     0.10137
14.9089   0.0996364
14.9327    0.100349
14.9438   0.0988625
14.9261   0.0984231
14.9356   0.0969045
14.918   0.0966022
14.9294   0.0954116
14.9304   0.0935986
14.9355   0.0919951
14.9301   0.0904688
14.9384    0.089221
14.9282    0.088236
14.9412   0.0876697
14.9376   0.0862429
14.9309   0.0850607
14.9095   0.0863532
14.9135   0.0850431
14.9111   0.0837171
14.924   0.0833997
14.9077   0.0836913
14.9086   0.0824181
14.9005   0.0815846
14.9123   0.0812379
14.9167   0.0801704
14.9252   0.0794796
14.9182   0.0786637
14.919   0.0775671
14.9275   0.0769738
14.9483   0.0787124
14.9524   0.0777669
14.9642   0.0776291
14.962   0.0766451
14.9731   0.0764701
14.9769   0.0755883
14.9845   0.0750229
14.9948   0.0748037
14.9929   0.0739094
14.9801   0.0741342
14.9789   0.0732563
14.9846   0.0726145
14.9762   0.0722519
14.9806   0.0715547
14.9803   0.0707376
14.9726   0.0703674
14.9786   0.0698424
14.9815   0.0691299
14.9871   0.0686057
14.9882   0.0678724
14.9907    0.067195
14.9873   0.0665718
14.9855   0.0658978
14.9776   0.0657009
14.9671   0.0658617
14.9693   0.0652304
14.977   0.0650292
