14.6561           0
15.0705    0.414471
14.9506    0.267696
14.3735    0.607287
14.399    0.471095
14.3758    0.385348
14.9024    0.619147
15.3196    0.679427
14.768    0.814468
14.9244    0.745074
15.1613     0.71438
15.3011    0.666959
15.3369    0.614558
15.3754     0.57027
15.734    0.640673
15.4523    0.662221
15.3802    0.626218
15.3897    0.590481
15.1838    0.595261
15.0994    0.570985
15.0711    0.543853
15.0361    0.519726
15.1253    0.504564
15.1417    0.483362
15.2042    0.467818
15.1448    0.453376
15.0706    0.442527
15.1424    0.432444
15.2447    0.429613
15.2103    0.416472
15.324    0.418569
15.2652    0.409517
15.2078    0.401054
15.2352    0.390049
15.1577    0.386603
15.0947    0.380949
15.165    0.377125
15.1183    0.370023
15.0202    0.373546
14.954    0.370046
14.9359    0.361362
14.9354    0.352653
14.9665    0.345756
15.0689    0.353011
15.027    0.347614
14.98     0.34321
15.0484    0.342726
15.0507    0.335518
15.0062      0.3316
14.9945     0.32511
15.002    0.318759
15.0237    0.313323
15.0051    0.307914
15.0114    0.302222
15.0151      0.2967
15.0174    0.291363
15.0498    0.288037
15.0672     0.28356
15.146    0.289628
15.1663    0.285485
15.1298    0.283133
15.1244     0.27858
15.1861    0.280971
15.1582    0.277949
15.139    0.274308
15.1196    0.270821
15.1473    0.268182
15.1539    0.264292
15.2029    0.264996
15.2341    0.263037
15.2713    0.261965
15.2751    0.258329
15.2614    0.255135
15.2355    0.252996
15.2225    0.249935
15.2231    0.246625
15.2623     0.24654
15.2529    0.243541
15.2626    0.240632
15.2524    0.237821
15.3059    0.240877
15.3005    0.237982
15.273    0.236708
15.2433    0.235754
15.2523    0.233138
15.2642    0.230719
15.2493    0.228537
15.2419    0.226048
15.2391    0.223511
15.3004     0.22936
15.2842    0.227403
15.2483    0.227774
15.2427    0.225379
15.211    0.225218
15.2017    0.223027
15.2137    0.221018
15.2137    0.218728
15.1809    0.218958
15.1703    0.216993
15.1644    0.214892
