5.40871           0
5.42794   0.0192283
5.44187   0.0178162
5.44984   0.0149063
5.44979   0.0115465
5.45139  0.00956245
5.44241   0.0120824
5.45601   0.0171594
5.4551   0.0151601
5.46674   0.0178665
5.46941   0.0163812
5.46582   0.0153805
5.46596   0.0141488
5.46434   0.0131997
5.46197   0.0125147
5.46054   0.0117933
5.45723    0.011562
5.45671   0.0109133
5.46682   0.0144521
5.46795   0.0137567
5.46776   0.0130865
5.46825    0.012487
5.47243    0.012642
5.46825   0.0128049
5.46473    0.012777
5.45915   0.0134827
5.4576   0.0130656
5.45862   0.0126312
5.4585   0.0121884
5.463   0.0126058
5.46254   0.0122012
5.4669    0.012594
5.46864   0.0123298
5.47183   0.0123784
5.46931   0.0122801
5.47061   0.0120049
5.46839   0.0118858
5.46877    0.011575
5.46668   0.0114652
5.46877   0.0113679
5.46615   0.0113922
5.46582   0.0111225
5.46821   0.0111195
5.47006   0.0110213
5.47028   0.0107757
5.4684   0.0107047
5.46806     0.01048
5.46783    0.010262
5.47048   0.0103941
5.46848   0.0103776
5.46907   0.0101888
5.47079   0.0101381
5.4728   0.0101469
5.47131   0.0100683
5.47083  0.00989548
5.473  0.00995754
5.47199  0.00983307
5.47202   0.0096621
5.47256  0.00951198
5.47405  0.00946952
5.47354   0.0093267
5.47473   0.0092522
5.47396   0.0091365
5.47327  0.00901912
5.47383  0.00889672
5.47558  0.00893478
5.47555  0.00880049
5.47418  0.00877746
5.47316  0.00870887
5.47096  0.00886087
5.47084  0.00873606
5.47092  0.00861427
5.46846  0.00884567
5.46819   0.0087295
5.46618   0.0088426
5.46683  0.00874951
5.46662   0.0086378
5.46498  0.00868168
5.46564  0.00859654
5.46651  0.00853315
5.46628  0.00843046
5.46752  0.00841844
5.46805  0.00833361
5.46719  0.00827851
5.46641  0.00821783
5.46521  0.00820918
5.46463  0.00813552
5.46636  0.00822789
5.46516  0.00822378
5.46464  0.00814806
5.46484   0.0080605
5.46458  0.00797662
5.46481  0.00789359
5.46562   0.0078514
5.466  0.00777751
5.46692  0.00775053
5.46873  0.00788156
5.46682  0.00803079
5.46611    0.007981
5.46496  0.00798384
