5.54121           0
5.44475   0.0964521
5.35931    0.101985
5.4859    0.145685
5.48335    0.112876
5.47842   0.0922943
5.45421    0.081673
5.45778    0.070821
5.44498   0.0637575
5.46029   0.0590463
5.46568   0.0536805
5.46714   0.0490251
5.4848   0.0484335
5.49968    0.047245
5.47549   0.0501961
5.4769   0.0469751
5.44762   0.0529572
5.4403   0.0504621
5.44622   0.0480991
5.47006   0.0514791
5.45246   0.0520324
5.45053   0.0496484
5.46688   0.0501783
5.46752   0.0480464
5.45763   0.0471327
5.42728   0.0545152
5.43573   0.0531345
5.42797   0.0517865
5.42437   0.0500984
5.41662   0.0490162
5.42456   0.0480691
5.43471   0.0476349
5.44374   0.0470438
5.44957   0.0460111
5.44414   0.0450064
5.4572   0.0456456
5.44957   0.0450456
5.4473   0.0439028
5.43898   0.0435636
5.4391   0.0424607
5.43986   0.0414193
5.43687   0.0405317
5.44173   0.0398754
5.44616   0.0392087
5.4449    0.038348
5.44365   0.0375259
5.43936   0.0369684
5.43185    0.036962
5.43925   0.0369492
5.43459   0.0365013
5.44635   0.0376617
5.44624   0.0369305
5.4521   0.0366968
5.45851   0.0365769
5.45968   0.0359249
5.46054   0.0352881
5.46919   0.0357266
5.46265   0.0357091
5.47086   0.0360448
5.47097   0.0354391
5.47812   0.0355799
5.46893   0.0361882
5.47095   0.0356666
5.4684   0.0351973
5.47054   0.0347174
5.47085   0.0341887
5.47457   0.0338795
5.47247   0.0334433
5.47376   0.0329802
5.46571   0.0334888
5.46117   0.0333236
5.46367    0.032952
5.46685   0.0326532
5.46544   0.0322397
5.46603   0.0318122
5.46484   0.0314132
5.46861   0.0312309
5.47046    0.030883
5.46834   0.0305632
5.47273    0.030497
5.47814   0.0306002
5.47442    0.030453
5.47786     0.03028
5.47382   0.0301892
5.4729    0.029846
5.47226   0.0295039
5.46683   0.0296643
5.4667   0.0293256
5.46818   0.0290317
5.46554   0.0288282
5.46104   0.0288636
5.46417   0.0287201
5.46423   0.0284097
5.46627   0.0281801
5.46542    0.027895
5.46423   0.0276284
5.46891   0.0277385
5.47454   0.0280252
5.47135   0.0279234
5.46753   0.0279047
