201.812
114.51
77.984
145.384
96.4218
110.192
106.403
114.038
91.8619
100.326
106.199
64.8476
136.012
100.684
109.381
148.327
138.201
101.595
98.2586
129.066
68.1089
85.7237
107.262
160.332
131.134
100.704
135.39
92.704
115.593
94.0866
79.7686
71.8776
199.018
150.314
111.748
108.598
81.8889
67.4164
94.0742
141.209
69.818
103.068
77.0546
94.763
131.443
90.7106
106.06
71.7877
85.1524
137.061
113.579
130.218
104.667
101.43
99.5904
80.484
96.8967
103.427
138.806
88.3724
99.5443
153.991
105.774
177.263
131.932
112.079
109.51
79.6677
101.195
112.029
117.991
107.6
107.056
162.23
137.667
99.912
128.674
86.3342
135.576
87.1247
138.396
86.6968
126.178
96.7274
81.1667
161.223
58.5064
125.496
126.583
114.226
63.5813
168.947
114.769
58.6376
96.778
94.9143
147.733
90.6379
102.438
88.8023
130.885
116.351
71.8948
122.178
116.328
82.9497
56.2266
89.1022
85.3731
129.877
212.706
98.8663
117.395
143.839
121.253
62.2196
124.305
142.072
127.286
102.597
90.9318
131.792
177.913
128.878
109.291
99.6658
110.361
163.667
75.9347
82.3692
119.003
110.352
145.143
122.874
105.746
87.3248
108.906
165.919
106.405
118.588
90.8832
126.877
73.7194
85.6816
91.8667
70.3496
69.7867
70.5503
151.888
149.011
92.0021
142.304
74.7933
114.217
90.1126
100.612
99.0986
103.177
156.431
72.9839
73.8951
67.0398
73.3612
72.2857
94.4717
76.3731
130.56
99.945
119.577
144.335
93.3627
191.402
152.306
133.737
109.224
66.4294
98.3728
124.036
66.7073
103.172
159.811
93.8724
133.783
68.5925
121.02
141.26
79.1951
85.8432
184.258
78.6728
98.7283
97.4996
129.231
103.989
122.972
86.1204
127.028
103.23
94.9016
90.4981
91.9055
154.473
115.345
137.135
99.539
116.472
94.4282
86.7632
127.06
122.657
80.7466
116.331
127.959
110.783
133.427
112.503
112.892
115.339
83.5554
95.0858
134.362
106.802
121.15
98.2907
69.6931
98.6416
66.9791
131.574
108.784
108.17
90.8384
81.9572
93.2329
102.907
79.0602
130.791
123.125
112.282
97.7369
106.762
119.631
107.883
98.0616
68.8816
95.4618
182.324
150.746
84.2025
120.684
101.04
101.147
107.916
118.403
104.516
105.969
226.959
77.9408
91.7841
131.157
84.141
96.0854
179.161
94.9657
117.132
124.667
142.975
91.9867
165.709
120.803
118.985
132.712
85.4816
133.627
110.853
132.508
116.281
95.5392
119.558
160.645
108.437
91.0269
86.6998
87.1047
88.6438
99.3017
123.789
146.352
186.053
113.085
118.338
87.2429
148.856
106.383
71.4129
87.5316
115.217
71.7116
116.141
100.045
95.5443
74.5298
92.3537
105.938
124.767
83.2847
137.103
100.776
127.135
99.1367
106.83
103.102
137.479
155.827
67.2112
153.4
119.897
111.025
114.144
115.593
109.634
88.9634
92.6323
121.489
94.2388
104.341
113.439
84.5586
103.506
152.235
108.927
82.5413
106.483
87.373
163.701
95.2488
138.442
102.409
109.239
148.123
115.92
100.304
100.501
132.532
97.3635
101.873
97.3173
93.5073
114.585
89.7903
87.2004
72.9706
106.262
105.065
69.1417
84.1034
104.203
125.989
112.615
91.3021
127.529
83.0662
100.939
104.386
136.553
128.926
112.337
125.367
172.532
95.5085
104.559
96.9226
115.888
111.893
144.236
144.383
90.8001
138.968
109.996
115.076
153.385
90.2928
96.6766
89.7411
131.907
99.9466
129.059
78.452
99.2476
124.618
117.874
105.055
111.967
137.208
64.2595
110.982
134.399
95.023
132.351
92.9906
95.1023
110.996
91.5617
135.405
76.8613
133.383
76.4435
108.946
130.324
97.7281
87.4777
121.497
173.312
177.021
124.664
84.8912
102.748
105.851
129.034
94.799
96.3864
130.196
71.0497
114.737
147.36
133.046
121.753
156.729
80.3657
131.876
140.323
100.672
174.298
104.697
110.2
116.251
102.567
92.704
99.1499
127.775
87.3262
175.112
56.3473
80.1733
97.9871
123.498
77.6936
136.072
76.9591
111.032
85.1294
89.8496
87.5956
93.1497
69.56
87.255
114.854
79.5753
81.8143
121.33
119.088
117.668
66.5463
114.373
87.3113
121.49
117.155
144.345
85.0333
125.678
102.796
61.5511
93.0473
103.025
130.483
131.338
97.9878
99.5957
98.1828
142.089
83.1683
112.746
95.0999
76.9216
125.161
90.3186
105.684
132.389
82.3896
113.644
88.8478
106.563
165.299
118.027
96.4564
95.8433
128.066
71.9013
206.462
117.849
153.651
97.1291
115.109
108.637
100.756
102.685
90.1737
159.564
93.9079
138.549
121.009
126.248
140.847
71.2751
62.6833
118.074
81.3991
97.0704
65.9712
117.785
135.312
120.973
117.932
143.734
108.168
84.4623
86.8283
66.4528
114.226
107.381
97.1657
124.234
126.349
103.262
76.5103
145.297
160.615
109.228
132.596
87.9596
90.1781
74.8866
128.076
135.22
85.0639
91.6497
107.101
113.739
91.2905
88.6463
107.232
93.713
75.0089
100.927
98.9493
71.647
188.392
78.1695
86.0496
66.6817
125.322
184.402
158.181
79.2149
75.2663
187.343
86.842
164.122
121.51
80.0286
87.3407
95.9887
131.273
111.845
95.2543
87.1854
119.943
157.454
93.8466
135.215
158.492
126.425
135.124
94.3762
107.198
82.3661
75.2483
99.3259
70.3191
55.6974
137.303
110.396
178.173
114.573
104.478
62.1229
119.536
98.8887
108.373
82.8509
82.1709
101.238
127.418
118.952
92.5741
137.282
99.7444
106.684
168.001
78.4562
70.4436
109.265
146.314
123.922
120.017
107.976
85.0113
81.3355
95.9817
120.455
81.4262
124.137
162.73
113.916
119.563
142.846
111.386
92.4069
116.462
132.405
129.78
167.617
88.9224
115.518
135.282
92.3511
115.162
116.683
178.813
124.929
111.311
117.08
78.2085
118.508
189.148
74.538
116.147
70.1792
85.9705
88.5825
121.006
156.545
88.2964
95.1223
145.495
103.131
130.976
163.417
116.974
114.434
156.044
118.736
77.2296
87.0462
76.3168
110.154
81.4293
128.293
131.826
97.2171
85.3426
68.0642
119.873
130.579
140.918
90.944
87.7329
111.733
127.579
118.386
148.368
112.731
94.4933
107.479
132.974
114.372
170.716
99.8307
92.3393
78.1739
130.197
105.949
61.9377
145.703
112.702
120.447
178.281
99.4173
122.694
200.474
58.4858
128.991
95.7071
79.7948
121.248
182.909
137.355
127.648
114.176
117.672
100.614
101.07
155.104
113.683
123.784
80.2944
158.218
125.723
188.637
77.897
128.035
148.821
86.3835
88.8756
125.11
108.906
97.1496
94.2333
114.192
121.003
131.875
120.469
130.671
114.313
125.295
98.9777
141.951
93.4564
99.1258
106.6
119.005
99.8482
121.842
117.899
150.667
56.9039
159.509
137.945
119.394
89.4128
168.66
104.983
112.106
64.1697
102.74
136.399
160.597
89.8756
92.0343
151.537
109.077
111.247
83.6624
100.139
202.956
203.04
91.2669
91.1339
137.287
105.32
162.089
83.0813
122.699
121.759
86.8209
92.6453
125.849
126.784
108.759
99.1822
110.191
98.7278
90.326
122.688
116.864
100.062
93.627
72.171
71.5795
78.5023
145.867
113.214
176.248
110.765
123.78
111.625
147.57
73.9344
112.269
110.388
68.5567
133.015
104.013
73.6062
125.261
131.397
148.576
120.12
87.9807
98.3457
73.513
87.7256
91.8562
91.3911
92.9853
119.913
136.683
78.7885
104.013
111.656
105.187
117.126
117.572
119.778
93.7207
77.0096
121.124
108.39
116.844
163.022
83.2417
66.2084
99.5179
94.5069
108.984
75.4185
130.475
94.8386
100.038
121.876
99.4545
88.0191
104.707
106.289
116.368
77.6556
103.644
140.451
111.417
108.687
107.029
80.6108
118.03
93.7467
97.2305
145.874
58.4762
106.074
99.3127
83.9134
87.2943
103.325
92.9648
127.764
155.221
133.158
121.641
94.2212
105.955
104.708
89.3667
118.107
81.8752
111.927
123.676
93.1792
86.3999
158.25
111.718
123.492
162.185
85.1678
92.0365
127.649
96.3176
81.7659
118.833
105.451
90.9997
122.354
77.5712
119.972
92.8173
101.605
146.407
90.7948
82.1348
102.494
69.1751
87.5519
104.853
88.9241
129.267
86.8373
134.486
109.75
107.877
93.5369
113.495
89.9098
75.7208
128.511
116.155
131.589
120.308
67.3101
185.747
75.374
133.721
95.9515
128.689
78.0592
82.0625
129.471
133.92
78.4526
128.725
113.933
116.59
78.119
148.235
86.7239
91.3297
135.007
129.25
141.943
135.359
139.644
98.6466
115.518
166.903
113.188
134.217
125.818
69.1611
145.024
85.8882
126.084
111.334
164.83
94.6615
127.963
111.404
78.0565
128.444
191.881
137.464
117.004
82.8851
115.171
133.672
151.488
105.615
101.765
149.515
83.7794
99.4699
70.2776
105.892
108.907
128.36
135.78
106.591
85.4983
96.1782
127.4
142.972
98.043
81.0572
114.093
80.5066
99.0236
74.5253
131.45
106.029
103.998
76.8155
51.8579
104.683
168.492
51.3857
99.5667
92.9423
103.105
69.0804
163.679
84.6607
126.77
150.031
110.718
95.4104
172.027
120.635
74.3224
109.387
90.2768
107.123
87.8118
177.646
99.6343
147.372
70.3131
144.16
63.2758
96.3593
193.473
116.625
149.357
99.4634
95.6986
115.705
118.699
69.3459
147.072
113.587
109.882
129.872
120.41
106.814
120.679
91.9533
81.4543
130.955
107.423
111.042
119.915
177.199
120.948
131.714
130.035
71.9717
202.479
146.478
106.841
62.8095
90.8489
155.107
212.23
106.527
105.388
71.2715
87.8673
111.407
128.815
91.9633
86.9574
127.851
63.5093
81.0922
74.4356
67.9824
98.7198
92.2031
118.702
73.9871
88.0443
112.748
82.4582
85.7122
100.884
95.6614
131.485
103.614
127.169
128.43
89.9539
143.374
121.216
209.131
90.2893
129.742
122.64
93.0766
117.079
180.277
125.86
122.166
111.061
88.8062
105.967
136.882
118.643
114.287
91.0037
123.035
119.785
86.7051
148.963
93.4889
111.414
83.0435
184.698
82.4463
68.2621
176.336
90.5402
109.873
132.962
86.5843
131.735
101.356
143.228
129.494
122.108
85.4209
84.2569
78.2778
145.761
134.843
76.4019
169.706
137.423
135.201
86.826
137.269
179.81
95.9793
130.293
143.075
92.1892
85.6836
88.3871
83.5774
70.1662
105.009
104.053
128.488
73.5332
113.525
161.669
99.1259
74.3803
89.4173
143.402
115.354
98.5998
76.5156
186.356
166.004
119.756
154.928
98.5466
86.6314
118.553
97.1937
73.3002
78.5875
121.493
125.145
104.111
122.653
103.363
164.147
87.1747
84.1421
91.4179
128.02
109.604
134.568
101.08
82.3213
114.656
141.535
104.579
122.332
95.1752
113.055
66.7423
88.1879
125.786
105.949
136.247
82.1932
76.634
143.838
85.2214
157.631
109.969
85.3814
67.5289
180.754
87.1123
129.704
92.9192
137.469
128.431
97.2866
85.3211
132.637
68.8001
82.9105
86.806
75.924
166.596
88.257
101.443
106.755
103.858
161.112
79.6849
129.361
102.989
101.742
136.072
114.127
182.747
88.5416
181.939
98.722
180.768
104.228
105.323
65.366
97.4401
118.837
139.606
138.579
111.84
175.418
104.619
145.561
69.6576
82.6576
111.444
107.112
87.3207
133.13
71.3724
149.276
91.8383
79.2154
58.2573
78.9478
79.885
81.7626
126.512
159.187
99.8324
160.153
80.499
106.084
157.529
85.1507
69.9581
77.8135
108.367
105.232
119.478
120.328
101.964
105.192
77.6455
128.727
129.675
135.225
103.493
117.506
84.6192
109.032
113.166
110.461
93.3377
86.7862
70.5473
76.4022
94.8688
105.341
148.762
84.5792
131.94
109.67
189.385
99.6095
111.718
154.092
124.059
100.711
67.9717
94.2939
113.598
105.893
104.683
80.8766
103.79
88.7091
99.1983
117.217
139.058
148.317
126.966
175.501
128.893
146.363
71.3011
101.589
87.4474
122.106
128.804
150.751
106.923
93.7343
65.6809
70.1696
143.69
96.7788
131.013
86.4503
167.477
155.406
133.88
99.6838
102.581
107.29
133.533
68.9365
143.22
83.3589
91.8216
88.141
107.444
174.23
95.7524
93.6143
114.312
113.331
116.95
96.586
103.727
99.0123
83.5458
86.9566
176.856
100.087
121.253
110.619
94.491
119.451
152.297
103.695
101.717
126.56
94.9345
146.103
149.378
136.757
94.0401
97.2796
112.464
58.2946
170.064
111.772
100.425
107.495
180.193
169.382
124.111
114.393
112.526
79.6306
149.314
134.054
100.565
120.707
98.7837
120.167
97.6004
189.951
138.63
98.2683
90.7866
72.057
99.028
104.998
87.6998
85.1743
104.014
109.472
144.704
80.3799
83.3503
129.32
106.272
94.2312
124.996
116.05
104.404
91.8524
136.173
125.2
70.3062
114.435
188.119
100.364
120.358
78.782
107.929
138.077
101.552
160.693
113.183
94.5326
138.252
153.292
116.631
77.8812
71.431
125.265
137.043
83.9757
83.879
105.041
132.478
145.738
169.772
113.619
136.158
136.143
102.638
137.709
105.671
138.583
115.748
89.85
119.434
213.479
142.612
90.5706
158.886
107.12
102.683
118.845
120.739
135.118
87.0888
140.507
87.3702
117.751
156.405
75.6801
190.119
116.354
85.8311
142.204
109.523
106.713
111.082
149.159
110.576
148.404
161.778
97.3605
144.604
134.4
75.3545
94.688
122.428
137.682
144.398
87.5849
73.3516
118.768
166.726
93.2539
111.564
75.028
114.139
74.7058
81.4074
124.286
104.313
148.955
168.701
172.22
118.473
87.6688
118.11
146.078
80.9826
124.925
118.583
108.686
153.21
118.077
91.0747
51.1294
105.891
89.3597
79.7035
138.722
110.281
72.1588
102.767
114.152
86.1366
103.873
66.9612
104.909
99.7514
103.803
142.544
60.1095
141.024
105.519
75.5791
114.003
91.1173
105.68
132.18
160.012
106.942
68.7932
134.26
109.969
61.0252
111.246
83.9797
112.718
110.476
75.3514
140.094
142.366
144.844
77.564
70.331
120.851
89.7329
118.066
104.349
85.5432
102.936
86.0278
99.4395
90.805
81.2021
128.071
89.7591
98.3793
108.246
116.082
155.023
202.344
76.9717
69.7678
95.4927
89.0668
98.1117
89.6101
84.354
86.2195
99.7403
186.31
105.905
122.286
87.3403
99.6299
153.006
98.7953
124.883
175.754
141.868
117.372
133.673
111.356
93.7932
84.1329
139.21
109.879
129.003
90.0011
113.69
103.436
70.2429
95.2915
87.8197
85.2064
75.955
119.96
81.1619
89.0017
92.2947
66.5975
76.3995
132.911
78.2774
82.8604
89.5007
81.6623
88.261
104.687
116.129
77.04
85.9967
133.86
80.7561
124.729
129.322
89.2429
169.808
137.98
129.708
88.0637
136.096
86.1341
114.103
102.864
121.505
96.4299
108.96
116.437
80.0875
116.885
110.579
76.3535
84.6883
120.588
110.257
98.5797
109.888
87.9545
86.5971
89.046
101.26
95.6216
161.773
112.325
99.8792
167.609
72.1261
125.124
113.948
80.0245
89.7338
107.996
108.06
95.0322
113.123
118.708
90.9739
175.583
106.873
118.947
118.149
108.665
114.431
83.4293
89.0784
85.6867
105.105
156.992
119.993
120.717
76.3972
110.414
88.0134
98.245
129.699
87.61
120.319
152.343
112.259
107.317
147.864
77.4174
120.569
93.7791
117.125
146.394
94.4628
80.5824
120.235
113.559
130.209
86.4481
116.626
75.5809
113.985
113.899
66.6002
139.25
101.248
116.487
110.445
159.192
112.144
113.065
150.036
111.868
193.651
99.0938
94.9287
123.048
111.599
106.76
112.523
129.312
126.295
104.019
127.124
87.8053
115.339
104.973
94.2861
131.792
109.327
89.5287
108.043
118.787
193.022
158.836
101.357
96.2807
71.405
210.356
142.933
129.77
83.9894
128.065
107.047
122.052
121.065
82.4723
114.679
96.2988
77.6325
165.349
89.5134
123.963
76.5217
103.479
119.266
90.2363
174.997
104.471
127.5
148.681
145.44
97.5411
114.4
83.6813
136.544
59.9901
94.2042
105.461
119.66
116.082
119.758
92.3548
128.152
132.922
58.8819
118.244
113.917
115.001
93.29
116.44
149.022
144.782
94.6411
114.977
126.155
105.134
105.001
101.126
97.4719
77.7901
125.77
138.059
142.716
96.6147
105.377
105.286
57.3596
95.0082
115.6
95.4463
117.45
148.75
90.1595
68.0724
80.9881
141.455
76.453
75.3735
141.997
59.2105
156.597
112.468
65.6076
136.155
69.9686
58.766
134.473
140.065
87.9003
119.286
105.227
83.0565
127.177
92.2875
80.1235
126.829
122.854
110.206
127.474
144.553
69.7236
91.8011
126.167
75.1968
97.8651
77.2037
88.577
123.183
120.146
99.4106
133.528
133.196
89.6821
118.939
98.5047
142.188
105.455
65.1727
138.667
117.244
89.1373
147.295
55.7818
115.348
113.232
109.315
94.3102
123.562
142.273
106.047
74.9257
136.204
76.9122
117.327
129.175
102.359
114.295
97.4398
101.505
86.3475
186.151
112.303
116.709
68.4121
87.0545
137.903
104.352
100.145
126.596
101.847
124.913
91.1253
119.166
91.1435
109.589
88.4608
101.652
100.314
116.093
129.437
90.9237
71.3841
111.515
89.1221
61.2472
99.9288
89.0503
109.567
73.5133
182.999
90.4959
100.709
111.393
82.2996
77.7662
116.361
112.657
105.6
102.39
89.1953
97.9856
153.442
70.0872
98.3538
96.6674
79.1065
134.818
98.5188
103.436
120.231
108.07
85.9392
180.894
73.3288
87.9529
145.586
113.54
170.782
97.4485
80.6143
151.424
91.2306
77.6539
98.4767
130.769
158.278
117.736
65.2364
79.5334
71.2647
146.289
100.144
94.3482
125.53
115.287
138.433
63.2736
87.0146
150.736
102.403
85.7849
98.0662
83.304
112.204
108.268
101.103
98.7403
97.7382
116.786
105.787
113.989
82.7731
96.3214
107.323
116.143
111.206
69.0533
97.5698
105.693
144.875
100.602
83.6192
144.436
110.795
95.9592
101.164
172.011
132.67
145.215
135.698
133.238
111.068
101.899
92.2369
131.871
106.556
132.095
95.1022
82.0817
157.777
98.1924
103.356
162.496
101.792
78.6631
93.3762
100.608
78.4377
76.7718
86.8826
88.1808
108.047
112.867
107.675
112.849
106.814
109.047
64.4238
160.865
107.361
93.8665
97.8401
140.128
156.623
112.838
113.316
124.444
132.305
126.159
93.4163
99.5273
88.382
97.8455
70.1556
107.74
70.8133
77.1902
87.629
154.077
151.97
126.551
95.5211
51.8772
111.159
154.371
137.651
77.6999
91.6995
74.9913
121.231
73.3625
108.91
148.047
126.368
88.3193
127.483
62.4304
114.997
104.344
121.185
98.223
101.886
131.15
149.081
91.4185
145.992
130.749
94.5415
88.4471
117.982
86.8132
125.227
110.153
113.755
76.0682
91.4416
125.868
85.5269
112.792
172.316
115.754
100.957
134.002
78.2053
116.636
106.991
74.9483
150.029
101.886
93.1925
122.47
82.0285
143.178
92.4296
99.956
88.6057
167.537
77.4266
104.113
137.222
137.372
90.2107
167.723
69.0346
105.861
146.959
149.549
125.619
101.225
91.6705
154.589
80.14
89.3996
147.949
79.1788
81.0111
97.8161
108.208
104.393
94.2769
127.858
99.9151
98.4165
87.9039
188.97
91.0249
129.471
100.124
87.0994
162.88
78.6931
116.337
101.928
82.1248
84.8313
105.573
159.708
127.56
86.1238
125.973
109.726
95.7185
130.437
107.943
157.422
100.435
135.825
127.221
60.7614
169.19
79.635
153.531
172.997
105.935
107.714
108.79
98.0059
99.2051
130.591
91.4251
80.6066
86.5318
94.7703
76.21
97.2676
70.3476
160.522
93.0953
120.715
158.315
112.215
71.4112
57.2691
119.697
78.8796
96.7766
132.416
80.9989
124.564
139.39
111.432
130.923
90.5897
82.1155
70.3483
53.9832
87.3602
119.68
103.814
97.3649
155.438
78.7881
118.487
92.8082
104.551
187.509
89.4732
115.774
122.839
105.239
115.871
54.4928
114.483
86.82
80.6224
103.614
121.585
128.204
153.048
101.894
129.246
114.321
140.523
160.201
102.342
75.9719
118.215
111.06
71.7801
105.836
105.671
125.311
100.557
94.6845
137.631
79.2676
59.1411
121.619
89.3161
79.8209
162.619
119.821
122.202
144.966
120.462
101.081
78.4583
111.695
158.291
112.032
181.214
151.569
86.33
101.943
123.709
100.425
112.088
69.7477
65.19
85.1819
77.8666
118.863
99.7751
139.453
140.402
101.916
114.37
110.759
92.2769
76.4638
145.231
84.0793
65.1787
164.332
127.871
117.885
136.388
70.4119
114.71
96.6159
121.851
63.2397
154.538
127.669
153.895
73.4158
120.643
135.824
124.973
133.595
149.462
80.2218
156.748
155.956
87.9711
82.8922
89.0683
70.5244
121.799
108.13
61.4276
91.0594
103.363
110.674
95.563
121.019
217.735
121.95
107.393
91.3517
168.716
98.4229
67.8659
140.356
146.952
134.594
133.607
91.5149
87.2806
82.8053
97.4994
161.685
95.6424
109.855
80.287
113.448
89.959
137.297
130.111
105.203
151.412
130.133
99.2778
94.3477
82.7221
58.6386
95.4149
124.237
97.5628
88.5458
69.5341
86.5398
143.147
79.9883
102.985
85.5674
101.943
75.7787
58.0116
102.055
108.153
79.1303
103.812
109.194
113.858
94.7105
100.169
107.638
74.6781
65.7626
83.7843
121.175
129.166
103.13
113.287
131.512
92.7995
150.12
91.778
138.471
88.7397
76.4159
134.779
63.6815
172.36
133.201
116.294
112.547
96.9606
224.078
75.7533
93.2943
90.1451
93.806
104.838
126.061
119.275
110.463
87.7184
93.7996
129.907
204.81
150.533
87.6163
127.121
76.2347
109.849
187.868
78.3765
112.561
124.827
135.821
149.007
66.5841
102.983
114.557
137.651
96.5991
94.7826
102.48
87.7599
221.05
101.05
106.489
99.2032
201.131
88.5083
130.7
113.586
91.2249
107.711
136.379
86.6328
84.2903
140.533
116.555
131.802
135.478
131.961
114.123
76.2929
135.81
84.9434
113.967
99.2244
128.875
86.6282
155.816
96.026
130.237
184.658
95.4169
166.444
140.351
161.638
161.498
127.693
103.641
84.8811
108.808
128.569
136.536
96.8206
72.9854
116.008
82.4136
139.974
116.387
98.8608
120.334
110.507
101.416
98.13
122.136
97.1675
124.892
103.756
146.657
156.618
92.5969
131.963
78.0652
106.302
107.751
149.645
128.889
136.291
98.2885
105.839
87.7958
105.447
98.8717
124.195
134.052
210.612
137.217
103.999
108.416
86.9002
95.8988
95.9572
97.8182
70.6389
91.7823
170.61
135.291
109.416
92.5277
157.71
137.704
111.597
159.113
97.1939
114.2
166.442
147.632
76.7057
151.875
91.5475
110.695
53.8255
109.259
114.464
74.5192
100.195
99.7293
116.371
89.6723
124.136
150.183
135.977
108.916
112.503
84.4556
124.937
96.0508
85.657
77.1091
101.089
76.0746
92.8958
92.7688
76.1437
116.915
87.8335
103.685
108.106
138.491
148.253
124.905
98.013
76.8686
164.969
66.7895
95.1568
90.8591
118.957
127.746
78.188
139.391
93.4704
97.1244
137.592
104.524
171.591
133.532
111.594
71.9878
89.9015
92.2367
129.13
125.44
103.193
111.359
144.186
90.1218
101.058
121.774
84.4797
89.5964
145.037
71.2947
83.5815
84.7688
118.49
109.944
168.026
102.768
92.8964
86.0055
91.3373
82.797
104.28
85.9385
80.2276
79.3334
106.66
91.4311
101.922
104.368
50.3562
175.001
103.354
121.211
203.097
91.7307
108.734
105.479
161.001
115.207
173.908
107.487
154.501
77.6998
116.392
155.223
124.402
90.255
107.948
64.6222
78.4094
99.33
119.338
110.595
109.084
74.292
137.75
76.8359
91.8497
100.9
79.6517
161.018
114.799
105.65
108.141
117.324
110.53
86.9176
105.225
88.4108
127.761
116.185
105.055
77.1062
83.9799
81.7828
103.256
124.658
97.501
69.4437
80.4711
75.832
90.2172
88.8721
130.222
91.9723
152.128
93.671
116.307
92.3418
117.023
120.66
114.21
109.017
117.327
90.2719
177.717
88.9188
102.048
93.427
114.363
100.694
125.896
123.144
123.903
77.3141
109.747
103.631
90.5493
60.5541
117.245
119.244
92.3501
58.947
109.988
118.929
106.885
77.6522
89.8143
83.471
167.552
94.319
107.418
107.958
117.456
144.062
103.463
82.6551
108.803
152.808
128.076
156.558
126.89
99.9394
73.6926
85.2692
121.751
94.9857
82.4949
104.493
136.185
77.5075
133.448
112.496
104.642
106.615
75.2353
101.111
87.1325
95.7258
81.0671
131.999
94.017
117.453
128.42
133.918
102.286
164.789
104.864
86.8568
122.357
102.198
86.5973
123.263
108.809
94.3155
97.2121
123.632
158.487
121.741
191.133
94.9828
109.772
80.6876
122.12
185.066
120.821
143.813
138.437
82.0351
115.051
87.2892
96.4266
155.93
147.163
104.054
57.4117
84.1327
90.4769
114.051
131.035
150.706
124.462
78.5251
57.0645
72.4333
128.616
96.5824
150.227
141.629
108.591
88.2231
58.9772
118.194
84.2645
85.5388
96.2958
68.1356
82.7643
108.928
101.713
112.901
77.9521
143.533
112.774
135.422
68.6184
127.46
172.684
127.516
109.438
62.2158
158.13
122.252
92.4884
135.18
62.9564
113.16
98.0953
79.0468
101.05
89.8851
99.4592
129.132
108.952
126.354
163.355
92.7714
131.726
111.949
74.0314
98.2457
148.901
186.646
116.893
152.723
150.034
101.74
84.8755
152.111
93.5447
206.261
134.618
156.519
85.2312
173.67
114.53
94.811
98.6471
183.542
84.4832
72.1649
76.7227
71.3681
86.8658
79.5653
135.609
57.1092
136.738
106.099
64.0314
123.073
123.909
86.9271
137.968
96.492
143.294
127.437
142.947
106.979
79.5003
94.0577
72.0993
111.778
116.983
91.5901
117.468
68.9698
82.9059
77.6235
157.642
93.5104
144.802
121.47
120.791
165.541
115.567
70.9478
131.825
163.613
76.8459
112.132
125.756
113.641
136.771
83.0298
119.81
83.1653
88.227
114.019
84.3298
85.0507
115.176
169.301
115.486
86.2795
79.3803
133.857
119.197
94.7288
79.64
72.6328
95.8255
185.139
125.583
90.6738
116.881
99.9344
130.133
104.095
145.016
146.696
110.514
119.995
96.9415
93.9956
156.638
121.518
164.623
150.42
85.2626
115.601
135.662
127.409
90.9127
123.661
166.966
112.896
122.548
123.88
136.627
125.784
106.645
84.8359
129.092
136.742
101.683
102.209
145.303
124.988
142.112
85.5786
94.2601
97.4641
107.942
84.4439
147.617
129.267
159.279
131.12
101.946
95.0906
134.683
95.5855
96.6001
169.031
98.6636
111.853
88.0383
114.254
109.493
71.3981
122.851
130.866
81.4491
119.155
142.032
115.626
77.8655
117.17
91.3272
84.5755
89.379
118.991
83.0769
114.131
128.112
126.039
92.8922
135.109
91.8348
101.249
89.1618
100.094
112.059
103.287
92.232
112.086
130.54
85.3493
75.3561
121.005
97.7781
134.949
87.339
88.1095
189.681
130.196
79.6986
89.6512
186.609
125.153
120.98
73.4239
91.1369
73.5708
119.168
89.0524
103.27
75.1482
84.8822
135.884
117.912
105.462
84.5337
108.569
176.581
178.023
62.3548
88.5461
96.8319
80.9947
100.696
144.436
132.09
106.12
126.264
71.2143
183.467
72.6069
102.399
88.5233
131.825
92.3492
83.5858
100.735
119.5
92.495
130.043
93.2973
105.042
122.213
165.65
103.882
133.941
62.6544
88.605
109.927
149.014
118.193
129.736
80.9973
97.6771
82.6125
218.243
118.754
167.102
129.923
83.3023
108.03
179.211
145.787
110.857
141.991
138.62
131.359
107.608
138.918
88.1755
119.387
115.971
125.254
108.501
84.1139
118.897
110.519
93.2044
83.5632
135.387
103.128
65.8245
96.1482
121.174
122.573
225.607
62.3889
160.544
96.333
259.914
85.3892
74.9751
97.2965
97.4315
74.5449
157.492
99.081
97.663
93.5339
159.909
83.2117
69.5862
159.548
93.1535
122.461
75.9087
137.346
106.725
89.8132
99.0446
125.083
76.9975
63.9789
86.8331
94.3872
193.9
130.916
201.117
126.298
105.356
127.615
127.867
126.294
98.1977
99.994
71.2227
90.4561
139.426
113.23
110.165
90.1258
153.646
116.635
117.608
152.905
119.09
65.369
127.612
123.949
103.995
77.3676
121.114
98.2302
110.809
149.404
98.6036
92.9718
70.4368
94.0721
155.106
110.217
138.682
91.8969
104.986
82.8073
167.969
84.7626
76.6756
85.5234
107.155
97.2362
97.8686
103.427
91.7296
93.4498
104.003
97.3558
112.772
108.23
108.504
58.4337
135.877
70.431
112.778
121.904
89.5263
148.454
108.79
98.5443
96.1417
145.289
102.908
125.382
105.328
150.366
116.025
94.2118
94.9662
89.9574
117.436
97.1048
95.7211
104.994
81.9027
161.677
114.44
95.9999
89.9643
114.866
166.004
152.032
91.4462
115.36
93.0427
150.401
167.865
140.639
122.547
97.6965
124.977
93.8694
121.38
123.421
124.143
113.687
82.977
72.1896
125.422
126.87
120.562
103.448
117.098
110.055
119.789
91.5763
107.02
100.582
98.8774
108.021
129.262
106.785
71.0774
75.9643
94.9108
141.344
128.211
90.0108
125.335
109.827
55.2848
112.707
100.273
95.6647
165.423
69.9543
177.249
104.959
108.483
123.396
78.9625
112.99
124.029
69.664
147.567
175.929
86.2494
88.845
136.466
107.297
111.481
121.186
194.728
93.8296
102.911
147.103
80.3629
116.877
94.0955
133.888
190.156
83.5952
67.0289
95.5305
76.8218
95.6275
49.5446
109.537
121.853
102.161
118.742
122.832
202.698
68.5864
110.523
72.441
112.282
120.212
68.3502
117.662
69.8915
133.132
87.9933
103.205
93.1527
120.58
153.934
108.894
135.899
79.7283
100.371
112.171
54.5404
147.867
140.211
80.5643
85.7034
120.626
96.3713
112.797
98.869
138.12
94.5252
95.9707
120.906
88.7
83.8147
108.991
116.93
99.6308
55.7011
93.7065
105.089
111.397
97.1578
79.6878
108.752
122.831
105.733
138.801
102.158
96.5773
85.147
108.994
109.847
95.4082
122.744
101.666
105.941
110.002
119.999
121.898
115.082
131.314
137.351
151.723
91.2801
93.6193
148.498
114.5
121.874
88.4712
96.9487
81.0274
167.464
113.598
104.952
97.5119
107.011
100.277
138.174
90.6299
108.862
107.68
115.534
88.8855
95.075
114.39
81.2749
209.226
73.1655
173.918
75.2543
162.684
61.4883
97.4457
94.1945
90.3099
83.0712
112.729
107.082
102.722
162.353
96.7129
82.0734
107.026
92.6586
84.2691
134.828
116.418
68.6489
77.4308
93.6167
81.8118
111.893
190.709
101.665
131.262
112.659
147.284
85.4829
100.801
102.217
117.084
136.648
88.7329
104.109
140.42
132.106
119.607
200.496
175.821
115.654
161.892
105.203
81.0363
98.8166
126.625
81.263
138.707
170.92
63.3298
108.88
124.96
109.597
186.955
88.7654
130.145
136.106
68.275
117.949
98.1973
83.7098
110.416
114.251
122.763
135.107
78.3839
79.8187
117.674
141.355
128.671
107.726
91.0822
107.355
120.07
69.4818
134.219
73.4598
95.3657
110.458
75.1266
111.049
74.883
139.398
116.635
91.4859
127.525
139.6
112.866
115.654
115.072
190.312
81.8082
107.992
132.742
130.94
123.589
146.099
121.184
114.195
116.444
97.3218
91.5218
92.7342
106.95
99.2695
83.6092
100.266
104.757
107.356
126.524
127.641
84.9919
103.18
114.641
130.803
128.406
112.52
79.2616
112.412
162.421
156.942
116.014
86.1577
125.289
111.068
98.8729
68.2639
101.374
179.829
77.4019
116.831
111.212
93.7348
101.485
95.4212
76.7524
111.773
99.1941
104.027
90.8782
119.156
109.981
106.748
108.682
107.265
71.752
156.945
88.5857
174.199
103.833
91.7206
110.29
112.464
124.507
103.559
118.495
144.746
143.422
89.9309
94.0114
86.6717
79.3539
94.7623
101.395
143.167
75.4625
109.335
122.604
86.4582
83.37
70.3704
74.9163
125.888
101.249
100.18
91.0622
139.92
97.3826
69.7756
74.1193
117.579
73.6075
111.504
65.0729
126.183
84.4191
99.0788
101.896
91.9058
115.949
101.099
92.3883
119.815
96.4534
58.5917
168.013
124.383
94.2079
65.7015
114.516
107.316
122.32
134.224
110.732
81.4013
112.576
100.096
134.803
88.4071
85.2901
117.773
102.298
125.332
150.96
129.018
110.446
128.857
71.9383
131.743
109.281
123.551
102.589
120.03
101.869
64.3657
147.556
68.7658
136.858
155.038
91.8675
114.578
107.625
88.77
145.057
100.885
88.1835
84.1825
89.6813
82.3962
146.996
116.313
144.972
96.5093
150.064
140.561
77.4495
110.75
108.704
61.5278
133.119
81.1977
101.093
104.526
133.054
110.867
117.371
94.6108
65.6016
122.331
122.539
117.662
158.415
115.267
86.2932
101.521
88.5728
107.432
84.3994
80.283
84.3366
110.511
84.6416
104.148
175.815
84.7077
71.8169
117.26
103.209
161.855
98.8783
132.595
124.556
102.103
85.0381
77.2969
96.2327
79.6435
118.664
153.119
119.308
79.4449
78.0606
158.107
121.654
77.7843
109.125
122.081
121.157
118.691
92.357
113.491
104.128
75.0953
125.519
112.289
97.9435
68.8248
108.208
84.5111
75.9208
163.565
108.263
91.438
94.8097
104.257
87.3324
161.033
136.252
102.956
140.912
115.666
74.5997
107.761
108.512
147.48
148.275
120.28
88.5021
66.711
92.2249
121.637
149.516
174.627
85.5365
109.467
139.522
124.487
123.265
77.956
185.96
127.397
96.4471
83.3309
106.544
111.506
131.491
89.5526
127.133
98.719
81.7399
127.43
109.417
125.421
76.6289
69.0534
96.7719
118.869
96.3379
128.497
153.226
117.828
147.439
74.9024
99.1099
105.605
59.0788
181.132
173.428
102.028
127.59
81.7507
211.59
88.3453
85.442
161.179
118.058
141.282
142.978
151.48
128.739
136.486
90.7084
77.6383
93.8193
113.446
129.333
91.0954
134.092
113.629
74.7576
129.004
101.05
115.645
68.0387
106.855
118.523
131.194
146.431
94.3614
140.213
123.809
91.8512
100.419
126.85
122.652
113.301
116.054
99.5937
95.3779
122.342
114.454
163.627
126.677
97.7452
154.264
122.832
132.54
166.038
108.843
107.955
119.249
83.3013
116.926
82.952
110.433
58.6701
123.401
108.633
76.9838
116.133
118.348
117.03
102.735
103.154
105.282
90.0482
72.8516
71.0912
91.6293
92.7692
134.066
97.5936
106.26
81.5712
108.77
159.725
122.616
105.052
137.709
109.949
102.541
110.805
89.9407
118.039
103.073
125.979
92.8295
74.4581
129.845
79.8188
91.6317
92.7619
89.4635
115.427
158.811
118.262
69.1296
109.435
106.078
144.858
132.742
85.9685
148.288
130.198
117.518
88.3682
87.1491
121.851
97.7573
109.016
138.516
109.144
144.756
67.3288
83.0876
85.5646
141.58
112.107
96.074
135.692
99.5678
126.829
88.9667
76.9857
99.3936
110.612
113.623
124.95
67.3731
131.942
104.275
98.3777
77.5579
67.1089
104.092
83.4439
84.0682
102.38
117.828
126.805
107.22
93.911
101.706
114.458
102.517
99.7578
108.627
73.0714
92.6945
157.043
111.486
121.048
96.3887
80.0766
126.02
88.825
140.738
51.8753
107.181
83.2868
81.1263
89.4529
119.434
121.7
112.545
91.1121
110.315
162.15
115.783
166.189
125.392
65.769
107.811
88.143
122.225
83.7421
160.033
132.995
96.9178
52.9529
110.968
101.254
96.6275
160.342
121.226
74.1356
133.382
126.968
88.5599
121.624
102.143
89.5327
121.201
55.7207
88.7713
81.3474
123.076
59.0497
113.571
63.0307
134.402
110.388
79.584
130.214
73.0542
77.1135
184.911
93.2683
90.1171
111.091
100.183
97.2914
120.13
113.214
67.8068
63.1611
157.642
111.993
128.403
107.347
136.239
150.746
108.762
122.983
117.496
93.0431
89.4745
71.8396
153.799
107.548
135.241
67.3451
107.971
103.776
90.583
82.9127
74.8382
97.8059
102.865
108.636
92.3423
61.6917
151.3
121.691
68.9451
113.678
79.6141
104.698
167.216
88.5206
101.334
100.899
62.3322
87.2695
100.702
93.1399
98.6046
110.146
138.783
119.172
108.448
128.406
98.7851
82.5914
103.401
72.9008
108.921
88.1954
84.2524
91.5148
106.944
56.3407
91.2061
127.189
87.6939
118.916
104.974
124.033
83.2439
125.664
71.9094
159.375
82.9928
98.935
94.6794
163.309
113.112
113.195
99.9556
109.745
92.4333
149.629
104.789
123.103
68.1626
130.453
124.299
127.463
124.171
160.376
121.687
105.285
110.372
123.748
100.595
87.5715
88.4499
62.1131
143.972
93.3472
122.894
160.423
103.214
87.3276
112.196
112.245
90.634
93.2059
90.4274
88.8552
113.09
101.048
87.8494
113.131
81.8019
106.71
79.3339
149.093
100.288
64.0985
143.173
116.36
89.3291
62.4322
66.6232
111.726
78.577
65.4363
127.773
140.071
100.672
75.4265
128.311
86.1174
81.4852
112.312
69.5907
131.487
143.673
117.681
130.774
142.113
83.4131
125.14
198.534
92.2983
103.313
139.545
117.18
97.3898
93.1214
96.055
95.2658
162.87
149.092
107.025
120.069
72.1735
167.691
80.8303
110.528
92.6038
109.735
106.753
113.138
83.0844
141.366
137.589
128.718
109.804
107.604
53.3987
92.0328
148.19
112.792
148.033
145.735
96.1623
106.504
143.444
109.733
135.979
128.222
203.226
120.818
96.7278
111.172
99.9353
87.1007
94.9548
91.5242
73.8969
97.9783
76.6194
101.733
121.826
116.611
97.0236
132.431
92.4034
133.003
94.9855
156.011
79.3281
101.509
108.488
128.717
117.87
142.647
118.753
145.027
105.78
140.255
118.479
115.605
127.994
114.158
101.291
135.173
92.5197
188.207
125.802
101.276
84.7577
114.98
95.8824
175.107
122.795
106.113
122.895
81.32
85.1401
85.7284
98.8596
126.321
65.504
95.2115
84.4879
121.488
88.6014
130.199
92.4192
119.262
120.824
80.9967
82.0938
138.658
123.929
105.544
138.861
156.981
110.579
99.5608
104.043
74.1718
92.6448
70.6981
95.8398
88.9729
100.511
90.7189
94.3878
111.93
95.9039
129.071
61.9646
105.827
121.364
146.474
106.917
127.032
90.3821
114.294
80.2948
79.7935
121.242
175.786
86.3462
115.877
178.871
127.683
103.016
134.899
87.1042
87.0005
81.0829
92.8793
97.9652
102.022
128.515
106.614
131.665
126.308
124.522
92.2411
113.771
90.3235
146.197
85.0053
115.122
144.736
153.06
107.865
107.858
147.861
105.563
100.092
91.946
103.824
97.3055
91.1124
120.533
130.324
131.691
84.0192
126.081
80.9574
131.072
85.1208
139.917
110.823
116.982
104.919
117.685
132.304
101.574
195.041
91.275
81.5686
132.236
91.846
80.4683
116.791
127.532
148.944
117.333
137.619
78.0372
74.7376
168.07
129.43
102.816
119.037
97.7326
147.467
80.0428
94.8238
80.3321
103.574
74.4641
138.303
94.3044
76.8226
101.369
142.417
158.842
96.7003
104.074
73.2983
133.267
82.7556
91.8537
116.15
71.371
84.8242
117.811
117.981
85.0987
54.6749
126.017
118.124
93.8419
148.793
138.92
129.573
117.387
134.468
112.814
129.754
80.1532
208.244
80.1431
113.998
109.539
95.797
126.802
106.532
76.3451
122.658
122.979
126.982
143.245
80.2725
86.2417
94.2312
62.3357
74.0455
124.694
164.387
115.801
155.006
183.999
136.803
132.115
104.843
64.5906
107.032
148.659
93.1484
80.366
173.949
149.516
111.916
166.339
150.037
102.402
88.2563
125.04
78.3919
118.411
128.709
154.351
103.552
114.023
107.306
67.5828
114.378
109.288
138.6
86.2354
83.375
182.286
142.031
93.0908
125.77
93.7559
93.2711
52.0696
90.802
135.396
97.9252
101.287
99.3135
119.007
101.248
153.501
118.908
80.8058
92.22
129.901
153.817
125.862
135.463
135.163
118.758
152.119
118.313
71.0201
120.899
92.9579
160.572
89.9889
88.3098
119.584
111.086
106.296
199.63
117.55
128.164
126.441
144.182
112.59
118.287
98.339
150.115
106.042
96.3643
135.824
118.558
97.4922
158.796
126.493
141.04
159.007
118.436
141.929
96.0474
94.2417
164.896
136.332
117.844
147.985
123.32
76.5662
114.855
100.935
190.914
96.361
86.778
91.8925
89.5495
85.536
92.5955
117.065
111.365
133.059
130.18
129.582
80.6387
89.2972
134.117
105.573
63.4605
158.657
91.1051
104.153
98.3378
99.1732
105.222
68.5435
76.7002
120.862
106.141
136.784
88.9812
98.177
105.204
126.785
134.987
125.425
78.7448
135.585
91.8313
121.824
85.7793
78.02
78.9334
61.561
78.26
128.497
89.906
100.118
152.416
164.624
115.442
94.359
134.98
169.945
118.867
128.975
77.8092
106.202
90.8725
111.127
95.0069
148.617
119.641
110.936
99.3321
85.3119
101.06
119.75
112.292
98.5663
68.4692
135.493
74.2784
96.667
92.009
121.455
125.936
116.901
89.0225
138.726
67.6334
106.98
106.71
62.0331
96.7923
89.3142
117.309
123.328
84.5296
60.7583
88.8246
142.735
92.8464
89.3509
81.9723
120.967
173.007
123.771
97.9365
140.942
81.945
85.7694
162.61
123.115
153.346
63.3332
90.6541
86.7409
107.752
116.293
151.482
123.473
98.2929
96.8763
87.4094
113.398
140.592
151.413
100.11
156.587
82.4122
148.092
77.2216
87.247
125.207
70.398
92.4288
122.266
104.183
103.1
83.7415
79.0225
124.929
66.6998
87.8464
181.84
122.2
74.868
105.867
134.939
69.7576
104.151
129.333
91.81
114.575
90.4386
147.119
120.51
186.891
141.633
94.5827
232.899
125.342
98.4777
117.698
120.643
100.878
159.041
86.5535
86.5757
130.044
108.958
82.878
93.336
115.857
90.335
99.4693
61.1183
96.6742
96.6936
70.1768
131.083
98.4226
76.951
88.4048
128.781
97.4179
103.607
124.195
90.7107
122.786
138.657
101.84
120.38
90.7036
104.424
91.5156
82.9075
87.2
102.194
83.0539
105.079
139.699
120.422
115.526
84.3569
61.6723
151.522
75.2974
127.746
85.3312
76.2617
123.213
93.1269
122.922
74.3856
113.872
90.102
120.597
107.408
100.548
104.89
156.008
170.876
108.267
79.9522
93.0215
136.816
118.687
82.9453
123.81
124.142
110.072
112.425
145.027
104.837
202.635
82.1508
78.0089
115.161
107.008
117.18
110.021
100.558
204.552
121.54
125.818
163.82
86.6725
139.151
116.21
95.4326
117.091
100.438
180.026
117.979
145.783
79.8267
112.982
141.37
96.5412
130.198
132.802
133.735
98.647
122.713
101.473
99.5321
120.814
125.212
144.453
77.906
81.6898
56.134
161.93
110.726
132.615
118.259
120.03
77.9565
118.751
90.4757
108.25
83.8006
94.1913
82.9528
110.336
97.4157
94.6966
100.083
99.8214
140.298
97.069
93.3712
133.753
101.239
138.051
88.3359
142.308
123.891
105.113
141.028
125.9
86.5039
102.148
133.454
116.031
121.533
85.5718
153.344
136.982
96.2356
107.196
114.652
92.3642
124.278
97.52
137.907
88.2893
180.924
114.951
173.263
85.6042
74.0299
97.0696
107.46
94.5538
111.645
125.085
108.172
89.0029
103.418
127.482
108.363
123.695
83.6209
105.335
109.366
76.5244
86.5949
157.327
89.9183
91.9007
89.4269
119.132
136.431
135.006
109.692
167.211
87.2456
163.367
101.894
128.33
109.987
101.806
100.362
163.099
71.1684
90.1339
109.428
127.469
135.248
129.31
138.292
109.67
130.385
85.5666
140.03
88.769
127.803
101.514
126.135
82.781
82.6288
104.157
133.389
135.743
136.581
94.4344
116.126
114.922
83.2318
89.5003
98.0021
133.783
140.7
85.0603
115.5
100.666
95.4757
114.99
181.839
130.311
93.6398
80.3303
93.3818
112.375
102.885
95.9398
97.1275
112.893
121.074
133.4
128.419
61.7336
190.618
113.602
102.742
93.5465
174.565
113.185
94.0593
108.207
129.325
127.418
109.783
181.391
99.3801
83.2552
155.588
96.8698
97.3205
84.9768
77.7072
109.227
114.256
74.7477
91.4321
120.647
110.971
127.786
77.606
104.315
109.361
122.556
83.4336
138.899
82.1561
147.658
98.2046
119.14
138.271
98.2898
94.1797
117.212
107.206
83.6309
119.791
114.852
92.0382
65.3632
93.0094
147.079
106.193
115.612
91.312
123.965
75.0036
111.175
102.248
100.338
104.44
84.7451
73.336
126.211
131.593
152.38
137.675
104.792
85.5181
100.719
110.478
105.502
93.3627
123.552
98.7554
105.854
98.3024
122.705
136.591
65.3248
117.715
92.6061
104.732
81.972
152.809
127.683
92.6349
152.312
68.8841
100.746
187.109
112.192
115.157
198.003
59.8725
112.497
134.888
113.185
124.119
93.7073
130.457
91.0963
91.9347
87.2671
78.7642
107.477
154.93
120.653
129.425
104.278
104.607
110.528
84.4964
130.937
95.288
101.442
82.6922
134.438
116.398
77.4686
132.364
95.4965
123.119
154.096
127.558
71.7914
114.615
111.867
91.794
125.831
148.26
176.282
71.3122
141.233
89.3452
72.8387
116.101
108.145
126.148
114.188
97.2184
102.537
60.3515
125.295
148.909
83.3968
75.0441
97.3893
117.706
146.354
75.0187
144.206
70.0894
75.9271
138.303
73.1111
80.3693
88.8179
103.338
148.178
57.7144
74.3147
92.2343
112.539
99.4678
77.9931
101.147
158.128
132.716
121.424
97.8128
109.28
109.44
93.9201
97.2359
127.256
126.624
64.4917
133.934
104.095
101.037
125.328
80.7825
86.056
126.392
92.9255
158.128
68.3998
117.029
108.025
129.794
118.606
90.6882
87.0513
183.181
88.0558
94.6524
97.8768
132.453
117.199
102.83
116.929
115.282
107.818
120.337
81.4539
177.197
183.153
71.3798
108.531
83.6737
88.8508
189.791
85.2078
107.632
97.9777
90.281
85.4647
139.846
88.1858
108.602
67.9934
130.551
83.058
66.6317
103.523
157.217
101.787
97.1708
93.2041
88.4335
81.1541
100.26
80.4834
124.871
133.431
89.7917
136.885
117.887
108.718
93.5458
181.439
132.864
132.425
111.259
96.759
116.969
108.582
101.81
128.179
108.601
64.5909
128.07
126.271
66.4296
91.4729
118.293
95.9641
97.1447
109.595
149.562
121.014
123.318
105.337
109.995
133.355
94.6829
102.65
87.6916
132.072
98.5556
76.2103
78.4311
117.291
104.306
87.5377
87.4734
97.5764
127.843
95.701
126.412
119.064
128.585
76.7908
134.88
95.4588
85.4948
185.819
151.871
118.391
93.1124
90.6143
93.4812
110.308
143.032
70.6638
149.29
107.159
114.112
175.204
99.8571
92.7079
112.955
155.139
162.689
73.0695
185.803
121.737
81.1309
145.661
181.498
108.26
134.333
82.8486
158.83
81.1488
94.8835
96.3661
110.864
111.062
93.6406
178.809
118.494
83.6074
98.2551
126.292
159.71
94.0509
133.278
94.4578
87.7785
87.9264
106.502
73.1488
125.56
105.227
98.0991
123.481
77.5909
107.624
85.9751
82.0131
127.129
89.7397
172.719
110.099
102.089
107.7
105.361
108.393
101.109
116.643
102.412
125.777
111.473
89.6754
76.2077
88.0616
65.5001
118.014
63.0585
141.927
99.5367
104.167
112.341
103.178
142.176
95.1327
94.9095
125.038
97.0773
98.2564
123.718
87.4911
132.027
99.7393
124.912
155.34
93.9491
77.379
59.992
109.074
79.9416
125.826
242.203
82.773
94.8408
151.458
125.039
77.6261
106.675
125.727
121.158
180.707
129.612
124.77
112.47
84.4634
107.767
114.435
134.548
167.612
92.4407
147.291
135.213
137.894
156.596
143.437
108.228
214.037
64.7982
96.5199
147.172
107.385
141.888
99.9846
101.143
104.788
99.1786
99.0606
77.0145
88.9655
92.6145
59.1708
110.192
115.979
76.6873
111.752
80.3411
90.184
179.025
68.9846
75.2348
152.957
106.932
77.6691
90.3201
74.8847
80.4186
65.2867
140.11
104.623
94.3408
103.692
100.985
114.214
115.207
89.049
72.0765
114.87
192.868
107.713
172.189
99.0451
127.025
131.809
91.0199
109.241
101.916
118.304
133.618
114.235
83.5032
99.5139
92.9271
79.5576
155.582
83.8272
83.2775
91.1182
129.542
82.0427
65.0418
104.157
107.9
81.326
94.6024
147.173
93.6127
103.198
114.821
173.653
155.469
126.557
100.448
157.107
74.5859
154.596
118.828
105.457
115.831
182.477
67.3385
103.535
78.475
112.702
110.545
109.037
106.808
135.54
92.0085
136.748
101.447
114.966
129.635
133.623
121.843
94.7196
85.1723
80.4418
114.275
91.0562
138.765
83.2011
118.736
65.9079
136.666
123.471
132.874
111.343
126.874
142.793
98.336
92.6496
92.2008
78.9961
96.5218
140.204
104.885
138.658
126.161
138.983
78.0667
132.665
79.4687
91.6797
103.653
101.472
158.365
134.487
94.712
146.345
125.132
98.3706
94.9088
81.0145
100.979
94.5273
176.758
95.0838
105.136
75.2102
119.81
95.164
180.334
66.3669
178.134
163.301
137.083
54.7307
109.357
71.4297
80.3777
110.083
95.6873
175.265
164.764
104.554
195.18
80.4578
100.667
87.237
97.8782
139.593
96.2362
140.568
82.4958
107.472
131.166
118.831
96.2283
62.8447
78.6984
69.9967
96.9163
112.366
90.179
115.463
90.8497
113.821
137.542
116.833
117.947
75.5318
79.4343
78.118
73.2776
93.1669
83.8325
141.554
113.028
128.925
107.657
77.2439
128.121
129.975
91.4688
118.433
109.637
118.909
129.111
96.739
71.0503
144.399
112.778
211.562
108.842
69.4218
95.5638
90.6525
125.68
63.4665
102.72
118.355
97.2468
78.3901
113.002
175.375
79.9605
112.953
96.7017
53.0052
125.79
101.406
80.1825
78.9816
108.944
91.3716
110.037
104.319
116.357
176.449
97.8195
122.198
142.539
111.689
105.981
131.066
93.9905
87.0368
94.6221
98.5161
74.5047
119.268
95.4778
144.228
91.009
68.1636
102.906
122.701
138.446
160.076
114.234
53.6291
85.6308
107.262
97.835
124.006
103.348
114.374
174.52
109.964
80.4293
98.9754
128.883
107.253
105.249
97.0112
101.24
83.8116
162.775
111.789
76.242
136.491
56.0573
87.8368
151.354
170.965
97.7715
146.331
150.993
75.1343
155.39
142.41
96.746
81.4201
126.975
80.6719
87.7814
188.936
96.0821
94.4865
93.6265
174.585
118.143
190.802
81.413
144.75
132.597
98.2663
98.084
118.332
94.3823
123.925
94.7159
124.081
136.8
68.6914
98.4774
91.7216
116.335
155.017
82.0157
79.9277
69.3606
126.3
117.569
102.287
88.84
103.221
65.3273
99.1789
192.347
103.395
71.2819
110.782
188.731
68.5882
118.875
123.549
122.518
140.147
162.144
81.5992
78.1444
88.5637
117.1
117.419
70.3835
103.433
108.923
102.316
73.4146
73.9553
142.132
116.313
95.1757
121.304
85.3057
117.795
128.544
110.703
83.2672
134.41
97.3933
85.4624
79.487
89.7606
140.329
100.505
73.2399
114.786
124.544
95.0331
96.6945
123.288
206.154
105.388
108.793
117.065
122.734
84.1666
76.2134
145.526
125.911
191.614
114.203
130.133
148.761
104.677
130.033
89.6879
66.5462
69.8409
143.228
100.476
103.224
74.5144
132.504
138.976
145.212
146.151
93.4703
101.268
97.2249
94.4455
118.754
106.066
124.523
93.4846
108.795
133.007
88.2793
132.053
112.29
133.189
94.8011
105.111
117.015
91.1299
129.867
125.544
176.431
96.0295
139.264
114.764
154.956
87.9827
66.1576
161.987
110.844
111.925
108.581
97.8434
89.1179
91.7472
169.146
163.739
95.644
68.4416
165.131
115.377
125.367
84.7796
82.9753
77.9347
113.752
68.8364
67.8949
115.809
91.6439
89.1297
96.604
125.82
130.709
122.392
91.3584
77.0293
118.133
117.01
79.5176
129.479
105.829
86.3403
60.5287
110.855
88.316
147.438
109.903
171.695
62.5366
107.188
168.112
82.5789
81.1298
160.258
102.278
75.6202
141.938
142.051
93.2556
85.5725
90.0345
112.321
82.7555
96.8335
127.331
103.915
111.61
145.259
78.1784
108.844
147.563
136.233
132.959
157.6
134.235
129.157
126.062
101.403
111.867
71.4451
125.494
123.602
108.246
140.016
120.93
78.6311
110.092
126.613
221.851
137.625
77.4421
103.833
103.095
85.2327
62.4826
111.254
121.512
135.914
103.824
87.245
119.352
88.4361
112.187
124.362
133.187
118.293
146.413
74.3228
108.542
122.932
165.493
179.684
64.6283
84.8686
108.785
176.877
89.3083
114.112
81.8153
97.5837
97.8921
105.481
70.053
75.4951
100.79
85.0898
106.314
66.1977
117.943
138.18
112.493
90.5579
116.175
136.923
96.2847
159.311
60.5447
141.798
99.052
123.224
130.318
106.144
137.81
165.183
130.927
115.349
131.752
131.714
77.301
150.134
74.3826
119.847
93.7647
88.131
137.178
113.487
173.857
91.7481
124.807
94.6023
73.6192
155.138
91.1043
94.2034
87.53
114.613
90.8701
148.971
84.1157
154.771
102.038
61.1284
111.842
88.6754
92.1319
107.52
112.61
144.933
110.116
155.031
142.184
80.8764
106.277
129.133
157.055
85.0054
69.5446
139.035
79.2927
80.5672
168.852
111.614
91.5848
140.455
94.3317
103.886
87.5616
101.208
90.4905
97.484
98.2174
125.162
139.93
108.899
101.689
116.567
91.164
149.741
87.1258
184.736
68.4719
99.0811
95.2221
143.668
113.996
107.114
152.299
206.753
168.882
116.152
116.021
183.168
88.1414
88.3571
116.994
87.7883
118.048
115.887
145.261
122.757
170.717
142.742
97.8456
81.3078
82.3424
160.152
188.25
125.634
104.181
136.55
114.546
155.547
205.881
101.873
124.475
154.096
95.3074
72.3448
101.085
78.1491
64.1069
135.483
123.401
141.377
110.283
179.066
71.1886
103.433
86.4395
76.5881
116.192
166.702
85.4047
63.2004
115.823
95.523
142.809
70.1685
116.989
93.18
113.931
146.938
169.705
90.6984
170.118
139.733
71.5252
105.948
98.2718
69.0221
131.505
79.6905
96.7742
92.1226
68.9777
123.516
127.064
112.119
76.373
54.9441
123.234
133.79
135.865
95.2487
90.0059
100.174
89.9937
123.395
130.729
131.305
161.473
136.227
108.805
94.9069
105.099
149.608
77.8885
103.267
105.91
97.7095
84.7837
124.154
152.28
161.704
93.7723
157.923
94.1898
74.1859
76.5872
133.08
134.954
76.8637
100.903
119.154
150.63
101.48
120.527
103.009
118.771
126.28
84.5894
94.9019
96.8776
75.6303
76.3938
104.717
162.436
146.219
139.652
85.7491
158.135
140.082
71.8323
95.0619
80.3486
88.2413
76.4677
87.0843
103.015
56.9269
119.54
124.252
165.009
91.3896
113.296
87.7528
74.0341
122.197
71.8711
61.1585
128.567
85.8343
161.234
129.545
124.425
154.296
118.662
109.552
151.251
140.883
150.588
121.606
83.2092
85.4058
108.758
98.6692
77.081
111.936
91.8528
107.192
67.452
187.57
114.758
105.546
100.651
135.109
139.478
123.077
109.034
138.971
97.9342
108.89
101.908
77.3196
93.1056
121.195
163.04
130.493
105.417
87.4415
128.194
136.425
94.719
69.3579
110.912
68.5937
119.512
109.693
163.263
78.8256
127.97
111.615
141.58
103.827
114.778
72.4542
113.085
103.657
97.3971
91.0103
146.138
107.438
115.635
120.017
118.696
69.8543
84.7772
101.489
190.668
124.688
108.631
118.966
92.3042
78.8197
115.971
110.35
99.1975
132.11
91.9647
83.4286
124.08
135.224
163.582
97.5832
97.5756
149.266
116.995
117.908
85.4225
132.851
98.5304
126.033
112.694
116.38
141.788
107.841
102.478
104.045
79.9782
101.586
87.0785
67.0031
153.943
91.5462
115.229
114.332
133.436
100.085
107.831
104.739
81.739
128.609
121.484
139.219
98.6551
96.7872
135.212
110.681
122.112
119.425
100.561
98.6286
130.489
128.77
109.495
85.4805
83.3106
92.8892
95.2787
63.0971
118.782
120.497
95.2769
93.4017
90.6692
128.939
85.0153
65.137
137.912
94.6492
209.855
103.389
96.2376
70.0811
134.728
98.1331
115.698
158.264
100.106
175.327
110.12
101.934
108.555
117.118
126.804
115.634
127.504
144.125
110.341
146.306
86.7097
101.202
97.6989
112.641
107.974
123.245
94.4097
84.9814
99.4252
101.06
140.68
104.698
93.6368
100.825
126.073
139.551
143.484
94.988
143.246
105.478
89.6793
68.7479
90.5209
161.166
80.2328
97.0997
94.9296
89.8171
123.731
64.5704
104.186
102.896
126.081
83.6324
82.1497
176.864
89.886
97.6138
112.277
146.833
93.2591
144.641
141.685
131.753
147.775
108.01
57.99
95.8234
104.522
117.642
118.807
150.146
137.819
108.822
83.3559
151.795
76.3169
92.1698
120.253
100.744
93.4945
73.7801
108.345
96.8338
113.707
128.369
151.972
129.766
107.903
123.109
96.643
135.396
65.2654
116.388
116.613
79.3554
109.487
99.2505
81.0857
172.224
120.754
135.225
91.9618
173.743
104.866
112.872
66.655
70.9125
134.238
102.799
85.2782
137.939
87.3084
113.908
117.703
101.346
176.021
154.385
173.98
105.521
135.871
136.824
148.635
101.67
138.181
188.553
150.471
86.6286
102.993
116.732
126.743
101.33
86.6749
122.327
105.892
79.1343
91.9227
104.024
86.8963
88.9529
76.2547
191.275
144.266
101.09
92.1744
90.5761
63.6739
189.254
57.764
105.5
170.123
114.785
64.384
81.0485
127.402
67.2108
118.631
158.169
110.909
128.64
99.5156
120.692
114.089
119.457
122.136
102.758
88.2359
88.6615
130.176
52.3289
66.3037
59.5445
83.3767
132.567
134.369
126.737
219.125
131.81
104.851
100.083
63.2495
106.705
77.3029
73.425
131.337
152.922
78.3861
115.764
71.9856
164.242
115.679
98.6815
141.562
144.691
116.399
125.703
138.126
111.004
91.4597
92.4061
62.9902
141.639
142.02
74.3513
109.065
96.2503
90.7488
101.731
154.921
117.416
119.979
115.47
107.553
83.5318
89.6163
125.065
146.265
82.9762
134.315
112.697
103.235
107.091
137.504
93.5052
94.5463
79.2773
85.7068
131.52
98.189
99.857
160.6
121.518
101.379
134.176
86.8813
110.729
158.448
75.4621
126.585
90.6743
144.927
116.031
115.906
146.395
108.965
148.31
132.881
115.055
112.125
101.772
91.3043
127.876
85.8711
101.565
105.935
102.456
121.37
91.7701
94.8369
199.053
123.591
126.418
93.5831
86.5453
78.0021
100.751
92.156
74.8713
92.7543
64.1933
119.492
108.158
128.45
154.714
142.749
103.525
129.63
116.339
98.9423
167.771
109.148
110.305
100.252
80.5398
89.261
121.82
113.888
77.5524
77.6192
85.7103
99.2482
84.0831
77.8916
96.9269
85.1983
168.006
88.1834
80.998
114.478
71.9481
87.3406
118.368
112.648
86.2347
117.01
102.98
116.536
71.1591
59.6416
111.267
113.82
170.026
134.053
99.5158
77.016
79.1709
109.149
125.966
58.0674
106.884
78.6858
132.398
135.365
163.817
112.146
103.828
111.475
112.003
95.3241
99.9112
107.777
86.2364
107.355
95.9619
84.7663
100.298
150.344
147.804
76.994
139.955
84.2901
106.233
102.246
138.813
125.758
188.877
118.165
115.094
110.322
137.286
132.489
85.1636
76.9949
114.214
104.924
90.628
91.297
150.531
85.5931
100.752
77.6642
110.798
128.184
116.28
98.7259
117.492
105.491
190
111.758
95.9686
94.1145
104.265
150.976
99.2802
135.663
86.8207
166.106
125.551
121.854
87.8829
83.7272
113.469
95.8039
106.835
87.6196
103.769
107.565
110.462
100.877
60.5505
131.171
96.5389
183.959
157.849
102.276
109.68
87.3658
116.524
96.57
127.99
98.0773
108.568
100.839
149.825
121.735
86.5314
112.501
71.5438
89.8205
174.836
158.509
100.005
143.379
109.067
102.458
94.9983
92.2339
93.7515
77.2215
87.9125
149.92
131.554
80.6989
86.1912
97.6223
138.734
106.973
143.773
86.5972
134.576
123.705
92.4745
139.997
94.7935
101.149
109.625
235.325
100.486
119.499
79.2481
90.7447
136.468
170.245
123.848
145.297
136.581
102.658
113.571
68.6357
117.843
100.566
110.202
82.7608
99.3019
92.1263
96.324
76.3754
79.8047
73.7596
85.4775
99.5748
133.974
139.252
117.974
76.7503
102.771
114.718
121.577
134.167
83.2633
123.859
156.282
102.528
124.933
114.619
121.466
100.501
95.3093
145.502
134.422
139.256
101.237
119.947
74.1558
65.8159
64.3057
61.9473
110.155
91.0587
113.888
93.0679
125.311
91.2391
79.2135
70.631
124.966
97.7085
78.286
105.462
160.637
145.245
130.923
144.657
90.0315
130.102
108.013
96.122
142.958
101.306
100.787
97.6438
142.192
139.811
131.908
92.5036
95.0631
115.625
96.3616
119.807
148.519
161.733
104.184
110.989
87.5689
82.6688
99.847
197.046
127.615
108.457
122.922
92.5937
141.528
104.084
92.7098
113.613
106.369
142.843
106.297
128.158
112.486
110.925
97.2887
136.719
127.526
103.195
107.816
138.483
76.6378
110.789
114.202
145.212
97.9806
110.02
151.136
47.6631
87.0988
152.259
90.5444
101.889
142.572
109.73
138.851
100.816
108.406
99.1624
103.975
98.5543
95.4585
123.362
125.926
133.458
138.042
86.0706
107.607
81.6846
146.981
92.3771
137.54
148.487
99.9266
135.671
68.9582
121.024
122.677
78.3603
152.349
128.758
81.7618
83.2482
86.8142
137.268
118.347
85.8484
127.542
169.01
93.0713
101.929
110.95
123.78
130.207
172.853
104.028
164.67
78.3617
83.2426
101.093
94.4525
73.0208
152.387
148.501
97.4653
77.7781
70.1505
99.8302
100.867
99.2821
96.1944
101.334
80.874
81.8758
105.96
130.997
116.855
101.107
92.742
107.538
70.2467
83.8853
113.34
104.186
172.142
100.518
123.842
113.565
65.0718
94.2068
94.799
162.167
122.689
78.0064
101.177
115.001
109.91
83.7216
73.7299
117.11
93.7601
106.107
105.905
182.762
122.38
86.4958
122.073
61.3235
144.798
123.158
87.6263
206.712
70.8715
101.844
102.872
100.903
82.0438
136.747
143.288
77.0372
120.052
136.541
92.3661
140.713
74.845
167.209
92.6679
112.877
136.419
133.713
86.3001
185.395
184.537
100.847
195.715
145.726
84.6929
145.639
74.0273
103.033
130.329
102.247
96.5951
85.6108
105.033
118.617
94.8092
112.602
88.3297
102.221
83.08
91.0783
150.929
181.003
97.6032
174.474
119.791
99.8164
101.487
76.0982
149.506
157.602
176.004
111.129
126.433
153.554
115.382
94.4267
162.621
132.105
71.5131
128.179
133.896
115.978
138.368
107.178
101.193
99.7906
83.2042
102.111
163.269
99.3495
119.885
173.598
56.1284
114.43
102.086
118.127
171.438
133.541
161.535
133.131
110.492
101.658
144.805
76.9658
92.0356
88.0846
108.235
166.158
114.557
79.332
109.358
132.928
81.8025
105.141
105.532
130.701
130.506
83.5291
126.652
148.128
145.246
146.096
98.8434
126.424
134.979
115.785
110.899
75.3235
76.4948
88.4086
129.369
93.184
147.437
94.3728
70.0898
86.2043
153.802
119.281
88.8395
112.052
89.6074
77.5607
65.602
161.012
93.2788
121.168
91.8918
150.548
111.309
120.084
88.077
71.833
112.374
104.679
146.722
77.0149
56.426
85.5022
139.873
125.116
88.0302
75.5401
108.307
164.046
105.202
96.404
134.525
125.974
111.342
109.759
128.032
102.532
166.028
198.702
144.947
125.198
87.0142
106.567
143.488
79.5219
120.254
149.238
119.721
144.488
150.941
117.096
144.822
77.3078
79.8559
79.982
99.7701
83.0268
74.988
94.5216
88.7438
99.1212
115.577
158.168
62.0723
143.354
133.636
78.0801
81.7943
103.546
125.133
232.971
145.98
114.93
167.009
97.0526
90.28
72.2939
112.741
86.9528
91.774
99.2097
90.3875
91.8268
111.53
110.844
115.117
77.9936
78.8596
145.614
116.826
73.74
134.599
140.17
139.968
105.32
65.965
128.221
124.775
160.168
124.339
167.913
100.89
81.702
104.762
85.3774
99.5015
84.4467
84.3273
85.5624
79.3372
115.556
160.486
72.2603
112.484
126.616
113.501
166.149
120.058
72.9504
179.387
73.3417
99.2465
64.801
111.365
110.433
83.6695
97.3793
122.145
94.6256
80.6482
129.054
120.51
110.735
85.2902
92.3226
90.5877
129.691
132.881
120.427
122.396
101.815
77.5759
98.2136
95.8101
174.196
118.882
113.441
146.63
114.167
116.006
131.921
106.883
81.0455
117.885
72.9758
146.895
68.8998
146.607
117.204
89.2043
119.399
99.6182
117.176
132.917
113.254
130.628
78.4057
136.742
115.299
186.87
87.0534
141.939
165.562
134.642
132.799
105.138
78.0949
58.5893
103.588
88.8428
117.998
128.629
82.8517
97.6928
145.583
151.306
94.3782
139.479
105.884
131.515
108.282
107.049
143.703
69.9477
115.726
139.16
142.106
194.896
112.487
192.904
73.6651
129.313
100.319
179.485
122.725
87.4684
123.523
143.729
141.047
126.77
110.696
89.2806
89.0056
77.7718
110.622
133.526
73.7876
123.415
83.6102
92.6773
140.387
75.222
95.6231
124.858
112.321
81.4372
118.379
147.027
139.62
135.363
125.126
91.7143
107.928
108.741
97.6159
101.942
135.357
130.516
67.9568
141.788
103.473
129.6
102.663
109.362
90.3717
153.304
113.731
57.1872
116.151
68.4979
93.3588
142.885
67.0586
120.495
129.833
126.383
66.6238
134.982
128.827
93.035
114.999
184.675
109.899
116.792
97.9657
87.1488
124.79
87.2624
101.397
107.79
94.7226
94.1405
114.583
104.594
112.633
87.2937
96.0572
145.16
69.6181
165.064
68.9727
118.817
124.572
101.593
69.9751
105.549
99.2002
111.589
127.05
111.572
115.126
102.731
104.303
100.66
139.866
89.5829
83.634
118.339
86.1306
86.2505
100.929
136.072
126.394
116.571
132.056
129.093
166.216
138.298
95.369
114.447
121.252
108.106
150.237
142.514
90.6369
153.903
104.234
79.2511
106.162
80.0109
85.5018
127.981
172.707
114.467
128.341
140.731
88.1189
100.304
118.257
85.6626
134.58
125.775
183.636
106.171
79.5878
113.369
90.2166
119.594
149.366
130.757
76.5807
78.3629
93.2544
109.881
122.172
63.5753
102.219
105.344
175.105
82.0064
148.803
80.1167
127.339
173.166
79.0034
81.4541
85.6165
57.6809
160.475
79.3329
105.6
109.097
95.8338
87.2207
83.6392
111.166
79.7251
93.666
104.246
77.0387
92.4773
151.054
140.589
116.736
157.862
80.8053
155.93
105.162
153.789
70.6537
94.1379
104.248
97.6058
97.9751
126.409
95.0866
84.0611
105.528
92.7748
118.563
106.795
131.756
91.7648
125.632
63.992
72.0687
91.028
102.148
104.778
80.4023
102.891
95.6708
95.6903
78.4403
95.041
160.149
144.629
84.8804
126.824
164.614
115.926
111.025
95.8687
89.3519
92.3678
200.133
133.276
89.4119
79.7555
112.564
114.437
123.961
154.937
99.4282
156.376
112.359
96.2068
147.398
179.336
111.119
64.4623
112.658
103.712
73.3999
65.0838
129.766
102.529
120.523
136.112
128.571
84.8972
52.8427
81.1561
100.441
107.243
90.9184
108.929
113.114
107.923
89.2409
132.64
86.711
89.8651
210.594
86.8071
85.3906
121.192
88.2032
157.033
89.5377
113.56
87.864
92.4971
89.1605
129.381
136.588
98.5212
105.991
175.793
113.157
89.9237
99.2013
80.0982
141.261
81.7843
111.735
127.793
57.76
111.459
95.0002
127.372
77.5026
118.787
126.42
94.7267
108.214
121.491
124.419
127.575
87.5399
102.662
109.802
70.0848
164.741
94.9269
72.2696
80.0293
68.4967
122.825
83.4438
179.876
108.971
126.648
77.2923
98.6394
92.9288
115.039
68.8155
147.373
151.514
135.262
121.144
112.935
100.307
100.561
64.9335
80.3248
88.5729
148.707
125.938
121.656
96.1509
105.403
101.58
119.813
97.636
115.976
91.1377
96.7124
125.9
130.117
103.32
139.146
119.525
82.7847
79.0075
103.857
129.468
89.8861
81.3479
154.174
117.228
83.7695
108.787
81.6388
76.7554
168.285
83.9259
107.193
94.6619
116.701
128.164
152.096
108.374
106.685
109.984
74.0748
73.7849
81.5485
123.707
115.915
112.549
154.098
68.5479
116.408
96.2091
126.33
97.7374
101.922
114.689
99.5434
91.8456
164.625
76.8466
108.387
55.1343
114.64
93.5896
88.9006
152.82
121.169
98.6958
158.538
87.1137
88.908
107.868
92.4708
199.289
92.5139
75.068
83.0402
101.366
190.404
78.4295
111.49
123.342
156.306
97.3666
127.313
87.6073
142.725
73.1112
143.44
114.687
83.4721
100.877
131.226
91.9837
167.149
110.758
74.6731
97.5689
117.375
97.4917
134.285
91.0586
65.4808
153.628
104.077
96.3518
88.0199
97.3115
153.002
78.8288
117.057
138.095
67.5727
92.4841
158.073
141.252
75.6853
112.479
109.029
130.02
122.075
135.251
103.475
110.903
105.97
122.736
101.851
114.977
97.3094
133.529
161.323
120.889
133.685
131.466
95.731
91.5928
106.114
93.2898
99.2034
108.838
107.89
106.023
128.487
108.209
138.193
93.3369
83.2564
96.4753
127.734
87.1346
86.3182
78.3116
69.2583
169.517
87.778
86.5057
111.51
115.059
136.239
109.603
102.683
139.701
170.697
107.001
141.513
43.9744
111.204
86.4533
140.395
106.381
146.386
198.552
92.4181
108.475
114.458
173.392
110.677
71.7557
99.4021
83.8066
91.0498
158.041
87.144
158.011
135.334
95.6478
109.592
92.8102
120.233
117.317
103.139
116.131
91.064
92.3335
150.28
82.2098
115.89
78.4342
94.5623
94.9054
122.219
97.828
103.707
117.083
95.6986
93.0184
162.358
84.9943
140.57
146.623
52.0109
116.63
74.2446
61.9485
92.7487
193.481
99.5133
86.5036
86.6993
109.665
158.192
112.01
146.961
103.689
152.377
84.2025
162.565
115.506
112.894
78.4379
112.424
114.324
87.9678
164.536
141.449
117.263
142.552
80.9436
112.877
112.231
138.546
97.8491
114.063
108.534
107.165
156.445
126.199
65.9487
119.599
139.332
89.7863
150.369
150.208
103.9
57.6737
91.4144
118.546
94.6679
91.8663
75.8003
66.3852
103.198
90.7558
83.3502
100.319
106.516
164.78
82.0499
160.837
104.81
121.031
95.9815
110.997
128.412
101.531
109.046
161.354
143.628
113.568
71.4228
188.279
95.9566
126.419
123.579
139.601
109.634
88.5759
158.296
54.4238
94.1019
60.1516
63.2151
167.243
220.078
120.082
118.674
78.5891
87.7793
108.678
75.8993
99.7407
119.619
137.001
84.3269
113.524
76.2127
108.148
144.858
121.255
165.597
144.446
133.194
123.195
106.048
93.7362
111.118
69.2731
91.065
86.0797
124.129
74.9748
122.749
114.388
156.801
117.97
100.075
128.061
104.387
83.8277
96.8189
131.677
71.1681
127.924
117.306
126.254
139.555
65.6953
84.9231
153.545
99.0225
101.718
79.4956
82.7734
116.045
187.318
117.272
83.8166
114.584
119.263
79.0059
109.042
128.854
94.8871
197.438
71.6492
181.744
94.4322
75.2732
100.567
139.922
109.24
103.236
101.268
91.0785
79.2086
64.8112
64.5196
128.611
155.455
93.026
139.845
58.285
115.99
116.835
71.7327
125.18
131.872
97.1119
88.6057
84.474
131.536
124.024
75.1543
54.3138
65.6977
114.742
85.8332
77.906
129.278
220.092
104.911
97.5669
78.876
81.7839
178.316
149.772
97.6272
88.9046
114.187
162.698
93.8067
126.913
95.5241
104.055
116.539
115.017
124.211
84.602
78.9881
116.673
93.6822
126.154
165.998
169.11
97.1117
128.665
88.1456
112.101
91.2664
150.851
161.517
87.8375
110.604
154.552
131.13
123.283
152.466
98.8969
53.7941
97.4688
137.288
92.9525
147.941
133.956
105.74
90.3451
124.021
89.9666
118.2
89.517
130.452
83.8579
78.7535
63.9752
123.427
94.6038
82.966
127.935
107.049
104.326
151.901
103.62
192.455
108.058
75.3166
96.3187
108.106
108.489
127.936
92.2406
162.095
115.816
81.3738
71.9143
154.438
100.99
71.783
102.416
73.4219
87.6435
174.628
143.259
114.325
78.5686
100.874
124.35
121.899
94.0952
112.973
96.4237
71.5278
56.2532
95.1209
139.386
76.4064
92.3149
167.462
112.574
100.627
125.408
106.692
78.0334
131.553
84.8543
189.472
96.8496
89.6291
127.285
78.1831
102.09
82.4543
133.63
114.644
93.4317
53.7269
127.645
74.6262
166.463
129.219
145.81
90.9525
100.869
108.79
148.077
75.6834
145.967
113.646
135.04
112.396
130.388
122.036
110.725
95.7882
121.46
113.581
116.311
89.32
83.847
170.662
81.0901
84.5787
95.8973
96.624
78.9896
100.473
126.327
107.111
127.756
127.251
125.37
68.4166
101.547
110.692
91.3459
108.211
91.8692
95.8387
88.3029
122.701
80.6717
99.0979
108.09
158.557
122.19
88.9013
132.478
137.665
80.3159
155.865
104.843
91.1206
127.173
103.041
94.1731
95.4423
71.5474
156.692
102.185
96.2601
92.5091
146.439
110.953
114.821
152.603
126.975
76.9072
103.838
134.412
66.9139
70.8034
86.027
82.2571
112.488
93.8831
60.3734
126.116
164.918
77.9728
85.2176
169.12
116.552
93.9618
77.123
114.646
151.276
128.875
141.094
127.307
99.203
119.405
114.662
137.643
146.34
69.3034
129.686
110.245
168.282
75.8058
81.3507
113.254
95.2623
74.8457
114.34
68.0501
91.11
123.466
85.8532
112.709
169.811
149.191
86.061
74.4284
105.778
106.063
88.1122
129.677
93.5681
231.881
109.243
107.92
188.894
170.891
154.641
145.52
77.7872
110.676
80.5937
133.527
144.813
143.69
113.026
166.159
68.5162
125.847
119.655
142.121
146.678
128.113
94.3363
118.054
134.476
182.137
97.5199
180.647
120.16
92.0596
133.389
111.508
141.144
98.0251
100.109
125.174
103.843
102.094
57.1514
123.608
81.393
66.9655
96.7552
91.2785
114.454
69.2205
107.056
91.3458
127.094
132.582
117.159
184.977
132.957
110.998
145.585
94.1738
97.8925
136.147
92.7635
136.112
80.0555
92.9554
100.24
111.929
74.0605
113.643
153.558
135.38
111.505
108.197
125.754
132.223
136.426
107.529
122.815
99.3553
100.352
172.354
72.3497
89.9142
95.9259
173.605
85.4473
107.408
100.284
135.359
122.866
96.9166
107.398
141.884
74.1989
114.008
149.085
119.549
118.954
95.5592
112.001
92.0937
130.757
89.4573
95.268
181.879
128.857
94.3396
141.135
117.332
99.7639
80.1758
77.815
89.7031
103.151
84.9017
101.034
100.721
154.406
168.034
78.9171
121.234
115.707
74.8193
97.2197
87.1222
68.0751
121.788
149.191
97.2336
128.901
95.0049
123.948
122.952
90.2901
100.659
122.749
142.19
85.3583
143.383
105.606
89.6655
130.021
98.5155
118.966
112.987
116.014
98.1433
100.641
78.3671
95.5936
125.707
97.9904
77.777
118.619
127.615
105.936
106.358
115.279
159.797
132.762
100.719
102.221
90.7763
134.578
110.453
136.029
137.254
104.68
74.3443
84.2392
155.378
82.2747
74.8588
77.6185
122.73
172.541
112.869
167.023
154.554
134.626
187.556
101.296
106.824
91.0078
119.449
95.0624
92.5546
79.9216
97.6672
87.2168
128.526
99.6138
139.984
114.88
97.6131
85.623
120.966
100.757
122.546
66.9196
81.6523
153.997
130.44
148.786
130.425
110.856
96.2027
126.927
90.3506
73.4416
92.1498
95.9485
121.198
73.8349
138.256
54.7124
97.5898
98.3792
79.8653
85.859
105.962
101.078
105.172
101.303
100.927
101.765
104.754
79.956
81.6231
105.341
68.0634
112.069
142.048
192.429
96.7773
155.365
125.116
81.6348
100.169
112.062
105.314
79.8949
100.429
121.798
81.6307
151.627
102.401
121.593
66.7596
120.041
134.089
132.906
72.2742
60.5888
105.381
175.588
93.6561
95.1544
92.7186
152.41
108.423
85.3395
130.402
122.498
122.907
91.9978
109.637
140.388
77.4074
149.751
95.6178
180.269
91.2312
74.8976
85.2364
112.561
59.6713
105.826
99.1602
113.33
52.5419
124.496
111.857
135.146
85.6037
86.0363
98.0467
114.311
178.641
106.22
99.3964
114.175
135.525
77.1821
115.105
175.191
118.298
143.968
73.3509
112.464
85.8003
111.597
142.079
93.0327
94.2421
116.695
121.278
120.976
128.755
71.8293
106.217
122.608
90.361
132.155
105.3
141.086
102.046
88.3316
143.001
99.126
118.17
111.061
100.912
117.969
121.847
111.507
75.1333
108.384
146.376
78.1797
158.648
85.0815
109.807
85.3649
74.6238
114.238
79.7105
85.859
134.655
111.618
117.367
117.539
110.969
83.0494
79.1522
91.0811
140.776
98.7619
87.6878
82.6514
87.184
89.144
68.9178
139.224
103.043
92.7266
99.1479
102.277
149.083
104.373
180.677
99.6847
81.4375
115.007
82.2384
95.0912
107.566
110.44
129.131
90.069
89.7
99.7562
101.943
145.379
120.612
60.9299
163.285
130.682
104.216
97.8938
96.5359
148.334
134.68
60.7067
80.8296
92.2476
97.4739
121.09
134.424
68.4514
100.84
118.511
105.031
103.614
146.259
126.021
127.988
66.436
87.0813
80.4827
108.054
91.5214
80.9596
246.643
127.452
127.97
90.7725
173.386
79.4424
119.066
89.5011
144.291
172.786
154.268
85.241
91.3308
78.1073
142.361
124.958
106.094
86.0515
83.0593
86.4847
118.724
107.722
120.225
98.1207
100.536
99.0681
147.006
117.576
248.354
112.332
133.041
129.119
97.5996
126.178
89.5429
63.1178
122.412
137.174
101.388
146.34
129.703
107.004
86.1362
113.29
114.56
107.721
99.8147
78.9953
223.985
137.899
69.4828
137.757
93.4755
103.176
172.783
96.385
86.0841
81.1943
161.243
103.097
82.8774
118.038
73.6702
120.818
68.2525
91.6869
147.859
98.2989
91.0412
107.908
143.325
103.832
73.1514
100.203
80.1421
103.734
104.183
92.1058
84.9147
101.265
81.6399
121.657
96.9648
133.519
70.9554
107.107
119.078
92.6628
93.6222
111.549
135.777
93.5946
129.549
80.8539
101.336
120.715
91.0172
63.3624
143.673
228.382
123.259
126.976
147.647
140.46
126.126
100.214
128.723
82.4095
137.351
84.8019
81.7769
158.88
91.2801
107.804
126.093
103.533
135.005
96.6152
84.0159
108.349
119.149
108.406
80.9296
90.9387
106.369
122.377
122.771
83.9987
99.0505
103.5
68.9123
103.972
110.726
113.61
101.973
124.969
92.3785
97.3202
116.45
100.422
103.018
95.0239
78.2128
174.493
126.22
121.972
100.048
120.531
128.897
68.7216
53.3569
126.075
106.316
122.723
154.937
113.816
103.219
198.331
139.673
152.224
104.889
147.097
121.018
92.8596
131.755
117.879
82.005
150.004
117.93
148.383
77.9534
97.9891
79.2308
119.083
90.3994
133.348
122.362
67.9096
87.9914
142.083
74.1218
136.753
98.4829
68.2467
104.738
193.933
109.342
146.64
132.378
124.851
110.954
49.9739
84.8853
77.4327
94.4024
177.572
100.811
109.331
80.619
83.8132
144.794
63.1464
103.322
110.421
98.7943
137.396
129.078
153.706
106.53
153.815
78.4792
110.274
91.3127
165.199
99.0615
120.809
161.713
110.365
118.619
127.204
119.977
101.069
105.252
122.822
138.984
118.52
84.8757
109.725
109.41
96.4999
165.475
132.677
80.1487
121.524
107.762
132.205
99.4228
108.507
119.326
82.7293
127.275
98.6274
76.7112
142.324
72.4886
77.5558
109.889
124.853
124.683
80.4623
119.508
71.1882
83.93
126.421
128.371
154.466
98.471
68.3375
56.1223
112.834
86.1454
126.079
88.4373
97.8867
108.611
131.887
91.4683
63.609
96.0799
92.5465
96.2418
123.399
137.989
132.957
210.661
73.121
96.9307
102.11
81.6947
105.526
92.4661
102.151
87.5796
113.489
97.205
88.9206
98.1239
68.082
119.653
115.372
135.111
115.467
124.092
132.825
92.7112
169.818
111.284
111.391
109.065
152.585
146.078
112.699
96.0951
128.519
138.705
91.6828
115.513
91.1584
81.9531
86.7966
92.3426
181.976
80.6949
89.5422
83.2155
138.339
138.959
64.1802
109.565
131.294
131.14
88.6165
130.426
147.48
128.458
83.433
140.929
106.216
95.7501
72.3356
113.234
114.345
63.1175
148.061
104.182
132.113
126.907
102.153
152.383
94.6016
79.9209
122.024
103.609
116.519
108.08
76.9763
135.865
123.772
95.9456
103.389
88.9247
127.773
98.8262
109.654
82.4225
152.178
91.5349
122.35
93.3967
104.611
71.6967
97.3175
145.626
100.357
144.926
104.051
99.7882
65.743
113.615
100.024
94.8766
80.9342
106.159
162.098
97.6138
78.8346
98.6088
114.862
92.3373
89.4096
102.09
110.926
236.516
101.514
124.045
82.0519
83.2039
90.9432
87.6315
102.577
87.6514
112.904
89.5116
95.3835
86.3839
92.2356
128.174
109.721
89.457
80.8052
117.665
95.8972
85.7348
89.8358
126.711
113.795
113.759
69.3283
99.4843
98.4091
98.3511
120.059
108.875
112.524
123.982
118.71
102.628
165.164
129.745
147.788
76.879
63.9959
141.429
119.639
158.175
115.676
125.995
108.555
108.475
93.9335
173.779
94.2489
106.623
134.387
91.1949
208.373
119.68
136.874
82.6796
128.799
88.8277
104.921
100.735
84.7057
97.7996
130.964
78.0503
168.959
111.047
81.3651
116.823
129.718
122.701
115.105
116.096
163.467
138.907
150.443
120.794
96.4489
82.8294
95.8856
101.58
108.54
146.769
101.752
91.4354
151.861
86.0327
110.48
38.0729
125.894
131.565
81.0538
90.4786
79.1288
99.1465
126.962
138.15
87.4174
133.998
94.9999
175.804
124.87
146.934
92.2127
98.7568
194.668
138.836
130.526
112.415
108.944
100.726
61.6677
171.503
91.533
93.1847
83.7452
135.343
165.791
120.517
115.342
125.311
73.982
108.629
152.233
161.549
100.133
141.833
97.1262
153.126
104.208
134.776
82.8611
122.202
111.759
136.823
70.6948
98.5996
71.0098
78.6851
141.678
199.234
121.551
103.417
105.746
119.349
90.7403
124.63
128.903
139.117
139.247
162.516
158.513
179.713
171.032
113.662
88.09
100.245
121.382
112.671
70.9896
108.273
72.9454
102.333
82.1793
127.876
170.427
138.895
98.3657
90.9063
138.925
146.177
129.383
118.938
62.0746
134.877
157.498
94.9927
165.922
122.362
86.2145
82.8269
96.6815
95.2715
115.466
102.398
146.021
79.1893
150.632
177.24
125.876
98.3397
100.293
96.7439
104.605
148.618
154.443
165.091
81.4923
136.649
77.9214
104.498
110.51
91.8243
99.036
128.262
118.539
108.081
113.472
78.2913
120.826
59.2914
113.242
70.4819
105.923
131.154
73.0143
98.8578
128.935
105.916
107.259
88.5189
135.74
95.421
103.005
104.842
86.1982
67.0004
120.082
79.1072
126.855
98.3268
146.772
78.8809
119.243
97.9276
133.695
85.683
122.383
96.1418
119.441
97.8961
197.009
91.159
122.374
132.661
105.846
96.8505
169.691
118.354
82.0816
133.313
108.095
134.398
132.548
104.053
173.451
92.3627
93.0706
108.555
119.984
128.14
94.6907
78.6554
120.021
126.722
147.338
124.576
136.64
134.583
128.674
137.966
64.1611
93.5388
94.6918
97.1486
104.576
120.253
130.218
123.842
72.3264
113.394
89.0713
61.805
108.239
107.124
148.553
60.9968
60.8327
70.9892
111.393
103.432
132.987
126.474
83.2007
116.334
54.9632
95.1058
124.937
95.7245
100.942
90.8455
179.816
86.8086
116.87
103.487
87.6673
110.374
136.298
150.756
126.009
91.6276
128.554
138.129
103.01
165.199
158.038
99.6485
99.166
124.992
192.147
89.9795
107.53
114.285
96.5095
121.502
95.8476
92.0542
66.7975
109.399
99.2862
124.224
154.567
83.8954
108.991
77.1628
90.6586
80.6972
85.2116
69.632
138.044
114.688
116.158
119.09
94.5405
117.724
78.9741
89.7559
108.097
92.5657
89.1625
110.358
132.448
83.2168
142.524
133.483
74.4615
111.158
130.457
81.8871
98.004
116.64
49.9551
129.778
112.009
131.175
84.0078
107.986
129.043
71.8369
171.37
110.561
89.9949
106.829
116.206
86.254
63.0102
86.285
107.421
111.942
121.038
99.9389
102.636
79.5942
90.5479
107.916
114.282
87.9688
93.479
105.969
111.657
127.474
99.3885
102.098
90.3103
123.086
100.797
112.634
77.3429
136.503
118.725
107.298
111.893
69.4413
116.922
120.59
92.7102
79.9435
65.4748
150.425
134.163
68.0274
150.423
133.051
96.7991
160.193
106.832
186.751
76.0367
114.528
115.223
88.9595
94.4717
102.961
113.691
102.51
78.7853
119.292
105.82
103.504
116.444
130.143
107.322
91.6516
191.803
98.3591
75.6677
111.666
129.421
113.991
80.4493
90.2887
197.289
76.9079
127.249
91.0443
140.898
149.898
101.366
154.055
116.13
107.943
110.185
98.001
109.135
102.07
132.841
90.2537
74.3583
104.843
121.019
129.781
129.528
81.9799
86.1769
88.7766
125.698
87.7674
67.1652
86.5666
104.283
94.2588
146.94
103.604
102.921
122.331
123.828
116.448
80.6491
82.0941
72.7067
129.241
111.526
91.7326
64.5746
101.701
132.309
82.0224
78.5706
148.561
85.7187
92.855
117.878
123.482
155.504
97.6466
99.9799
79.7761
110.449
68.2654
126.154
88.5706
208.663
62.7073
161.989
111.825
136.003
89.8779
113.067
110.046
195.966
119.417
79.7614
73.9365
149.876
75.0165
215.241
71.9371
90.1028
58.2355
79.6486
92.8844
121.52
107.246
98.2491
102.772
129.708
103.046
100.717
97.6802
117.785
120.284
89.9388
135.467
71.1836
86.4741
97.5845
98.1001
112.871
114.731
124.953
129.274
124.034
95.7947
111.783
60.0911
127.192
77.5043
106.823
111.423
102.057
130.675
133.155
95.1106
106.402
108.41
94.2173
107.659
166.919
105.683
116.287
77.5444
119.531
103.498
131.8
76.9571
96.6946
105.63
107.378
88.3569
89.5611
155.707
119.029
112.466
74.7649
99.8334
115.834
112.254
100.038
106.108
93.8516
124.157
80.6584
94.3295
142.91
76.6256
106.308
117.238
85.0132
97.4614
118.083
121.032
106.048
89.932
133.838
163.5
130.834
132.349
77.1987
109.268
90.5091
91.208
95.2601
129.575
85.9019
108.58
77.3105
130.711
118.522
67.865
155.284
85.9567
139.905
97.2066
95.1617
87.8784
79.2324
138.712
108.302
140.986
155.89
154.542
99.3689
70.4594
93.8182
89.3788
79.7455
180.488
90.2018
108.186
92.5121
100.892
83.7109
112.173
108.515
80.6705
94.255
89.5082
81.0901
106.317
153.968
130.024
122.845
65.6747
117.913
120.468
104.9
93.6406
124.333
75.3645
96.5915
151.438
90.2038
204.743
119.381
146.829
135.062
123.41
86.4921
75.7693
121.44
114.715
121.307
114.251
78.1655
80.8359
82.9815
70.1372
116.202
76.8038
107.896
99.3849
99.3478
154.077
134.446
136.527
90.7407
138.625
101.856
86.7938
77.493
174.779
91.6721
93.5973
109.979
105.169
82.269
105.069
77.8291
82.5774
116.709
190.595
83.8734
107.842
124.247
144.693
93.5887
97.5749
153.927
125.15
81.6205
109.937
96.8969
131.105
75.1136
103.345
83.1589
94.141
113.016
99.7206
113.89
155.863
113.852
96.138
72.8796
126.785
72.0421
94.2838
119.049
111.763
215.118
47.3073
99.8354
113.623
127.521
111.411
92.3579
123.184
96.7925
149.726
110.713
140.094
112.387
74.1298
101.722
108.847
132.355
91.6198
90.1716
105.851
113.815
170.411
130.3
84.9352
138.218
86.384
193.13
126.994
114.633
108.636
89.4898
96.2861
136.472
74.2979
101.822
181.894
110.175
99.1934
159.61
123.934
150.863
76.4771
66.7614
130.562
98.7092
99.3103
81.5617
136.951
171.644
90.9514
128.085
97.5508
105.334
133.563
149.041
113.422
85.3632
100.957
169.48
177.945
88.4958
90.553
136.135
88.2454
96.6782
113.887
145.956
65.7325
106.506
101.819
119.976
144.209
130.277
82.6234
102.008
134.666
72.1623
125.772
90.2934
110.219
67.9119
120.224
98.5465
92.8613
127.915
127.145
80.4301
142.5
99.0846
141.584
127.545
133.248
64.7651
105.136
116.052
90.6906
145.418
104.46
134.669
97.9929
102.294
128.129
108.941
154.302
164.003
104.75
96.2508
107.507
174.974
104.379
134.364
50.6189
91.1551
148.563
94.4501
66.8894
149.478
78.5312
143.312
195.337
112.97
99.5339
117.317
131.458
124.612
93.3037
105.209
172.99
111.724
129.229
99.8679
104.365
108.58
113.683
107.671
90.4569
105.617
90.623
77.8427
102.547
97.5657
126.442
192.791
136.958
87.6375
186.707
133.275
101.558
97.0159
83.2674
83.0151
117.518
85.8363
97.8451
85.1096
138.333
96.9413
98.1545
78.4524
116.043
122.21
85.0591
93.4683
79.9968
117.796
101.895
68.7859
98.3671
83.926
122.242
103.822
137.405
100.434
109.754
100.108
87.0407
79.9123
88.7168
154.906
111.134
94.0672
178.188
103.658
110.63
111.05
107.554
80.3763
108.131
97.3281
106.798
80.3785
96.1627
109.426
93.0632
92.5268
72.9185
70.1427
127.173
109.652
79.9532
156.007
101.749
70.8337
132.059
113.964
60.9894
125.235
99.9058
79.3179
192.508
118.297
108.906
114.268
99.5347
142.586
141.864
87.7379
89.0521
105.959
69.567
112.522
118.695
133.413
105.195
99.3152
82.2814
84.0191
111.237
122.54
121.415
114.201
85.241
108.578
95.8596
166.335
83.201
71.5347
113.889
121.918
102.38
105.101
123.639
111.531
81.5066
138.399
103.426
80.9359
76.4209
134.97
137.983
57.5566
111.152
89.4466
88.6757
64.784
184.504
105.691
62.9306
129.219
153.173
86.3952
80.3858
153.624
78.7013
76.175
102.756
107.199
123.491
75.6837
111.92
152.9
107.922
155.276
96.2512
132.952
86.0999
110.149
83.2665
109.906
82.0225
133.09
63.1315
96.3086
111.48
92.3262
182.116
126.039
113.145
110.238
89.4077
87.7592
49.4346
94.0017
114.016
83.6441
90.4202
88.2467
76.7964
96.8284
64.7405
80.2966
97.5726
75.2294
150.803
106.371
143.248
101.03
73.4092
169.77
160.811
130.269
115.167
54.5382
134.286
67.6181
93.0635
75.4461
121.621
102.388
107.535
76.096
278.288
90.8928
140.994
77.5869
92.5084
132.542
77.9451
124.349
130.286
78.0858
124.118
96.1793
78.3449
82.556
112.61
96.4759
89.144
123.114
110.397
84.7622
179.48
89.5514
69.1149
68.0636
89.9561
103.728
79.3741
98.2557
120.141
113.401
114.442
90.0782
72.3781
98.9948
116.088
119.817
76.952
71.8871
81.9855
71.1129
131.042
110.323
157.677
124.666
88.3247
227.271
73.1133
129.133
68.5998
98.0855
114.595
122.886
112.421
128.868
138.64
137.977
126.546
101.903
74.3474
92.8168
102.339
138.017
100.422
124.583
112.312
112.338
103.796
95.8654
116.064
94.7884
120.948
116.461
91.1747
84.1129
77.8948
121.642
70.7403
110.91
87.1136
99.439
124.52
199.075
154.938
77.565
120.817
116.555
79.8145
123.168
75.194
120.727
176.581
113.352
73.4771
74.8319
130.292
90.8549
107.715
103.578
154.899
130.667
144.782
97.5236
104.817
93.904
126.564
106.362
128.618
120.97
81.3857
79.9846
71.5585
100.653
143.305
92.8792
133.841
95.2451
74.183
112.108
80.5117
106.817
138.816
126.882
155.303
88.2997
108.742
73.9154
160.264
91.5105
62.2252
81.5146
105.696
110.273
117.58
107.458
104.43
134.037
121.681
93.9136
112.722
124.12
113.338
81.1031
195.446
123.596
117.089
152.497
94.8944
134.528
143.323
115.963
127.271
136.568
94.4845
117.182
111.983
101.136
106.28
84.3891
109.524
124.505
128.647
97.7283
72.0858
104.762
