15.1644           0
15.1312   0.0332504
15.112   0.0271772
15.0738   0.0427542
15.0364   0.0499582
14.9961   0.0572762
14.9841   0.0498728
14.9958   0.0447232
14.9867   0.0404666
14.959   0.0455562
14.9461   0.0432024
14.9477   0.0394712
14.9679   0.0415715
14.9659    0.038543
14.9932   0.0451222
14.9791   0.0445217
14.9948   0.0446951
15.0035   0.0430168
15.0009   0.0407698
14.9886   0.0406057
14.9921   0.0387902
14.9916   0.0369893
14.9844   0.0360681
14.9789   0.0349713
14.98   0.0335624
14.9884    0.033331
14.9951   0.0327506
15.0003   0.0319895
15.0159   0.0345678
15.013   0.0335145
15.0034   0.0338301
14.997   0.0333703
14.9898   0.0331413
14.9854    0.032449
14.9834   0.0315719
14.9786   0.0310524
14.9816   0.0303536
14.9844   0.0296764
14.9898   0.0293924
14.982   0.0296704
14.9788   0.0291127
14.9807   0.0284714
14.9877   0.0286738
14.987    0.028024
14.9872    0.027395
14.9927   0.0273605
14.9983   0.0273477
15.0014   0.0269508
14.9978   0.0266415
14.9987   0.0261173
14.9945   0.0259338
14.9942   0.0254321
14.9918   0.0250674
14.9929   0.0246268
14.9873   0.0248206
14.9857   0.0244289
14.9869   0.0240297
14.9827   0.0239792
14.9818   0.0235876
14.9786   0.0234165
14.9783   0.0230314
14.9793   0.0226826
14.9808    0.022369
14.9798   0.0220432
14.9794   0.0217043
14.9748   0.0218632
14.9786   0.0218695
14.9799   0.0215851
14.9776   0.0213927
14.9784   0.0210985
14.9786      0.0208
14.9784   0.0205101
14.9832   0.0208038
14.9839   0.0205329
14.9868   0.0204565
14.9863   0.0201911
14.9852   0.0199584
14.985   0.0197019
14.984    0.019476
14.9865   0.0193877
14.9919   0.0199089
14.9887   0.0199182
14.9867   0.0197804
14.9879   0.0195766
14.9861   0.0194247
14.9843   0.0192796
14.9874   0.0193002
14.9849     0.01924
14.9877   0.0192347
14.9879   0.0190204
14.9883   0.0188152
14.9915   0.0188763
14.9917   0.0186738
14.9904   0.0185246
14.9903   0.0183286
14.9894   0.0181625
14.9836   0.0188638
14.9846   0.0186967
14.9851   0.0185129
14.9851   0.0183268
