5.0221           0
5.32994    0.307844
5.32283    0.177876
5.28017    0.132813
5.31575    0.108856
5.36998    0.104119
5.40946   0.0964437
5.41452   0.0836761
5.37971   0.0815935
5.43704   0.0928044
5.41157   0.0877246
5.41309   0.0800957
5.42473   0.0745909
5.42765   0.0691197
5.4446   0.0665399
5.43613   0.0628148
5.4389   0.0590688
5.43577   0.0557784
5.44289   0.0532394
5.46841   0.0565911
5.45711   0.0550041
5.45788   0.0524501
5.46013    0.050168
5.46359   0.0481568
5.45577   0.0468479
5.45171   0.0451921
5.45587   0.0436847
5.44981   0.0425303
5.46588   0.0440722
5.47463   0.0434684
5.47514   0.0420459
5.46896   0.0411774
5.46991   0.0399213
5.4708   0.0387397
5.45931   0.0393345
5.45775    0.038258
5.46653   0.0382304
5.45797   0.0381818
5.4596   0.0372257
5.47439   0.0391807
5.47339   0.0382262
5.47137   0.0373596
5.45886   0.0385643
5.45611   0.0377779
5.46086    0.037233
5.477   0.0398303
5.47313   0.0391651
5.46948   0.0385136
5.46439   0.0380614
5.4763   0.0391478
5.48565   0.0394936
5.48791   0.0387929
5.48571   0.0381173
5.47546   0.0387844
5.4772   0.0381125
5.48   0.0375297
5.47382   0.0373798
5.4811   0.0374449
5.47751   0.0369794
5.472   0.0367731
5.47163   0.0361671
5.4726   0.0355922
5.47655   0.0352451
5.46947   0.0354062
5.47102    0.034892
5.47034    0.034366
5.46729   0.0339869
5.47067   0.0336537
5.47175   0.0331801
5.47163   0.0327029
5.47134   0.0322403
5.47058   0.0317985
5.46675    0.031593
5.46902   0.0312457
5.46421   0.0311986
5.46707   0.0309175
5.46333   0.0307415
5.46519   0.0304021
5.46566   0.0300183
5.46254   0.0298044
5.4601   0.0295345
5.458   0.0292476
5.45234   0.0294423
5.45146   0.0291032
5.45186   0.0287616
5.45396   0.0285026
5.45311   0.0281858
5.45393   0.0278757
5.45134   0.0276819
5.44525    0.028042
5.44064   0.0281138
5.44445   0.0280668
5.44934   0.0281902
5.44944   0.0278889
5.45111   0.0276443
5.4571   0.0280024
5.45353   0.0279416
5.45748   0.0279359
5.45906   0.0276976
5.45646   0.0275429
