5.53141           0
6.29071    0.759294
5.58362    0.831957
5.10884    0.755969
5.2271    0.597393
5.5092     0.56347
5.40009    0.488559
5.22346     0.45849
5.23554    0.404531
5.28412     0.36507
5.29419    0.330372
5.37533     0.31231
5.39731    0.288123
5.31739    0.278465
5.25746    0.266074
5.38231    0.278449
5.31551    0.269954
5.33446    0.255219
5.36102     0.24287
5.33419    0.231964
5.36019    0.222168
5.39858     0.21528
5.44363    0.210583
5.45125    0.201762
5.39656    0.201103
5.41951    0.194572
5.40368    0.187895
5.47078    0.193091
5.42818    0.191122
5.44562    0.185463
5.44146    0.179429
5.41534    0.175684
5.4137    0.170285
5.42088    0.165357
5.41077    0.160881
5.41555    0.156421
5.41394    0.152144
5.3935    0.149491
5.44401    0.154121
5.45158    0.150409
5.45952    0.146909
5.43104    0.146169
5.44036    0.143034
5.39596    0.146629
5.42091    0.145488
5.43659    0.143152
5.39118    0.147249
5.35826    0.147861
5.35211    0.144942
5.37474    0.143805
5.36534     0.14127
5.35139    0.139228
5.36829    0.137619
5.38433    0.135995
5.39051    0.133642
5.39359     0.13127
5.4038     0.12935
5.41173    0.127348
5.4139    0.125189
5.4164    0.123111
5.40322    0.121791
5.38548    0.121117
5.3994     0.11999
5.3935    0.118248
5.38422    0.116783
5.388    0.115062
5.35464    0.118143
5.35939    0.116489
5.35564     0.11485
5.36695    0.113761
5.35768     0.11253
5.34332    0.111881
5.35461    0.110913
5.36896    0.110342
5.37507    0.109032
5.36593    0.107976
5.37296    0.106796
5.39444    0.107584
5.40462      0.1067
5.40777    0.105405
5.39407    0.104994
5.38119    0.104503
5.3937    0.103992
5.39189    0.102762
5.39556    0.101612
5.38942    0.100611
5.39406    0.099556
5.38709   0.0986642
5.38054   0.0977691
5.36714   0.0976013
5.37258    0.096676
5.37243   0.0956195
5.37997   0.0948859
5.37712   0.0939142
5.38544   0.0932923
5.37968    0.092495
5.36968   0.0920813
5.38688   0.0927461
5.41363   0.0956212
5.40871   0.0947881
