14.8158           0
14.7162   0.0996789
15.0751    0.363486
15.1729       0.275
15.0703     0.23641
15.052    0.193891
14.9672    0.184532
15.0739    0.192159
15.241    0.238009
15.1608      0.2275
15.1336    0.207566
15.155    0.190684
15.0862    0.188426
15.1325    0.180503
15.1418    0.168294
15.1639    0.158975
15.1757    0.149796
15.1301    0.148426
15.0809    0.148764
15.0566    0.143205
15.0429    0.136906
14.9997    0.137487
14.989    0.131806
14.9716    0.127391
15.0079    0.127457
15.0278    0.124073
14.9843    0.127066
15.0047    0.124127
15.0083    0.119823
14.9872    0.117658
14.9837    0.113854
15.0006    0.111534
14.9883    0.108807
14.9749      0.1064
14.9718    0.103362
14.9766    0.100565
14.9759   0.0978114
14.982   0.0953946
14.9976   0.0942311
14.9863    0.092544
14.9832   0.0903124
14.9838   0.0881378
14.975   0.0865091
14.9856   0.0851815
14.9978   0.0841575
14.9578    0.091517
14.9681   0.0901382
14.9546   0.0892614
14.956   0.0874313
14.946    0.086241
14.9256   0.0869723
14.9242   0.0852949
14.9282   0.0837651
14.9341   0.0824117
14.923   0.0816515
14.9203    0.080227
14.9133   0.0791125
14.8891   0.0814191
14.9111   0.0829915
14.9143   0.0816585
14.927   0.0813178
14.9143   0.0809998
14.918   0.0797883
14.9223   0.0786478
14.9279   0.0776317
14.9236   0.0765686
14.9184   0.0755937
14.9283   0.0751284
14.9127   0.0756561
14.9307   0.0767025
14.9382    0.075991
14.942   0.0750236
14.9394    0.074034
14.9495   0.0737186
14.96   0.0734859
14.9722    0.073531
14.9776    0.072768
14.9661   0.0727453
14.9494   0.0737248
14.9423   0.0731399
14.9543   0.0732166
14.96   0.0725399
14.9663   0.0719358
14.9651   0.0710832
14.9663   0.0702508
14.946   0.0723338
14.9511   0.0716851
14.9494   0.0708861
14.9574   0.0705293
14.9631    0.069974
14.9736   0.0700012
14.9587     0.07083
14.957   0.0700832
14.9603   0.0694101
14.9544   0.0689315
14.9454   0.0687989
14.9451   0.0680867
14.9325   0.0685532
14.9337   0.0678686
14.9355   0.0672112
