-0.452398              0
-0.445602     0.00679674
-0.436885     0.00955932
-0.445745      0.0111445
-0.442273     0.00930464
-0.441803     0.00761172
-0.442128     0.00644126
-0.441941     0.00558143
-0.443722     0.00523473
-0.43582     0.00918545
-0.437099     0.00840644
-0.44152     0.00885633
-0.44176     0.00815018
-0.442321      0.0075664
-0.439713     0.00751116
-0.440874     0.00712135
-0.441505     0.00671904
-0.440319     0.00644486
-0.439548     0.00614478
-0.440356     0.00588516
-0.441234     0.00566633
-0.442339     0.00551454
-0.441267     0.00537725
-0.440586     0.00519314
-0.441774     0.00512077
-0.442601     0.00498885
-0.442068     0.00483004
-0.441588     0.00467902
-0.442741     0.00465986
-0.441165        0.00477
-0.441377     0.00461844
-0.441332     0.00447201
-0.441491      0.0043373
-0.442992     0.00446751
-0.443171      0.0043417
-0.443643     0.00424561
-0.444351     0.00418962
-0.445117     0.00414921
-0.445236     0.00404317
-0.445537     0.00395225
-0.445467     0.00385528
-0.445983     0.00379761
-0.446687     0.00377436
-0.446969     0.00369838
-0.447253     0.00362641
-0.447551     0.00355913
-0.44728      0.0034931
-0.447762     0.00345339
-0.447809     0.00338251
-0.448224     0.00334001
-0.448033     0.00327946
-0.447645     0.00323903
-0.447958     0.00319266
-0.448092     0.00313584
-0.448381     0.00309185
-0.448448     0.00303688
-0.448401      0.0029835
-0.448647     0.00294196
-0.448609     0.00289192
-0.448811      0.0028505
-0.449453     0.00287594
-0.449305     0.00283303
-0.449804     0.00283188
-0.449991     0.00279359
-0.44996     0.00275046
-0.449787     0.00271396
-0.449885     0.00267494
-0.449919     0.00263554
-0.450339     0.00263067
-0.450719     0.00262057
-0.450639     0.00258462
-0.450723     0.00254983
-0.450448     0.00252964
-0.44998     0.00253877
-0.44975     0.00251523
-0.449777     0.00248207
-0.450135     0.00247566
-0.449589     0.00250411
-0.449263     0.00249359
-0.449306      0.0024626
-0.449348     0.00243237
-0.449039     0.00242229
-0.448874     0.00239858
-0.449158     0.00238682
-0.449231      0.0023597
-0.449525     0.00235059
-0.449245     0.00234032
-0.449345     0.00231573
-0.449096     0.00230298
-0.448968     0.00228085
-0.448922     0.00225613
-0.449081     0.00223714
-0.448911     0.00221947
-0.448986     0.00219701
-0.449098     0.00217664
-0.449091     0.00215386
-0.449004     0.00213333
-0.448792     0.00212206
-0.448809     0.00210059
-0.448876     0.00208058
