8.53595           0
6.6328     1.90315
5.89547     1.32325
5.7145    0.953017
5.67745    0.739133
5.6626    0.603682
5.64465     0.51052
5.59396     0.44502
5.44574    0.419524
5.32567    0.393976
5.25732    0.362861
5.20954    0.334674
5.19474     0.30821
5.17366    0.286125
5.15322    0.267151
5.14747    0.249963
5.15325     0.23487
5.16043    0.221554
5.13915    0.210647
5.11085    0.201831
5.10153    0.192206
5.11003    0.183458
5.0726    0.179252
5.05454    0.172569
5.05054     0.16557
5.06188    0.159479
5.05713    0.153532
5.04638    0.148337
5.06088    0.143863
5.06453    0.139033
5.04231    0.136298
5.0204    0.133776
5.00735    0.130314
5.02375    0.127483
5.03425    0.124231
5.02818    0.120884
5.0252    0.117609
5.018    0.114698
5.00451     0.11253
4.99405    0.110179
4.9994    0.107591
4.98694    0.105735
4.97801    0.103633
4.97393    0.101332
4.96653   0.0993306
4.96325   0.0972026
4.96404   0.0951152
4.96009   0.0931963
4.96441   0.0913766
4.95077   0.0905628
4.9685   0.0905222
4.95688   0.0895217
4.95355   0.0878793
4.94363   0.0868062
4.95089   0.0855224
4.94278   0.0843724
4.94075   0.0829038
4.92826   0.0824135
4.93323   0.0811568
4.9357   0.0798311
4.93424   0.0785251
4.92758   0.0775351
4.93918   0.0771712
4.93298   0.0762086
4.93169   0.0750381
4.94042   0.0744072
4.92692   0.0745225
4.91817   0.0739373
4.90695   0.0737164
4.90166   0.0728482
4.90923   0.0722126
4.90816   0.0712106
4.91021   0.0702581
4.91008   0.0693023
4.90538   0.0685335
4.90568   0.0676264
4.91448   0.0673198
4.92025   0.0667012
4.92897   0.0664263
4.91858    0.066409
4.91139   0.0659767
4.90723      0.0653
4.90693   0.0645092
4.89819   0.0643326
4.90034   0.0636076
4.90654   0.0631688
4.90768   0.0624488
4.91073   0.0618105
4.90888     0.06114
4.90767    0.060469
4.9051   0.0598561
4.91448   0.0599409
4.91176   0.0593551
4.91182   0.0587203
4.9095   0.0581449
4.91314   0.0576507
4.92996   0.0594813
4.93304   0.0589519
4.9307   0.0584002
4.93144    0.057818
