4.59283           0
4.63192   0.0390926
4.51611     0.11799
4.72695    0.226745
4.74261    0.176333
4.89587    0.210278
4.92764    0.180535
4.86276    0.169276
4.80296    0.160818
4.77259    0.147012
4.80645     0.13722
4.7996    0.125452
4.83827    0.121706
4.79586    0.120396
4.7938    0.112102
4.78539    0.105198
4.79256   0.0990771
4.79001   0.0934458
4.823   0.0943469
4.80251   0.0918213
4.82657   0.0905925
4.83763    0.087082
4.81739   0.0856363
4.80349   0.0831595
4.81696   0.0808938
4.8132   0.0778114
4.84676   0.0820513
4.85361    0.079363
4.86626    0.077615
4.84889   0.0769695
4.85114   0.0744792
4.84102   0.0728209
4.83617   0.0707458
4.8495    0.069916
4.8717   0.0714276
4.87946   0.0698471
4.87638    0.068003
4.89245   0.0681121
4.88011   0.0674798
4.87971   0.0657724
4.87127   0.0647015
4.85828    0.064464
4.87724   0.0657413
4.87016   0.0646197
4.85706   0.0645115
4.87802   0.0664861
4.87623   0.0650809
4.87526   0.0637179
4.87792   0.0624606
4.87876   0.0612044
4.89336   0.0617438
4.90084   0.0610056
4.90073   0.0598436
4.89191   0.0593838
4.89475   0.0583636
4.9064   0.0584833
4.89848   0.0579908
4.89028   0.0575705
4.89897   0.0572507
4.89614   0.0563596
4.91305   0.0579501
4.91173   0.0570231
4.9245   0.0575477
4.91604   0.0572704
4.92122   0.0566203
4.91726   0.0558965
4.90543   0.0563123
4.90258   0.0555512
4.88903    0.056393
4.8894   0.0555828
4.8897   0.0547951
4.88888   0.0540349
4.88577   0.0533806
4.90081   0.0547625
4.89436   0.0544112
4.89223    0.053733
4.88822   0.0531819
4.89038   0.0525403
4.89853   0.0525079
4.89537   0.0519442
4.89774   0.0513539
4.89261    0.050983
4.89406    0.050386
4.88986   0.0499597
4.89725   0.0499186
4.90371   0.0497558
4.89794   0.0495175
4.90228   0.0491438
4.89846   0.0487382
4.90048   0.0482356
4.89822   0.0477559
4.90798   0.0482316
4.90455   0.0478333
4.90247   0.0473677
4.8998    0.046942
4.90951   0.0474549
4.91908   0.0479278
4.91763   0.0474585
4.92042   0.0470599
4.927    0.047049
