21.3815           0
12.8453     8.53626
10.4293     5.48875
9.00397     4.13456
8.178     3.30741
7.74455     2.73506
7.50313     2.32412
7.18466     2.03779
6.88777     1.82152
6.67476     1.64308
6.50623     1.49575
6.3877     1.37056
6.25816     1.26737
6.14659     1.17865
6.02524     1.10395
5.97434      1.0339
5.88138    0.975623
5.81093     0.92252
5.77736    0.873262
5.72435    0.830144
5.67961     0.79089
5.64142    0.755051
5.59894    0.722726
5.56074    0.693011
5.54574    0.664882
5.49907    0.640501
5.48603     0.61646
5.47539    0.594131
5.45816    0.573537
5.42551     0.55505
5.40111    0.537401
5.38154    0.520704
5.37177    0.504773
5.38027    0.489776
5.36384     0.47586
5.34808    0.462721
5.36069    0.450218
5.3387    0.438761
5.30809    0.428458
5.29709    0.417754
5.29103    0.407482
5.27464       0.398
5.26624    0.388724
5.25542    0.379941
5.23993    0.371725
5.25256    0.363774
5.24489    0.356032
5.24764    0.348547
5.24048    0.341435
5.22401    0.334941
5.20999    0.328607
5.21711    0.322305
5.21366    0.316184
5.2084    0.310318
5.21152    0.304639
5.20558    0.299209
5.19898    0.293987
5.18907    0.289044
5.18074    0.284224
5.17932    0.279451
5.18595    0.274911
5.18137     0.27048
5.18096    0.266152
5.16723     0.26232
5.16104    0.258327
5.15764    0.254405
5.15125    0.250661
5.14693    0.246985
5.13214    0.243828
5.13079    0.240323
5.12859    0.236925
5.12089    0.233738
5.11732    0.230541
5.13395    0.228011
5.13262    0.224954
5.15026    0.222674
5.15859    0.219921
5.15647    0.217094
5.16605    0.214542
5.1553    0.212116
5.14933    0.209565
5.14077    0.207171
5.1397    0.204662
5.12509    0.202738
5.1362    0.200646
5.13608      0.1983
5.13898    0.196029
5.15104    0.194163
5.14441    0.192083
5.14258    0.189946
5.14026    0.187861
5.15275    0.186226
5.14762    0.184285
5.14989    0.182328
5.15131    0.180404
5.14594    0.178596
5.15625    0.177046
5.15246    0.175271
5.14738    0.173566
5.14834    0.171824
