4.63736           0
4.87653    0.239168
4.85799    0.139322
4.82367    0.104324
4.87824   0.0975099
4.86079   0.0815062
4.95169    0.114054
4.98561    0.104433
5.07284    0.126857
5.01479    0.127452
5.02623    0.115851
5.07183    0.115169
5.07421    0.105967
5.05871   0.0993224
5.03049   0.0966743
5.01597   0.0915896
5.01482   0.0860411
5.05006   0.0884445
5.06184   0.0844853
5.0393   0.0832574
5.03814   0.0792022
5.01922   0.0778488
5.02141   0.0744194
5.02222   0.0712557
5.01839   0.0684536
5.00499   0.0671179
5.00759   0.0646365
4.99111   0.0644296
4.98985   0.0621808
4.98329   0.0604303
4.97629   0.0588661
4.99226   0.0591941
5.00109    0.058047
5.01337   0.0576371
5.00286   0.0569434
5.01091   0.0559209
5.00571   0.0546363
5.00046    0.053438
4.99586   0.0522526
5.00284   0.0514058
5.00785   0.0503855
5.01033   0.0492341
5.00691   0.0481969
5.00073   0.0474932
4.99705    0.046571
4.99649   0.0455508
5.01375   0.0477942
4.99981   0.0488195
5.00674   0.0483127
5.00768   0.0473459
5.0082   0.0464112
5.01546   0.0460853
5.02337   0.0458946
5.01906   0.0452429
5.01352   0.0447571
5.01387    0.043952
5.01535   0.0431993
5.01989   0.0426911
5.01304   0.0425179
5.01401   0.0418146
5.01397   0.0411234
5.01826   0.0406818
5.02709   0.0409938
5.02461   0.0404244
5.02259   0.0398488
5.02292   0.0392417
5.0258   0.0387587
5.03255   0.0387755
5.02801    0.038478
5.02926   0.0379451
5.03049    0.037427
5.03331   0.0370109
5.02662   0.0371075
5.03094   0.0368561
5.03265   0.0364015
5.02372   0.0370115
5.02267   0.0365429
5.02256   0.0360716
5.03316   0.0371574
5.02727   0.0371598
5.02828   0.0367121
5.02783   0.0362646
5.025    0.035936
5.02726   0.0355775
5.02238   0.0354946
5.01769   0.0353917
5.01996   0.0350562
5.02152   0.0346908
5.01972   0.0343459
5.02017   0.0339651
5.02036   0.0335903
5.02515   0.0335667
5.02643   0.0332283
5.02489    0.032909
5.02075   0.0328226
5.01747   0.0326438
5.01347   0.0325528
5.0199   0.0328546
5.02354   0.0327239
5.02321   0.0323967
