5.11131           0
5.0481   0.0632063
4.94293    0.111325
4.93284   0.0793624
4.99338   0.0862775
5.04873   0.0895913
5.09513    0.088803
5.07955    0.078468
5.09763   0.0715243
5.06647   0.0711563
5.0328   0.0726367
5.05619   0.0703105
5.08411   0.0704443
5.0626   0.0686723
5.06451   0.0639588
5.06749   0.0599023
5.05393   0.0578796
5.10482   0.0746175
5.10355   0.0705924
5.06373   0.0779181
5.05984   0.0742168
5.04151   0.0730992
5.02224   0.0724564
5.01098   0.0702797
4.99937   0.0684019
5.00263   0.0657992
5.01153   0.0639368
5.01235   0.0616165
4.99785   0.0611963
5.00001   0.0591608
4.99617   0.0573492
5.0087   0.0569247
5.00689   0.0552024
4.99845   0.0542153
4.99219    0.053015
4.9925   0.0515223
4.98282   0.0510379
4.96659   0.0522608
4.96397   0.0509704
4.96232   0.0497071
4.96765   0.0487715
4.97611    0.048342
4.97917   0.0473034
4.96405   0.0486262
4.95287   0.0488303
4.94921   0.0478972
4.96557   0.0496423
4.95893    0.049049
4.96592   0.0485435
4.97801   0.0490758
4.98249   0.0483122
4.98158   0.0473828
4.9859   0.0466798
4.99185   0.0461924
4.99608   0.0455415
4.99705   0.0447314
4.99944   0.0440046
5.00589   0.0437169
4.99833   0.0436296
4.99803   0.0428972
4.99689   0.0422035
5.0047   0.0422442
4.99746   0.0421939
4.99998   0.0416062
4.99705    0.041066
4.99804    0.040451
5.00082   0.0399395
4.99788   0.0394574
4.9941    0.039064
5.00423   0.0398108
5.00889   0.0395223
5.00676   0.0390279
5.00383   0.0386007
5.00801   0.0383042
5.0114   0.0379417
5.00457   0.0380568
5.0012   0.0377106
4.99472   0.0377828
4.99903   0.0375491
4.99386   0.0374348
4.99788   0.0371874
4.99507   0.0368386
4.99094   0.0366257
4.98889    0.036245
4.98821   0.0358224
4.98899   0.0354119
4.99225   0.0351542
4.99277   0.0347563
4.99465   0.0344152
4.99703   0.0341139
4.99752   0.0337404
5.00235   0.0337201
5.00399   0.0333957
5.00164   0.0331218
4.99831   0.0329407
4.99495   0.0327686
4.99106   0.0326607
4.99534    0.032608
5.00082   0.0327384
4.99587   0.0327857
