5.27909           0
4.79555     0.48354
4.66044    0.310151
4.71763    0.226646
4.81844    0.202443
5.39548    0.600243
5.40568    0.507401
5.31397     0.44889
5.21898    0.407121
5.17704    0.366548
5.12476    0.335651
5.10047    0.307367
5.07196    0.284171
5.01865    0.268436
4.98982    0.251559
4.98399    0.235384
4.97543    0.221271
4.94656    0.210603
4.94317     0.19924
4.93795    0.189088
4.93652    0.179864
4.92143    0.172157
4.88225    0.169101
4.86483    0.162837
4.87818    0.156758
4.87275    0.150706
4.87092    0.145028
4.8657     0.13985
4.87739    0.135447
4.86452    0.131485
4.84992    0.128009
4.83306    0.125085
4.82714     0.12138
4.82342    0.117815
4.8166    0.114602
4.8494    0.116102
4.84045    0.113275
4.82148    0.111874
4.82093    0.108969
4.81345    0.106473
4.81659    0.103891
4.8076    0.101785
4.7965    0.100008
4.78753   0.0981192
4.78401   0.0959784
4.80138   0.0954609
4.79949   0.0934268
4.80054   0.0914656
4.80565   0.0897255
4.79593   0.0884482
4.79562   0.0866971
4.79263   0.0850662
4.78764   0.0835947
4.78077   0.0823187
4.77641   0.0809258
4.78031   0.0795631
4.78733   0.0784699
4.7915   0.0772175
4.79342   0.0759217
4.7991   0.0748618
4.82825   0.0791831
4.82942   0.0779043
4.83738   0.0770697
4.84539   0.0762781
4.83668   0.0755986
4.84315   0.0747249
4.84667   0.0736852
4.84459   0.0726232
4.83262   0.0725582
4.8317     0.07152
4.83603   0.0706379
4.83574   0.0696505
4.83143   0.0688244
4.83208   0.0678911
4.82634   0.0672258
4.83323   0.0666927
4.82977   0.0659116
4.83454   0.0652356
4.84914   0.0660376
4.84347   0.0654528
4.84442   0.0646466
4.85012   0.0641076
4.85116    0.063339
4.84172   0.0632876
4.85854   0.0647603
4.85362   0.0641915
4.85329   0.0634503
4.86135   0.0632412
4.85678   0.0626932
4.8574   0.0619958
4.85784   0.0613123
4.86098   0.0607233
4.85843   0.0601206
4.8548   0.0595885
4.85252   0.0590021
4.85879   0.0587206
4.85901   0.0581125
4.85676   0.0575603
4.8673   0.0579422
4.8681   0.0573654
