9.96521           0
7.41627     2.54893
6.53569     1.71497
6.12908     1.27902
5.93668     1.00923
5.78979    0.837026
5.72111    0.710741
5.60196    0.626947
5.57861    0.553409
5.47948    0.504811
5.44931    0.457615
5.47189    0.418352
5.46125    0.384975
5.42038    0.358753
5.41803    0.333989
5.39347    0.313382
5.3826    0.294572
5.41727     0.27988
5.41671     0.26474
5.37764    0.254175
5.36338    0.242189
5.33571     0.23257
5.31521    0.223172
5.2992     0.21427
5.28745    0.205856
5.26115    0.199521
5.26556     0.19204
5.25935    0.185158
5.23689    0.180066
5.22726    0.174226
5.21114    0.169281
5.20584    0.163992
5.19594    0.159253
5.20294    0.154656
5.20023    0.150197
5.20392    0.146012
5.1927    0.142453
5.17361    0.139962
5.1684    0.136426
5.16939    0.132975
5.16531    0.129755
5.1698    0.126708
5.16028    0.124092
5.15345    0.121431
5.14233    0.119222
5.1372    0.116714
5.14414    0.114415
5.13722     0.11222
5.14123    0.109979
5.13483    0.107947
5.12777    0.106044
5.12603    0.103999
5.12874    0.102054
5.13474    0.100326
5.12811   0.0987077
5.1225   0.0970915
5.12315   0.0953752
5.12885   0.0938895
5.12546   0.0923466
5.12363   0.0908128
5.12028   0.0893746
5.12097    0.087924
5.12633    0.086683
5.12003   0.0855506
5.11689   0.0842827
5.117   0.0829959
5.11675   0.0817482
5.1119   0.0806829
5.10705   0.0796531
5.1113    0.078622
5.1117   0.0775078
5.11742   0.0766375
5.11736   0.0755804
5.12204   0.0746986
5.1199   0.0737267
5.1066   0.0739572
5.10522   0.0730033
5.10308    0.072093
5.10743    0.071307
5.10299   0.0705499
5.10634   0.0697539
5.10371    0.068948
5.10042   0.0681917
5.09939    0.067383
5.0988   0.0665881
5.09677   0.0658405
5.09576   0.0650871
5.09231    0.064436
5.0862   0.0640003
5.08276   0.0633786
5.08081   0.0627086
5.0842    0.062116
5.08366   0.0614468
5.08081   0.0608567
5.07721   0.0603198
5.07494   0.0597316
5.07036   0.0592895
5.07168   0.0586962
5.07056   0.0581111
5.06787   0.0575898
