33.8139           0
19.3085     14.5054
14.4313     9.69137
11.9948     7.27309
10.5464     5.81691
9.5219     4.85873
8.88839     4.15496
8.39548      3.6319
8.02861     3.22398
7.67303     2.90546
7.39816     2.64242
7.2379     2.41751
7.05837     2.23102
6.90225     2.07141
6.78258     1.93209
6.63472     1.81334
6.52096     1.70713
6.47683      1.6101
6.40754     1.52458
6.30628     1.44989
6.26197     1.37983
6.1932     1.31741
6.13748     1.26006
6.07889     1.20784
6.04388     1.15905
5.99894     1.11448
5.95773      1.0732
5.9122     1.03517
5.87027    0.999713
5.83056    0.966631
5.79513    0.935601
5.76956    0.906252
5.75125    0.878552
5.73    0.852585
5.70466    0.828255
5.68992    0.805054
5.66386    0.783427
5.63721    0.762998
5.61644    0.743466
5.60343    0.724758
5.58984    0.706991
5.58257    0.689991
5.56418    0.674004
5.54645    0.658747
5.52849    0.644192
5.51569    0.630162
5.52171    0.616638
5.50228    0.603967
5.49668     0.59154
5.49071    0.579619
5.49043     0.56814
5.48488    0.557135
5.4773    0.546574
5.46874    0.536425
5.45468     0.52677
5.44604     0.51735
5.43753    0.508264
5.4375    0.499424
5.43227    0.490914
5.42237    0.482764
5.42164    0.474784
5.42167    0.467064
5.41547    0.459632
5.4097     0.45243
5.39374    0.445701
5.39035    0.438909
5.38285    0.432374
5.38425     0.42597
5.38194    0.419758
5.37504    0.413775
5.36782     0.40797
5.36168     0.40231
5.35507    0.396816
5.34626    0.391516
5.34545    0.386262
5.33202    0.381382
5.32335    0.376496
5.31252    0.371796
5.31683    0.367084
5.30837    0.362565
5.30708    0.358064
5.29887    0.353765
5.29488      0.3495
5.29287     0.34532
5.28566    0.341309
5.27933    0.337377
5.28141    0.333483
5.27901     0.32968
5.27162    0.326039
5.27038    0.322398
5.26684    0.318855
5.26775    0.315372
5.26684    0.311963
5.26479    0.308634
5.2622    0.305378
5.25698    0.302226
5.25312    0.299119
5.25866    0.296103
5.25613    0.293107
5.25422    0.290168
