1.99707           0
1.66011    0.336951
1.6458    0.195064
1.63422    0.138417
1.6628    0.110961
1.66093   0.0906185
1.64759   0.0777388
1.66165   0.0687759
1.62428   0.0712448
1.61875   0.0639624
1.59872   0.0612262
1.58103   0.0586245
1.57621   0.0541418
1.56142   0.0522605
1.5384   0.0538247
1.54859   0.0513692
1.54422   0.0484498
1.54106   0.0457886
1.53008    0.044682
1.52387   0.0428416
1.51953   0.0409809
1.51932   0.0390743
1.50945   0.0386198
1.50563   0.0371723
1.51167   0.0361627
1.50571   0.0352515
1.50868   0.0340507
1.5093   0.0328179
1.50722   0.0317343
1.50708   0.0306586
1.50043   0.0303909
1.49863   0.0294805
1.49824   0.0285759
1.49883   0.0277291
1.49897   0.0269255
1.50121    0.026263
1.49954   0.0255977
1.50004   0.0249199
1.49204   0.0255552
1.49251   0.0249126
1.49241   0.0242976
1.49067   0.0237759
1.49118   0.0232219
1.49094   0.0226892
1.48778   0.0224041
1.49066   0.0221003
1.49278   0.0217285
1.48794   0.0218137
1.4918    0.021709
1.48506   0.0223128
1.4837   0.0219131
1.49326   0.0235192
1.49293   0.0230735
1.48676   0.0234686
1.48716   0.0230415
1.48815   0.0226478
1.49187   0.0225567
1.48889   0.0223639
1.4896    0.021993
1.48731   0.0217442
1.48726   0.0213848
1.49172   0.0215041
1.49507   0.0214231
1.49445   0.0210948
1.4911   0.0210362
1.491   0.0207152
1.48816   0.0206004
1.48978   0.0203598
1.4851   0.0206005
1.48468   0.0203085
1.48307   0.0200848
1.48261   0.0198093
1.48266   0.0195361
1.48291   0.0192719
1.48232   0.0190223
1.48474   0.0189256
1.48587    0.018712
1.48704   0.0185077
1.48596   0.0183036
1.48366   0.0182196
1.48044   0.0182788
1.47842   0.0181672
1.47543   0.0181946
1.47445   0.0180031
1.47877    0.018307
1.47789   0.0181143
1.48049   0.0180918
1.48325   0.0180974
1.48557   0.0180426
1.4838   0.0179282
1.48069   0.0180012
1.48368   0.0180529
1.48133   0.0180112
1.48329   0.0179266
1.48346   0.0177377
1.48283   0.0175633
1.48537   0.0175658
1.48301   0.0175452
1.48488    0.017468
1.48268   0.0174322
