72.6489           0
37.0497     35.5992
25.1532     23.7478
19.2197     17.8097
15.6627     14.2466
13.3178     11.8662
11.6708     10.1631
10.3912     8.89408
9.40403     7.90572
8.59653     7.11705
7.96196     6.46881
7.42137     5.92988
6.97172      5.4732
6.58025      5.0823
6.24281     4.74338
5.94637     4.44692
5.67758     4.18579
5.46704     3.95201
5.26344     3.74377
5.07298     3.55675
4.89245     3.38796
4.73663     3.23405
4.59937     3.09329
4.46648     2.96458
4.34156     2.84627
4.22935     2.73691
4.12669     2.63559
4.03252     2.54146
3.93901     2.45404
3.85799     2.37221
3.78007     2.29574
3.71141      2.2239
3.64854     2.15637
3.58489     2.09296
3.5214     2.03327
3.46968     1.97666
3.41634     1.92323
3.36245     1.87271
3.31262     1.82474
3.26786      1.7791
3.22612     1.73567
3.18451     1.69435
3.14493     1.65495
3.10396     1.61742
3.06579     1.58153
3.02971     1.54719
3.00027      1.5142
2.96595     1.48271
2.93792     1.45241
2.91574     1.42324
2.89142     1.39526
2.86606      1.3684
2.84545      1.3425
2.8216     1.31762
2.79705     1.29367
2.77128     1.27062
2.7498     1.24831
2.73675     1.22667
2.7169     1.20587
2.69582     1.18578
2.67663     1.16634
2.66157     1.14747
2.64482     1.12924
2.62535     1.11162
2.60532     1.09457
2.58992     1.07797
2.57613     1.06185
2.55883     1.04626
2.54455     1.03108
2.53146     1.01633
2.51514     1.00205
2.50169    0.988123
2.48796     0.97459
2.47495    0.961418
2.46597    0.948555
2.45041     0.93612
2.43699     0.92398
2.42245    0.912173
2.41319      0.9006
2.39875    0.889389
2.38578    0.878436
2.37385    0.867739
2.36183    0.857305
2.35037    0.847115
2.33825    0.837177
2.3278    0.827451
2.31906    0.817932
2.30828    0.808655
2.30011    0.799559
2.28913    0.790702
2.28067     0.78201
2.27232    0.773509
2.26325      0.7652
2.2563    0.757048
2.24687    0.749096
2.23779    0.741307
2.22785    0.733692
2.22272    0.726185
2.21654    0.718839
2.20901    0.711654
