2.37284           0
1.93223    0.440612
1.75444    0.310357
1.69256    0.228014
1.64153    0.183842
1.61847    0.151868
1.62799    0.128704
1.61403    0.112332
1.59313    0.101248
1.56255   0.0955837
1.5556   0.0867373
1.55215   0.0792553
1.5658   0.0741706
1.55144   0.0701523
1.54865   0.0653679
1.53827   0.0620217
1.53333   0.0584684
1.54727   0.0568609
1.5536   0.0541564
1.5438   0.0523049
1.5402   0.0498817
1.53638   0.0477133
1.53725      0.0456
1.53484   0.0437249
1.53288   0.0419857
1.53024   0.0404245
1.52898    0.038919
1.52893   0.0375033
1.52359   0.0365799
1.52348   0.0353397
1.52492   0.0342114
1.52862   0.0333308
1.53292     0.03259
1.53109   0.0316701
1.52541   0.0312716
1.53355   0.0314621
1.52973   0.0308374
1.5248   0.0304173
1.52385   0.0296423
1.52406   0.0288925
1.52373   0.0281809
1.52629   0.0276208
1.52611   0.0269714
1.52514   0.0263694
1.5241   0.0257977
1.52456    0.025235
1.52913   0.0251107
1.52311   0.0253079
1.52256   0.0247922
1.52511   0.0244252
1.52287   0.0240458
1.52266   0.0235798
1.52622   0.0234028
1.52606   0.0229659
1.52771   0.0226051
1.52474   0.0223968
1.52375   0.0220222
1.52802   0.0220557
1.52675    0.021716
1.52677    0.021351
1.52912   0.0211292
1.52938   0.0207872
1.53109   0.0205259
1.5292   0.0202912
1.52513   0.0203863
1.52574   0.0200841
1.52507   0.0197933
1.5236   0.0195558
1.52562   0.0193761
1.52659   0.0191218
1.52427   0.0189929
1.52328   0.0187529
1.52162   0.0185688
1.52268   0.0183465
1.52591   0.0183865
1.52387   0.0182566
1.52245   0.0180742
1.5211   0.0178919
1.52318    0.017786
1.5199    0.017866
1.51955   0.0176476
1.51844   0.0174663
1.51693   0.0173204
1.51663   0.0171155
1.51456   0.0170388
1.51394   0.0168511
1.51526   0.0167087
1.51445   0.0165377
1.51457   0.0163513
1.51359   0.0161983
1.51334   0.0160212
1.51376   0.0158517
1.51419   0.0156864
1.51402   0.0155195
1.51215   0.0154692
1.51033    0.015415
1.50718   0.0155773
1.50793    0.015436
1.50731   0.0152919
1.50771   0.0151434
