2.01248           0
1.65551    0.356976
1.55297    0.230199
1.49888    0.171525
1.46612    0.136844
1.50635    0.118754
1.55307    0.110709
1.52602   0.0996211
1.52592   0.0878576
1.52772   0.0786029
1.50447   0.0748041
1.48234   0.0717814
1.467   0.0677886
1.44556   0.0663206
1.43628   0.0624349
1.44168   0.0586514
1.44674   0.0553249
1.43959   0.0526482
1.44244   0.0498819
1.43969   0.0474018
1.45636   0.0480695
1.45895   0.0459056
1.45687   0.0439135
1.4586   0.0420797
1.46835    0.041521
1.46744   0.0399024
1.47027      0.0385
1.47732   0.0377646
1.48701   0.0377037
1.48234   0.0367232
1.47806    0.035776
1.47319   0.0349799
1.46983   0.0340695
1.47224   0.0331398
1.4691   0.0323321
1.46607   0.0315661
1.46464   0.0307346
1.46053    0.030196
1.45486   0.0299526
1.45956   0.0295702
1.46442   0.0292469
1.46733   0.0286893
1.46363   0.0282567
1.46156   0.0276846
1.45556   0.0277196
1.45762   0.0271882
1.45458   0.0267766
1.45364   0.0262297
1.4588   0.0262026
1.45795   0.0256873
1.45786   0.0251787
1.45475   0.0248855
1.45425   0.0244164
1.44735   0.0249335
1.44955   0.0245738
1.44896    0.024138
1.44904   0.0237109
1.448   0.0233216
1.44747   0.0229291
1.44865   0.0225747
1.45369   0.0227657
1.45366   0.0223956
1.45766   0.0223971
1.45567   0.0221335
1.45663   0.0218115
1.45951   0.0216706
1.45574   0.0216751
1.45821   0.0214962
1.45519   0.0213962
1.45741   0.0212044
1.45639   0.0209286
1.45624   0.0206364
1.45795   0.0204239
1.45752   0.0201507
1.45715   0.0198836
1.45842   0.0196614
1.46255   0.0198389
1.46484   0.0197155
1.46493   0.0194645
1.46786   0.0194415
1.46577   0.0193136
1.46323   0.0192444
1.46373   0.0190177
1.46189   0.0188803
1.46417   0.0187955
1.46079   0.0188806
1.46199    0.018701
1.46262   0.0184981
1.4656   0.0185296
1.46291   0.0185183
1.46512   0.0184468
1.47086   0.0191239
1.47031   0.0189252
1.47102   0.0187363
1.4714    0.018542
1.47063    0.018364
1.4757   0.0188678
1.47432   0.0187253
1.47615   0.0186255
1.47482   0.0184861
