48.0644           0
24.6889     23.3754
16.9229     15.5708
13.0789     11.6619
10.7155     9.33733
9.21602     7.76997
8.12472     6.65688
7.28323     5.82612
6.63763     5.17855
6.12359     4.66028
5.68728      4.2379
5.33157     3.88497
5.02382     3.58688
4.76068     3.33122
4.54413     3.10875
4.36822     2.91328
4.18395     2.74275
4.02559     2.59073
3.88537      2.4546
3.75976     2.33202
3.65219      2.2208
3.55438     2.11971
3.45726     2.02778
3.37615     1.94314
3.29909     1.86539
3.22438     1.79376
3.17252     1.72683
3.11228      1.6651
3.072     1.60717
3.0156     1.55369
2.96111     1.50373
2.91805     1.45661
2.87332     1.41249
2.83106     1.37097
2.79166     1.33181
2.75896      1.2947
2.72208     1.25976
2.68843     1.22662
2.65476     1.19523
2.62771     1.16528
2.59736     1.13691
2.5686     1.10988
2.54227     1.08408
2.51518      1.0595
2.49081     1.03598
2.47406     1.01335
2.45052     0.99183
2.42655    0.971243
2.40939     0.95137
2.39391    0.932277
2.37263    0.914062
2.35205    0.896548
2.33689      0.8796
2.31587    0.863413
2.29947    0.847728
2.28326     0.83261
2.27181    0.817953
2.25637    0.803875
2.2453     0.79021
2.23214    0.777039
2.22139     0.76427
2.20901    0.751944
2.20135    0.739952
2.1897    0.728392
2.17973    0.717167
2.17303    0.706249
2.16221    0.695713
2.15255    0.685473
2.13794    0.675624
2.13174    0.665931
2.12104    0.656572
2.10947    0.647492
2.1008    0.638619
2.09466     0.62996
2.08589    0.621566
2.08112    0.613351
2.07434    0.605371
2.06692    0.597606
2.05911    0.590044
2.05457     0.58264
2.04639     0.57546
2.03788    0.568463
2.02952    0.561634
2.0189    0.555009
2.01334    0.548469
2.00791    0.542081
2.00159    0.535851
1.99585    0.529758
1.98879     0.52382
1.98237    0.518007
1.97526    0.512332
1.97253     0.50674
1.96538    0.501312
1.95837       0.496
1.95127    0.490803
1.94447    0.485711
1.94365    0.480678
1.9374    0.475789
1.93476    0.470966
1.92934    0.466264
