1.79124           0
1.61146    0.179781
1.53547    0.128636
1.51202   0.0939338
1.48707   0.0769209
1.48029   0.0631702
1.50225   0.0577288
1.50052   0.0500246
1.49581   0.0443678
1.47373   0.0454156
1.4781   0.0413114
1.47925   0.0377297
1.49012   0.0363662
1.48553   0.0339793
1.48705   0.0316696
1.48545   0.0296677
1.48657   0.0278906
1.50717   0.0334053
1.51201   0.0319658
1.51106   0.0303401
1.50787   0.0290349
1.50372   0.0279928
1.50403   0.0267499
1.50308   0.0256287
1.49839   0.0250265
1.50067   0.0241523
1.50033    0.023243
1.50243   0.0224953
1.49891   0.0219895
1.49937    0.021249
1.49544   0.0209255
1.49754     0.02037
1.4989   0.0197902
1.49969   0.0192154
1.49642   0.0189433
1.50291    0.019521
1.50152    0.019037
1.49765   0.0189289
1.49829   0.0184484
1.4964    0.018081
1.49977    0.017954
1.50002   0.0175231
1.49827   0.0171997
1.49753   0.0168205
1.49663   0.0164672
1.49425   0.0162794
1.50228   0.0178348
1.49705   0.0182244
1.50027   0.0181361
1.50285   0.0179563
1.50291   0.0176008
1.50447   0.0173301
1.5054   0.0170249
1.50927   0.0171499
1.50762   0.0169156
1.50704   0.0166209
1.50792   0.0163504
1.5157   0.0178472
1.51313   0.0177283
1.51355   0.0174352
1.51649   0.0173976
1.51913   0.0173167
1.52191   0.0172658
1.52142   0.0170011
1.51709   0.0172868
1.51907   0.0171369
1.52023   0.0169193
1.51877   0.0167326
1.51705   0.0165772
1.51875    0.016426
1.51803   0.0162089
1.51899   0.0160114
1.51645   0.0159946
1.51666   0.0157784
1.51761   0.0155956
1.51472   0.0156581
1.51336   0.0155125
1.51203   0.0153703
1.51361   0.0152561
1.51242   0.0151105
1.51057   0.0150376
1.50918   0.0149175
1.50896   0.0147383
1.50736   0.0146494
1.50392   0.0148803
1.50308   0.0147305
1.50417   0.0146012
1.50225   0.0145619
1.50179   0.0144047
1.49998   0.0143575
1.50163   0.0142938
1.50331   0.0142374
1.50398   0.0140995
1.50355   0.0139554
1.50348   0.0138079
1.502   0.0137431
1.50061   0.0136719
1.50338   0.0138126
1.50114   0.0138549
1.501   0.0137163
