0.5   0.0259156
0.5   0.0259163
0.575   0.0547196
0.575   0.0547187
0.65   0.0860449
0.65   0.0860466
0.725     0.11845
0.725    0.118449
0.8    0.151765
0.8    0.151764
0.875    0.184711
0.875    0.184714
0.95    0.217323
0.95    0.217326
1.025    0.248607
1.025     0.24861
1.1    0.279488
1.1     0.27949
1.175    0.308243
1.175    0.308241
1.25    0.335725
1.25    0.335722
1.325    0.362031
1.325    0.362028
1.4    0.386661
1.4    0.386661
1.475    0.409672
1.475    0.409672
1.55    0.431519
1.55    0.431517
1.625    0.452154
1.625    0.452154
1.7    0.471571
1.7     0.47157
1.775    0.489448
1.775    0.489448
1.85    0.506601
1.85    0.506601
1.925    0.522463
1.925    0.522462
