2.58861           0
2.61391   0.0253049
2.63929    0.029282
2.63741   0.0207905
2.6199   0.0237859
2.60994   0.0218274
2.60974   0.0184486
2.60304   0.0173263
2.6052   0.0154328
2.60434   0.0138304
2.61006   0.0137543
2.60577   0.0132676
2.60464   0.0122565
2.6037    0.011386
2.60722   0.0111698
2.60817   0.0104909
2.61173   0.0104786
2.61665   0.0110381
2.6195   0.0108227
2.62312   0.0108864
2.62134   0.0105068
2.62494   0.0106443
2.62481   0.0101718
2.62407  0.00976676
2.62615  0.00959581
2.62599   0.0092207
2.6267  0.00890082
2.62585   0.0086188
2.62802  0.00859357
2.62633  0.00847236
2.62648  0.00819586
2.6266  0.00793652
2.62679  0.00769453
2.62618   0.0074891
2.62438   0.0074933
2.62411  0.00728698
2.62378  0.00709513
2.62352   0.0069106
2.62145  0.00704323
2.62399   0.0073206
2.62363  0.00714896
2.62417  0.00699755
2.62397   0.0068358
2.62479  0.00672905
2.62448  0.00658516
2.62598  0.00661141
2.6263  0.00647751
2.62605  0.00634606
2.62603  0.00621524
2.62573  0.00609722
2.6249  0.00603363
2.62417   0.0059617
2.62473  0.00587493
2.6256  0.00583068
2.6261  0.00574546
2.6267  0.00567422
2.62675  0.00557395
2.62739  0.00551417
2.62806  0.00546128
2.62821  0.00537177
2.62863  0.00529969
2.62921  0.00524479
2.63054  0.00533047
2.63106  0.00527191
2.63031  0.00524294
2.63099  0.00520725
2.63029  0.00517622
2.6303  0.00509953
2.63037  0.00502551
2.63087  0.00497837
2.63064  0.00491279
2.63087  0.00484938
2.63086  0.00478249
2.62957  0.00489039
2.62906  0.00485246
2.62808   0.0048876
2.62785  0.00482886
2.62754  0.00477688
2.62839  0.00479165
2.62895  0.00476456
2.62868   0.0047129
2.62804  0.00469923
2.62859  0.00467472
2.62825  0.00463151
2.62753  0.00463268
2.62754  0.00457852
2.62749  0.00452584
2.62809  0.00451303
2.62854  0.00448528
2.62845  0.00443618
2.62799  0.00441058
2.62794  0.00436269
2.62849  0.00435067
2.6287  0.00430927
2.62871  0.00426368
2.62907  0.00423436
2.62945  0.00420732
2.62903   0.0041853
2.62911  0.00414352
2.62851  0.00414536
2.62902  0.00413658
2.62884  0.00410009
2.62925  0.00408105
2.62898  0.00405039
2.62925  0.00402044
2.62888  0.00399984
2.62844  0.00398629
2.62854  0.00395041
2.62846  0.00391471
2.62836  0.00388023
2.6278  0.00388621
2.62796  0.00385467
2.62777  0.00382515
2.62769  0.00379234
2.62731  0.00377798
2.62771   0.0037666
2.62787  0.00373755
2.62791  0.00370602
2.62854  0.00372712
2.62849  0.00369626
2.62808   0.0036877
2.62783   0.0036661
2.62727  0.00367926
2.62779   0.0036862
2.62776  0.00365671
2.62765  0.00362911
2.6279  0.00360865
2.62803  0.00358281
2.62826  0.00356244
2.62799  0.00354515
2.62782  0.00352215
2.62794   0.0034974
2.62864  0.00354158
2.62864  0.00351506
2.62825  0.00351036
2.62816  0.00348571
2.62793  0.00346774
2.6278  0.00344503
2.62775  0.00342048
2.62833  0.00344499
2.62861  0.00343214
2.62885  0.00341597
2.62883  0.00339202
2.62908  0.00337723
2.62922  0.00335667
2.62925  0.00333375
2.62904  0.00331742
2.62884  0.00330085
2.62899  0.00328178
2.62914  0.00326355
2.62956  0.00326834
2.62967  0.00324875
2.62948  0.00323308
2.62937   0.0032141
2.62955  0.00319864
2.62938  0.00318284
2.62904  0.00318046
2.62877  0.00317148
2.62912  0.00317075
2.62902  0.00315241
2.62945  0.00316204
2.6293  0.00314624
2.62942  0.00312919
2.62947  0.00311045
2.62958  0.00309352
2.62906  0.00311856
2.62903  0.00309993
2.62905  0.00308149
2.62874  0.00307927
2.6284   0.0030801
2.6285  0.00306377
2.62875  0.00305603
2.62841  0.00305761
2.62836  0.00304041
2.62822  0.00302604
2.62807  0.00301239
2.62825  0.00300042
2.62797  0.00299655
2.62844  0.00301724
2.6282  0.00301032
2.62795  0.00300376
2.62814  0.00299324
2.62859  0.00301068
2.62866  0.00299498
2.62895   0.0029927
2.62902  0.00297738
2.62905  0.00296167
2.62892  0.00294911
2.62873  0.00293938
2.62893  0.00293101
2.629  0.00291628
2.62905  0.00290153
2.62921  0.00289121
2.62882   0.0029031
2.62845  0.00291241
2.62842   0.0028976
2.6287  0.00289622
2.62899  0.00289635
2.62874  0.00289287
2.62882   0.0028794
2.58931           0
2.61652   0.0272092
2.64418   0.0318038
2.64174   0.0226201
2.62109   0.0270861
2.61302   0.0235388
2.61039    0.020067
2.60309   0.0188532
2.60432   0.0166728
2.60359   0.0149305
2.60957   0.0147701
2.60616   0.0139068
2.60562    0.012804
2.60464   0.0118943
2.60791   0.0115447
2.60906   0.0108598
2.61305   0.0109534
2.61776   0.0113519
2.62036   0.0110486
2.62359   0.0109686
2.62173   0.0105978
2.62506   0.0106381
2.62486   0.0101671
2.62393  0.00977828
2.62629  0.00967068
2.62609  0.00929331
2.62665  0.00896014
2.62565  0.00869253
2.6277  0.00863459
2.62603  0.00850793
2.62631  0.00823362
2.62677  0.00798559
2.62705  0.00774506
2.62631  0.00755005
2.62461  0.00752613
2.62411  0.00733122
2.62402  0.00713093
2.62365  0.00695073
2.62141  0.00713068
2.62387  0.00737483
2.62334  0.00721269
2.62392  0.00706279
2.6237  0.00689992
2.62443   0.0067807
2.62406  0.00663907
2.6257  0.00669723
2.62603  0.00656181
2.62575  0.00643009
2.62574   0.0062975
2.62546   0.0061768
2.62458  0.00611775
2.62403  0.00602409
2.62461  0.00593819
2.62541  0.00588187
2.62578  0.00578527
2.62651  0.00572852
2.62656  0.00562735
2.62729  0.00557717
2.6278  0.00550552
2.62782  0.00541303
2.62817  0.00533492
2.62864  0.00526922
2.63002  0.00536588
2.63055  0.00530704
2.62982  0.00527535
2.63054  0.00524492
2.62997  0.00519694
2.63001  0.00512009
2.63026  0.00505123
2.63073  0.00500114
2.6306  0.00493187
2.63081  0.00486724
2.63076  0.00480035
2.62959  0.00487733
2.62906  0.00484128
2.62811  0.00487009
2.62777  0.00481888
2.62737  0.00477331
2.62839  0.00482225
2.62889  0.00478809
2.62866  0.00473445
2.62801  0.00472126
2.62855  0.00469585
2.62811   0.0046604
2.62729  0.00467839
2.62721  0.00462439
2.62716  0.00457114
2.62783  0.00456793
2.62831  0.00454201
2.6282  0.00449284
2.62782  0.00445929
2.62784  0.00441062
2.62833  0.00439055
2.62855   0.0043491
2.62854  0.00430311
2.62896  0.00427881
2.62932  0.00425027
2.62889  0.00422849
2.62896  0.00418604
2.62839  0.00418235
2.62888  0.00416925
2.62869  0.00413263
2.62905  0.00410791
2.6287   0.0040831
2.62893  0.00405059
2.62864  0.00402232
2.62818  0.00401144
2.62822  0.00397431
2.62809  0.00393985
2.62803   0.0039043
2.62749  0.00390691
2.62764  0.00387494
2.62747  0.00384446
2.62736  0.00381214
2.627  0.00379555
2.62741  0.00378536
2.62748   0.0037535
2.62752  0.00372174
2.62814   0.0037418
2.6281  0.00371065
2.62777  0.00369462
2.62751  0.00367393
2.62696  0.00368531
2.62754  0.00370183
2.62754   0.0036721
2.6274  0.00364587
2.62761  0.00362334
2.62774  0.00359734
2.62793  0.00357413
2.62767  0.00355555
2.62758  0.00352967
2.62776  0.00350758
2.62844  0.00354736
2.62842  0.00352086
2.62807  0.00351196
2.628  0.00348683
2.62778  0.00346791
2.62765  0.00344507
2.6276  0.00342057
2.62815  0.00343953
2.62844  0.00342772
2.62872  0.00341471
2.62868  0.00339092
2.62888  0.00337323
2.629  0.00335203
2.62899  0.00332901
2.62885  0.00330917
2.62865  0.00329338
2.62879  0.00327418
2.62896  0.00325688
2.62935  0.00325835
2.62944  0.00323814
2.62927  0.00322127
2.62914  0.00320274
2.62927  0.00318432
2.62901  0.00317448
2.62866  0.00317359
2.62843  0.00316168
2.62877  0.00316079
2.62865  0.00314359
2.62912  0.00316027
2.62894  0.00314597
2.62905  0.00312849
2.62907  0.00310943
2.62914  0.00309122
2.62863  0.00311345
2.62863  0.00309475
2.62868  0.00307668
2.62837  0.00307487
2.62803  0.00307527
2.62813  0.00305907
2.6284  0.00305248
2.62807  0.00305285
2.6281  0.00303542
2.62794  0.00302207
2.62781  0.00300781
2.62804  0.00299945
2.6278  0.00299187
2.62826  0.00300987
2.62802  0.00300225
2.62781  0.00299329
2.62802  0.00298437
2.6285  0.00300732
2.62855  0.00299124
2.62892   0.0029978
2.62896  0.00298192
2.62899  0.00296607
2.62886  0.00295278
2.62867  0.00294381
2.62886  0.00293447
2.62892  0.00291985
2.62894  0.00290466
2.62913  0.00289588
2.62878  0.00290197
2.62846  0.00290561
2.62842  0.00289099
2.6287   0.0028896
2.62899  0.00288987
2.62875  0.00288555
2.6288  0.00287155
