78.0975           0
77.7412     0.35629
77.3175    0.471049
78.4212     1.15284
78.823    0.979256
78.8985    0.803114
79.2091    0.746441
79.02    0.673521
79.1475    0.607505
78.9845    0.567277
79.0705    0.520278
78.8953    0.506254
78.6768    0.514382
78.9249    0.536975
79.0047    0.506225
78.8776    0.490296
78.9153    0.462097
79.0167     0.44732
79.0467    0.424184
79.0929    0.405059
79.2024    0.400532
79.3092    0.396555
79.2953    0.379175
79.2227    0.370236
79.1731    0.358559
79.3884    0.406258
79.5105    0.409529
79.5625    0.398041
79.6332    0.390521
79.5724    0.382138
79.5357    0.371425
79.4683    0.365896
79.5171    0.357988
79.5287    0.347492
79.53     0.33742
79.5168     0.32818
79.5427    0.320235
79.479     0.31813
79.4327    0.313304
79.4512    0.305933
79.4823    0.299994
79.5213    0.295344
79.4435    0.298701
79.4338    0.291994
79.4002    0.287399
79.4053    0.281127
79.4096    0.275114
79.3971    0.269613
79.4045    0.264158
79.3955    0.258975
79.3051    0.269482
79.3392    0.266438
79.3069    0.263347
79.2644    0.261889
79.292    0.258553
79.3323    0.257073
79.2794    0.257986
79.2689    0.253719
79.2208     0.25397
79.239    0.250364
79.219    0.247037
79.2173    0.243026
79.2455    0.240795
79.1814    0.245525
79.1605    0.242617
79.1979    0.241824
79.1877    0.238406
79.2231    0.237517
79.2031    0.234897
79.1965    0.231611
79.1354    0.236377
79.1591    0.234282
79.122    0.234019
79.1022    0.231682
79.1203     0.22929
79.0855    0.228915
79.0638    0.226963
79.0855     0.22508
79.0718    0.222635
79.0624    0.220031
79.0291    0.219848
79.0237    0.217217
79.007    0.215236
79.0221    0.213198
78.9559    0.220827
78.9199    0.221205
78.9412    0.219689
78.9751    0.219805
78.9561    0.218153
78.9388    0.216409
78.965    0.215625
78.9765    0.213577
78.9843    0.211412
79.0115    0.210909
79.018    0.208777
79.071    0.213297
79.1113    0.214893
79.1425     0.21497
79.1224    0.213739
79.1151    0.211718
79.134    0.210465
79.1628    0.210378
79.1379    0.209808
79.1994    0.216688
79.1754    0.215957
79.182    0.214013
79.1674    0.212509
79.1992     0.21292
79.1877    0.211269
79.1966    0.209526
79.2016    0.207692
79.2206    0.206698
79.2306    0.205108
79.237    0.203401
79.2592    0.202839
79.2468    0.201464
79.2402    0.199842
79.2483    0.198306
79.2439    0.196682
79.257    0.195475
79.2403    0.194572
79.2317    0.193159
79.2309    0.191584
79.2163    0.190587
79.1767    0.193167
79.181    0.191676
79.1833    0.190174
79.2114    0.190768
79.2072    0.189328
79.1726    0.191027
79.1611    0.189915
79.1521    0.188686
79.1607     0.18746
79.1495    0.186395
79.1632    0.185521
79.1627    0.184153
79.1714    0.183014
79.1667    0.181745
79.1538     0.18089
79.1839    0.182096
79.1799    0.180844
79.1722     0.17973
79.1441    0.180667
79.1431    0.179411
79.1588    0.178858
79.1861    0.179719
79.2097    0.180048
79.1798    0.181313
79.179    0.180094
79.1859    0.179025
79.1772     0.17805
79.1871    0.177151
79.1929    0.176085
79.1921    0.174939
79.2121    0.174957
79.2071    0.173904
79.2034    0.172832
79.1927    0.172073
79.1905    0.171001
79.1672    0.171514
79.1693    0.170459
79.1712    0.169413
79.1644    0.168508
79.1682    0.167522
79.1695    0.166508
79.1813    0.165924
79.1661    0.165627
79.1734    0.164799
79.1593    0.164426
79.1693    0.163761
79.1725    0.162831
79.1779    0.161972
79.1756    0.161048
79.1889    0.160671
79.165    0.161526
79.1719    0.160752
79.1912    0.161003
79.198    0.160241
79.1933    0.159413
79.1997    0.158654
79.2006    0.157777
79.2017    0.156912
79.1847    0.156985
79.1716    0.156671
79.1689    0.155845
79.1558    0.155563
79.1544    0.154736
79.1492    0.153997
79.1608    0.153623
79.1446    0.153672
79.1425    0.152879
79.1382    0.152141
79.1532    0.152087
79.1642      0.1517
79.1735    0.151205
79.1815    0.150648
79.1784    0.149915
79.1599    0.150301
79.1697    0.149867
79.1751    0.149214
78.1499           0
77.7661    0.383722
77.3295    0.489604
78.4322     1.15574
78.8331    0.980908
78.9093    0.804524
79.2169    0.746275
79.0274    0.673505
79.1549    0.607508
78.991    0.567552
79.0769    0.520517
78.8999    0.507086
78.6826    0.514564
78.9318    0.537609
79.0111    0.506745
78.8828    0.491076
78.9207     0.46284
79.0218     0.44793
79.052    0.424773
79.0977    0.405552
79.2064    0.400781
79.3128    0.396674
79.299    0.379285
79.2258    0.370443
79.176     0.35879
79.3907    0.406084
79.5125     0.40931
79.5643      0.3978
79.6343    0.390183
79.5734    0.381851
79.5364    0.371171
79.4693    0.365607
79.5181    0.357707
79.5297    0.347221
79.5309    0.337156
79.5175    0.327931
79.5434    0.319994
79.4801    0.317821
79.4339    0.312996
79.4519    0.305601
79.4828    0.299649
79.5218    0.295024
79.4442    0.298358
79.4347    0.291653
79.401    0.287079
79.406    0.280813
79.4106    0.274811
79.3982    0.269308
79.4056    0.263857
79.3963    0.258693
79.3062    0.269098
79.3403    0.266068
79.3079    0.263008
79.2651    0.261616
79.2925    0.258276
79.3328    0.256798
79.2802    0.257675
79.2692    0.253434
79.2212    0.253686
79.2391    0.250069
79.2192    0.246743
79.2175    0.242736
79.2457    0.240507
79.1816    0.245226
79.161    0.242305
79.1985    0.241532
79.1885    0.238109
79.2241    0.237266
79.2043     0.23464
79.1979    0.231352
79.1366    0.236158
79.1602    0.234048
79.123    0.233804
79.1031    0.231477
79.1212    0.229087
79.0865    0.228694
79.0649    0.226743
79.0866     0.22487
79.0727    0.222437
79.0632    0.219846
79.0299    0.219655
79.0244    0.217028
79.0076    0.215057
79.0228    0.213021
78.9569    0.220554
78.9208    0.220944
78.9421    0.219419
78.976    0.219547
78.9569    0.217906
78.9396    0.216161
78.9658    0.215379
78.9773    0.213333
78.9851    0.211171
79.0119    0.210626
79.0185    0.208499
79.0714    0.213009
79.1117    0.214614
79.1429    0.214698
79.1228    0.213471
79.1155    0.211453
79.1344    0.210202
79.1633    0.210127
79.1383    0.209567
79.1998    0.216456
79.1756    0.215746
79.1823    0.213805
79.1676    0.212303
79.1994    0.212711
79.1879    0.211063
79.1967    0.209322
79.2019    0.207492
79.2207    0.206489
79.2308    0.204902
79.2371    0.203196
79.2593    0.202634
79.2471    0.201251
79.2405    0.199633
79.2487    0.198104
79.2443     0.19648
79.2575    0.195279
79.2408    0.194377
79.2323    0.192961
79.2315    0.191388
79.217    0.190387
79.1774    0.192968
79.1817     0.19148
79.1838    0.189978
79.212    0.190579
79.2081    0.189137
79.1736    0.190818
79.1618    0.189722
79.1529     0.18849
79.1617    0.187274
79.1503    0.186217
79.1641    0.185347
79.1636     0.18398
79.1722    0.182836
79.1675    0.181567
79.1547    0.180712
79.1848    0.181937
79.1808    0.180686
79.1732     0.17957
79.1451    0.180509
79.1441    0.179254
79.1597    0.178699
79.1869     0.17954
79.2106    0.179879
79.1806    0.181154
79.1798    0.179936
79.187    0.178875
79.1782    0.177901
79.1881    0.177005
79.194    0.175941
79.1931    0.174796
79.2131    0.174815
79.2081    0.173763
79.2044    0.172694
79.1935     0.17194
79.1914    0.170868
79.1683    0.171369
79.1704    0.170314
79.1723    0.169271
79.1654    0.168369
79.1693    0.167384
79.1707    0.166372
79.1824    0.165781
79.1672    0.165487
79.1743    0.164654
79.1602    0.164286
79.1703    0.163629
79.1733    0.162698
79.1787    0.161839
79.1765    0.160917
79.1897    0.160536
79.1658    0.161396
79.1726    0.160619
79.1918    0.160861
79.1986      0.1601
79.1939    0.159274
79.2002    0.158515
79.2012     0.15764
79.2023    0.156776
79.1853    0.156848
79.1724    0.156526
79.1697      0.1557
79.1565    0.155424
79.1551    0.154597
79.15    0.153858
79.1616    0.153484
79.1454    0.153538
79.1433    0.152747
79.1389    0.152011
79.1539    0.151956
79.1649    0.151571
79.1741    0.151073
79.1822    0.150517
79.179    0.149784
79.1605    0.150172
79.1703     0.14974
79.1759    0.149092
