1   -0.493059   -0.493059           0
2   -0.494638   -0.493849   0.0007896
3   -0.493693   -0.493797 0.000458832
4   -0.492718   -0.493527 0.000421838
5   -0.493786   -0.493579 0.000330816
6   -0.492467   -0.493394 0.000327549
7    -0.49339   -0.493393  0.00027683
8   -0.493928    -0.49346 0.000248889
9   -0.493354   -0.493448 0.000219818
10   -0.493269    -0.49343 0.000197428
11   -0.492552    -0.49335 0.000195615
12   -0.492464   -0.493277 0.000193246
13   -0.494691   -0.493385 0.000208424
14   -0.493174    -0.49337 0.000193551
15   -0.493931   -0.493408 0.000184025
16    -0.49312    -0.49339 0.000173076
17   -0.494629   -0.493463 0.000178168
18   -0.492752   -0.493423 0.000172555
19   -0.492853   -0.493393 0.000165958
20   -0.492829   -0.493365  0.00015995
21   -0.494755   -0.493431 0.000165923
22   -0.492856   -0.493405 0.000160347
23   -0.493944   -0.493428 0.000154999
24   -0.492891   -0.493406 0.000150079
25   -0.493061   -0.493392 0.000144611
26   -0.492806    -0.49337 0.000140753
27   -0.493763   -0.493384 0.000136221
28   -0.494437   -0.493422 0.000136543
29   -0.492842   -0.493402 0.000133261
30   -0.493622   -0.493409 0.000128952
31   -0.494094   -0.493431 0.000126666
32   -0.493107   -0.493421 0.000123062
33   -0.493763   -0.493432 0.000119724
34   -0.493909   -0.493446 0.000116994
35   -0.494333   -0.493471 0.000116397
36   -0.493282   -0.493466 0.000113239
37   -0.492533    -0.49344 0.000112985
38   -0.493862   -0.493452 0.000110531
39    -0.49411   -0.493468 0.000108977
40   -0.492112   -0.493435 0.000111499
41   -0.493402   -0.493434 0.000108749
42   -0.492827   -0.493419 0.000107106
43   -0.492898   -0.493407 0.000105287
44   -0.494699   -0.493437 0.000106975
45   -0.493368   -0.493435 0.000104582
46    -0.49224   -0.493409 0.000105531
47   -0.493344   -0.493408  0.00010327
48   -0.495008   -0.493441 0.000106452
49   -0.494352    -0.49346 0.000105902
50   -0.493851   -0.493467 0.000104057
51   -0.493118   -0.493461 0.000102226
52   -0.492475   -0.493442 0.000102016
53   -0.493021   -0.493434 0.000100387
54   -0.494157   -0.493447 9.94166e-05
55   -0.493054    -0.49344  9.7853e-05
56   -0.492034   -0.493415 9.93171e-05
57   -0.493446   -0.493415 9.75607e-05
58    -0.49308    -0.49341 9.60381e-05
59   -0.492782   -0.493399  9.4993e-05
60   -0.493595   -0.493402 9.34536e-05
61   -0.494179   -0.493415 9.27872e-05
62   -0.494002   -0.493424 9.17675e-05
63   -0.492886   -0.493416 9.07021e-05
64   -0.493243   -0.493413 8.93144e-05
65   -0.492216   -0.493395 8.98378e-05
66   -0.492702   -0.493384 8.90859e-05
67   -0.493397   -0.493384 8.77464e-05
68   -0.493362   -0.493384 8.64471e-05
69    -0.49425   -0.493397 8.61035e-05
70     -0.4928   -0.493388 8.52915e-05
71   -0.492173   -0.493371 8.58064e-05
72   -0.492486   -0.493359 8.54937e-05
73   -0.493954   -0.493367 8.47073e-05
74   -0.493992   -0.493375 8.39807e-05
75   -0.493011    -0.49337 8.29955e-05
76    -0.49227   -0.493356 8.31655e-05
77   -0.493344   -0.493356 8.20785e-05
78   -0.494021   -0.493364 8.14666e-05
79   -0.493048    -0.49336 8.05284e-05
80    -0.49259   -0.493351 8.00958e-05
81   -0.492638   -0.493342 7.95882e-05
82   -0.493304   -0.493341 7.86129e-05
83   -0.493264   -0.493341 7.76656e-05
84   -0.492768   -0.493334 7.70376e-05
85   -0.492546   -0.493324 7.66885e-05
86   -0.494322   -0.493336 7.66733e-05
87    -0.49336   -0.493336 7.57873e-05
88   -0.493338   -0.493336 7.49212e-05
89   -0.492526   -0.493327 7.46315e-05
90    -0.49168   -0.493309 7.60334e-05
91   -0.493042   -0.493306 7.52506e-05
92   -0.493194   -0.493305 7.44382e-05
93    -0.49295   -0.493301 7.37319e-05
94   -0.493075   -0.493299 7.29829e-05
95   -0.493629   -0.493302 7.22942e-05
96   -0.492712   -0.493296 7.18007e-05
97   -0.491738    -0.49328   7.285e-05
98   -0.494821   -0.493296 7.37975e-05
99   -0.493165   -0.493294 7.30602e-05
100   -0.493899     -0.4933 7.25784e-05
101   -0.494549   -0.493313 7.29118e-05
102   -0.493672   -0.493316 7.22793e-05
103   -0.494795   -0.493331 7.30004e-05
104   -0.493299    -0.49333 7.22957e-05
105     -0.4942   -0.493339 7.20814e-05
106    -0.49371   -0.493342 7.14843e-05
107   -0.492565   -0.493335 7.11846e-05
108   -0.493616   -0.493337 7.05705e-05
109   -0.493213   -0.493336 6.99294e-05
110   -0.492768   -0.493331  6.9483e-05
111   -0.493606   -0.493334 6.88989e-05
112   -0.493238   -0.493333 6.82862e-05
113   -0.492101   -0.493322 6.85516e-05
114   -0.492675   -0.493316 6.81839e-05
115   -0.494216   -0.493324 6.80399e-05
116   -0.494496   -0.493334 6.82034e-05
117   -0.492637   -0.493328   6.788e-05
118   -0.492957   -0.493325 6.73758e-05
119   -0.493325   -0.493325 6.68072e-05
120   -0.493626   -0.493327 6.62955e-05
121    -0.49332   -0.493327 6.57454e-05
122   -0.493326   -0.493327 6.52043e-05
123   -0.494066   -0.493333 6.49499e-05
124   -0.494045   -0.493339 6.46789e-05
125   -0.494696    -0.49335 6.50712e-05
126   -0.494162   -0.493356 6.48733e-05
127   -0.492936   -0.493353 6.44455e-05
128   -0.493141   -0.493351 6.39616e-05
129    -0.49283   -0.493347 6.35922e-05
130   -0.493211   -0.493346 6.31099e-05
131   -0.493118   -0.493345 6.26504e-05
132   -0.493021   -0.493342 6.22224e-05
133   -0.492621   -0.493337 6.19905e-05
134   -0.494144   -0.493343 6.18204e-05
135   -0.493174   -0.493342 6.13734e-05
136    -0.49252   -0.493335 6.12192e-05
137   -0.494368   -0.493343 6.12362e-05
138   -0.493176   -0.493342 6.08029e-05
139   -0.493046    -0.49334 6.04013e-05
140   -0.493317    -0.49334 5.99685e-05
141   -0.493704   -0.493342 5.95978e-05
142   -0.494398    -0.49335 5.96423e-05
143   -0.493691   -0.493352  5.9272e-05
144   -0.493509   -0.493353  5.8869e-05
145   -0.492898    -0.49335 5.85459e-05
146   -0.492696   -0.493345 5.83157e-05
147   -0.493736   -0.493348 5.79786e-05
148   -0.494259   -0.493354 5.79137e-05
149   -0.493045   -0.493352 5.75611e-05
150   -0.492885   -0.493349 5.72609e-05
151   -0.493403   -0.493349 5.68816e-05
152    -0.49293   -0.493347 5.65736e-05
153    -0.49235    -0.49334 5.65785e-05
154   -0.494635   -0.493349 5.68355e-05
155   -0.492549   -0.493343 5.67029e-05
156   -0.493722   -0.493346 5.63904e-05
157   -0.492538   -0.493341  5.6266e-05
158   -0.492421   -0.493335 5.62111e-05
159   -0.493594   -0.493336 5.58801e-05
160    -0.49371   -0.493339 5.55789e-05
161   -0.492114   -0.493331 5.57544e-05
162   -0.495269   -0.493343 5.66854e-05
163   -0.493304   -0.493343 5.63371e-05
164   -0.496061   -0.493359 5.83936e-05
165    -0.49433   -0.493365 5.83357e-05
166    -0.49283   -0.493362 5.80727e-05
167   -0.493576   -0.493363 5.77381e-05
168   -0.495046   -0.493373 5.82611e-05
169   -0.495184   -0.493384  5.8898e-05
170   -0.492928   -0.493381 5.86119e-05
171   -0.493888   -0.493384 5.83434e-05
172   -0.492765   -0.493381  5.8115e-05
173   -0.492834   -0.493378 5.78646e-05
174   -0.494171   -0.493382 5.77116e-05
175   -0.493094   -0.493381 5.74044e-05
176   -0.494146   -0.493385 5.72426e-05
177   -0.494422   -0.493391 5.72193e-05
178   -0.492931   -0.493388 5.69555e-05
179   -0.494573   -0.493395 5.70217e-05
180   -0.493613   -0.493396  5.6717e-05
181   -0.493648   -0.493397   5.642e-05
182   -0.494096   -0.493401 5.62402e-05
183   -0.492797   -0.493398 5.60295e-05
184   -0.494032   -0.493401 5.58306e-05
185   -0.494101   -0.493405 5.56566e-05
186    -0.49283   -0.493402 5.54427e-05
187   -0.494565   -0.493408 5.54949e-05
188    -0.49324   -0.493407 5.52061e-05
189   -0.493461   -0.493408  5.4914e-05
190   -0.493181   -0.493406 5.46373e-05
191   -0.494402   -0.493412 5.45996e-05
192   -0.493747   -0.493413 5.43426e-05
193   -0.492019   -0.493406 5.45408e-05
194   -0.492339   -0.493401  5.4537e-05
195   -0.492458   -0.493396 5.44717e-05
196   -0.494176     -0.4934 5.43391e-05
197    -0.49296   -0.493398 5.41086e-05
198   -0.494051   -0.493401 5.39358e-05
199   -0.493195     -0.4934  5.3674e-05
200   -0.492408   -0.493395 5.36347e-05
1   -0.492926   -0.492926           0
2   -0.494619   -0.493773   0.0008464
3    -0.49371   -0.493752 0.000489112
4   -0.492363   -0.493405 0.000490064
5   -0.494069   -0.493538 0.000402161
6   -0.492056   -0.493291 0.000410851
7   -0.493203   -0.493278 0.000347457
8   -0.494394   -0.493418  0.00033164
9   -0.493302   -0.493405 0.000292759
10   -0.493083   -0.493373 0.000263819
11   -0.491958   -0.493244 0.000271064
12   -0.493029   -0.493226 0.000248095
13   -0.494373   -0.493314 0.000244667
14   -0.493197   -0.493306 0.000226673
15   -0.493754   -0.493336 0.000213121
16   -0.493771   -0.493363 0.000201206
17    -0.49435   -0.493421 0.000197723
18   -0.492565   -0.493374 0.000192389
19    -0.49295   -0.493351  0.00018334
20   -0.492912   -0.493329 0.000175312
21   -0.494885   -0.493403 0.000182466
22   -0.493002   -0.493385 0.000174931
23    -0.49427   -0.493424 0.000171527
24   -0.493112   -0.493411 0.000164737
25   -0.494294   -0.493446 0.000161916
26    -0.49295   -0.493427 0.000156727
27   -0.494632   -0.493472 0.000157277
28   -0.495107    -0.49353 0.000162425
29   -0.492507   -0.493495 0.000160643
30   -0.493118   -0.493482 0.000155702
31   -0.494558   -0.493517 0.000154546
32   -0.493357   -0.493512 0.000149722
33   -0.493515   -0.493512 0.000145114
34   -0.494035   -0.493527  0.00014162
35   -0.494445   -0.493554  0.00013999
36   -0.493309   -0.493547 0.000136216
37   -0.492606   -0.493521 0.000134899
38     -0.4942   -0.493539  0.00013251
39   -0.494216   -0.493557 0.000130229
40   -0.492538   -0.493531 0.000129462
41   -0.493397   -0.493528 0.000126308
42   -0.492638   -0.493507 0.000125069
43    -0.49259   -0.493485 0.000123971
44   -0.493685    -0.49349 0.000121206
45   -0.493067    -0.49348 0.000118853
46   -0.492595   -0.493461 0.000117823
47   -0.493824   -0.493469 0.000115547
48    -0.49459   -0.493492 0.000115502
49    -0.49417   -0.493506 0.000113962
50   -0.494379   -0.493524 0.000113016
51   -0.493397   -0.493521 0.000110806
52   -0.492264   -0.493497 0.000111311
53   -0.493181   -0.493491 0.000109353
54   -0.494197   -0.493504 0.000108102
55   -0.492501   -0.493486 0.000107675
56   -0.492302   -0.493465 0.000107826
57   -0.493766    -0.49347 0.000106049
58   -0.493598   -0.493472 0.000104228
59    -0.49252   -0.493456  0.00010371
60   -0.494173   -0.493468 0.000102664
61   -0.494714   -0.493488 0.000103011
62   -0.494128   -0.493499  0.00010186
63   -0.493314   -0.493496 0.000100273
64   -0.493522   -0.493496 9.86949e-05
65   -0.491886   -0.493471 0.000100271
66   -0.492733    -0.49346 9.93724e-05
67   -0.493528   -0.493461 9.78832e-05
68   -0.493621   -0.493464 9.64616e-05
69   -0.494363   -0.493477 9.59433e-05
70   -0.492667   -0.493465 9.52671e-05
71   -0.492742   -0.493455 9.44656e-05
72   -0.493016   -0.493449 9.33436e-05
73   -0.493643   -0.493451 9.20946e-05
74   -0.493427   -0.493451 9.08421e-05
75   -0.492955   -0.493445 8.98663e-05
76   -0.492629   -0.493434 8.93231e-05
77   -0.492845   -0.493426 8.84867e-05
78   -0.494166   -0.493436  8.7859e-05
79   -0.493235   -0.493433 8.67768e-05
80   -0.493333   -0.493432 8.56944e-05
81   -0.491835   -0.493412  8.6895e-05
82    -0.49324    -0.49341 8.58544e-05
83   -0.492331   -0.493397 8.58039e-05
84   -0.493046   -0.493393  8.4879e-05
85   -0.492242   -0.493379 8.49609e-05
86   -0.494936   -0.493397 8.58961e-05
87   -0.493606     -0.4934 8.49371e-05
88   -0.492811   -0.493393 8.42323e-05
89   -0.492733   -0.493386 8.36103e-05
90    -0.49276   -0.493379 8.29679e-05
91   -0.493901   -0.493384 8.22514e-05
92   -0.493394   -0.493385 8.13525e-05
93   -0.492765   -0.493378 8.07485e-05
94   -0.492819   -0.493372 8.01056e-05
95   -0.493278   -0.493371 7.92641e-05
96   -0.492432   -0.493361 7.90416e-05
97   -0.491438   -0.493341 8.06951e-05
98   -0.494109   -0.493349 8.02504e-05
99   -0.493459    -0.49335 7.94434e-05
100   -0.493768   -0.493354 7.87558e-05
101   -0.494032   -0.493361 7.82601e-05
102   -0.493797   -0.493365 7.76067e-05
103   -0.495106   -0.493382 7.86846e-05
104    -0.49335   -0.493382  7.7925e-05
105   -0.494512   -0.493393 7.79259e-05
106   -0.493277   -0.493392  7.7195e-05
107   -0.492683   -0.493385 7.67563e-05
108   -0.493442   -0.493386 7.60441e-05
109   -0.493294   -0.493385 7.53478e-05
110   -0.492032   -0.493372 7.56658e-05
111   -0.493792   -0.493376 7.50762e-05
112   -0.493373   -0.493376 7.44029e-05
113   -0.492195   -0.493366 7.44785e-05
114   -0.492776   -0.493361 7.40034e-05
115    -0.49372   -0.493364 7.34236e-05
116   -0.494723   -0.493375 7.37253e-05
117    -0.49228   -0.493366 7.36897e-05
118   -0.493504   -0.493367 7.30719e-05
119   -0.492706   -0.493362 7.26683e-05
120   -0.493789   -0.493365  7.2148e-05
121   -0.493547   -0.493367  7.1565e-05
122   -0.493082   -0.493364 7.10145e-05
123   -0.493515   -0.493366 7.04455e-05
124   -0.494429   -0.493374 7.03991e-05
125   -0.495118   -0.493388  7.1214e-05
126   -0.494318   -0.493396 7.10312e-05
127   -0.493544   -0.493397 7.04794e-05
128   -0.492243   -0.493388 7.05049e-05
129   -0.492898   -0.493384 7.00593e-05
130    -0.49329   -0.493383 6.95221e-05
131   -0.493154   -0.493381 6.90116e-05
132   -0.492514   -0.493375 6.88017e-05
133   -0.492787    -0.49337 6.84252e-05
134   -0.493235   -0.493369 6.79202e-05
135   -0.492821   -0.493365 6.75376e-05
136   -0.492702   -0.493361 6.72161e-05
137   -0.494429   -0.493368 6.71778e-05
138    -0.49331   -0.493368 6.66906e-05
139   -0.493955   -0.493372 6.63437e-05
140   -0.493037    -0.49337 6.59117e-05
141   -0.493184   -0.493368 6.54558e-05
142   -0.494358   -0.493375 6.53661e-05
143   -0.493749   -0.493378 6.49599e-05
144    -0.49356   -0.493379 6.45196e-05
145   -0.492694   -0.493375 6.42469e-05
146    -0.49296   -0.493372 6.38685e-05
147   -0.493896   -0.493375 6.35327e-05
148   -0.494192   -0.493381 6.33428e-05
149   -0.493435   -0.493381 6.29173e-05
150   -0.492912   -0.493378 6.25747e-05
151   -0.493405   -0.493378 6.21591e-05
152   -0.492573   -0.493373 6.19758e-05
153    -0.49216   -0.493365 6.20776e-05
154   -0.495563   -0.493379 6.33035e-05
155   -0.492365   -0.493373 6.32334e-05
156   -0.493555   -0.493374 6.28376e-05
157   -0.492918   -0.493371 6.25035e-05
158   -0.492134   -0.493363 6.25978e-05
159   -0.493819   -0.493366  6.2269e-05
160   -0.492947   -0.493363 6.19339e-05
161   -0.492067   -0.493355 6.20723e-05
162    -0.49489   -0.493365 6.24107e-05
163   -0.492523    -0.49336 6.22412e-05
164   -0.495581   -0.493373 6.33258e-05
165   -0.493618   -0.493375 6.29582e-05
166   -0.492474   -0.493369 6.28128e-05
167    -0.49407   -0.493373 6.25766e-05
168   -0.494632   -0.493381 6.26525e-05
169   -0.494626   -0.493388 6.27146e-05
170   -0.493301   -0.493388 6.23467e-05
171   -0.494515   -0.493394 6.23307e-05
172   -0.492786   -0.493391 6.20683e-05
173   -0.493158   -0.493389 6.17231e-05
174   -0.493035   -0.493387 6.14011e-05
175   -0.493454   -0.493388 6.10504e-05
176   -0.493566   -0.493389  6.0711e-05
177   -0.494922   -0.493398  6.0985e-05
178   -0.492874   -0.493395 6.07128e-05
179   -0.493941   -0.493398 6.04497e-05
180   -0.492965   -0.493395  6.0161e-05
181   -0.493898   -0.493398 5.98921e-05
182   -0.493627   -0.493399 5.95754e-05
183   -0.492726   -0.493396  5.9363e-05
184   -0.494198     -0.4934 5.92005e-05
185   -0.494083   -0.493404 5.89953e-05
186   -0.492845   -0.493401 5.87541e-05
187   -0.494373   -0.493406 5.86699e-05
188   -0.493101   -0.493404 5.83795e-05
189   -0.493538   -0.493405 5.80741e-05
190    -0.49297   -0.493403 5.78131e-05
191   -0.494898    -0.49341 5.80398e-05
192   -0.493707   -0.493412 5.77574e-05
193   -0.492158   -0.493405 5.78233e-05
194   -0.492386     -0.4934 5.77642e-05
195   -0.492496   -0.493396  5.7654e-05
196   -0.493643   -0.493397  5.7373e-05
197   -0.493918     -0.4934 5.71424e-05
198   -0.494373   -0.493404 5.70652e-05
199   -0.493555   -0.493405 5.67827e-05
200   -0.491682   -0.493397 5.71516e-05
