2.09455           0
2.09935      0.0048
2.10906   0.0100993
2.11036  0.00725767
2.10358   0.0088064
2.10057  0.00779516
2.09755  0.00724445
2.09372  0.00735371
2.09832  0.00795243
2.09837  0.00711306
2.10399  0.00853945
2.10066   0.0084767
2.0975  0.00841234
2.0999  0.00815086
2.10098  0.00766381
2.10303  0.00745654
2.10313  0.00700489
2.10486    0.006828
2.10712  0.00684178
2.10957  0.00693864
2.10903   0.0066226
2.11092  0.00659363
2.11047  0.00631656
2.1084  0.00639209
2.10837  0.00613118
2.10943  0.00598554
2.10943  0.00575959
2.10921  0.00555471
2.11048  0.00550788
2.10963  0.00538834
2.1083  0.00537691
2.10826  0.00520632
2.10979   0.0052726
2.11014  0.00512717
2.10843  0.00526458
2.1074  0.00522005
2.10686  0.00510499
2.10613  0.00502319
2.10562  0.00491868
2.10666  0.00490473
2.10659  0.00478402
2.10726  0.00471664
2.10778  0.00463446
2.10723  0.00456106
2.10658   0.0045053
2.10743  0.00448745
2.10764  0.00439576
2.10752  0.00430483
2.10725  0.00422481
2.10683  0.00416019
2.10616  0.00413304
2.10571  0.00407824
2.10585   0.0040032
2.10658  0.00399612
2.10721   0.0039718
2.10744  0.00390712
2.10716  0.00384767
2.10731  0.00378361
2.10817  0.00381572
2.10785  0.00376481
2.10866  0.00378948
2.10912  0.00375677
2.10991  0.00378036
2.10996  0.00372115
2.1095  0.00369222
2.10993  0.00366114
2.10906  0.00370926
2.10887  0.00365963
2.1091  0.00361392
2.10962  0.00359984
2.11002  0.00357117
2.11015  0.00352364
2.11023  0.00347584
2.10988  0.00344633
2.10944  0.00342845
2.10879  0.00344371
2.10857  0.00340617
2.10852  0.00336256
2.10869  0.00332409
2.10892  0.00329045
2.10858  0.00326797
2.1082  0.00325026
2.10817  0.00321096
2.10774  0.00320111
2.10745  0.00317682
2.10723  0.00314755
2.10763  0.00313697
2.10795  0.00311765
2.10795  0.00308242
2.10752  0.00307839
2.10728  0.00305419
2.10719  0.00302195
2.10735  0.00299363
2.1075  0.00296539
2.10719  0.00295076
2.10746  0.00293207
2.10791  0.00293689
2.10788  0.00290689
2.10784  0.00287771
2.10767  0.00285359
2.10797  0.00284114
2.10796  0.00281321
2.10853  0.00284524
2.10807  0.00285559
2.10813  0.00282896
2.10784  0.00281716
2.10781  0.00279086
2.10736  0.00280209
2.10755  0.00278276
2.10766  0.00275964
2.10691  0.00283628
2.10709   0.0028166
2.10687  0.00279985
2.10696  0.00277635
2.10658  0.00277762
2.10666  0.00275463
2.10697  0.00274913
2.10715  0.00273191
2.10753  0.00273486
2.10734  0.00271841
2.10708  0.00270849
2.10688  0.00269406
2.10669  0.00267847
2.10689  0.00266437
2.10695  0.00264369
2.10675  0.00263068
2.10712  0.00263593
2.10718  0.00261601
2.10723  0.00259613
2.10701  0.00258553
2.10679  0.00257477
2.10657  0.00256509
2.10691  0.00256834
2.10695  0.00254939
2.1068  0.00253474
2.10658  0.00252527
2.10642  0.00251227
2.10623  0.00250081
2.10615  0.00248413
2.10637  0.00247602
2.10637  0.00245839
2.10633  0.00244142
2.10639  0.00242525
2.10641   0.0024084
2.10633  0.00239315
2.10638  0.00237734
2.10629  0.00236311
2.10613  0.00235231
2.10613  0.00233647
2.10601  0.00232373
2.10594  0.00230931
2.10579  0.00229891
2.1057  0.00228564
2.10548  0.00228128
2.10558  0.00226846
2.10553  0.00225437
2.10525  0.00225713
2.10521  0.00224324
2.10574  0.00229143
2.10558  0.00228292
2.10599  0.00230684
2.10592  0.00229381
2.10585  0.00228068
2.10589  0.00226711
2.10591  0.00225338
2.10577  0.00224406
2.10563  0.00223476
2.10589   0.0022363
2.10599  0.00222543
2.1058  0.00222092
2.10585  0.00220844
2.10579  0.00219622
2.10563  0.00218967
2.10567  0.00217742
2.10549  0.00217213
2.10552   0.0021599
2.1056  0.00214935
2.10547  0.00214152
2.10573  0.00214583
2.10558   0.0021391
2.10552  0.00212817
2.10576  0.00213032
2.10603   0.0021354
2.10609  0.00212468
2.10617  0.00211471
2.10607   0.0021058
2.10622  0.00209987
2.106  0.00210001
2.10587  0.00209311
2.10601  0.00208673
2.10614  0.00208013
2.10613  0.00206928
2.1063   0.0020652
2.10624  0.00205542
2.10593  0.00206748
2.10594  0.00205692
2.10619  0.00206119
2.10662  0.00209697
2.10653  0.00208845
2.10646  0.00207927
2.09395           0
2.1003  0.00634535
2.11132   0.0116136
2.11207   0.0082462
2.10363   0.0105812
2.10258  0.00870415
2.09896  0.00819811
2.0945  0.00838168
2.09904  0.00867363
2.099  0.00775804
2.10464  0.00900141
2.10167  0.00873682
2.0989  0.00850033
2.10109  0.00816997
2.10191   0.0076499
2.10389  0.00742345
2.10414  0.00697764
2.1057  0.00676097
2.10752  0.00665033
2.10986  0.00672862
2.10958  0.00640636
2.11121  0.00632067
2.11065  0.00606545
2.10842  0.00621805
2.10871  0.00597099
2.10976  0.00583159
2.10978  0.00561149
2.10942  0.00541931
2.11051  0.00534235
2.10978  0.00521308
2.10836  0.00523904
2.1086  0.00507841
2.11011  0.00514736
2.11032  0.00499846
2.10873  0.00510827
2.10756  0.00510135
2.10712  0.00498049
2.10631   0.0049155
2.10583  0.00481212
2.10671  0.00477211
2.10645   0.0046612
2.10707  0.00459098
2.10747  0.00450088
2.1068  0.00444792
2.10615   0.0043966
2.10713   0.0044091
2.10727  0.00431663
2.10709  0.00422956
2.10678  0.00415412
2.10625  0.00410375
2.10556  0.00408136
2.10521  0.00401793
2.10544  0.00394829
2.10621  0.00395064
2.10679  0.00392112
2.1071  0.00386269
2.10691  0.00379889
2.10722  0.00374559
2.10803  0.00377014
2.10773  0.00371925
2.10852  0.00374163
2.10884  0.00369532
2.10977  0.00375283
2.10982  0.00369402
2.10936  0.00366534
2.10973  0.00362847
2.10896  0.00365581
2.10873  0.00360935
2.10908  0.00357433
2.10958  0.00355706
2.11007  0.00354189
2.11015  0.00349314
2.11025  0.00344646
2.10995  0.00341238
2.10951  0.00339606
2.10891  0.00340465
2.1086   0.0033739
2.10851  0.00333169
2.10884  0.00330623
2.10898  0.00326771
2.10864  0.00324564
2.10833  0.00322097
2.10833  0.00318193
2.10784  0.00318077
2.10753  0.00315879
2.10723  0.00313568
2.10766  0.00312782
2.10809  0.00312258
2.10811  0.00308737
2.10762  0.00309288
2.10742  0.00306522
2.1074  0.00303178
2.10752  0.00300134
2.10766  0.00297256
2.10733  0.00295923
2.10762  0.00294204
2.10803  0.00294109
2.10802  0.00291094
2.10803  0.00288142
2.10785  0.00285875
2.10815  0.00284673
2.10815  0.00281869
2.1087   0.0028434
2.1082  0.00286006
2.10824  0.00283309
2.10802  0.00281506
2.10798  0.00278898
2.10751  0.00280315
2.10768  0.00278306
2.10784  0.00276232
2.10711  0.00283387
2.10728  0.00281331
2.10708  0.00279498
2.10709  0.00277036
2.10676  0.00276574
2.10686  0.00274374
2.10713  0.00273348
2.10729  0.00271504
2.10765  0.00271591
2.10745  0.00270064
2.10722  0.00268792
2.10699  0.00267579
2.10679  0.00266176
2.10703  0.00265126
2.10711  0.00263116
2.10688   0.0026201
2.10724  0.00262415
2.10726  0.00260364
2.10729  0.00258351
2.1071     0.00257
2.10689  0.00255914
2.10671  0.00254635
2.10701  0.00254489
2.10705  0.00252616
2.10692  0.00251073
2.10673  0.00249974
2.10654  0.00248815
2.10638  0.00247566
2.10633  0.00245832
2.1065  0.00244708
2.10652  0.00242973
2.10646  0.00241319
2.10648  0.00239633
2.1065  0.00237972
2.10637  0.00236721
2.1064   0.0023511
2.10635  0.00233558
2.10618  0.00232559
2.10621  0.00231016
2.10612  0.00229681
2.10607  0.00228192
2.10587  0.00227649
2.10582  0.00226205
2.10563  0.00225509
2.10572  0.00224229
2.1056  0.00223129
2.10529  0.00223784
2.10527  0.00222378
2.10581  0.00227441
2.10562  0.00226805
2.10608   0.0023014
2.10601  0.00228819
2.10597  0.00227455
2.10598  0.00226068
2.10596  0.00224706
2.10585  0.00223629
2.10569  0.00222863
2.10599  0.00223576
2.1061  0.00222536
2.10588  0.00222331
2.10592  0.00221072
2.10586  0.00219871
2.10572  0.00219035
2.10581  0.00217955
2.10565  0.00217337
2.1057  0.00216152
2.10579  0.00215117
2.10571  0.00214045
2.10597  0.00214386
2.10583  0.00213637
2.1058  0.00212476
2.10603  0.00212574
2.10631  0.00213306
2.10637  0.00212229
2.10649  0.00211405
2.10638  0.00210538
2.10653  0.00209955
2.10632  0.00209935
2.10616  0.00209408
2.1063  0.00208765
2.10645   0.0020822
2.10639  0.00207221
2.1066  0.00207169
2.10657  0.00206123
2.10626  0.00207341
2.10626   0.0020628
2.1065   0.0020662
2.10693  0.00210185
2.10686  0.00209248
2.10678  0.00208357
