2.94558           0
2.92632   0.0192554
2.93668   0.0151954
2.93438   0.0109876
2.93675  0.00883503
2.92695   0.0121757
2.92947    0.010596
2.92642  0.00967009
2.93243   0.0104345
2.94548   0.0160384
2.94791   0.0147091
2.9506    0.013695
2.95075   0.0125985
2.95449     0.01225
2.9557   0.0114672
2.95455   0.0107877
2.9571   0.0104504
2.95901   0.0100364
2.96024  0.00957251
2.96496   0.0102337
2.96648  0.00985162
2.96684  0.00940002
2.96376  0.00949383
2.96623   0.0094203
2.96579  0.00904676
2.96731   0.0088241
2.96798   0.0085179
2.96947  0.00834119
2.97122  0.00823607
2.97233  0.00803418
2.97204    0.007776
2.97144  0.00755349
2.97164  0.00732398
2.97274  0.00718904
2.9741    0.007113
2.97411   0.0069126
2.97511  0.00679772
2.97325  0.00687335
2.9731  0.00669644
2.97429  0.00663528
2.97299  0.00660194
2.97297  0.00644285
2.97427  0.00642441
2.97399  0.00628311
2.97489  0.00620774
2.97526  0.00608235
2.97515  0.00595258
2.97491  0.00583211
2.97399  0.00578465
2.9738  0.00567093
2.974  0.00556211
2.97471  0.00550013
2.97241  0.00586428
2.97196   0.0057722
2.97262  0.00570403
2.97362  0.00568959
2.97405  0.00560548
2.97324  0.00556655
2.97277  0.00549231
2.97194  0.00546232
2.97198  0.00537216
2.97231  0.00529505
2.97292  0.00524572
2.97323  0.00517253
2.97235  0.00516821
2.97186  0.00511242
2.97141  0.00505543
2.97139  0.00498058
2.97069  0.00495765
2.9703  0.00490203
2.97143  0.00496256
2.97138  0.00489336
2.97161    0.004831
2.97156  0.00476551
2.97233  0.00476392
2.97234  0.00470083
2.97204  0.00464907
2.97181   0.0045948
2.97151  0.00454629
2.97195  0.00451123
2.97172  0.00446109
2.97145  0.00441481
2.97175  0.00437163
2.97244  0.00437325
2.97262  0.00432547
2.97292   0.0042853
2.97251  0.00425561
2.97285  0.00422066
2.97351  0.00422526
2.97244   0.0043137
2.97339  0.00437085
2.97299  0.00434165
2.97315  0.00429754
2.97323  0.00425236
2.97328  0.00420774
2.97322  0.00416421
2.9735  0.00413086
2.9737  0.00409305
2.97386   0.0040549
2.97358  0.00402413
2.97297  0.00403082
2.97334  0.00400835
2.97355  0.00397495
2.97382  0.00394556
2.97377  0.00390806
2.97342  0.00388686
2.97418  0.00392477
2.97462  0.00391307
2.97495  0.00389057
2.9747  0.00386273
2.97483  0.00382989
2.97504  0.00380127
2.975  0.00376768
2.97525  0.00374288
2.97539  0.00371277
2.97574  0.00369747
2.97573  0.00366575
2.97579  0.00363503
2.97608  0.00361595
2.97581  0.00359554
2.97563  0.00357038
2.97564    0.003541
2.9753  0.00352805
2.97634  0.00365203
2.97664  0.00363512
2.97617  0.00363703
2.97579  0.00362883
2.9752  0.00364711
2.97531  0.00362042
2.9762  0.00369978
2.97673  0.00371004
2.97715  0.00370504
2.97681  0.00369238
2.97679  0.00366478
2.97689  0.00363888
2.97667  0.00361883
2.97613  0.00363184
2.97571     0.00363
2.9759  0.00360883
2.97583  0.00358365
2.97567  0.00356202
2.9754  0.00354696
2.97562  0.00352934
2.97561  0.00350477
2.97621  0.00353212
2.97653  0.00352239
2.977  0.00352973
2.97728  0.00351685
2.97731  0.00349332
2.97717  0.00347278
2.97742  0.00345864
2.97747  0.00343609
2.97782  0.00343144
2.97813  0.00342372
2.978   0.0034043
2.97797  0.00338247
2.97805  0.00336172
2.97812  0.00334118
2.97774  0.00334196
2.97743  0.00333581
2.97754  0.00331701
2.97766  0.00329873
2.97772  0.00327886
2.97777  0.00325916
2.97794  0.00324431
2.97816  0.00323202
2.97795   0.0032196
2.97801  0.00320089
2.9782  0.00318778
2.97789  0.00318393
2.97793  0.00316549
2.97816  0.00315512
2.97861  0.00316931
2.97868  0.00315184
2.97851   0.0031385
2.97849  0.00312065
2.97884  0.00312206
2.97885  0.00310449
2.97922  0.00310938
2.97939  0.00309652
2.97963  0.00308918
2.9794  0.00308118
2.97975  0.00308489
2.97974  0.00306811
2.97992  0.00305681
2.97995  0.00304052
2.98014  0.00303027
2.98017  0.00301422
2.98025  0.00299944
2.9804  0.00298732
2.98048  0.00297269
2.98047   0.0029572
2.98041  0.00294233
2.9805  0.00292838
2.9806  0.00291505
2.98076  0.00290434
2.98073  0.00288967
2.98094   0.0028824
2.9811  0.00287236
2.98109  0.00285798
2.95706           0
2.93483    0.022224
2.94066   0.0140935
2.94075  0.00996591
2.93834  0.00808587
2.92817   0.0121244
2.9307   0.0105554
2.92618    0.010201
2.93145   0.0104265
2.9454   0.0167842
2.94777   0.0153652
2.95066   0.0143206
2.95138    0.013193
2.95525   0.0128116
2.95612   0.0119585
2.9548   0.0112639
2.95709   0.0108273
2.95919   0.0104216
2.96136   0.0100936
2.96604   0.0106584
2.96766   0.0102667
2.9681  0.00979897
2.96493  0.00988604
2.96767  0.00985204
2.96783   0.0094512
2.96915  0.00917616
2.9699  0.00886141
2.97151  0.00868837
2.97301  0.00851813
2.97397  0.00828491
2.97376  0.00801592
2.97317  0.00778401
2.9732  0.00754448
2.97471   0.0074737
2.97607  0.00738407
2.97622  0.00717754
2.9768  0.00700471
2.97507   0.0070341
2.97486  0.00685456
2.97618  0.00681068
2.97474  0.00679614
2.97464  0.00663308
2.97578  0.00657614
2.97529  0.00644368
2.97637  0.00639091
2.97681  0.00626592
2.97681  0.00613116
2.97652   0.0060088
2.97555  0.00596436
2.97548  0.00584432
2.97583   0.0057396
2.97625  0.00564361
2.97407  0.00595121
2.97345  0.00587203
2.97425  0.00581887
2.9753  0.00580943
2.97559  0.00571405
2.97481  0.00566925
2.97427  0.00559771
2.97357  0.00554854
2.97359  0.00545687
2.97404  0.00538676
2.97472  0.00534351
2.97496  0.00526498
2.97435  0.00521856
2.97373  0.00517602
2.97323  0.00512269
2.97337  0.00504872
2.97265  0.00502756
2.97227  0.00496957
2.97341  0.00502945
2.97329  0.00496055
2.97378  0.00491707
2.97357    0.004855
2.9742  0.00483164
2.97424  0.00476782
2.97384  0.00472262
2.97346   0.0046769
2.9731  0.00463155
2.97357  0.00459775
2.97322  0.00455419
2.9728  0.00451802
2.97302  0.00446843
2.9737  0.00446782
2.97398  0.00442376
2.97424  0.00437939
2.97383  0.00434734
2.97402  0.00430158
2.9747  0.00430672
2.97375  0.00436296
2.97467  0.00441194
2.97426  0.00438297
2.97432  0.00433604
2.97433  0.00428967
2.97438  0.00424465
2.9743  0.00420104
2.97447  0.00416092
2.97465  0.00412215
2.9749  0.00408819
2.97462  0.00405668
2.97412  0.00404792
2.97453  0.00402905
2.9748  0.00399885
2.97514  0.00397504
2.97515  0.00393701
2.9747  0.00392527
2.9754  0.00395048
2.97575  0.00392896
2.97602  0.00390207
2.97573  0.00387728
2.976  0.00385182
2.97635  0.00383319
2.97643  0.00380011
2.97653  0.00376788
2.97662  0.00373598
2.97685  0.00371068
2.97676  0.00367981
2.97682   0.0036489
2.9771  0.00362929
2.97684   0.0036087
2.97668  0.00358209
2.97665  0.00355279
2.97619  0.00355275
2.97714  0.00364975
2.97746  0.00363388
2.97696   0.0036385
2.97657  0.00363091
2.97607  0.00363673
2.97618  0.00361016
2.97706  0.00368724
2.9775  0.00368518
2.97792  0.00368211
2.97762  0.00366733
2.97759  0.00363996
2.9777  0.00361465
2.97743  0.00359841
2.97691  0.00360884
2.97654  0.00360217
2.9767  0.00357996
2.97668   0.0035544
2.97653  0.00353206
2.97618  0.00352476
2.97635  0.00350444
2.97632  0.00348016
2.97682  0.00349124
2.97711  0.00347958
2.97756  0.00348518
2.97787  0.00347486
2.97792  0.00345193
2.97777  0.00343212
2.97794  0.00341322
2.97792  0.00339071
2.97826  0.00338495
2.97856  0.00337661
2.97843   0.0033574
2.9784  0.00333597
2.97839  0.00331465
2.97837  0.00329368
2.97797  0.00329746
2.9777  0.00328776
2.97782  0.00326929
2.97785  0.00324921
2.97792  0.00322998
2.97799  0.00321093
2.97816  0.00319622
2.97842  0.00318759
2.97826  0.00317272
2.97832  0.00315434
2.97846  0.00313889
2.97818  0.00313262
2.9782  0.00311427
2.97844  0.00310532
2.97889  0.00312094
2.97898  0.00310424
2.97877  0.00309391
2.97871  0.00307676
2.97916  0.00309117
2.97909  0.00307443
2.97948  0.00308202
2.97964  0.00306903
2.9799  0.00306293
2.97965  0.00305605
2.98  0.00305907
2.97995  0.00304276
2.98015  0.00303248
2.98017  0.00301625
2.98038  0.00300742
2.98038  0.00299138
2.98051   0.0029783
2.98063   0.0029649
2.98069  0.00295002
2.98067  0.00293471
2.98062  0.00291988
2.98071  0.00290631
2.98084  0.00289414
2.981  0.00288353
2.98098  0.00286889
2.98121  0.00286333
2.98133  0.00285149
2.98134  0.00283721
