1    0.335838    0.335838           0
2    0.347982     0.34191   0.0060722
3    0.346667    0.343496  0.00384773
4    0.309791     0.33507  0.00885453
5    0.315569    0.331169  0.00789002
6    0.325893     0.33029  0.00650192
7    0.304021    0.326537   0.0066543
8    0.343487    0.328656  0.00613994
9    0.319481    0.327637  0.00551004
10    0.353948    0.330268  0.00558669
11    0.340479    0.331196  0.00513791
12    0.339649      0.3319  0.00474285
13    0.346405    0.333016   0.0045032
14    0.315795    0.331786  0.00434682
15     0.31775     0.33085  0.00415345
16    0.348623    0.331961  0.00404088
17    0.322843    0.331425  0.00383346
18    0.309625    0.330214  0.00381174
19    0.318796    0.329613  0.00365529
20    0.315604    0.328912  0.00353774
21    0.322128    0.328589  0.00338053
22    0.300082    0.327293  0.00347393
23    0.322319    0.327077  0.00332649
24    0.366684    0.328727  0.00358705
25    0.328545     0.32872  0.00344058
26    0.280166    0.326853  0.00379663
27    0.300871     0.32589  0.00377791
28    0.315433    0.325517   0.0036596
29     0.31593    0.325186  0.00354659
30    0.340599      0.3257  0.00346463
31    0.313841    0.325318  0.00337277
32    0.345664    0.325953  0.00332699
33    0.317028    0.325683  0.00323592
34    0.316976    0.325427  0.00314974
35    0.319841    0.325267  0.00306258
36    0.341238    0.325711  0.00300918
37    0.312599    0.325356  0.00294809
38    0.346103    0.325902  0.00292094
39    0.334501    0.326123  0.00285359
40    0.317279    0.325902  0.00279011
41    0.321383    0.325792  0.00272344
42    0.311587    0.325453  0.00267923
43    0.348135    0.325981  0.00266883
44    0.327719     0.32602  0.00260777
45    0.333448    0.326185   0.0025545
46    0.316701    0.325979  0.00250684
47    0.340958    0.326298  0.00247354
48    0.340472    0.326593   0.0024394
49     0.33698    0.326805  0.00239848
50    0.333595    0.326941  0.00235395
51    0.346729    0.327329  0.00233972
52    0.314695    0.327086  0.00230712
53     0.34315    0.327389  0.00228337
54    0.346632    0.327746  0.00226885
55    0.317234    0.327554   0.0022354
56    0.316969    0.327365  0.00220324
57    0.337097    0.327536  0.00217097
58    0.340161    0.327754  0.00214428
59    0.341298    0.327983  0.00212009
60    0.312939    0.327733  0.00209948
61     0.33022    0.327773  0.00206518
62    0.329834    0.327807  0.00203187
63    0.317492    0.327643  0.00200605
64    0.357672    0.328112  0.00202944
65    0.327017    0.328095  0.00199805
66    0.298959    0.327654  0.00201646
67     0.32453    0.327607  0.00198668
68    0.304777    0.327271  0.00198584
69     0.33292    0.327353  0.00195856
70     0.32912    0.327378  0.00193054
71    0.360644    0.327847  0.00195998
72      0.3226    0.327774  0.00193394
73    0.337222    0.327904  0.00191165
74    0.338739     0.32805  0.00189131
75    0.322848    0.327981  0.00186721
76     0.36735    0.328499  0.00191392
77    0.328928    0.328504  0.00188891
78    0.335441    0.328593  0.00186665
79    0.331918    0.328635  0.00184335
80    0.329541    0.328647   0.0018202
81    0.334153    0.328715  0.00179887
82    0.333707    0.328775  0.00177784
83    0.335751    0.328859   0.0017583
84    0.309403    0.328628  0.00175262
85    0.371188    0.329129   0.0018028
86     0.35321    0.329409  0.00180359
87    0.319191    0.329291   0.0017866
88    0.298549    0.328942   0.0018004
89    0.343444    0.329105   0.0017875
90    0.347017    0.329304  0.00177869
91    0.309369    0.329085  0.00177263
92    0.342811    0.329234  0.00175959
93    0.328719    0.329228  0.00174058
94    0.304409    0.328964  0.00174209
95    0.328797    0.328963  0.00172365
96    0.285993    0.328515  0.00176336
97    0.295749    0.328177  0.00177747
98    0.292877    0.327817  0.00179574
99     0.34061    0.327946   0.0017822
100    0.334434    0.328011  0.00176548
101    0.311468    0.327847  0.00175557
102    0.309318    0.327666  0.00174774
103    0.344304    0.327827  0.00173821
104    0.258702    0.327162  0.00184528
105     0.34259    0.327309  0.00183352
106    0.327474    0.327311  0.00181614
107    0.349602    0.327519  0.00181111
108    0.305038    0.327311  0.00180629
109    0.326482    0.327304  0.00178966
110      0.3129    0.327173  0.00177815
111    0.319882    0.327107  0.00176328
112    0.301319    0.326877  0.00176257
113    0.320281    0.326818  0.00174787
114    0.308705    0.326659  0.00173974
115     0.32003    0.326602  0.00172551
116     0.34333    0.326746  0.00171664
117    0.350381    0.326948  0.00171385
118     0.31477    0.326845   0.0017024
119    0.338626    0.326944  0.00169093
120    0.321654      0.3269  0.00167736
121      0.3463     0.32706  0.00167115
122    0.336072    0.327134  0.00165904
123      0.3131     0.32702  0.00164945
124    0.348867    0.327196  0.00164555
125    0.380311    0.327621  0.00168673
126    0.332711    0.327661  0.00167378
127     0.31489    0.327561  0.00166359
128    0.289528    0.327264  0.00167707
129    0.349319    0.327435  0.00167278
130    0.381463     0.32785   0.0017111
131    0.359323     0.32809   0.0017149
132    0.336372    0.328153  0.00170302
133     0.32375     0.32812  0.00169049
134    0.323961    0.328089  0.00167811
135    0.323463    0.328055  0.00166599
136    0.317662    0.327978  0.00165546
137    0.321635    0.327932  0.00164398
138    0.324392    0.327906  0.00163223
139    0.337139    0.327973   0.0016218
140    0.294321    0.327732  0.00162802
141    0.326445    0.327723  0.00161646
142    0.322871    0.327689   0.0016054
143    0.359047    0.327908  0.00160914
144    0.338425    0.327981   0.0015996
145    0.318843    0.327918  0.00158978
146    0.282961    0.327611   0.0016086
147    0.298611    0.327413  0.00160975
148    0.357635    0.327617  0.00161183
149    0.337273    0.327682  0.00160228
150    0.333458    0.327721  0.00159203
151    0.332854    0.327755  0.00158182
152    0.312831    0.327657  0.00157444
153    0.314498    0.327571  0.00156648
154    0.331403    0.327595  0.00155647
155    0.307645    0.327467  0.00155175
156    0.342537    0.327563  0.00154479
157    0.341783    0.327654  0.00153759
158    0.342017    0.327745  0.00153053
159    0.345244    0.327855  0.00152485
160    0.351289    0.328001  0.00152235
161     0.32784       0.328  0.00151287
162     0.33188    0.328024  0.00150369
163    0.333324    0.328057  0.00149479
164     0.33926    0.328125  0.00148722
165    0.339416    0.328194  0.00147976
166    0.307325    0.328068  0.00147618
167    0.356172    0.328236  0.00147693
168    0.323313    0.328207  0.00146841
169    0.355249    0.328367  0.00146844
170    0.312387    0.328273   0.0014628
171    0.319253     0.32822  0.00145517
172    0.321227    0.328179  0.00144726
173    0.327687    0.328177  0.00143887
174    0.310267    0.328074  0.00143428
175     0.36359    0.328277  0.00144043
176    0.325118    0.328259  0.00143233
177    0.295473    0.328073  0.00143621
178    0.318624     0.32802  0.00142911
179    0.321401    0.327983  0.00142158
180    0.309804    0.327882  0.00141726
181    0.306507    0.327764  0.00141435
182    0.325437    0.327751  0.00140662
183    0.353658    0.327893  0.00140605
184    0.323368    0.327868  0.00139861
185    0.329587    0.327878  0.00139106
186    0.346289    0.327977   0.0013871
187    0.325308    0.327962  0.00137973
188    0.340503    0.328029  0.00137399
189    0.315087    0.327961  0.00136842
190    0.351135    0.328083  0.00136665
191    0.327413    0.328079  0.00135948
192    0.320508     0.32804  0.00135296
193    0.309594    0.327944  0.00134932
194    0.304704    0.327824  0.00134768
195    0.317369    0.327771  0.00134182
196    0.314112    0.327701  0.00133678
197    0.332961    0.327728  0.00133024
198    0.340619    0.327793  0.00132511
199    0.307578    0.327691  0.00132234
200    0.326156    0.327684  0.00131573
1     0.33366     0.33366           0
2    0.348373    0.341016  0.00735665
3     0.34644    0.342824  0.00461605
4    0.309506    0.334494  0.00894632
5     0.31472     0.33054  0.00797889
6    0.325595    0.329716  0.00656665
7    0.304096    0.326056  0.00664799
8    0.343654    0.328255  0.00616327
9     0.32003    0.327341   0.0055118
10    0.353151    0.329922  0.00556465
11    0.340261    0.330862  0.00512041
12    0.338901    0.331532  0.00472203
13    0.347361     0.33275  0.00451107
14    0.315634    0.331527  0.00435169
15     0.31757    0.330597  0.00415668
16    0.350306    0.331829  0.00407869
17    0.322579    0.331284  0.00386971
18     0.30829    0.330007  0.00386557
19    0.318279     0.32939  0.00370821
20    0.315758    0.328708  0.00358333
21    0.322077    0.328392  0.00342302
22    0.300424    0.327121  0.00350258
23    0.322944     0.32694  0.00335175
24    0.366034    0.328568  0.00359882
25    0.328308    0.328558  0.00345188
26    0.279411    0.326668  0.00381733
27    0.300627    0.325703  0.00379774
28    0.315405    0.325335  0.00367803
29    0.315919    0.325011  0.00356376
30    0.340679    0.325533  0.00348231
31    0.313013    0.325129  0.00339223
32    0.346089    0.325784  0.00334919
33    0.316743     0.32551  0.00325765
34    0.318514    0.325304  0.00316708
35    0.319596    0.325141  0.00307958
36    0.340968    0.325581  0.00302493
37    0.313379    0.325251  0.00296046
38    0.346795    0.325818  0.00293675
39     0.33508    0.326056   0.0028703
40    0.316423    0.325815  0.00280796
41    0.320168    0.325677  0.00274208
42    0.312663    0.325367  0.00269388
43     0.34915     0.32592    0.002688
44    0.328304    0.325974  0.00262676
45    0.334026    0.326153  0.00257395
46    0.317698     0.32597  0.00252407
47    0.339786    0.326264  0.00248722
48    0.340667    0.326564  0.00245327
49    0.335788    0.326752  0.00241004
50    0.333927    0.326895  0.00236571
51    0.345919    0.327268  0.00234867
52    0.315959    0.327051   0.0023133
53    0.342988    0.327352  0.00228907
54    0.346639    0.327709   0.0022745
55    0.318924    0.327549  0.00223847
56    0.316662    0.327355  0.00220671
57     0.33768    0.327536  0.00217521
58    0.339249    0.327738   0.0021469
59    0.340901    0.327961  0.00212196
60    0.314247    0.327732  0.00209877
61    0.330714    0.327781  0.00206466
62    0.330192     0.32782  0.00203146
63    0.317198    0.327651  0.00200605
64    0.358324    0.328131  0.00203179
65    0.327087    0.328115  0.00200035
66    0.298832    0.327671  0.00201916
67    0.324262     0.32762  0.00198944
68    0.303879    0.327271  0.00199082
69    0.332638    0.327349   0.0019633
70    0.330001    0.327387  0.00193542
71    0.360662    0.327855  0.00196468
72    0.322751    0.327784   0.0019385
73    0.336863    0.327909   0.0019158
74    0.337461    0.328038  0.00189414
75    0.322635    0.327966   0.0018701
76    0.366083    0.328467  0.00191227
77    0.329558    0.328482  0.00188733
78     0.33458     0.32856  0.00186462
79    0.332242    0.328606  0.00184145
80    0.330244    0.328627   0.0018184
81    0.333678    0.328689   0.0017969
82    0.334441    0.328759  0.00177623
83    0.336104    0.328848  0.00175693
84    0.309935    0.328623  0.00175043
85    0.371437    0.329126  0.00180156
86    0.353917    0.329415  0.00180367
87    0.319826    0.329304  0.00178623
88    0.299001     0.32896  0.00179907
89    0.344289    0.329132  0.00178706
90    0.345919    0.329319  0.00177691
91    0.309594    0.329102   0.0017706
92    0.343998    0.329264  0.00175871
93    0.329593    0.329267   0.0017397
94    0.304654    0.329006   0.0017409
95    0.328745    0.329003  0.00172248
96    0.286056    0.328556  0.00176218
97    0.295288    0.328213  0.00177732
98    0.293073    0.327854  0.00179526
99    0.341523    0.327992  0.00178239
100    0.333904    0.328051  0.00176547
101     0.31082    0.327881  0.00175621
102    0.307985    0.327686  0.00174981
103    0.344164    0.327846  0.00174011
104    0.258037    0.327174  0.00184941
105    0.343106    0.327326  0.00183798
106    0.327697     0.32733  0.00182056
107    0.351564    0.327556  0.00181763
108    0.304839    0.327346  0.00181297
109    0.325723    0.327331  0.00179632
110    0.313484    0.327205  0.00178436
111    0.319741    0.327138  0.00176949
112    0.301098    0.326905  0.00176897
113    0.320528    0.326849  0.00175415
114    0.309795    0.326699  0.00174512
115    0.320018    0.326641  0.00173085
116    0.341735    0.326771  0.00172079
117    0.350253    0.326972  0.00171779
118    0.314254    0.326864  0.00170657
119     0.33927    0.326968  0.00169538
120    0.321614    0.326924  0.00168178
121    0.344892    0.327072  0.00167442
122    0.335892    0.327144  0.00166222
123    0.313012     0.32703  0.00165265
124    0.348168      0.3272   0.0016481
125    0.379244    0.327616  0.00168705
126    0.332643    0.327656  0.00167408
127    0.315291    0.327559   0.0016637
128    0.289044    0.327258  0.00167785
129    0.348104     0.32742  0.00167262
130    0.380989    0.327832  0.00171009
131    0.358637    0.328067   0.0017132
132    0.336166    0.328128  0.00170128
133    0.323862    0.328096  0.00168875
134    0.324854    0.328072  0.00167627
135    0.323628    0.328039  0.00166413
136    0.317013    0.327958  0.00165384
137     0.32184    0.327913  0.00164233
138    0.324111    0.327886  0.00163062
139    0.337832    0.327957  0.00162043
140    0.293778    0.327713  0.00162723
141    0.325928    0.327701   0.0016157
142    0.324262    0.327676  0.00160446
143     0.35949    0.327899  0.00160866
144    0.338784    0.327974  0.00159924
145    0.317698    0.327904  0.00158975
146    0.283036    0.327596  0.00160845
147    0.298353    0.327397  0.00160981
148    0.357924    0.327604  0.00161215
149    0.336337    0.327662  0.00160237
150    0.334094    0.327705  0.00159222
151    0.331983    0.327733   0.0015819
152    0.312905    0.327636  0.00157448
153    0.314365    0.327549  0.00156656
154    0.331434    0.327574  0.00155656
155    0.307162    0.327443  0.00155208
156    0.343253    0.327544  0.00154543
157    0.341789    0.327635  0.00153823
158     0.34108     0.32772  0.00153083
159    0.345872    0.327834  0.00152545
160    0.352116    0.327986  0.00152346
161    0.327094     0.32798  0.00151398
162    0.331473    0.328002  0.00150476
163     0.33393    0.328038  0.00149594
164    0.339549    0.328108  0.00148845
165    0.340402    0.328183  0.00148128
166    0.307156    0.328056  0.00147777
167    0.356115    0.328224  0.00147847
168    0.323942    0.328199  0.00146986
169    0.356303    0.328365  0.00147057
170    0.311297    0.328265  0.00146534
171    0.318901     0.32821  0.00145777
172     0.32203    0.328174  0.00144972
173    0.327641    0.328171  0.00144132
174    0.309761    0.328065  0.00143691
175    0.363437    0.328267   0.0014429
176    0.324051    0.328243  0.00143488
177     0.29573    0.328059  0.00143853
178    0.317163    0.327998  0.00143173
179    0.321829    0.327964  0.00142413
180    0.308692    0.327857  0.00142024
181     0.30642    0.327738  0.00141732
182    0.325745    0.327727  0.00140956
183    0.353583    0.327869  0.00140894
184    0.324137    0.327848  0.00140141
185    0.328784    0.327853  0.00139382
186    0.345725    0.327949  0.00138963
187      0.3265    0.327942   0.0013822
188    0.339487    0.328003   0.0013762
189     0.31376    0.327928  0.00137097
190    0.351261    0.328051  0.00136926
191    0.328564    0.328053  0.00136207
192    0.320852    0.328016  0.00135548
193    0.309844    0.327922  0.00135172
194    0.305531    0.327806  0.00134968
195      0.3169     0.32775   0.0013439
196    0.314517    0.327683  0.00133873
197    0.333183    0.327711  0.00133221
198    0.340648    0.327776  0.00132707
199    0.307032    0.327672   0.0013245
200    0.325218    0.327659  0.00131792
