1     0.29898     0.29898           0
2    0.300502    0.299741 0.000760775
3    0.296717    0.298733  0.00109962
4     0.30114    0.299335 0.000983232
5    0.295897    0.298647  0.00102604
6    0.300939    0.299029 0.000920755
7    0.295782    0.298565  0.00090594
8    0.299546    0.298688 0.000794077
9    0.299427     0.29877 0.000705114
10    0.298831    0.298776 0.000630703
11    0.299506    0.298843 0.000574339
12     0.30002    0.298941 0.000533406
13    0.299681    0.298998  0.00049396
14    0.297189    0.298868 0.000475215
15    0.303053    0.299147 0.000523009
16    0.302383     0.29935  0.00052938
17    0.295996    0.299152 0.000534964
18    0.299334    0.299162  0.00050447
19    0.300851    0.299251 0.000485385
20    0.296622     0.29912 0.000478876
21    0.300611    0.299191 0.000460999
22    0.295089    0.299004 0.000477456
23    0.298214     0.29897 0.000457517
24    0.295945    0.298844 0.000455814
25    0.305495     0.29911 0.000511788
26     0.30238    0.299236 0.000507542
27    0.300081    0.299267 0.000489385
28    0.298216     0.29923 0.000473075
29    0.299589    0.299242 0.000456639
30    0.298614    0.299221 0.000441652
31    0.295717    0.299108 0.000441869
32      0.2994    0.299117 0.000427935
33    0.299037    0.299115 0.000414772
34    0.302194    0.299205 0.000412453
35     0.29358    0.299045 0.000431543
36    0.297388    0.298999   0.0004219
37     0.29711    0.298948 0.000413501
38      0.2973    0.298904 0.000404802
39    0.302506    0.298997 0.000404957
40    0.299682    0.299014 0.000395074
41    0.301685    0.299079 0.000390788
42    0.302304    0.299156 0.000389026
43    0.300322    0.299183 0.000380839
44    0.300632    0.299216 0.000373538
45    0.297415    0.299176 0.000367328
46    0.300605    0.299207 0.000360594
47    0.297661    0.299174 0.000354368
48    0.298277    0.299155  0.00034741
49    0.297581    0.299123  0.00034176
50    0.297453     0.29909 0.000336517
51    0.300419    0.299116 0.000330881
52    0.300583    0.299144 0.000325681
53    0.302952    0.299216 0.000327458
54    0.299273    0.299217 0.000321338
55    0.296927    0.299175 0.000318177
56    0.297663    0.299148 0.000313608
57    0.297879    0.299126 0.000308861
58     0.30033    0.299147 0.000304198
59    0.298901    0.299143 0.000299026
60    0.301803    0.299187 0.000297325
61    0.299312    0.299189 0.000292418
62      0.2947    0.299117 0.000296635
63     0.29798    0.299098 0.000292445
64    0.301118     0.29913 0.000289564
65    0.302563    0.299183 0.000289926
66    0.303511    0.299248 0.000292935
67    0.295618    0.299194 0.000293573
68    0.300147    0.299208 0.000289563
69    0.296772    0.299173 0.000287511
70    0.294775     0.29911 0.000290255
71     0.30339     0.29917 0.000292419
72    0.305472    0.299258  0.00030132
73    0.298088    0.299242 0.000297595
74    0.297496    0.299218 0.000294493
75    0.299139    0.299217 0.000290541
76    0.298713    0.299211  0.00028677
77      0.3005    0.299227 0.000283516
78    0.302759    0.299273 0.000283497
79    0.295795    0.299229 0.000283326
80    0.300227    0.299241  0.00028004
81    0.296956    0.299213 0.000277997
82    0.299683    0.299219 0.000274646
83    0.300647    0.299236 0.000271862
84     0.29269    0.299158  0.00027968
85     0.29918    0.299158 0.000276371
86    0.303389    0.299207 0.000277534
87    0.295006    0.299159 0.000278543
88    0.296861    0.299133 0.000276594
89    0.299927    0.299142 0.000273615
90    0.299437    0.299145 0.000270577
91     0.30052     0.29916 0.000268013
92    0.298805    0.299156 0.000265112
93    0.301019    0.299176  0.00026301
94    0.299887    0.299184 0.000260306
95    0.301609     0.29921 0.000258814
96    0.299694    0.299215 0.000256153
97    0.297264    0.299194 0.000254295
98    0.300201    0.299205 0.000251896
99    0.299317    0.299206 0.000249342
100    0.295499    0.299169 0.000249603
101    0.303295     0.29921 0.000250474
102     0.30387    0.299255 0.000252179
103    0.300373    0.299266 0.000249954
104    0.300651     0.29928 0.000247897
105    0.301449      0.2993 0.000246393
106    0.298412    0.299292 0.000244201
107    0.298711    0.299286 0.000241969
108    0.297023    0.299265 0.000240633
109    0.297612     0.29925 0.000238897
110     0.29692    0.299229 0.000237661
111    0.298614    0.299224 0.000235576
112    0.296174    0.299196 0.000235045
113    0.302875    0.299229 0.000235219
114    0.298383    0.299221 0.000233265
115    0.298215    0.299213 0.000231393
116    0.299601    0.299216 0.000229414
117    0.301371    0.299234 0.000228189
118    0.300623    0.299246 0.000226553
119    0.295865    0.299218 0.000226431
120    0.299111    0.299217 0.000224538
121    0.296426    0.299194 0.000223866
122    0.298717     0.29919 0.000222057
123    0.296057    0.299164 0.000221713
124     0.30162    0.299184 0.000220808
125    0.295222    0.299153 0.000221316
126    0.295933    0.299127 0.000221035
127    0.298896    0.299125 0.000219295
128    0.297439    0.299112 0.000217973
129    0.298343    0.299106 0.000216359
130    0.300708    0.299118 0.000215042
131    0.300669     0.29913 0.000213722
132    0.303134    0.299161 0.000214255
133    0.297802     0.29915 0.000212883
134    0.301612    0.299169 0.000212086
135    0.299531    0.299171 0.000210526
136    0.297699    0.299161 0.000209252
137    0.295547    0.299134 0.000209387
138    0.303941    0.299169 0.000210763
139     0.30056    0.299179  0.00020948
140    0.301125    0.299193 0.000208442
141    0.300909    0.299205 0.000207316
142    0.299953     0.29921 0.000205919
143    0.300461    0.299219  0.00020466
144    0.301939    0.299238  0.00020411
145    0.301652    0.299255  0.00020338
146    0.296115    0.299233 0.000203124
147    0.298705     0.29923  0.00020177
148    0.299142    0.299229 0.000200403
149    0.302752    0.299253 0.000200453
150    0.296584    0.299235 0.000199905
151    0.303033     0.29926 0.000200163
152    0.299742    0.299263 0.000198867
153    0.299584    0.299265 0.000197574
154    0.300067     0.29927 0.000196356
155    0.299689    0.299273 0.000195104
156    0.301825    0.299289 0.000194538
157    0.300963      0.2993 0.000193589
158    0.300234    0.299306  0.00019245
159    0.300121    0.299311 0.000191305
160    0.301077    0.299322 0.000190426
161    0.299227    0.299322  0.00018924
162    0.298911    0.299319 0.000188086
163     0.30142    0.299332 0.000187372
164    0.296239    0.299313 0.000187178
165    0.296987    0.299299 0.000186574
166    0.302986    0.299321 0.000186772
167    0.300062    0.299326 0.000185703
168    0.298516    0.299321 0.000184657
169    0.298428    0.299316 0.000183637
170    0.294756    0.299289 0.000184513
171    0.301047    0.299299 0.000183719
172     0.30002    0.299303 0.000182696
173    0.301734    0.299317 0.000182179
174    0.301508     0.29933 0.000181567
175    0.301093     0.29934 0.000180807
176    0.295415    0.299318 0.000181155
177    0.306032    0.299356 0.000184079
178    0.300365    0.299361  0.00018313
179    0.299085     0.29936 0.000182111
180    0.297883    0.299352 0.000181282
181    0.299634    0.299353 0.000180284
182    0.296678    0.299338 0.000179892
183    0.300824    0.299346 0.000179091
184    0.295369    0.299325 0.000179422
185    0.298655    0.299321 0.000178486
186    0.301921    0.299335 0.000178073
187    0.297979    0.299328 0.000177267
188    0.298375    0.299323 0.000176394
189    0.296865     0.29931  0.00017594
190    0.298469    0.299305 0.000175067
191     0.30157    0.299317 0.000174551
192    0.298626    0.299314 0.000173677
193    0.297649    0.299305  0.00017299
194    0.300879    0.299313 0.000172287
195    0.299802    0.299316  0.00017142
196    0.298937    0.299314 0.000170554
197    0.299073    0.299313  0.00016969
198    0.296576    0.299299 0.000169396
199    0.302225    0.299313 0.000169183
200    0.297907    0.299306 0.000168482
1    0.298352    0.298352           0
2    0.298263    0.298308 4.45887e-05
3    0.297028    0.297881 0.000427185
4    0.301117     0.29869 0.000863545
5    0.296983    0.298349 0.000751043
6    0.302662    0.299067 0.000944859
7    0.295416    0.298546 0.000953806
8    0.297922    0.298468 0.000829691
9     0.29915    0.298544 0.000735634
10     0.30181     0.29887  0.00073457
11    0.301183    0.299081 0.000696907
12    0.299393    0.299107  0.00063672
13    0.300222    0.299192 0.000591952
14    0.297625     0.29908  0.00055936
15    0.302138    0.299284 0.000559218
16    0.299047    0.299269 0.000523311
17    0.299441     0.29928 0.000491668
18     0.29968    0.299302 0.000464083
19    0.301267    0.299405 0.000450995
20    0.299565    0.299413 0.000427925
21    0.301198    0.299498 0.000415813
22    0.297421    0.299404 0.000407551
23     0.30106    0.299476 0.000396029
24    0.297332    0.299386 0.000389548
25    0.303991    0.299571 0.000416575
26    0.299515    0.299568 0.000400238
27    0.300893    0.299617  0.00038824
28    0.297234    0.299532 0.000383677
29    0.300639    0.299571 0.000372173
30    0.299785    0.299578 0.000359624
31    0.295207    0.299437 0.000375317
32    0.298744    0.299415 0.000364044
33     0.30015    0.299437 0.000353542
34    0.300006    0.299454 0.000343393
35    0.297985    0.299412 0.000336068
36    0.298728    0.299393 0.000327151
37    0.298614    0.299372 0.000318882
38    0.297138    0.299313 0.000315898
39    0.298612    0.299295 0.000308216
40    0.298233    0.299269 0.000301584
41    0.300118    0.299289 0.000294865
42    0.302316    0.299361 0.000296647
43    0.298781    0.299348 0.000289981
44    0.299323    0.299347 0.000283314
45    0.296961    0.299294 0.000281979
46    0.298678    0.299281 0.000276107
47    0.300221    0.299301 0.000270908
48    0.299321    0.299301 0.000265204
49    0.297459    0.299264 0.000262444
50    0.297613    0.299231 0.000259251
51    0.299613    0.299238 0.000254227
52    0.300505    0.299263 0.000250478
53    0.300111    0.299279 0.000246228
54    0.301558    0.299321 0.000245283
55    0.298085    0.299298 0.000241828
56    0.299702    0.299306  0.00023758
57    0.300236    0.299322 0.000233945
58    0.300206    0.299337 0.000230381
59    0.299126    0.299334 0.000226471
60    0.303164    0.299397 0.000231635
61    0.298994    0.299391 0.000227902
62    0.294958    0.299319 0.000235318
63    0.299789    0.299327 0.000231673
64    0.298367    0.299312 0.000228517
65    0.301708    0.299349 0.000227973
66    0.303689    0.299414 0.000233926
67    0.295244    0.299352 0.000238669
68    0.301329    0.299381 0.000236923
69    0.293846    0.299301 0.000246863
70    0.297116     0.29927 0.000245305
71    0.304747    0.299347 0.000253832
72    0.304924    0.299424 0.000261993
73     0.29892    0.299417 0.000258472
74    0.296859    0.299383 0.000257289
75    0.299496    0.299384  0.00025384
76    0.300407    0.299398 0.000250839
77    0.301412    0.299424 0.000248938
78    0.302282    0.299461 0.000248443
79    0.299313    0.299459 0.000245286
80    0.299804    0.299463 0.000242239
81    0.296277    0.299424 0.000242441
82    0.295519    0.299376 0.000244154
83    0.298083    0.299361 0.000241697
84    0.296832     0.29933 0.000240693
85    0.299006    0.299327 0.000237875
86    0.304044    0.299381 0.000241406
87    0.295097    0.299332 0.000243644
88    0.300913     0.29935 0.000241528
89    0.298575    0.299341 0.000238958
90    0.298308     0.29933 0.000236567
91     0.29985    0.299336 0.000234022
92    0.299346    0.299336 0.000231465
93    0.299742     0.29934 0.000229004
94    0.302493    0.299374 0.000229024
95    0.300375    0.299384 0.000226846
96    0.301101    0.299402 0.000225182
97    0.296399    0.299371 0.000224988
98    0.297038    0.299347 0.000223949
99     0.30085    0.299363 0.000222195
100    0.296866    0.299338 0.000221374
101    0.302034    0.299364 0.000220791
102    0.303077    0.299401 0.000221626
103    0.299185    0.299399 0.000219474
104    0.298735    0.299392 0.000217447
105    0.302232    0.299419 0.000217057
106    0.299102    0.299416 0.000215021
107    0.300529    0.299427 0.000213255
108    0.298937    0.299422  0.00021132
109    0.298064     0.29941 0.000209743
110    0.297091    0.299389 0.000208894
111    0.297095    0.299368 0.000208033
112    0.297518    0.299351 0.000206828
113    0.303454    0.299388  0.00020818
114    0.297041    0.299367  0.00020737
115    0.295429    0.299333 0.000208392
116    0.298433    0.299325 0.000206733
117    0.301232    0.299341 0.000205605
118    0.301314    0.299358 0.000204539
119    0.299169    0.299357 0.000202819
120    0.299114    0.299355 0.000201132
121    0.297403    0.299338 0.000200114
122     0.29971    0.299341  0.00019849
123    0.296792    0.299321 0.000197958
124    0.299857    0.299325 0.000196403
125    0.298077    0.299315 0.000195081
126    0.295511    0.299285 0.000195867
127    0.300652    0.299296 0.000194617
128    0.301518    0.299313 0.000193869
129    0.297635      0.2993   0.0001928
130    0.302774    0.299327 0.000193168
131    0.303043    0.299355 0.000193775
132    0.301955    0.299375 0.000193308
133    0.296983    0.299357  0.00019269
134    0.301304    0.299371 0.000191797
135    0.301064    0.299384 0.000190784
136    0.295624    0.299356 0.000191383
137    0.298202    0.299348 0.000190168
138    0.302423     0.29937 0.000190095
139    0.300821    0.299381 0.000189011
140    0.300265    0.299387 0.000187762
141    0.299968    0.299391 0.000186472
142    0.299038    0.299388  0.00018517
143    0.298383    0.299381 0.000184005
144     0.30045    0.299389 0.000182874
145     0.30248     0.29941 0.000182855
146     0.29589    0.299386 0.000183192
147    0.297163    0.299371 0.000182569
148     0.30184    0.299388 0.000182097
149    0.302384    0.299408 0.000181985
150    0.295796    0.299384 0.000182364
151    0.301512    0.299398   0.0001817
152    0.300381    0.299404 0.000180616
153    0.299101    0.299402 0.000179443
154    0.300291    0.299408 0.000178367
155    0.299513    0.299409 0.000177214
156    0.301923    0.299425 0.000176811
157    0.299808    0.299427 0.000175698
158    0.300523    0.299434  0.00017472
159     0.29957    0.299435  0.00017362
160    0.300986    0.299445 0.000172803
161     0.30276    0.299465 0.000172957
162    0.298718    0.299461 0.000171948
163    0.301125    0.299471 0.000171195
164    0.295417    0.299446 0.000171934
165    0.300218    0.299451 0.000170952
166    0.304534    0.299481 0.000172656
167    0.300773    0.299489 0.000171793
168    0.297184    0.299476 0.000171318
169    0.296924     0.29946 0.000170969
170    0.295748    0.299439 0.000171357
171    0.300316    0.299444  0.00017043
172    0.300867    0.299452 0.000169638
173    0.300078    0.299456 0.000168693
174    0.302564    0.299473  0.00016867
175     0.30152    0.299485  0.00016811
176     0.29802    0.299477  0.00016736
177    0.304813    0.299507  0.00016912
178    0.299826    0.299509 0.000168177
179    0.302584    0.299526 0.000168115
180    0.301019    0.299534 0.000167384
181    0.302634    0.299551 0.000167336
182    0.296248    0.299533   0.0001674
183    0.298965     0.29953 0.000166512
184    0.298375    0.299524 0.000165724
185    0.296913     0.29951 0.000165428
186    0.302071    0.299524 0.000165112
187    0.297407    0.299512 0.000164616
188    0.299194     0.29951 0.000163747
189    0.297988    0.299502 0.000163077
190    0.297593    0.299492 0.000162528
191    0.301832    0.299505 0.000162138
192    0.298201    0.299498 0.000161434
193    0.299264    0.299497   0.0001606
194    0.300587    0.299502 0.000159869
195    0.298571    0.299497 0.000159119
196    0.297692    0.299488 0.000158573
197    0.295136    0.299466 0.000159305
198    0.295054    0.299444 0.000160057
199    0.300089    0.299447 0.000159284
200    0.300583    0.299453 0.000158587
