5.8017           0
5.7215   0.0801935
5.66317    0.074475
5.59294   0.0877819
5.57598   0.0700773
5.55029   0.0627231
5.57033   0.0566726
5.57508   0.0493092
5.58924    0.045735
5.55743   0.0518192
5.56722   0.0478834
5.56366   0.0438561
5.56846   0.0406263
5.57776   0.0387447
5.57727   0.0360727
5.58018   0.0338677
5.60077   0.0378961
5.60038   0.0357309
5.59359    0.034472
5.60266   0.0339372
5.59973   0.0324133
5.60002   0.0309061
5.59281   0.0303981
5.58741   0.0296014
5.58365   0.0286396
5.58408   0.0275193
5.58394   0.0264808
5.58572   0.0255798
5.59105   0.0252501
5.59186   0.0244073
5.5984   0.0244959
5.59855   0.0237186
5.59877   0.0229896
5.59735   0.0223478
5.60009   0.0218713
5.59601    0.021642
5.59068   0.0217136
5.58951   0.0211667
5.58533   0.0210366
5.5938   0.0221827
5.59495   0.0216655
5.59914   0.0215548
5.59729   0.0211286
5.5972    0.020643
5.59722   0.0201791
5.60127    0.020148
5.60171   0.0197195
5.59947   0.0194336
5.6   0.0190402
5.59922   0.0186717
5.60109   0.0183969
5.59993   0.0180769
5.60195   0.0178469
5.60527    0.017825
5.60614   0.0175198
5.60669   0.0172127
5.60678   0.0169083
5.60778   0.0166442
5.61109   0.0166929
5.61244   0.0164676
5.61455   0.0163325
5.61385   0.0160823
5.61427   0.0158305
5.61543   0.0156244
5.61626   0.0154044
5.61661   0.0151734
5.6141   0.0151555
5.6137   0.0149363
5.61287   0.0147417
5.61533   0.0147376
5.61398   0.0145917
5.61789   0.0149094
5.61777   0.0147043
5.61571   0.0146488
5.61516   0.0144628
5.61243    0.014529
5.61374   0.0143986
5.61291   0.0142371
5.61534   0.0142633
5.61539    0.014084
5.61602   0.0139236
5.61473   0.0138132
5.61418   0.0136569
5.61142   0.0137722
5.6084     0.01394
5.61032   0.0139099
5.60821   0.0139111
5.60899   0.0137747
5.60805   0.0136515
5.60622   0.0136227
5.60791   0.0135777
5.60736   0.0134406
5.608   0.0133106
5.60818   0.0131694
5.60686   0.0130962
5.60553    0.013027
5.60721   0.0130008
5.60541   0.0129923
5.60394   0.0129441
5.6038   0.0128148
5.60437   0.0127001
5.60464   0.0125777
5.60649   0.0125923
5.60578   0.0124911
5.60701   0.0124332
5.60766   0.0123322
5.6071   0.0122289
5.60806   0.0121529
5.6082   0.0120417
5.60781   0.0119382
5.60621   0.0119378
5.60524     0.01187
5.60474   0.0117754
5.60533   0.0116865
5.60413   0.0116462
5.60508   0.0115845
5.60745   0.0117268
5.60658   0.0116595
5.60725   0.0115804
5.6059   0.0115616
5.60454   0.0115465
5.60383   0.0114737
5.60251   0.0114558
5.60144    0.011414
5.60198   0.0113352
5.6014   0.0112595
5.6022   0.0111987
5.60263   0.0111191
5.60263   0.0110326
5.60128   0.0110302
5.60088   0.0109529
5.60138   0.0108809
5.60265   0.0108734
5.60185   0.0108213
5.59981   0.0109331
5.60203   0.0110772
5.60088   0.0110564
5.60051   0.0109821
5.6   0.0109149
5.59836   0.0109591
5.59948    0.010938
5.60044    0.010903
5.59933   0.0108827
5.59966   0.0108118
5.59982   0.0107382
5.60012   0.0106687
5.60051    0.010603
5.60104   0.0105444
5.60041   0.0104923
5.6018   0.0105147
5.60257    0.010473
5.60211   0.0104142
5.60277   0.0103667
5.60256   0.0103013
5.6038   0.0103101
5.60302   0.0102738
5.60193    0.010266
5.6013   0.0102202
5.60189   0.0101731
5.60308   0.0101788
5.60442   0.0102031
5.60446     0.01014
5.60332   0.0101419
5.60354   0.0100823
5.60355    0.010021
5.60276  0.00999163
5.6028   0.0099317
5.60238  0.00988137
5.60268  0.00982734
5.60264  0.00976946
5.60281  0.00971368
5.60281  0.00965704
5.6022     0.00962
5.60255  0.00957073
5.60284  0.00952026
5.60315  0.00947115
5.60255   0.0094366
5.60299  0.00939395
5.60186   0.0094104
5.60135  0.00937145
5.60026   0.0093833
5.60085  0.00935016
5.60058  0.00930272
5.59994   0.0092747
5.59985  0.00922478
5.6  0.00917623
5.59937  0.00914903
5.5991  0.00910405
5.59876   0.0090622
5.59915  0.00902289
5.59978  0.00899748
5.59992  0.00895157
5.60037  0.00891634
5.60066  0.00887509
5.59952   0.0089029
5.59943  0.00885787
5.59983  0.00882195
5.59969  0.00877835
5.6001  0.00874377
5.59891  0.00878063
5.81131           0
5.72002   0.0912858
5.66449   0.0765651
5.59625   0.0871016
5.5778   0.0699479
5.55473   0.0615958
5.5727   0.0550728
5.57606   0.0478129
5.58917   0.0441584
5.55735   0.0507192
5.56698   0.0468766
5.56415   0.0428859
5.5692   0.0397712
5.57838   0.0379487
5.57743   0.0353411
5.57972   0.0331377
5.60074   0.0375583
5.59927   0.0354405
5.59284   0.0341349
5.60193   0.0336354
5.59907   0.0321213
5.59972   0.0306334
5.59215   0.0302328
5.58695   0.0294092
5.58352   0.0284161
5.58453     0.02732
5.58431   0.0262896
5.58583   0.0253787
5.59097   0.0250209
5.59146   0.0241775
5.59776    0.024219
5.59769     0.02345
5.59809   0.0227318
5.5967    0.022097
5.59927   0.0216097
5.59511   0.0214086
5.58999   0.0214421
5.58893   0.0208973
5.58466   0.0207965
5.59294   0.0218934
5.59393   0.0213758
5.59852   0.0213592
5.59678    0.020929
5.59654   0.0204492
5.59634   0.0199906
5.60035   0.0199576
5.60088   0.0195356
5.59859   0.0192607
5.59915   0.0188716
5.59842   0.0185046
5.60024   0.0182289
5.599   0.0179178
5.60099   0.0176894
5.60431   0.0176731
5.6049   0.0173587
5.60542   0.0170538
5.60543    0.016752
5.60633   0.0164854
5.60948   0.0165071
5.61082   0.0162847
5.61285   0.0161431
5.61208   0.0158994
5.61257   0.0156526
5.61362    0.015442
5.61445   0.0152254
5.61467   0.0149945
5.61245   0.0149351
5.61217   0.0147165
5.61132   0.0145261
5.61399   0.0145639
5.61257   0.0144273
5.61629   0.0147033
5.6163   0.0145005
5.61421   0.0144544
5.61359    0.014274
5.61093   0.0143337
5.61229   0.0142112
5.61146   0.0140521
5.61409   0.0141203
5.61421   0.0139431
5.61487    0.013786
5.61358   0.0136779
5.61308   0.0135216
5.61031   0.0136435
5.6072    0.013836
5.60909   0.0138049
5.60683   0.0138322
5.6077   0.0137022
5.60671   0.0135842
5.60486   0.0135583
5.60672   0.0135367
5.60628    0.013396
5.60695   0.0132679
5.60719   0.0131283
5.60587   0.0130559
5.60455   0.0129869
5.60624   0.0129625
5.60457   0.0129379
5.60304   0.0128971
5.60286   0.0127687
5.60344   0.0126549
5.60385   0.0125369
5.60569   0.0125501
5.60496   0.0124503
5.60615   0.0123888
5.60688   0.0122931
5.60642   0.0121866
5.60731    0.012106
5.60738   0.0119946
5.60699   0.0118916
5.60532   0.0119013
5.60441   0.0118301
5.604    0.011732
5.6047   0.0116502
5.60356   0.0116045
5.60447   0.0115393
5.6068   0.0116758
5.6059   0.0116111
5.60655   0.0115312
5.60532   0.0115009
5.60397   0.0114847
5.60339   0.0114051
5.60202   0.0113946
5.60106   0.0113425
5.60157   0.0112629
5.60093   0.0111915
5.60161   0.0111237
5.60204   0.0110448
5.60198    0.010959
5.60047   0.0109778
5.60005    0.010902
5.60062   0.0108342
5.602   0.0108413
5.60117   0.0107923
5.5991   0.0109108
5.60134   0.0110604
5.60027   0.0110322
5.59994   0.0109567
5.59935    0.010894
5.59766   0.0109458
5.59881   0.0109284
5.59977   0.0108937
5.59861   0.0108799
5.59896   0.0108099
5.59907   0.0107356
5.59934   0.0106654
5.59988    0.010606
5.60037   0.0105457
5.5998   0.0104903
5.60117   0.0105095
5.60195   0.0104686
5.60148   0.0104099
5.60207   0.0103581
5.60189   0.0102922
5.60311   0.0102985
5.60229   0.0102649
5.60119   0.0102587
5.60064   0.0102083
5.6013   0.0101652
5.60247   0.0101687
5.60381   0.0101941
5.6039   0.0101313
5.60282   0.0101268
5.60303   0.0100672
5.60292   0.0100067
5.60212  0.00997815
5.60219  0.00991846
5.60181  0.00986632
5.60214  0.00981302
5.60212  0.00975514
5.60233  0.00970018
5.60234  0.00964362
5.60179  0.00960298
5.60219   0.0095559
5.6025  0.00950612
5.60281  0.00945698
5.60224  0.00942058
5.60275  0.00938166
5.60165  0.00939474
5.60108  0.00935966
5.59996  0.00937416
5.60057  0.00934198
5.60027  0.00929562
5.59958  0.00927026
5.59957  0.00922003
5.59969  0.00917114
5.599  0.00914838
5.59874  0.00910315
5.5984  0.00906121
5.5988  0.00902225
5.59948  0.00900074
5.59959  0.00895433
5.60005   0.0089201
5.60044  0.00888239
5.59928  0.00891274
5.59923  0.00886727
5.59964   0.0088317
5.59948   0.0087885
5.5999  0.00875401
5.59872  0.00878846
