1.71739           0
1.73589   0.0185019
1.74438   0.0136453
1.74155   0.0100549
1.73985  0.00797245
1.73502  0.00810305
1.73481   0.0068517
1.73807   0.0067697
1.73931  0.00609857
1.73677  0.00601798
1.73556    0.005576
1.73593  0.00510383
1.7365  0.00472859
1.73757   0.0045081
1.73815  0.00423663
1.73784  0.00397508
1.73992  0.00427243
1.73976  0.00403106
1.73943  0.00382737
1.74027  0.00372604
1.74138  0.00371419
1.74103  0.00355903
1.74242   0.0036767
1.74286  0.00354763
1.7431  0.00341093
1.74369   0.0033297
1.74299  0.00327855
1.7422  0.00325724
1.7425  0.00315717
1.74262  0.00305249
1.74219  0.00298361
1.7414  0.00299439
1.74097   0.0029347
1.74257  0.00326465
1.74236  0.00317688
1.7419  0.00312038
1.74235  0.00306712
1.74279  0.00301764
1.74382   0.0031166
1.74333  0.00307834
1.74407  0.00309325
1.74319  0.00314472
1.74255  0.00313626
1.74239  0.00306845
1.74246  0.00300043
1.74213   0.0029533
1.74209  0.00289011
1.74215  0.00282984
1.74213  0.00277151
1.74173   0.0027461
1.74187  0.00269552
1.74143  0.00267955
1.7408  0.00270334
1.74127  0.00269482
1.74072  0.00270145
1.74054  0.00265887
1.74084  0.00262862
1.74064  0.00259071
1.74088  0.00255775
1.74141  0.00257089
1.74184  0.00256342
1.74128  0.00258145
1.74058  0.00263707
1.74041  0.00260082
1.74013  0.00257551
1.73996  0.00254194
1.7401  0.00250771
1.73987   0.0024814
1.73922  0.00253101
1.73876  0.00253566
1.7393  0.00255615
1.73931  0.00252041
1.73906  0.00249756
1.739  0.00246431
1.73912  0.00243375
1.73912  0.00240151
1.73879  0.00239278
1.7386  0.00236977
1.73865   0.0023401
1.73866  0.00231071
1.7386  0.00228278
1.73821  0.00228889
1.73884  0.00234892
1.73901   0.0023266
1.7387  0.00232012
1.73909  0.00232708
1.7391  0.00230018
1.73895  0.00227884
1.73881  0.00225734
1.7389  0.00223389
1.73878   0.0022124
1.73894  0.00219436
1.73894  0.00217065
1.73879  0.00215267
1.73902   0.0021426
1.7385  0.00218252
1.73815  0.00218902
1.73852  0.00219834
1.73862  0.00217836
1.73856  0.00215736
1.73838  0.00214317
1.73819  0.00213081
1.73816  0.00211023
1.73823  0.00209117
1.73824  0.00207117
1.73814   0.0020539
1.7375  0.00213171
1.73752  0.00211194
1.73759  0.00209377
1.73774  0.00208018
1.73795  0.00207163
1.7379  0.00205374
1.73807  0.00204253
1.73817    0.002027
1.73841  0.00202411
1.73835  0.00200742
1.73844  0.00199217
1.7382  0.00198962
1.73844  0.00198719
1.73842   0.0019707
1.73823  0.00196369
1.73818  0.00194809
1.73821  0.00193245
1.73826  0.00191743
1.73831  0.00190266
1.73807  0.00190214
1.73814   0.0018882
1.73799  0.00187916
1.7378  0.00187396
1.73785  0.00186005
1.73785  0.00184579
1.73762  0.00184599
1.73763  0.00183208
1.73775  0.00182215
1.73776  0.00180866
1.73785  0.00179784
1.73791  0.00178549
1.73803  0.00177682
1.73802  0.00176403
1.73805  0.00175161
1.73804  0.00173914
1.73805  0.00172687
1.73829  0.00173157
1.73829   0.0017195
1.73843  0.00171276
1.7385  0.00170239
1.73855  0.00169173
1.73846  0.00168284
1.7385  0.00167201
1.73848  0.00166099
1.73833  0.00165675
1.73857  0.00166283
1.73821  0.00169023
1.73808  0.00168374
1.73813  0.00167334
1.73812  0.00166258
1.73801  0.00165557
1.738  0.00164507
1.73803  0.00163484
1.73796  0.00162591
1.738  0.00161635
1.73802  0.00160639
1.73808  0.00159783
1.73808  0.00158806
1.73786  0.00159422
1.73772  0.00159087
1.7378  0.00158333
1.73791  0.00157758
1.73783  0.00157004
1.73801  0.00157055
1.73779  0.00157599
1.73779   0.0015668
1.73773  0.00155898
1.73766  0.00155163
1.73765  0.00154274
1.73794  0.00156108
1.73786  0.00155431
1.73785  0.00154561
1.73787  0.00153711
1.738  0.00153446
1.73811  0.00152988
1.738  0.00152563
1.73791  0.00151984
1.7378  0.00151576
1.73767   0.0015128
1.73759  0.00150698
1.73762  0.00149926
1.73767  0.00149214
1.73767  0.00148423
1.73773   0.0014777
1.73783  0.00147343
1.738   0.0014755
1.73807  0.00146923
1.73817   0.0014652
1.73811  0.00145901
1.73818  0.00145323
1.73825  0.00144761
1.73827  0.00144049
1.73844  0.00144256
1.73846  0.00143544
1.71662           0
1.73716   0.0205386
1.74324   0.0133249
1.73807   0.0107434
1.7381  0.00832183
1.73373  0.00807786
1.73531  0.00700792
1.73907  0.00713813
1.74027  0.00640869
1.73761  0.00631862
1.73568  0.00603173
1.73614  0.00552531
1.73625  0.00508363
1.73759  0.00489507
1.73764  0.00455738
1.73723  0.00428362
1.73882  0.00432672
1.7389  0.00408018
1.73845  0.00388593
1.73923  0.00376762
1.74073  0.00388795
1.74013  0.00375662
1.74168  0.00391263
1.74233  0.00380201
1.74233  0.00364676
1.74289  0.00354798
1.74239  0.00344999
1.74203  0.00334449
1.74225  0.00323489
1.74227  0.00312523
1.74183  0.00305397
1.7411  0.00304486
1.74074  0.00297361
1.74225  0.00325444
1.74223  0.00316013
1.74171  0.00311515
1.74214  0.00305986
1.74264  0.00302078
1.74379   0.0031592
1.74288  0.00321222
1.74381  0.00326865
1.74309  0.00326965
1.74261   0.0032284
1.74246  0.00315788
1.7426  0.00308999
1.74209  0.00306353
1.74179  0.00301278
1.74163  0.00295404
1.74163  0.00289313
1.74132  0.00285157
1.74159  0.00280789
1.74101   0.0028124
1.74033  0.00284239
1.74058  0.00280073
1.74004  0.00280314
1.73981  0.00276179
1.74021  0.00274147
1.74002  0.00270003
1.74035  0.00267446
1.7409  0.00268581
1.74139  0.00268686
1.74082  0.00270504
1.7402  0.00273237
1.73993  0.00270282
1.73969  0.00267165
1.73959  0.00263276
1.73968  0.00259476
1.73937  0.00257522
1.73881  0.00259798
1.73833   0.0026062
1.7389  0.00263192
1.73885  0.00259549
1.73866  0.00256731
1.73862  0.00253263
1.73868  0.00249922
1.73867  0.00246613
1.73827  0.00246661
1.73831  0.00243511
1.73832  0.00240411
1.73829  0.00237404
1.73809  0.00235262
1.73765  0.00236596
1.73823  0.00240852
1.73851  0.00239616
1.73821   0.0023866
1.73859  0.00238918
1.73864  0.00236198
1.73844  0.00234351
1.73825  0.00232458
1.73841  0.00230416
1.73835  0.00227937
1.73849  0.00225867
1.73856  0.00223531
1.73852  0.00221174
1.7387  0.00219517
1.73814  0.00224224
1.73778  0.00224772
1.73815  0.00225576
1.73828   0.0022362
1.73823  0.00221432
1.73806  0.00219861
1.73775  0.00219945
1.73763   0.0021808
1.73779  0.00216538
1.73791  0.00214815
1.73767  0.00214152
1.73692  0.00224935
1.73701  0.00223009
1.73713  0.00221287
1.73728  0.00219802
1.73754  0.00219356
1.73758  0.00217417
1.73776  0.00216213
1.73783  0.00214438
1.73801  0.00213343
1.73797  0.00211533
1.73805  0.00209853
1.73786  0.00208887
1.7381  0.00208471
1.73807  0.00206753
1.73795  0.00205354
1.73792  0.00203698
1.73794  0.00202046
1.73802  0.00200581
1.73812  0.00199224
1.73782  0.00199888
1.73794  0.00198677
1.73776  0.00197938
1.73756  0.00197457
1.73761  0.00195992
1.73764  0.00194519
1.73738   0.0019486
1.73735  0.00193407
1.73742  0.00192104
1.73744   0.0019068
1.73752  0.00189435
1.73757   0.0018812
1.73769  0.00187146
1.73769  0.00185795
1.73769  0.00184463
1.73771  0.00183162
1.73775  0.00181908
1.73796  0.00181854
1.73798  0.00180593
1.73807  0.00179578
1.73808  0.00178346
1.73814   0.0017722
1.73803  0.00176317
1.73796  0.00175303
1.73789  0.00174259
1.73775  0.00173636
1.73801  0.00174476
1.73767  0.00176802
1.73762  0.00175706
1.73767  0.00174628
1.73766  0.00173507
1.73752  0.00172998
1.73752    0.001719
1.73755   0.0017084
1.73749  0.00169873
1.73752  0.00168846
1.73754   0.0016781
1.73757  0.00166815
1.73753  0.00165867
1.73736  0.00165683
1.73726  0.00164982
1.73735  0.00164233
1.73749  0.00163867
1.7374  0.00163133
1.73751  0.00162498
1.73734   0.0016245
1.73735  0.00161507
1.73726  0.00160823
1.73718  0.00160066
1.73715  0.00159173
1.73743  0.00160619
1.73739   0.0015975
1.73734   0.0015895
1.73734   0.0015806
1.73748  0.00157851
1.73762  0.00157561
1.7375  0.00157121
1.73746  0.00156325
1.73736  0.00155823
1.7372  0.00155744
1.73711   0.0015515
1.73713  0.00154324
1.73718  0.00153577
1.73718  0.00152763
1.73716  0.00151969
1.73726  0.00151501
1.73739  0.00151293
1.73743  0.00150545
1.73752  0.00150085
1.73743  0.00149601
1.73749  0.00148957
1.73752  0.00148226
1.73758  0.00147595
1.73774  0.00147743
1.7378  0.00147122
