1    0.221569    0.221569           0
2    0.219554    0.220562  0.00100766
3     0.22134    0.220821 0.000637053
4    0.221892    0.221089 0.000524018
5    0.221561    0.221183 0.000416746
6    0.223275    0.221532 0.000487122
7    0.218367     0.22108 0.000611482
8    0.222682     0.22128 0.000566146
9     0.22386    0.221567  0.00057576
10      0.2227     0.22168 0.000527306
11    0.219328    0.221466 0.000522701
12    0.222775    0.221575  0.00048946
13    0.218978    0.221376 0.000492582
14    0.224569    0.221604 0.000509923
15     0.22016    0.221507 0.000484376
16    0.223711    0.221645 0.000473571
17    0.217632    0.221409   0.0005036
18     0.22256    0.221473 0.000479086
19    0.222279    0.221515 0.000455153
20    0.218844    0.221382 0.000451985
21    0.224549    0.221533 0.000455609
22    0.221373    0.221525 0.000434467
23    0.221385    0.221519 0.000415192
24    0.221128    0.221503  0.00039785
25     0.22262    0.221548 0.000384209
26    0.224114    0.221646  0.00038211
27    0.223126    0.221701 0.000371746
28    0.221753    0.221703 0.000358228
29    0.220051    0.221646 0.000350318
30    0.220983    0.221624  0.00033916
31    0.214012    0.221378 0.000409767
32    0.220358    0.221347 0.000398035
33    0.221163    0.221341 0.000385825
34    0.220546    0.221318 0.000375034
35    0.217361    0.221205 0.000381306
36    0.222894    0.221251 0.000373521
37     0.21929    0.221198 0.000367133
38    0.223875    0.221269 0.000364217
39    0.223265     0.22132 0.000358428
40    0.220014    0.221287 0.000350876
41    0.221388     0.22129 0.000342219
42    0.222599    0.221321 0.000335424
43    0.221043    0.221315 0.000327595
44    0.221675    0.221323 0.000320167
45    0.222288    0.221344 0.000313705
46    0.223136    0.221383 0.000309273
47    0.221957    0.221395 0.000302867
48     0.21997    0.221366 0.000297974
49    0.222521    0.221389 0.000292781
50    0.219717    0.221356 0.000288809
51    0.221577     0.22136 0.000283122
52    0.220314     0.22134 0.000278353
53    0.221214    0.221338 0.000273061
54    0.220067    0.221314 0.000268988
55    0.221089     0.22131 0.000264084
56    0.222757    0.221336 0.000260609
57    0.220959    0.221329 0.000256081
58    0.220178    0.221309 0.000252409
59    0.220548    0.221296  0.00024843
60     0.22329     0.22133 0.000246504
61    0.220701    0.221319 0.000242649
62    0.220793    0.221311 0.000238854
63    0.218908    0.221273 0.000238106
64    0.222677    0.221295  0.00023538
65    0.219438    0.221266 0.000233484
66    0.218016    0.221217 0.000235134
67    0.219292    0.221188 0.000233373
68    0.219886    0.221169 0.000230712
69    0.220608    0.221161 0.000227489
70    0.219431    0.221136 0.000225574
71     0.21945    0.221112 0.000223639
72    0.221293    0.221115 0.000220525
73    0.218011    0.221072   0.0002216
74    0.221103    0.221073 0.000218585
75     0.22149    0.221078 0.000215723
76     0.22617    0.221145 0.000223158
77    0.221041    0.221144 0.000220245
78    0.218997    0.221117 0.000219138
79    0.222056    0.221128 0.000216673
80    0.223095    0.221153 0.000215355
81    0.220452    0.221144 0.000212856
82    0.220114    0.221132 0.000210619
83    0.222179    0.221144 0.000208448
84    0.220845    0.221141 0.000205983
85    0.219458    0.221121 0.000204506
86      0.2202     0.22111 0.000202397
87    0.222366    0.221125 0.000200577
88    0.221208    0.221126 0.000198287
89    0.220295    0.221116 0.000196268
90    0.218964    0.221092 0.000195544
91    0.223741    0.221122 0.000195562
92    0.220474    0.221115 0.000193552
93    0.220238    0.221105 0.000191692
94    0.220527    0.221099 0.000189741
95     0.22162    0.221104 0.000187813
96    0.222519    0.221119  0.00018643
97    0.221322    0.221121  0.00018451
98    0.219909    0.221109 0.000183036
99    0.220859    0.221106 0.000181195
100    0.217439     0.22107 0.000183085
101    0.222255    0.221081 0.000181643
102    0.221842    0.221089 0.000180008
103    0.220878    0.221087 0.000178263
104    0.224087    0.221116 0.000178883
105    0.219522    0.221101  0.00017782
106    0.221707    0.221106 0.000176228
107    0.217397    0.221072 0.000177981
108    0.220937     0.22107  0.00017633
109    0.221656    0.221076 0.000174787
110    0.223482    0.221098 0.000174567
111    0.221595    0.221102 0.000173045
112    0.221867    0.221109 0.000171629
113    0.221723    0.221114  0.00017019
114    0.221145    0.221115 0.000168691
115    0.218139    0.221089 0.000169208
116    0.219491    0.221075 0.000168307
117    0.222618    0.221088 0.000167383
118    0.223658     0.22111 0.000167381
119    0.217757    0.221082 0.000168343
120    0.222485    0.221093 0.000167344
121    0.225179    0.221127 0.000169355
122    0.220284     0.22112 0.000168103
123    0.221877    0.221126 0.000166844
124    0.224306    0.221152 0.000167467
125    0.220322    0.221145 0.000166255
126    0.222316    0.221155 0.000165192
127    0.220172    0.221147 0.000164068
128    0.219429    0.221134 0.000163334
129     0.21878    0.221115 0.000163087
130    0.221601    0.221119 0.000161871
131    0.218547    0.221099 0.000161826
132    0.218465    0.221079  0.00016183
133    0.220152    0.221072  0.00016076
134    0.220641    0.221069 0.000159589
135    0.221252    0.221071 0.000158408
136    0.220069    0.221063 0.000157411
137    0.219889    0.221055 0.000156493
138    0.221326    0.221057 0.000155367
139    0.222113    0.221064 0.000154432
140    0.220816    0.221062 0.000153336
141    0.220636    0.221059 0.000152274
142    0.219805    0.221051 0.000151456
143    0.223884     0.22107 0.000151693
144    0.219293    0.221058 0.000151141
145    0.219349    0.221046 0.000150557
146    0.223187    0.221061 0.000150239
147    0.221581    0.221065 0.000149255
148    0.220503    0.221061 0.000148292
149    0.220385    0.221056 0.000147363
150    0.219429    0.221045 0.000146779
151    0.221223    0.221047 0.000145808
152    0.219513    0.221036 0.000145197
153    0.220284    0.221032 0.000144329
154    0.219724    0.221023  0.00014364
155    0.220257    0.221018 0.000142795
156    0.222959    0.221031 0.000142422
157    0.220186    0.221025 0.000141614
158    0.223501    0.221041 0.000141585
159    0.220897     0.22104 0.000140694
160    0.221947    0.221046 0.000139927
161    0.220447    0.221042 0.000139105
162     0.22021    0.221037 0.000138339
163    0.223046    0.221049 0.000138039
164    0.219952    0.221042 0.000137358
165    0.218219    0.221025 0.000137591
166    0.221603    0.221029 0.000136804
167    0.218331    0.221013 0.000136938
168    0.220039    0.221007 0.000136244
169    0.217196    0.220984   0.0001373
170    0.221843    0.220989 0.000136584
171    0.223726    0.221005 0.000136723
172    0.221998    0.221011 0.000136048
173    0.219979    0.221005 0.000135391
174    0.222862    0.221016 0.000135033
175    0.221148    0.221017 0.000134261
176     0.22036    0.221013 0.000133548
177    0.219919    0.221007 0.000132935
178     0.21885    0.220995  0.00013274
179    0.218052    0.220978 0.000133016
180    0.222225    0.220985 0.000132456
181    0.222918    0.220996 0.000132155
182    0.220515    0.220993 0.000131453
183    0.219136    0.220983 0.000131126
184    0.221693    0.220987 0.000130468
185    0.220823    0.220986 0.000129764
186    0.222067    0.220992 0.000129196
187    0.223022    0.221003 0.000128961
188    0.218725     0.22099 0.000128844
189    0.221388    0.220993 0.000128178
190    0.218157    0.220978 0.000128372
191    0.222964    0.220988 0.000128121
192    0.221468     0.22099 0.000127477
193    0.220997    0.220991 0.000126814
194    0.219985    0.220985 0.000126265
195    0.219867     0.22098 0.000125747
196      0.2224    0.220987 0.000125313
197    0.220444    0.220984 0.000124706
198    0.221898    0.220989 0.000124161
199    0.223245       0.221 0.000124054
200    0.220379    0.220997 0.000123472
1    0.221642    0.221642           0
2    0.220609    0.221126 0.000516386
3    0.221359    0.221204 0.000308148
4    0.221061    0.221168  0.00022079
5    0.222699    0.221474 0.000350686
6    0.224739    0.222018 0.000614817
7    0.218844    0.221565 0.000689686
8    0.221887    0.221605 0.000598641
9    0.220226    0.221452 0.000549722
10    0.222847    0.221591 0.000511088
11    0.220999    0.221537 0.000465419
12    0.220421    0.221444 0.000434927
13    0.217972    0.221177 0.000481036
14    0.223622    0.221352 0.000478364
15    0.220044    0.221265 0.000453785
16    0.220845    0.221239 0.000425286
17    0.220824    0.221214 0.000400231
18     0.22046    0.221172 0.000379658
19    0.221805    0.221206 0.000360662
20    0.219516    0.221121 0.000352432
21    0.223562    0.221237 0.000354802
22    0.221053    0.221229 0.000338395
23    0.219414     0.22115 0.000332838
24    0.220723    0.221132 0.000319165
25     0.22151    0.221147 0.000306504
26    0.221356    0.221155 0.000294589
27    0.222788    0.221216 0.000289847
28    0.222043    0.221245 0.000280861
29    0.220642    0.221225   0.0002718
30    0.221274    0.221226 0.000262589
31    0.216985    0.221089 0.000288482
32    0.220983    0.221086 0.000279341
33    0.220928    0.221081 0.000270786
34    0.221239    0.221086 0.000262742
35    0.218563    0.221014 0.000265114
36    0.222674     0.22106 0.000261737
37    0.221017    0.221059 0.000254567
38    0.221534    0.221071 0.000248093
39    0.221247    0.221076 0.000241689
40    0.218784    0.221019  0.00024244
41    0.222815    0.221062 0.000240479
42    0.222038    0.221086 0.000235829
43    0.220597    0.221074  0.00023056
44    0.221123    0.221075 0.000225262
45    0.220714    0.221067 0.000220346
46     0.22165     0.22108 0.000215874
47    0.221198    0.221082 0.000211246
48    0.221841    0.221098 0.000207401
49    0.223439    0.221146 0.000208665
50    0.220247    0.221128 0.000205238
51    0.221914    0.221143 0.000201763
52    0.223696    0.221193 0.000203844
53    0.220206    0.221174 0.000200825
54    0.218558    0.221125 0.000202936
55    0.220222    0.221109 0.000199889
56    0.223806    0.221157 0.000202107
57    0.221247    0.221159 0.000198536
58    0.220589    0.221149  0.00019533
59    0.222096    0.221165 0.000192661
60    0.222473    0.221187 0.000190673
61    0.220737    0.221179 0.000187665
62    0.222072    0.221194 0.000185175
63    0.220521    0.221183 0.000182524
64    0.222145    0.221198 0.000180277
65    0.221836    0.221208 0.000177753
66    0.220548    0.221198 0.000175325
67    0.219484    0.221172 0.000174574
68    0.221122    0.221172 0.000171989
69    0.220531    0.221162 0.000169732
70    0.220441    0.221152 0.000167607
71    0.219164    0.221124 0.000167585
72    0.220621    0.221117 0.000165388
73    0.218043    0.221075 0.000168456
74    0.221169    0.221076 0.000166169
75    0.220992    0.221075 0.000163942
76    0.222703    0.221097 0.000163183
77    0.222978    0.221121 0.000162893
78    0.220695    0.221116 0.000160884
79    0.220223    0.221104 0.000159236
80    0.223438    0.221133 0.000159917
81    0.218125    0.221096 0.000162239
82    0.220168    0.221085 0.000160648
83    0.222958    0.221107 0.000160296
84    0.221395    0.221111 0.000158413
85    0.220196      0.2211 0.000156908
86    0.220177    0.221089 0.000155444
87    0.220208    0.221079  0.00015398
88    0.219984    0.221067 0.000152729
89    0.220615    0.221062 0.000151088
90    0.222475    0.221077 0.000150223
91    0.219828    0.221064 0.000149196
92    0.222012    0.221074 0.000147925
93    0.221834    0.221082 0.000146554
94    0.221611    0.221088 0.000145096
95    0.222536    0.221103 0.000144367
96    0.222154    0.221114 0.000143275
97    0.221607    0.221119 0.000141881
98    0.221381    0.221122 0.000140451
99    0.222514    0.221136 0.000139734
100    0.217623    0.221101 0.000142722
101    0.220713    0.221097 0.000141354
102    0.222892    0.221114 0.000141063
103      0.2225    0.221128 0.000140333
104    0.221838    0.221135 0.000139145
105    0.219911    0.221123 0.000138305
106    0.222596    0.221137 0.000137698
107    0.218483    0.221112 0.000138641
108     0.22055    0.221107  0.00013745
109    0.221097    0.221107 0.000136183
110     0.21959    0.221093 0.000135643
111    0.220923    0.221092 0.000134424
112    0.220962     0.22109 0.000133223
113    0.222621    0.221104 0.000132732
114    0.219761    0.221092 0.000132089
115    0.217474    0.221061 0.000134663
116    0.222117     0.22107 0.000133807
117    0.222071    0.221078 0.000132934
118    0.221939    0.221086 0.000132005
119    0.220266    0.221079 0.000131072
120    0.220415    0.221073 0.000130092
121    0.221956    0.221081 0.000129219
122    0.220398    0.221075 0.000128277
123     0.22263    0.221088 0.000127857
124    0.221423     0.22109  0.00012685
125    0.220628    0.221087 0.000125886
126    0.221552     0.22109 0.000124937
127    0.221302    0.221092 0.000123961
128    0.220252    0.221085 0.000123164
129      0.2196    0.221074 0.000122747
130    0.222229    0.221083 0.000122122
131    0.218859    0.221066  0.00012237
132    0.218658    0.221048 0.000122802
133    0.219634    0.221037 0.000122337
134    0.221954    0.221044 0.000121614
135    0.220968    0.221043 0.000120711
136    0.221023    0.221043  0.00011982
137    0.220615     0.22104 0.000118983
138    0.222284    0.221049 0.000118462
139    0.222001    0.221056 0.000117806
140    0.219727    0.221046 0.000117346
141     0.22062    0.221043  0.00011655
142    0.219119     0.22103 0.000116517
143    0.222892    0.221043  0.00011643
144    0.218704    0.221027 0.000116754
145    0.220787    0.221025 0.000115957
146    0.222736    0.221037 0.000115756
147    0.222732    0.221048 0.000115543
148    0.221619    0.221052 0.000114824
149    0.222239     0.22106 0.000114329
150    0.218555    0.221043 0.000114786
151     0.22175    0.221048 0.000114119
152    0.221437     0.22105 0.000113395
153    0.220607    0.221048 0.000112688
154    0.221652    0.221051 0.000112023
155    0.217814    0.221031 0.000113241
156    0.223078    0.221044 0.000113275
157    0.222704    0.221054 0.000113047
158    0.221928     0.22106 0.000112465
159    0.218141    0.221041 0.000113254
160    0.223934     0.22106 0.000113987
161    0.223504    0.221075  0.00011429
162    0.219734    0.221066 0.000113884
163     0.22254    0.221076 0.000113543
164    0.220656    0.221073 0.000112878
165    0.219403    0.221063 0.000112647
166    0.222966    0.221074 0.000112552
167    0.219026    0.221062 0.000112546
168    0.220009    0.221056  0.00011205
169    0.219103    0.221044 0.000111982
170    0.219775    0.221037 0.000111572
171    0.221536     0.22104 0.000110956
172    0.221557    0.221043  0.00011035
173    0.221718    0.221047  0.00010978
174    0.221956    0.221052 0.000109272
175    0.220859    0.221051 0.000108652
176     0.22037    0.221047 0.000108102
177     0.22012    0.221042 0.000107617
178    0.220222    0.221037 0.000107109
179    0.218604    0.221023 0.000107373
180    0.220666    0.221021 0.000106794
181    0.221351    0.221023 0.000106218
182    0.221277    0.221025 0.000105642
183    0.219686    0.221017 0.000105317
184    0.221269    0.221019 0.000104752
185    0.221907    0.221023 0.000104295
186    0.222649    0.221032   0.0001041
187    0.220976    0.221032 0.000103542
188    0.220256    0.221028 0.000103073
189    0.221645    0.221031 0.000102578
190    0.220186    0.221027 0.000102134
191    0.222673    0.221035 0.000101963
192    0.219008    0.221025 0.000101978
193    0.221348    0.221026 0.000101462
194    0.220735    0.221025 0.000100949
195    0.221615    0.221028 0.000100476
196    0.220616    0.221026 9.99838e-05
197    0.221642    0.221029 9.95242e-05
198    0.220456    0.221026 9.90626e-05
199    0.219996    0.221021 9.86992e-05
200    0.221914    0.221025 9.83059e-05
