1     9.56424    0.191285           0
2     7.49368    0.170579   0.0207056
3     8.77164    0.172197   0.0120634
4     8.67368    0.172516  0.00853606
5     8.74508    0.172993  0.00662919
6     9.18836    0.174789  0.00570279
7     7.90584    0.172407  0.00537611
8     7.50264    0.169613  0.00543001
9     8.35428    0.169332  0.00479704
10     10.0105     0.17242  0.00528621
11      8.6664    0.172502  0.00478227
12     8.70184     0.17263  0.00436747
13       8.502    0.172431  0.00402242
14     7.80584    0.171266   0.0039021
15     7.49052    0.169835  0.00390412
16      10.236    0.172016  0.00425332
17     8.72928    0.172167  0.00399816
18     9.54008    0.173202  0.00390908
19     8.46912    0.173001  0.00370308
20     8.32908     0.17268  0.00352768
21      9.2446    0.173262  0.00340551
22     7.45308    0.172162  0.00342829
23     7.93048    0.171572  0.00332842
24     7.73388    0.170869  0.00326354
25      7.4534    0.169996  0.00324947
26       7.659     0.16935  0.00318829
27      8.2372    0.169179  0.00307267
28     8.61004    0.169287  0.00296286
29     9.12784    0.169745  0.00289526
30     7.88456    0.169343  0.00282579
31     7.99348    0.169037  0.00275015
32     8.05148    0.168787  0.00267455
33     7.15652     0.16801  0.00270632
34     8.36468    0.167988   0.0026256
35     8.41244    0.167996  0.00254949
36     9.41472     0.16856  0.00254101
37     8.76808    0.168744  0.00247821
38     9.27836    0.169186   0.0024524
39     8.86552    0.169395  0.00239776
40     8.63896    0.169479  0.00233858
41     8.42492    0.169455  0.00228095
42     9.59512     0.16999  0.00228924
43     8.25392    0.169876  0.00223829
44     8.87636    0.170049  0.00219373
45     8.37268    0.169992   0.0021452
46      9.0794    0.170244  0.00211314
47     8.65556    0.170305  0.00206859
48     8.74204    0.170399  0.00202724
49      8.4848    0.170385  0.00198549
50     8.76792    0.170484  0.00194791
51     8.81496    0.170598  0.00191274
52     7.67656     0.17027   0.0019041
53     9.51948     0.17065  0.00190601
54     8.08512    0.170484   0.0018777
55     9.60524    0.170877   0.0018847
56     7.93616     0.17066  0.00186342
57     7.24992     0.17021  0.00188499
58     8.38688    0.170167   0.0018527
59     9.59776    0.170537  0.00185809
60     8.85364    0.170646   0.0018301
61     8.84756    0.170749  0.00180282
62     7.49224    0.170412  0.00180527
63     8.02944    0.170256  0.00178321
64     8.85264    0.170362  0.00175834
65     8.63916    0.170399  0.00173148
66      8.1578     0.17029  0.00170857
67     8.56568    0.170305  0.00168294
68     8.30516    0.170243  0.00165916
69     8.90292    0.170356  0.00163886
70     8.14404     0.17025   0.0016188
71     9.29516     0.17047    0.001611
72     8.15728    0.170368  0.00159172
73     7.98136    0.170221  0.00157664
74     9.35316    0.170449  0.00157176
75     8.39532    0.170415  0.00155103
76     8.48408    0.170405  0.00153051
77     9.39168    0.170632  0.00152737
78     8.15152    0.170534  0.00151081
79     9.11416    0.170683  0.00149896
80     8.83168    0.170757  0.00148197
81     7.80556    0.170576  0.00147469
82      8.5642    0.170585  0.00145662
83     8.22016    0.170511  0.00144089
84     7.74428    0.170325  0.00143573
85     9.01908    0.170443  0.00142366
86     9.58672     0.17069  0.00142863
87     9.13456    0.170828  0.00141883
88     8.39648    0.170795    0.001403
89     9.25868    0.170957  0.00139653
90     8.66276    0.170983  0.00138116
91     9.10972    0.171106  0.00137144
92     8.12548    0.171012  0.00135967
93     10.6966    0.171474  0.00142194
94      8.7608    0.171514  0.00140729
95     7.56028      0.1713  0.00140872
96     10.0763    0.171615  0.00142908
97     8.47776    0.171593  0.00141443
98     9.70664    0.171823  0.00141869
99     8.86672    0.171879  0.00140539
100     8.06024    0.171772  0.00139535
101     7.95984    0.171648  0.00138707
102     8.32436    0.171597  0.00137434
103     8.68588    0.171618  0.00136108
104     9.84928    0.171862  0.00136982
105     8.77744    0.171897  0.00135717
106     8.33908    0.171849  0.00134517
107     9.02884     0.17193  0.00133503
108     8.90112    0.171987  0.00132382
109     9.24312    0.172105  0.00131692
110     10.1904    0.172393  0.00133635
111     8.72412    0.172412  0.00132439
112     8.80584    0.172445  0.00131293
113     8.98632    0.172509  0.00130285
114     8.16904    0.172429  0.00129385
115     7.60244    0.172252  0.00129474
116     8.92288    0.172306  0.00128464
117     9.31052    0.172424  0.00127915
118     8.07448    0.172332  0.00127164
119     8.93632    0.172385  0.00126205
120     8.33428    0.172338  0.00125239
121     7.70192    0.172187  0.00125117
122      8.6444    0.172192  0.00124089
123     9.09512    0.172271  0.00123329
124      8.0958    0.172188  0.00122615
125     8.57708    0.172183  0.00121631
126     7.43604    0.171996   0.0012209
127     8.49844    0.171981  0.00121136
128       7.829     0.17186  0.00120786
129     7.90848    0.171754  0.00120315
130     8.55128    0.171748  0.00119388
131     7.72404    0.171617  0.00119204
132     8.47336      0.1716  0.00118308
133     8.48072    0.171585  0.00117425
134      7.7628    0.171464  0.00117181
135     8.52592    0.171457  0.00116312
136     9.24952    0.171556  0.00115881
137     10.7244    0.171869  0.00119224
138     8.36524    0.171836  0.00118404
139     8.86328    0.171875  0.00117614
140     8.76192    0.171899  0.00116795
141     8.87536    0.171939  0.00116032
142     7.71892    0.171816  0.00115874
143     8.75144    0.171838  0.00115083
144     7.91608    0.171744  0.00114665
145     10.3664     0.17199  0.00116486
146     9.10088    0.172058  0.00115889
147      9.2706    0.172149  0.00115456
148      8.5676    0.172144  0.00114675
149     9.32688     0.17224  0.00114311
150       7.773    0.172128  0.00114096
151     8.48404    0.172112   0.0011335
152     9.16244    0.172186   0.0011284
153     9.27504    0.172273  0.00112437
154     9.41592    0.172377   0.0011219
155     7.60864    0.172246  0.00112223
156      7.8808    0.172153  0.00111895
157     8.49484    0.172138  0.00111189
158     8.99132    0.172187   0.0011059
159     8.66504    0.172194  0.00109895
160     9.05484     0.17225  0.00109348
161     8.75892    0.172268  0.00108682
162     8.55212     0.17226  0.00108011
163     8.77724     0.17228  0.00107365
164     8.93156    0.172319  0.00106779
165     7.58632    0.172194  0.00106861
166     8.22296    0.172148  0.00106318
167     9.02704    0.172198  0.00105799
168     8.45496    0.172179  0.00105183
169     7.98836    0.172106  0.00104816
170      7.7406    0.172004  0.00104694
171     8.61352    0.172006   0.0010408
172     9.38156    0.172097  0.00103871
173     8.36768    0.172069  0.00103305
174     8.96196     0.17211  0.00102792
175       8.484    0.172097  0.00102213
176      7.7124    0.171995  0.00102135
177       7.823    0.171907  0.00101935
178     8.26744    0.171871  0.00101427
179     8.45712    0.171855  0.00100871
180     8.56272    0.171852  0.00100309
181     7.72596    0.171756  0.00100212
182     9.14584    0.171818 0.000998485
183     7.28528    0.171675  0.00100321
184     9.22684    0.171745  0.00100019
185     7.90992    0.171672 0.000997461
186     6.53092    0.171451  0.00101634
187      8.2512    0.171416  0.00101147
188     9.09936    0.171473  0.00100765
189     8.43968    0.171459   0.0010024
190     8.63032    0.171465 0.000997133
191      7.3236    0.171334  0.00100049
192     8.65844    0.171343 0.000995314
193     7.86024     0.17127 0.000992849
194     7.68476    0.171179 0.000991864
195     7.64648    0.171086 0.000991193
196      8.5232    0.171083 0.000986128
197     7.79744    0.171006 0.000984112
198      7.9806    0.170948 0.000980819
199     8.40052    0.170934 0.000975989
200     10.3952    0.171118 0.000988535
1     9.59432    0.191886           0
2     7.49864     0.17093   0.0209568
3     8.76984    0.172419   0.0121907
4     8.66976    0.172663  0.00862358
5     8.74712    0.173119  0.00669534
6     9.19408    0.174913   0.0057535
7     7.91164     0.17253  0.00541504
8     7.49408    0.169699  0.00547783
9     8.35764    0.169416  0.00483927
10     10.0183    0.172511  0.00532106
11      8.6772    0.172605    0.004814
12     8.69952     0.17272  0.00439608
13     8.49968     0.17251  0.00404924
14     7.80224    0.171334  0.00392903
15     7.48876    0.169897  0.00392998
16      10.248    0.172088  0.00427975
17     8.73388    0.172241  0.00402301
18     9.51968    0.173249  0.00392472
19      8.4744    0.173051  0.00371768
20     8.32092     0.17272  0.00354246
21     9.24668    0.173301  0.00341938
22     7.45788    0.172204     0.00344
23     7.91604      0.1716    0.003342
24      7.7246    0.170887  0.00327816
25     7.45364    0.170015  0.00326313
26     7.66568    0.169372  0.00320025
27     8.22184     0.16919  0.00308486
28     8.62036    0.169305  0.00297487
29     9.13916    0.169769  0.00290784
30     7.87112    0.169358  0.00283922
31     7.99296    0.169051  0.00276315
32     8.06108    0.168807  0.00268658
33     7.15584    0.168028  0.00271777
34     8.37076     0.16801  0.00263669
35      8.3864    0.168002  0.00256026
36     9.41044    0.168563  0.00255065
37     8.76296    0.168744  0.00248735
38     9.25172    0.169173  0.00245867
39     8.86308     0.16938  0.00240376
40     8.62948    0.169461  0.00234427
41     8.42068    0.169435  0.00228652
42       9.604    0.169974  0.00229563
43      8.2446    0.169856  0.00224472
44     8.88656    0.170035   0.0022004
45      8.3912    0.169986  0.00215151
46     9.07244    0.170235  0.00211892
47     8.65464    0.170296  0.00207424
48     8.74424    0.170392  0.00203281
49     8.46796     0.17037  0.00199101
50     8.77348    0.170472  0.00195344
51     8.81224    0.170586   0.0019181
52     7.66872    0.170255  0.00190975
53     9.50804     0.17063  0.00191065
54     8.09452    0.170468  0.00188191
55     9.60656    0.170862   0.0018889
56     7.93232    0.170644  0.00186764
57     7.26732      0.1702  0.00188751
58       8.382    0.170156   0.0018552
59      9.6038    0.170528  0.00186095
60     8.84584    0.170634  0.00183277
61     8.83868    0.170735  0.00180528
62      7.4918    0.170398  0.00180763
63      8.0432    0.170246  0.00178513
64     8.86512    0.170357  0.00176047
65      8.6406    0.170394  0.00173359
66     8.15224    0.170283  0.00171075
67     8.56092    0.170297  0.00168508
68     8.30616    0.170236  0.00166125
69      8.9074     0.17035  0.00164101
70     8.14232    0.170243  0.00162094
71     9.29996    0.170465  0.00161328
72     8.15588    0.170363  0.00159399
73      7.9842    0.170217  0.00157879
74     9.36804    0.170448  0.00157445
75     8.39124    0.170413  0.00155371
76     8.46912      0.1704  0.00153319
77     9.38608    0.170625  0.00152978
78     8.15076    0.170527  0.00151319
79     9.11968    0.170677  0.00150144
80     8.81516    0.170748  0.00148422
81     7.80272    0.170566  0.00147697
82      8.5788    0.170579   0.0014589
83     8.22444    0.170505  0.00144308
84     7.74056    0.170318  0.00143798
85     9.03212     0.17044  0.00142615
86     9.58148    0.170686  0.00143084
87      9.1166     0.17082  0.00142062
88     8.41264    0.170791  0.00140469
89      9.2666    0.170954  0.00139839
90      8.6734    0.170982  0.00138305
91     9.11572    0.171107  0.00137342
92      8.1242    0.171013  0.00136164
93     10.6898    0.171473  0.00142332
94     8.75416    0.171512  0.00140862
95     7.58928    0.171304  0.00140909
96     10.0656    0.171617  0.00142895
97     8.47056    0.171594  0.00141432
98     9.69488    0.171821   0.0014182
99     8.87936     0.17188  0.00140501
100     8.05172    0.171771  0.00139511
101      7.9526    0.171645  0.00138695
102     8.31764    0.171593  0.00137427
103      8.7024    0.171617  0.00136107
104     9.84976    0.171861  0.00136983
105     8.80692    0.171902  0.00135733
106     8.34692    0.171855  0.00134528
107     9.03636    0.171938  0.00133522
108     8.88476    0.171991  0.00132388
109     9.24152    0.172109  0.00131695
110     10.1973    0.172399  0.00133664
111     8.73276    0.172419   0.0013247
112     8.78776    0.172449  0.00131315
113     8.99608    0.172515  0.00130316
114     8.17748    0.172436  0.00129407
115     7.61372    0.172261  0.00129469
116     8.90732    0.172312  0.00128449
117     9.30796     0.17243  0.00127895
118     8.07032    0.172336   0.0012715
119     8.93868    0.172391  0.00126193
120      8.3254    0.172342  0.00125233
121     7.70508    0.172191  0.00125105
122     8.64748    0.172197  0.00124077
123     9.10032    0.172277  0.00123322
124     8.11684    0.172197  0.00122586
125     8.57228    0.172191  0.00121603
126     7.43704    0.172005  0.00122061
127     8.49548    0.171988  0.00121107
128     7.84148     0.17187   0.0012074
129     7.91856    0.171765  0.00120256
130     8.57172    0.171762  0.00119328
131     7.72164     0.17163   0.0011915
132     8.46668    0.171613  0.00118257
133       8.478    0.171597  0.00117374
134     7.76756    0.171476  0.00117124
135     8.53384     0.17147  0.00116255
136     9.24756    0.171569  0.00115822
137     10.7274    0.171883  0.00119177
138      8.3722    0.171851  0.00118354
139     8.84212    0.171887  0.00117554
140     8.77204    0.171912  0.00116739
141     8.90236    0.171956   0.0011599
142      7.7208    0.171832   0.0011583
143      8.7408    0.171853  0.00115036
144     7.92944    0.171761  0.00114605
145     10.3514    0.172004  0.00116382
146      9.1088    0.172074  0.00115792
147     9.28348    0.172166  0.00115373
148     8.56768    0.172161  0.00114592
149     9.32492    0.172257  0.00114226
150     7.77304    0.172145  0.00114014
151     8.50508    0.172131  0.00113264
152     9.16404    0.172205  0.00112755
153     9.28068    0.172292  0.00112358
154      9.4102    0.172396  0.00112103
155     7.60316    0.172265  0.00112148
156     7.88696    0.172171  0.00111815
157     8.47672    0.172155  0.00111113
158     8.96584      0.1722    0.001105
159     8.68032    0.172209  0.00109807
160      9.0576    0.172265  0.00109261
161      8.7624    0.172283  0.00108597
162     8.55932    0.172277  0.00107926
163     8.76788    0.172295  0.00107279
164     8.92296    0.172333  0.00106689
165     7.57816    0.172207  0.00106785
166     8.19228    0.172157  0.00106259
167     9.01644    0.172206  0.00105734
168     8.46956    0.172189  0.00105116
169     7.99896    0.172117  0.00104742
170     7.76252    0.172017  0.00104595
171      8.5952    0.172017  0.00103982
172     9.38048    0.172107  0.00103772
173     8.37084     0.17208  0.00103206
174       8.979    0.172123  0.00102702
175     8.47572    0.172109  0.00102124
176     7.71328    0.172007  0.00102047
177     7.82608     0.17192  0.00101846
178     8.27044    0.171883  0.00101338
179     8.46984    0.171869   0.0010078
180     8.55588    0.171865  0.00100219
181       7.737     0.17177  0.00100112
182     9.16152    0.171833 0.000997593
183     7.29004    0.171691  0.00100227
184     9.23168    0.171761  0.00099929
185      7.9024    0.171687 0.000996635
186       6.541    0.171468  0.00101532
187     8.24864    0.171433  0.00101047
188     9.10104    0.171489  0.00100666
189     8.43732    0.171475  0.00100143
190     8.62892    0.171481 0.000996158
191      7.3196    0.171349 0.000999597
192     8.67832    0.171361 0.000994444
193     7.87624    0.171289 0.000991872
194     7.66128    0.171196 0.000991129
195     7.62224      0.1711 0.000990711
196     8.53176    0.171097 0.000985646
197     7.79208     0.17102 0.000983683
198     7.98532    0.170963 0.000980369
199     8.38944    0.170947 0.000975561
200     10.3908    0.171131  0.00098802
