1   -0.848622   -0.848622           0
2   -0.850512   -0.849567   0.0009448
3   -0.849544   -0.849559 0.000545535
4   -0.848429   -0.849277 0.000478231
5   -0.848949   -0.849211   0.0003762
6   -0.847301   -0.848893 0.000442413
7   -0.849085    -0.84892 0.000374912
8    -0.85033   -0.849096 0.000369399
9   -0.845131   -0.848656 0.000547942
10   -0.847939   -0.848584 0.000495306
11   -0.848541    -0.84858 0.000448039
12   -0.848112   -0.848541 0.000410858
13   -0.847064   -0.848428 0.000394647
14   -0.847659   -0.848373 0.000369472
15    -0.84932   -0.848436 0.000349709
16   -0.848445   -0.848436 0.000327123
17   -0.847446   -0.848378 0.000312749
18   -0.844573   -0.848167 0.000362819
19   -0.849496   -0.848237 0.000350251
20   -0.848669   -0.848258 0.000332978
21   -0.848128   -0.848252 0.000316786
22   -0.848245   -0.848252 0.000302044
23   -0.848472   -0.848261 0.000288772
24   -0.848045   -0.848252 0.000276625
25   -0.848181   -0.848249 0.000265345
26    -0.85047   -0.848335 0.000268866
27   -0.849072   -0.848362 0.000260152
28   -0.846859   -0.848309 0.000256372
29   -0.847731   -0.848289 0.000248173
30   -0.847621   -0.848266 0.000240789
31    -0.85067   -0.848344 0.000245464
32   -0.847358   -0.848313 0.000239657
33   -0.852042   -0.848426 0.000258302
34   -0.851384   -0.848513 0.000265262
35    -0.84683   -0.848465  0.00026202
36   -0.847515   -0.848439 0.000256001
37    -0.84763   -0.848417 0.000249942
38   -0.847408    -0.84839  0.00024472
39    -0.85023   -0.848437 0.000242988
40   -0.850618   -0.848492 0.000243026
41   -0.846898   -0.848453 0.000240193
42   -0.845224   -0.848376  0.00024669
43    -0.84816   -0.848371 0.000240938
44   -0.848251   -0.848368 0.000235414
45   -0.850742   -0.848421 0.000236093
46   -0.848243   -0.848417 0.000230936
47   -0.850062   -0.848452 0.000228664
48   -0.848291   -0.848449 0.000223874
49   -0.848818   -0.848456 0.000219387
50   -0.847715   -0.848442 0.000215465
51   -0.849054   -0.848454 0.000211539
52   -0.848333   -0.848451 0.000207444
53   -0.845989   -0.848405  0.00020873
54   -0.846933   -0.848378 0.000206634
55    -0.84936   -0.848395 0.000203627
56   -0.848474   -0.848397 0.000199963
57   -0.849446   -0.848415 0.000197284
58    -0.84864   -0.848419 0.000193892
59   -0.847088   -0.848397 0.000191908
60   -0.848152   -0.848393 0.000188726
61   -0.847146   -0.848372 0.000186729
62   -0.847534   -0.848359 0.000184189
63   -0.848098   -0.848354 0.000181289
64   -0.849546   -0.848373 0.000179402
65   -0.849491    -0.84839 0.000177456
66   -0.849672    -0.84841 0.000175822
67   -0.849077    -0.84842 0.000173464
68   -0.847434   -0.848405 0.000171508
69   -0.846702    -0.84838 0.000170797
70   -0.848328    -0.84838 0.000168341
71    -0.84909    -0.84839 0.000166254
72   -0.848102   -0.848386 0.000163977
73   -0.850813   -0.848419 0.000165098
74   -0.847714   -0.848409  0.00016313
75   -0.848102   -0.848405 0.000160992
76   -0.848294   -0.848404 0.000158866
77   -0.846054   -0.848373 0.000159731
78     -0.8468   -0.848353 0.000158955
79   -0.849731   -0.848371 0.000157896
80   -0.848168   -0.848368 0.000155931
81   -0.847626   -0.848359 0.000154266
82   -0.848875   -0.848365 0.000152503
83   -0.848658   -0.848369 0.000150696
84   -0.847384   -0.848357 0.000149352
85   -0.846427   -0.848334 0.000149321
86   -0.847488   -0.848324 0.000147902
87   -0.847565   -0.848316 0.000146452
88   -0.848046   -0.848313 0.000144811
89   -0.847811   -0.848307 0.000143285
90   -0.849094   -0.848316 0.000141954
91   -0.848194   -0.848314 0.000140392
92   -0.847506   -0.848306 0.000139136
93   -0.847654   -0.848299  0.00013781
94   -0.849216   -0.848308 0.000136684
95     -0.8506   -0.848333 0.000137372
96   -0.847539   -0.848324 0.000136185
97   -0.847566   -0.848316    0.000135
98   -0.847299   -0.848306 0.000134018
99   -0.848486   -0.848308  0.00013267
100   -0.849802   -0.848323 0.000132183
101   -0.848603   -0.848326 0.000130897
102   -0.848341   -0.848326 0.000129608
103   -0.847536   -0.848318 0.000128572
104   -0.849491   -0.848329 0.000127828
105   -0.850723   -0.848352 0.000128641
106   -0.846584   -0.848335 0.000128509
107   -0.846918   -0.848322  0.00012799
108   -0.847781   -0.848317 0.000126898
109   -0.847856   -0.848313   0.0001258
110   -0.849877   -0.848327 0.000125459
111    -0.84995   -0.848342  0.00012518
112   -0.848597   -0.848344 0.000124079
113   -0.848358   -0.848344 0.000122976
114   -0.848205   -0.848343 0.000121898
115   -0.849379   -0.848352 0.000121169
116   -0.847339   -0.848343 0.000120437
117   -0.849846   -0.848356 0.000120092
118   -0.849627   -0.848367 0.000119557
119   -0.848323   -0.848367 0.000118548
120   -0.850874   -0.848387 0.000119398
121    -0.84876   -0.848391 0.000118447
122   -0.848987   -0.848395 0.000117574
123   -0.849286   -0.848403 0.000116839
124   -0.847803   -0.848398 0.000115994
125   -0.846021   -0.848379 0.000116623
126   -0.848698   -0.848381 0.000115721
127   -0.848627   -0.848383 0.000114823
128   -0.847736   -0.848378 0.000114034
129   -0.847482   -0.848371  0.00011336
130   -0.847574   -0.848365 0.000112652
131   -0.849152   -0.848371  0.00011195
132   -0.846614   -0.848358 0.000111893
133   -0.844755   -0.848331 0.000114304
134   -0.850142   -0.848344 0.000114251
135   -0.848291   -0.848344 0.000113402
136   -0.849979   -0.848356 0.000113205
137   -0.848978    -0.84836 0.000112468
138   -0.850912   -0.848379  0.00011317
139   -0.849694   -0.848388 0.000112751
140   -0.846066   -0.848372 0.000113166
141   -0.845867   -0.848354 0.000113756
142   -0.846333    -0.84834 0.000113845
143   -0.846554   -0.848327 0.000113734
144   -0.849186   -0.848333 0.000113099
145   -0.846312   -0.848319 0.000113178
146   -0.848984   -0.848324 0.000112492
147   -0.847315   -0.848317 0.000111935
148   -0.845813     -0.8483 0.000112456
149   -0.848968   -0.848305 0.000111789
150   -0.849773   -0.848314 0.000111471
151   -0.847915   -0.848312 0.000110762
152   -0.847781   -0.848308 0.000110087
153   -0.847982   -0.848306 0.000109385
154   -0.849464   -0.848314 0.000108933
155   -0.846355   -0.848301 0.000108963
156    -0.84847   -0.848302 0.000108267
157   -0.847003   -0.848294 0.000107893
158   -0.846741   -0.848284 0.000107658
159   -0.846971   -0.848276 0.000107297
160   -0.849483   -0.848283 0.000106891
161   -0.849358    -0.84829 0.000106434
162   -0.849942     -0.8483 0.000106266
163    -0.84803   -0.848298 0.000105625
164   -0.850602   -0.848313 0.000105914
165   -0.848979   -0.848317 0.000105348
166   -0.847074   -0.848309 0.000104979
167    -0.84985   -0.848318 0.000104755
168    -0.84785   -0.848316 0.000104167
169   -0.847715   -0.848312  0.00010361
170   -0.848981   -0.848316 0.000103074
171    -0.85083   -0.848331 0.000103519
172   -0.847331   -0.848325 0.000103079
173   -0.847488    -0.84832 0.000102596
174    -0.84853   -0.848321 0.000102011
175   -0.848046    -0.84832 0.000101439
176   -0.850307   -0.848331 0.000101491
177   -0.847781   -0.848328 0.000100964
178   -0.846379   -0.848317  0.00010099
179    -0.84867   -0.848319 0.000100444
180   -0.848691   -0.848321 9.99057e-05
181   -0.847925   -0.848319 9.93763e-05
182   -0.848502    -0.84832  9.8834e-05
183    -0.84696   -0.848312 9.85728e-05
184   -0.848643   -0.848314 9.80521e-05
185   -0.847726   -0.848311 9.75724e-05
186   -0.847392   -0.848306 9.71721e-05
187   -0.849195   -0.848311 9.67679e-05
188   -0.849123   -0.848315 9.63488e-05
189   -0.848675   -0.848317 9.58566e-05
190    -0.84757   -0.848313 9.54319e-05
191   -0.846789   -0.848305 9.52657e-05
192   -0.848701   -0.848307 9.47907e-05
193    -0.84892    -0.84831 9.43517e-05
194    -0.84948   -0.848316 9.40576e-05
195   -0.847578   -0.848312 9.36506e-05
196   -0.848622   -0.848314  9.3185e-05
197   -0.849178   -0.848318 9.28144e-05
198    -0.84861    -0.84832 9.23561e-05
199   -0.850219   -0.848329 9.23851e-05
200    -0.84573   -0.848316 9.28367e-05
1   -0.848323   -0.848323           0
2   -0.850533   -0.849428   0.0011048
3    -0.84936   -0.849405 0.000638259
4    -0.84848   -0.849174 0.000507151
5   -0.848877   -0.849115 0.000397309
6   -0.847293   -0.848811 0.000444326
7   -0.849234   -0.848871 0.000380347
8   -0.850424   -0.849065 0.000382318
9   -0.844973   -0.848611 0.000566099
10   -0.848045   -0.848554 0.000509487
11   -0.848437   -0.848543 0.000460971
12   -0.848066   -0.848504 0.000422687
13   -0.847154     -0.8484 0.000402444
14   -0.847862   -0.848361 0.000374563
15   -0.849355   -0.848428 0.000354938
16   -0.848376   -0.848424 0.000332029
17     -0.8472   -0.848352 0.000320096
18   -0.844514   -0.848139 0.000369538
19   -0.849368   -0.848204 0.000355482
20   -0.848789   -0.848233 0.000338506
21   -0.848309   -0.848237 0.000322004
22   -0.848202   -0.848235 0.000307022
23   -0.848266   -0.848236 0.000293373
24   -0.848144   -0.848233  0.00028091
25   -0.848306   -0.848235 0.000269455
26   -0.850458   -0.848321 0.000272627
27   -0.849139   -0.848351  0.00026408
28   -0.846794   -0.848296 0.000260484
29   -0.847768   -0.848277 0.000251999
30   -0.847718   -0.848259 0.000244166
31   -0.850784    -0.84834 0.000249812
32   -0.847419   -0.848311 0.000243586
33   -0.851978   -0.848423 0.000260922
34   -0.851066     -0.8485   0.0002648
35   -0.847054   -0.848459  0.00026042
36   -0.847642   -0.848436 0.000254099
37   -0.847669   -0.848416 0.000248005
38   -0.847318   -0.848387 0.000243111
39   -0.850085    -0.84843 0.000240765
40   -0.850667   -0.848486 0.000241241
41   -0.846808   -0.848445 0.000238817
42     -0.8452   -0.848368 0.000245536
43   -0.848264   -0.848366  0.00023977
44   -0.848011   -0.848357 0.000234395
45   -0.850728    -0.84841 0.000235105
46   -0.848448   -0.848411 0.000229939
47   -0.850325   -0.848452 0.000228648
48   -0.848363    -0.84845 0.000223842
49    -0.84869   -0.848455 0.000219281
50   -0.847728    -0.84844 0.000215341
51   -0.849211   -0.848455 0.000211617
52   -0.848291   -0.848452 0.000207532
53   -0.846013   -0.848406 0.000208717
54   -0.846733   -0.848375 0.000207146
55   -0.849413   -0.848394 0.000204218
56   -0.848691   -0.848399 0.000200608
57   -0.849482   -0.848418  0.00019797
58   -0.848589   -0.848421 0.000194549
59   -0.846894   -0.848395 0.000192966
60   -0.847922   -0.848387 0.000189887
61    -0.84695   -0.848364 0.000188229
62   -0.847589   -0.848351 0.000185589
63   -0.848051   -0.848347 0.000182682
64     -0.8494   -0.848363 0.000180556
65   -0.849555   -0.848381 0.000178701
66   -0.849986   -0.848406 0.000177643
67   -0.849139   -0.848417 0.000175313
68   -0.847512   -0.848403 0.000173228
69   -0.846915   -0.848382 0.000172056
70   -0.848378   -0.848382  0.00016958
71   -0.848923   -0.848389 0.000167348
72   -0.848021   -0.848384 0.000165087
73   -0.850784   -0.848417 0.000166096
74   -0.847677   -0.848407 0.000164141
75   -0.848091   -0.848403 0.000161992
76   -0.848246   -0.848401  0.00015986
77   -0.845843   -0.848368 0.000161229
78   -0.846808   -0.848348   0.0001604
79   -0.849811   -0.848366 0.000159436
80   -0.848006   -0.848362 0.000157495
81   -0.847749   -0.848354 0.000155722
82   -0.848525   -0.848356 0.000153826
83   -0.848461   -0.848357 0.000151966
84   -0.847307   -0.848345 0.000150666
85   -0.846618   -0.848325 0.000150263
86   -0.847522   -0.848315 0.000148799
87   -0.847621   -0.848307 0.000147295
88   -0.848117   -0.848305 0.000145628
89   -0.847835     -0.8483 0.000144079
90   -0.849048   -0.848308 0.000142711
91   -0.848365   -0.848309 0.000141136
92    -0.84725   -0.848297 0.000140067
93   -0.847603    -0.84829 0.000138754
94   -0.849094   -0.848298 0.000137536
95   -0.850685   -0.848324  0.00013838
96   -0.847138   -0.848311 0.000137487
97   -0.847566   -0.848303 0.000136279
98    -0.84735   -0.848294 0.000135231
99    -0.84852   -0.848296 0.000133878
100   -0.849819   -0.848311 0.000133405
101   -0.848702   -0.848315 0.000132134
102   -0.848224   -0.848314 0.000130835
103   -0.847587   -0.848307 0.000129751
104   -0.849344   -0.848317 0.000128883
105   -0.850818   -0.848341 0.000129852
106   -0.846574   -0.848324 0.000129697
107   -0.846816    -0.84831  0.00012925
108   -0.847786   -0.848305  0.00012814
109   -0.847938   -0.848302 0.000127003
110    -0.84972   -0.848315 0.000126502
111   -0.849611   -0.848327   0.0001259
112   -0.848715    -0.84833 0.000124819
113   -0.848389   -0.848331 0.000123711
114   -0.848149   -0.848329 0.000122631
115   -0.849525   -0.848339 0.000122004
116   -0.847357   -0.848331 0.000121244
117   -0.849886   -0.848344 0.000120936
118   -0.849725   -0.848356 0.000120476
119   -0.848376   -0.848356  0.00011946
120   -0.850818   -0.848377 0.000120223
121   -0.848677   -0.848379 0.000119251
122   -0.848731   -0.848382 0.000118305
123    -0.84921   -0.848389 0.000117532
124   -0.847701   -0.848383 0.000116712
125   -0.845987   -0.848364 0.000117351
126   -0.848904   -0.848368 0.000116494
127   -0.848712   -0.848371 0.000115605
128   -0.847656   -0.848365 0.000114834
129   -0.847587   -0.848359   0.0001141
130   -0.847458   -0.848352 0.000113431
131   -0.849032   -0.848358 0.000112682
132   -0.846616   -0.848344   0.0001126
133   -0.844851   -0.848318 0.000114795
134   -0.849806   -0.848329 0.000114476
135   -0.848584   -0.848331  0.00011364
136   -0.849694   -0.848341 0.000113246
137    -0.84893   -0.848345 0.000112498
138   -0.850776   -0.848363 0.000113061
139    -0.84983   -0.848374  0.00011274
140   -0.846165   -0.848358 0.000113038
141   -0.845842    -0.84834 0.000113643
142   -0.846406   -0.848326 0.000113659
143   -0.846094   -0.848311 0.000113935
144    -0.84913   -0.848316 0.000113284
145   -0.846272   -0.848302  0.00011338
146   -0.848896   -0.848306 0.000112674
147   -0.847334     -0.8483   0.0001121
148   -0.845922   -0.848284 0.000112494
149   -0.849077   -0.848289 0.000111863
150   -0.849435   -0.848297 0.000111377
151   -0.847827   -0.848294 0.000110681
152   -0.847794    -0.84829 0.000109999
153   -0.847955   -0.848288   0.0001093
154   -0.849438   -0.848296 0.000108845
155   -0.846334   -0.848283 0.000108878
156   -0.848411   -0.848284 0.000108181
157   -0.847166   -0.848277 0.000107725
158    -0.84699   -0.848268  0.00010735
159   -0.846862    -0.84826 0.000107039
160   -0.849469   -0.848267 0.000106636
161   -0.849365   -0.848274  0.00010619
162   -0.849826   -0.848284 0.000105966
163   -0.848018   -0.848282 0.000105327
164   -0.850542   -0.848296 0.000105586
165   -0.848994     -0.8483  0.00010503
166   -0.847142   -0.848293 0.000104628
167   -0.850019   -0.848303 0.000104512
168   -0.848128   -0.848302 0.000103893
169   -0.847509   -0.848298 0.000103383
170    -0.84892   -0.848301 0.000102838
171    -0.85091   -0.848317 0.000103367
172    -0.84752   -0.848312 0.000102869
173   -0.847478   -0.848307 0.000102386
174   -0.848704   -0.848309 0.000101822
175   -0.848014   -0.848308 0.000101252
176   -0.850304   -0.848319 0.000101312
177   -0.847768   -0.848316 0.000100786
178   -0.846566   -0.848306 0.000100699
179   -0.848795   -0.848309 0.000100172
180    -0.84872   -0.848311 9.96404e-05
181   -0.847718   -0.848308 9.91424e-05
182   -0.848624    -0.84831 9.86115e-05
183   -0.846998   -0.848302 9.83325e-05
184   -0.848718   -0.848305 9.78228e-05
185    -0.84772   -0.848301 9.73439e-05
186   -0.847486   -0.848297 9.69182e-05
187    -0.84909   -0.848301 9.64917e-05
188   -0.849027   -0.848305 9.60547e-05
189   -0.848619   -0.848307 9.55596e-05
190   -0.847442   -0.848302 9.51643e-05
191     -0.8468   -0.848294 9.49909e-05
192   -0.848646   -0.848296 9.45127e-05
193   -0.848957     -0.8483  9.4084e-05
194    -0.84941   -0.848305 9.37724e-05
195   -0.847578   -0.848302 9.33649e-05
196   -0.848723   -0.848304 9.29123e-05
197   -0.849461    -0.84831 9.26258e-05
198   -0.848704   -0.848312 9.21783e-05
199   -0.850162   -0.848321 9.21839e-05
200   -0.845723   -0.848308 9.26369e-05
