1    0.336542    0.336542           0
2    0.331358     0.33395  0.00259191
3     0.33723    0.335043  0.00185339
4     0.34017    0.336325  0.00183316
5    0.330006    0.335061   0.0019009
6    0.339362    0.335778  0.00170957
7    0.336676    0.335906  0.00145054
8    0.334378    0.335715  0.00127064
9    0.341479    0.336356  0.00129071
10    0.334484    0.336169  0.00116952
11    0.335064    0.336068  0.00106263
12    0.333146    0.335825  0.00100015
13    0.337197     0.33593 0.000926036
14    0.335451    0.335896 0.000858026
15    0.340335    0.336192 0.000851841
16    0.336825    0.336231 0.000797805
17    0.337516    0.336307 0.000753208
18    0.340876    0.336561  0.00075413
19    0.339206      0.3367 0.000726792
20    0.335886    0.336659 0.000690695
21    0.334748    0.336568 0.000663255
22    0.335607    0.336525 0.000633897
23    0.337406    0.336563 0.000606921
24    0.338025    0.336624 0.000584266
25    0.338785     0.33671 0.000567036
26    0.336911    0.336718 0.000544846
27    0.339118    0.336807 0.000531761
28    0.338665    0.336873 0.000516696
29    0.340105    0.336985 0.000510864
30    0.337081    0.336988 0.000493552
31     0.33778    0.337014 0.000478049
32    0.337565    0.337031  0.00046319
33    0.337881    0.337057 0.000449674
34    0.339877    0.337139 0.000444065
35    0.336236    0.337114 0.000431963
36    0.336517    0.337097  0.00042012
37    0.341707    0.337222 0.000427181
38    0.338622    0.337259 0.000417417
39    0.332278    0.337131  0.00042616
40    0.339572    0.337192  0.00041983
41    0.340369    0.337269 0.000416732
42    0.341857    0.337379 0.000421101
43    0.336361    0.337355 0.000411872
44    0.338172    0.337373 0.000402831
45     0.33345    0.337286 0.000403314
46    0.340223     0.33735 0.000399582
47    0.339921    0.337405 0.000394796
48     0.33799    0.337417 0.000386676
49    0.341254    0.337495 0.000386715
50    0.339133    0.337528 0.000380315
51     0.34022    0.337581 0.000376501
52    0.335266    0.337536 0.000371864
53    0.338544    0.337555 0.000365275
54    0.336712     0.33754 0.000358787
55     0.33807    0.337549 0.000352334
56    0.340455    0.337601 0.000349856
57    0.342234    0.337683 0.000353144
58    0.333887    0.337617 0.000353117
59    0.336712    0.337602 0.000347419
60    0.332711     0.33752 0.000351172
61    0.336934    0.337511 0.000345501
62    0.342796    0.337596 0.000350409
63    0.338037    0.337603 0.000344874
64    0.336979    0.337593 0.000339582
65    0.330199    0.337479  0.00035314
66    0.335976    0.337457 0.000348493
67    0.336569    0.337443 0.000343508
68    0.341728    0.337506 0.000344234
69    0.336136    0.337487 0.000339789
70    0.336656    0.337475  0.00033511
71    0.338433    0.337488 0.000330632
72    0.338963    0.337509 0.000326651
73    0.333191    0.337449  0.00032753
74    0.335189    0.337419 0.000324514
75    0.333295    0.337364 0.000324846
76    0.336971    0.337359 0.000320585
77    0.334332    0.337319 0.000318827
78     0.33752    0.337322 0.000314724
79    0.334159    0.337282 0.000313284
80     0.34245    0.337347 0.000316017
81    0.335349    0.337322 0.000313064
82    0.334545    0.337288 0.000311072
83     0.33653    0.337279 0.000307437
84    0.334062    0.337241 0.000306159
85    0.337838    0.337248 0.000302617
86    0.336684    0.337241  0.00029915
87    0.342225    0.337298  0.00030119
88    0.342793    0.337361 0.000304225
89    0.337132    0.337358 0.000300798
90    0.341372    0.337403 0.000300762
91    0.341047    0.337443 0.000300123
92    0.334609    0.337412 0.000298437
93    0.339995     0.33744 0.000296514
94     0.33789    0.337445 0.000293382
95    0.336111    0.337431 0.000290616
96    0.336006    0.337416 0.000287956
97    0.342646     0.33747 0.000290028
98    0.338768    0.337483 0.000287359
99    0.341777    0.337526 0.000287729
100    0.332891     0.33748 0.000288584
101    0.340286    0.337508 0.000287061
102    0.337707     0.33751 0.000284239
103    0.336627    0.337501 0.000281596
104    0.336111    0.337488 0.000279196
105    0.337515    0.337488 0.000276524
106    0.340247    0.337514 0.000275137
107      0.3387    0.337525 0.000272779
108    0.336068    0.337512 0.000270578
109    0.338521    0.337521 0.000268244
110    0.343241    0.337573 0.000270834
111    0.334667    0.337547 0.000269657
112    0.334563     0.33752 0.000268563
113    0.338482    0.337529 0.000266312
114     0.33672    0.337522  0.00026406
115    0.333898     0.33749 0.000263644
116     0.34072    0.337518  0.00026284
117    0.342423     0.33756 0.000263934
118    0.342348      0.3376 0.000264816
119    0.339435    0.337616 0.000263033
120    0.339308     0.33763 0.000261213
121    0.339372    0.337644 0.000259445
122    0.336497    0.337635 0.000257482
123    0.340983    0.337662 0.000256826
124    0.338225    0.337667 0.000254787
125    0.337307    0.337664 0.000252757
126    0.336268    0.337653 0.000250988
127    0.333224    0.337618 0.000251434
128    0.338352    0.337624 0.000249528
129    0.340434    0.337645 0.000248542
130    0.338853    0.337655 0.000246798
131    0.336248    0.337644 0.000245142
132    0.336433    0.337635 0.000243451
133    0.333769    0.337606 0.000243355
134    0.335332    0.337589 0.000242128
135     0.33684    0.337583 0.000240391
136    0.336752    0.337577 0.000238695
137    0.332583    0.337541 0.000239734
138    0.336719    0.337535 0.000238065
139     0.33693     0.33753 0.000236386
140    0.339902    0.337547 0.000235303
141    0.343249    0.337588 0.000237102
142    0.337172    0.337585 0.000235445
143    0.337294    0.337583 0.000233801
144    0.342863    0.337619  0.00023505
145    0.337403    0.337618 0.000233428
146    0.338361    0.337623  0.00023188
147     0.33685    0.337618 0.000230357
148    0.336297    0.337609 0.000228969
149    0.342092    0.337639 0.000229409
150    0.338963    0.337648 0.000228045
151    0.336676    0.337641 0.000226621
152    0.333391    0.337613 0.000226856
153     0.34109    0.337636  0.00022651
154    0.340452    0.337654 0.000225776
155    0.339322    0.337665 0.000224573
156    0.336674    0.337659 0.000223219
157    0.337173    0.337656 0.000221814
158    0.343434    0.337692  0.00022342
159    0.340193    0.337708 0.000222567
160    0.339091    0.337717  0.00022134
161    0.344844    0.337761 0.000224371
162     0.33196    0.337725 0.000225839
163    0.337557    0.337724 0.000224451
164    0.340173    0.337739 0.000223578
165    0.338891    0.337746 0.000222328
166    0.337928    0.337747 0.000220987
167     0.34186    0.337772 0.000221036
168     0.33344    0.337746 0.000221224
169    0.333165    0.337719 0.000221576
170    0.337945     0.33772 0.000220273
171     0.34183    0.337744 0.000220296
172    0.338431    0.337748 0.000219048
173     0.34324     0.33778 0.000220079
174    0.337261    0.337777 0.000218831
175    0.335638    0.337765  0.00021792
176    0.332564    0.337735 0.000218684
177    0.336684    0.337729 0.000217526
178    0.339353    0.337738 0.000216493
179    0.334413     0.33772  0.00021608
180    0.342454    0.337746  0.00021648
181    0.336559    0.337739  0.00021538
182    0.333677    0.337717 0.000215353
183    0.334441    0.337699  0.00021492
184    0.336487    0.337693  0.00021385
185    0.341161    0.337711 0.000213516
186    0.339211    0.337719 0.000212518
187    0.338801    0.337725 0.000211457
188    0.335431    0.337713 0.000210683
189    0.339608    0.337723 0.000209805
190    0.339024     0.33773  0.00020881
191     0.34063    0.337745 0.000208268
192    0.337239    0.337742 0.000207197
193    0.338218    0.337745 0.000206136
194     0.34032    0.337758   0.0002055
195    0.337867    0.337759 0.000204444
196    0.336495    0.337752   0.0002035
197    0.339427    0.337761 0.000202643
198    0.340742    0.337776 0.000202178
199    0.345208    0.337813 0.000204597
200    0.339962    0.337824 0.000203855
1    0.338543    0.338543           0
2    0.333472    0.336008  0.00253565
3    0.336578    0.336198  0.00147625
4    0.341536    0.337532  0.00169441
5    0.329911    0.336008  0.00201146
6     0.33951    0.336592    0.001743
7    0.336745    0.336614  0.00147326
8    0.333684    0.336248   0.0013274
9    0.340362    0.336705  0.00125673
10    0.338709    0.336905  0.00114178
11    0.337056    0.336919  0.00103287
12    0.335686    0.336816 0.000948461
13    0.336529    0.336794 0.000872737
14    0.334144    0.336605 0.000829865
15    0.336625    0.336606 0.000772564
16    0.341058    0.336884 0.000774379
17    0.336214    0.336845 0.000728469
18    0.340416    0.337043 0.000714891
19    0.336561    0.337018 0.000676696
20    0.334467     0.33689 0.000654517
21    0.334014    0.336753 0.000637459
22    0.338151    0.336817 0.000611102
23     0.33771    0.336856 0.000585217
24    0.337855    0.336897 0.000561847
25    0.338665    0.336968 0.000543526
26    0.337728    0.336997  0.00052302
27    0.339258    0.337081 0.000510191
28    0.334584    0.336992 0.000499656
29    0.341339    0.337142  0.00050488
30    0.337263    0.337146 0.000487777
31    0.337993    0.337173 0.000472572
32    0.338346     0.33721 0.000459031
33    0.341528    0.337341 0.000463745
34    0.338951    0.337388 0.000452386
35    0.337808      0.3374 0.000439435
36    0.335141    0.337337 0.000431641
37    0.338862    0.337378 0.000421831
38    0.335485    0.337329 0.000413592
39    0.330731    0.337159 0.000436925
40    0.340166    0.337235 0.000432442
41    0.338371    0.337262 0.000422673
42    0.340966     0.33735 0.000421806
43     0.33862     0.33738 0.000412937
44    0.337453    0.337382 0.000403447
45    0.334778    0.337324 0.000398602
46    0.340873    0.337401 0.000397404
47     0.34121    0.337482 0.000397215
48    0.335835    0.337448 0.000390363
49     0.34028    0.337505 0.000386657
50    0.339508    0.337546 0.000380957
51     0.34086    0.337611 0.000379027
52    0.335611    0.337572 0.000373651
53    0.342698    0.337669 0.000379078
54    0.336823    0.337653 0.000372322
55    0.335948    0.337622 0.000366803
56    0.343524    0.337728 0.000375296
57    0.336399    0.337704 0.000369389
58    0.334161    0.337643 0.000368069
59    0.338116    0.337651 0.000361866
60    0.335483    0.337615 0.000357613
61    0.337895     0.33762 0.000351732
62    0.342253    0.337694  0.00035399
63     0.33837    0.337705 0.000348491
64    0.337078    0.337695 0.000343143
65    0.330544    0.337585 0.000355287
66    0.337516    0.337584 0.000349864
67    0.339452    0.337612 0.000345729
68    0.341606    0.337671 0.000345633
69    0.338739    0.337686 0.000340939
70    0.337295    0.337681 0.000336079
71    0.338344     0.33769 0.000331444
72    0.338865    0.337706 0.000327215
73    0.333589     0.33765 0.000327594
74    0.333449    0.337593 0.000328086
75    0.331813    0.337516 0.000332731
76    0.336374    0.337501 0.000328667
77     0.33482    0.337466 0.000326235
78    0.337591    0.337468 0.000322029
79    0.335295     0.33744 0.000319114
80    0.344972    0.337534 0.000328862
81    0.337361    0.337532 0.000324784
82    0.332284    0.337468 0.000327121
83     0.33854    0.337481 0.000323414
84    0.335506    0.337458 0.000320405
85    0.336568    0.337447 0.000316786
86    0.338054    0.337454  0.00031316
87    0.340773    0.337492 0.000311881
88    0.340696    0.337529 0.000310458
89    0.335381    0.337505 0.000307897
90    0.337136    0.337501 0.000304484
91     0.33993    0.337527 0.000302301
92    0.332114    0.337468 0.000304731
93    0.336304    0.337456 0.000301697
94    0.338353    0.337465 0.000298623
95     0.33338    0.337422 0.000298576
96    0.339295    0.337442 0.000296093
97    0.343144    0.337501 0.000298863
98     0.33825    0.337508 0.000295897
99    0.339168    0.337525 0.000293372
100    0.331753    0.337467 0.000296103
101    0.338934    0.337482 0.000293516
102    0.333122    0.337439 0.000293751
103    0.338555     0.33745 0.000291087
104    0.336241    0.337438 0.000288509
105    0.337668    0.337441 0.000285756
106    0.338601    0.337452 0.000283259
107    0.337709    0.337454  0.00028061
108     0.33558    0.337437 0.000278541
109    0.335691    0.337421 0.000276438
110      0.3408    0.337451  0.00027563
111    0.335095     0.33743 0.000273959
112     0.33664    0.337423 0.000271594
113    0.338288    0.337431 0.000269288
114    0.339279    0.337447 0.000267407
115    0.334358     0.33742 0.000266429
116    0.336301     0.33741 0.000264298
117    0.344295    0.337469 0.000268555
118    0.338405    0.337477 0.000266388
119    0.338988     0.33749 0.000264445
120     0.34226     0.33753 0.000265228
121     0.33864    0.337539 0.000263187
122    0.337294    0.337537 0.000261028
123    0.340363     0.33756 0.000259915
124    0.339471    0.337575 0.000258271
125    0.336975     0.33757 0.000256241
126    0.334159    0.337543 0.000255637
127    0.336419    0.337534 0.000253771
128    0.337383    0.337533 0.000251783
129    0.342482    0.337572 0.000252752
130    0.337767    0.337573 0.000250805
131    0.335049    0.337554 0.000249628
132    0.340594    0.337577 0.000248798
133    0.337087    0.337573 0.000246947
134    0.336113    0.337562  0.00024534
135    0.334262    0.337538  0.00024474
136    0.336728    0.337532 0.000243007
137    0.334931    0.337513 0.000241972
138    0.338852    0.337523 0.000240408
139    0.337175     0.33752 0.000238686
140    0.340968    0.337545 0.000238251
141    0.343313    0.337586 0.000240066
142    0.336522    0.337578 0.000238487
143    0.337587    0.337578 0.000236814
144    0.340753      0.3376 0.000236195
145    0.337834    0.337602 0.000234565
146    0.335226    0.337586 0.000233521
147    0.335058    0.337568 0.000232564
148    0.337278    0.337566 0.000230995
149    0.338004    0.337569 0.000229458
150    0.336631    0.337563  0.00022801
151     0.33693    0.337559 0.000226533
152    0.334463    0.337539 0.000225958
153    0.341131    0.337562 0.000225701
154    0.339193    0.337573  0.00022448
155    0.340455    0.337591 0.000223801
156    0.333566    0.337565 0.000223854
157    0.337817    0.337567  0.00022243
158    0.343492    0.337605 0.000224176
159    0.340646    0.337624 0.000223581
160    0.337667    0.337624  0.00022218
161    0.342094    0.337652 0.000222534
162    0.335073    0.337636 0.000221728
163    0.337338    0.337634 0.000220371
164    0.339299    0.337644 0.000219259
165    0.339161    0.337653  0.00021812
166    0.336979    0.337649  0.00021684
167    0.339872    0.337663 0.000215948
168    0.336443    0.337655 0.000214781
169    0.333368     0.33763 0.000215008
170    0.338663    0.337636 0.000213826
171    0.341134    0.337656 0.000213554
172    0.339548    0.337667 0.000212593
173    0.339712    0.337679 0.000211691
174    0.338172    0.337682  0.00021049
175    0.334668    0.337665 0.000209991
176    0.331515     0.33763 0.000211698
177    0.335202    0.337616 0.000210945
178    0.341202    0.337636 0.000210722
179     0.33714    0.337634 0.000209559
180    0.339583    0.337644 0.000208673
181    0.336164    0.337636 0.000207678
182    0.333964    0.337616 0.000207517
183    0.333648    0.337594 0.000207516
184    0.336996    0.337591 0.000206411
185     0.33747     0.33759 0.000205293
186     0.33658    0.337585 0.000204259
187    0.336059    0.337577 0.000203327
188     0.33522    0.337564 0.000202631
189    0.338273    0.337568 0.000201591
190     0.33931    0.337577 0.000200737
191    0.340605    0.337593 0.000200311
192    0.337819    0.337594 0.000199269
193    0.340185    0.337608 0.000198687
194    0.340272    0.337621 0.000198137
195    0.335153    0.337609 0.000197524
196     0.33643    0.337603 0.000196606
197    0.339728    0.337614 0.000195903
198    0.341115    0.337631 0.000195711
199    0.347345     0.33768  0.00020075
200    0.338601    0.337685 0.000199797
