1   -0.782229   -0.782229           0
2   -0.783398   -0.782814   0.0005848
3    -0.78188   -0.782502 0.000459176
4   -0.782618   -0.782531 0.000325961
5   -0.782731   -0.782571 0.000255637
6   -0.782714   -0.782595 0.000210072
7   -0.782253   -0.782546 0.000184148
8   -0.782174     -0.7825 0.000166106
9    -0.78297   -0.782552 0.000155521
10   -0.783371   -0.782634 0.000161441
11   -0.783678   -0.782729 0.000174193
12   -0.782866    -0.78274 0.000159425
13   -0.782926   -0.782754 0.000147348
14   -0.781942   -0.782696 0.000148237
15   -0.782382   -0.782676  0.00013958
16   -0.783338   -0.782717 0.000136966
17   -0.781933   -0.782671 0.000136675
18   -0.783088   -0.782694 0.000130926
19   -0.782938   -0.782707 0.000124506
20   -0.782342   -0.782689 0.000119514
21   -0.783976    -0.78275 0.000129158
22   -0.782197   -0.782725 0.000125687
23   -0.784374   -0.782796 0.000139886
24   -0.779958   -0.782678 0.000178664
25   -0.781966    -0.78265 0.000173718
26    -0.78328   -0.782674 0.000168654
27   -0.783176   -0.782693 0.000163349
28   -0.783037   -0.782705 0.000157886
29   -0.783746   -0.782741 0.000156515
30   -0.783117   -0.782753 0.000151726
31   -0.782283   -0.782738 0.000147532
32   -0.781642   -0.782704 0.000146899
33   -0.784171   -0.782748  0.00014916
34   -0.783854   -0.782781 0.000148318
35   -0.783912   -0.782813   0.0001476
36   -0.783552   -0.782834 0.000144902
37   -0.784027   -0.782866 0.000144576
38   -0.782712   -0.782862 0.000140778
39   -0.783486   -0.782878 0.000138053
40    -0.78245   -0.782867 0.000134983
41    -0.78283   -0.782866 0.000131652
42   -0.781898   -0.782843 0.000130533
43   -0.784576   -0.782884  0.00013368
44   -0.783571   -0.782899 0.000131538
45     -0.7854   -0.782955 0.000140078
46   -0.784158   -0.782981 0.000139475
47    -0.78289   -0.782979 0.000136489
48   -0.782845   -0.782976 0.000133645
49    -0.78124   -0.782941   0.0001356
50    -0.78231   -0.782928 0.000133457
51   -0.783637   -0.782942  0.00013155
52   -0.782384   -0.782931 0.000129441
53   -0.782298   -0.782919 0.000127537
54   -0.784307   -0.782945 0.000127764
55   -0.782864   -0.782944 0.000125428
56   -0.782352   -0.782933  0.00012362
57   -0.781923   -0.782915 0.000122718
58   -0.782459   -0.782907  0.00012084
59     -0.7808   -0.782872 0.000124028
60   -0.780677   -0.782835 0.000127313
61   -0.782264   -0.782826 0.000125558
62   -0.783454   -0.782836 0.000123931
63   -0.783317   -0.782844 0.000122187
64   -0.782832   -0.782843 0.000120263
65    -0.78307   -0.782847  0.00011845
66   -0.784187   -0.782867 0.000118396
67   -0.783488   -0.782876 0.000116983
68   -0.782064   -0.782864 0.000115868
69   -0.783162   -0.782869 0.000114257
70    -0.78243   -0.782863 0.000112787
71   -0.783146   -0.782867 0.000111259
72   -0.781909   -0.782853 0.000110506
73   -0.783048   -0.782856 0.000109014
74   -0.782534   -0.782852 0.000107619
75   -0.784182   -0.782869 0.000107647
76   -0.784048   -0.782885 0.000107347
77   -0.781925   -0.782872 0.000106675
78   -0.783931   -0.782886  0.00010617
79   -0.783179    -0.78289 0.000104883
80   -0.781832   -0.782876 0.000104404
81   -0.783942    -0.78289 0.000103944
82   -0.784501   -0.782909 0.000104532
83   -0.783872   -0.782921 0.000103914
84   -0.782294   -0.782913  0.00010294
85    -0.78295   -0.782914 0.000101723
86   -0.783347   -0.782919 0.000100659
87   -0.782334   -0.782912  9.9722e-05
88   -0.780922   -0.782889 0.000101144
89   -0.780974   -0.782868  0.00010229
90    -0.78067   -0.782844 0.000104052
91   -0.781062   -0.782824 0.000104748
92   -0.781954   -0.782815 0.000104034
93   -0.782218   -0.782808 0.000103109
94   -0.782485   -0.782805 0.000102064
95   -0.782653   -0.782803 0.000100997
96   -0.784034   -0.782816 0.000100758
97   -0.779763   -0.782784 0.000104562
98   -0.781816   -0.782775  0.00010396
99   -0.783928   -0.782786 0.000103562
100     -0.7836   -0.782794 0.000102844
101   -0.783594   -0.782802 0.000102128
102   -0.782259   -0.782797 0.000101262
103   -0.781898   -0.782788 0.000100653
104   -0.782282   -0.782783 9.97995e-05
105   -0.783584   -0.782791 9.91382e-05
106   -0.782714    -0.78279 9.82011e-05
107   -0.783222   -0.782794 9.73629e-05
108   -0.780274   -0.782771 9.92406e-05
109   -0.784512   -0.782787  9.9615e-05
110   -0.782789   -0.782787 9.87052e-05
111   -0.782638   -0.782786 9.78211e-05
112   -0.782594   -0.782784 9.69589e-05
113   -0.783162   -0.782787 9.61552e-05
114   -0.781605   -0.782777 9.58706e-05
115    -0.78387   -0.782786 9.55079e-05
116   -0.783264    -0.78279 9.47705e-05
117   -0.783586   -0.782797 9.42025e-05
118   -0.782029   -0.782791 9.36275e-05
119   -0.782491   -0.782788 9.28715e-05
120   -0.783582   -0.782795 9.23318e-05
121   -0.782709   -0.782794 9.15683e-05
122    -0.78261   -0.782793 9.08273e-05
123   -0.782451    -0.78279 9.01285e-05
124   -0.781595    -0.78278 8.99164e-05
125   -0.780659   -0.782763 9.07937e-05
126   -0.785211   -0.782783 9.21418e-05
127   -0.782925   -0.782784 9.14203e-05
128   -0.782592   -0.782782 9.07156e-05
129   -0.782523    -0.78278  9.0032e-05
130   -0.783731   -0.782788 8.96358e-05
131   -0.783314   -0.782792 8.90395e-05
132   -0.781141   -0.782779  8.9243e-05
133   -0.782074   -0.782774 8.87281e-05
134   -0.783424   -0.782779 8.81971e-05
135    -0.78188   -0.782772  8.7794e-05
136   -0.783891    -0.78278 8.75338e-05
137   -0.784206   -0.782791 8.75139e-05
138   -0.784602   -0.782804  8.7863e-05
139   -0.783534   -0.782809 8.73868e-05
140   -0.783445   -0.782814 8.68792e-05
141   -0.783123   -0.782816 8.62888e-05
142   -0.782933   -0.782817 8.56829e-05
143   -0.782142   -0.782812 8.52121e-05
144   -0.784208   -0.782822  8.5172e-05
145    -0.78315   -0.782824 8.46129e-05
146   -0.782781   -0.782824 8.40319e-05
147   -0.783432   -0.782828 8.35609e-05
148   -0.781675    -0.78282 8.33589e-05
149   -0.782952   -0.782821 8.28023e-05
150   -0.781934   -0.782815 8.24604e-05
151    -0.78315   -0.782817 8.19426e-05
152   -0.779736   -0.782797 8.38876e-05
153   -0.782483   -0.782795 8.33627e-05
154   -0.784317   -0.782805 8.34072e-05
155   -0.781722   -0.782798 8.31614e-05
156    -0.78396   -0.782805 8.29619e-05
157   -0.782056     -0.7828 8.25698e-05
158   -0.782854   -0.782801 8.20462e-05
159   -0.782251   -0.782797 8.16018e-05
160   -0.783424   -0.782801 8.11847e-05
161   -0.783939   -0.782808  8.0988e-05
162   -0.784085   -0.782816 8.08714e-05
163     -0.7858   -0.782834 8.24321e-05
164   -0.785974   -0.782854 8.41354e-05
165    -0.78317   -0.782855 8.36459e-05
166   -0.781494   -0.782847 8.35438e-05
167     -0.7832   -0.782849 8.30689e-05
168   -0.781174   -0.782839 8.31727e-05
169   -0.782613   -0.782838 8.26899e-05
170   -0.783363   -0.782841 8.22601e-05
171   -0.784573   -0.782851 8.24022e-05
172   -0.783083   -0.782853 8.19329e-05
173   -0.781342   -0.782844 8.19243e-05
174   -0.783389   -0.782847 8.15123e-05
175   -0.783232   -0.782849  8.1075e-05
176   -0.783827   -0.782855 8.08044e-05
177    -0.78132   -0.782846 8.08131e-05
178   -0.783744   -0.782851 8.05159e-05
179     -0.7832   -0.782853 8.00886e-05
180   -0.782934   -0.782854 7.96437e-05
181   -0.782726   -0.782853 7.92056e-05
182   -0.781715   -0.782847 7.90168e-05
183   -0.782699   -0.782846 7.85879e-05
184   -0.784253   -0.782853 7.85329e-05
185   -0.784314   -0.782861  7.8505e-05
186   -0.782029   -0.782857 7.82099e-05
187    -0.78349    -0.78286 7.78641e-05
188   -0.783357   -0.782863 7.74939e-05
189   -0.782877   -0.782863 7.70828e-05
190   -0.783752   -0.782868 7.68187e-05
191   -0.784994   -0.782879 7.72218e-05
192   -0.782493   -0.782877 7.68449e-05
193   -0.781933   -0.782872  7.6602e-05
194   -0.783576   -0.782875 7.62925e-05
195   -0.782547   -0.782874 7.59189e-05
196   -0.783584   -0.782877 7.56175e-05
197   -0.783693   -0.782882 7.53464e-05
198   -0.781723   -0.782876 7.51928e-05
199    -0.78256   -0.782874 7.48308e-05
200   -0.781904   -0.782869 7.46136e-05
1   -0.782182   -0.782182           0
2   -0.783138    -0.78266   0.0004776
3   -0.781859   -0.782393  0.00038378
4   -0.782718   -0.782474   0.0002833
5   -0.782589   -0.782497 0.000220633
6    -0.78248   -0.782494 0.000180169
7   -0.782522   -0.782498  0.00015232
8   -0.782179   -0.782458 0.000137811
9   -0.782931   -0.782511 0.000132406
10   -0.783595   -0.782619 0.000160566
11   -0.783099   -0.782663 0.000151647
12   -0.782806   -0.782675 0.000138949
13   -0.782765   -0.782682 0.000128001
14   -0.782027   -0.782635 0.000127398
15   -0.782352   -0.782616 0.000120093
16   -0.783149   -0.782649 0.000117165
17   -0.781509   -0.782582 0.000128899
18   -0.782941   -0.782602 0.000123147
19   -0.782765   -0.782611 0.000116799
20   -0.782533   -0.782607 0.000110874
21   -0.783872   -0.782667 0.000121454
22   -0.782288    -0.78265 0.000117078
23   -0.784533   -0.782732 0.000138625
24   -0.779894   -0.782614 0.000177744
25   -0.782229   -0.782598 0.000171179
26   -0.783213   -0.782622 0.000166154
27   -0.783187   -0.782643 0.000161247
28   -0.782986   -0.782655 0.000155863
29   -0.783678    -0.78269 0.000154477
30   -0.783134   -0.782705 0.000149971
31   -0.782662   -0.782704 0.000145059
32    -0.78173   -0.782673 0.000143714
33   -0.784045   -0.782715 0.000145359
34   -0.783557    -0.78274 0.000143177
35   -0.783998   -0.782776 0.000143603
36   -0.783395   -0.782793 0.000140614
37   -0.784099   -0.782828 0.000141245
38   -0.782766   -0.782826 0.000137487
39   -0.783411   -0.782841 0.000134752
40   -0.782702   -0.782838 0.000131386
41   -0.782795   -0.782837 0.000128146
42   -0.782101   -0.782819  0.00012628
43   -0.784437   -0.782857 0.000128917
44    -0.78355   -0.782873 0.000126935
45   -0.785555   -0.782932 0.000137658
46   -0.784171   -0.782959 0.000137299
47   -0.782832   -0.782957 0.000134373
48   -0.782709   -0.782951 0.000131645
49   -0.781091   -0.782914 0.000134404
50    -0.78277   -0.782911  0.00013172
51   -0.783912    -0.78293 0.000130596
52    -0.78236   -0.782919 0.000128529
53   -0.782544   -0.782912 0.000126279
54   -0.784339   -0.782939 0.000126705
55   -0.782917   -0.782938  0.00012438
56   -0.782533   -0.782931 0.000122353
57   -0.781942   -0.782914 0.000121433
58   -0.782541   -0.782907 0.000119494
59   -0.780499   -0.782866  0.00012434
60   -0.780374   -0.782825 0.000129113
61   -0.782338   -0.782817  0.00012723
62   -0.783734   -0.782832 0.000126033
63   -0.783408   -0.782841 0.000124353
64   -0.782803    -0.78284 0.000122396
65   -0.782894   -0.782841 0.000120501
66   -0.784307   -0.782863 0.000120723
67   -0.783616   -0.782875 0.000119437
68     -0.7822   -0.782865 0.000118085
69   -0.783635   -0.782876 0.000116895
70   -0.782653   -0.782873 0.000115257
71   -0.783291   -0.782878 0.000113775
72   -0.782058   -0.782867 0.000112762
73   -0.782685   -0.782865 0.000111234
74   -0.782686   -0.782862 0.000109747
75   -0.783933   -0.782876 0.000109211
76   -0.783955   -0.782891 0.000108695
77   -0.781789   -0.782876 0.000108225
78   -0.784274   -0.782894  0.00010832
79   -0.783123   -0.782897 0.000106979
80   -0.781776   -0.782883 0.000106559
81   -0.784174   -0.782899 0.000106436
82   -0.784237   -0.782915 0.000106388
83   -0.783424   -0.782922 0.000105277
84   -0.782382   -0.782915 0.000104214
85   -0.783128   -0.782918 0.000103011
86   -0.783498   -0.782924 0.000102029
87    -0.78239   -0.782918 0.000101036
88   -0.780989   -0.782896 0.000102259
89   -0.781008   -0.782875 0.000103306
90   -0.780907   -0.782853 0.000104466
91   -0.781301   -0.782836  0.00010471
92   -0.781629   -0.782823 0.000104394
93    -0.78221   -0.782816 0.000103476
94   -0.782544   -0.782814  0.00010241
95    -0.78261   -0.782811 0.000101349
96   -0.784104   -0.782825 0.000101188
97   -0.779866   -0.782794 0.000104683
98   -0.781766   -0.782784 0.000104139
99   -0.783771   -0.782794 0.000103563
100   -0.783533   -0.782801 0.000102788
101   -0.783586   -0.782809 0.000102061
102   -0.782291   -0.782804 0.000101183
103   -0.781976   -0.782796 0.000100518
104    -0.78163   -0.782785 0.000100176
105   -0.783581   -0.782792 9.95063e-05
106   -0.782654   -0.782791 9.85716e-05
107   -0.783189   -0.782795 9.77168e-05
108   -0.780043   -0.782769 0.000100104
109   -0.784443   -0.782785 0.000100363
110   -0.782544   -0.782782 9.94708e-05
111   -0.782507    -0.78278 9.86018e-05
112   -0.782691   -0.782779 9.77206e-05
113   -0.783382   -0.782784  9.6999e-05
114   -0.781517   -0.782773 9.67853e-05
115   -0.783851   -0.782783 9.63968e-05
116    -0.78341   -0.782788 9.57148e-05
117   -0.783352   -0.782793 9.50156e-05
118    -0.78189   -0.782785 9.45174e-05
119   -0.782635   -0.782784 9.37283e-05
120   -0.783462    -0.78279 9.31157e-05
121   -0.782517   -0.782787 9.23705e-05
122    -0.78227   -0.782783 9.17082e-05
123   -0.782232   -0.782779 9.10698e-05
124   -0.781581   -0.782769 9.08475e-05
125   -0.780501   -0.782751 9.19264e-05
126   -0.785037   -0.782769 9.29811e-05
127   -0.782813   -0.782769 9.22467e-05
128   -0.782782   -0.782769 9.15232e-05
129   -0.782568   -0.782768 9.08244e-05
130   -0.783549   -0.782774  9.0323e-05
131    -0.78316   -0.782777 8.96793e-05
132    -0.78117   -0.782765 8.98264e-05
133   -0.782334   -0.782761 8.92072e-05
134   -0.782752   -0.782761  8.8539e-05
135   -0.781824   -0.782754 8.81545e-05
136   -0.783648   -0.782761 8.77503e-05
137   -0.784256   -0.782772 8.77883e-05
138   -0.784461   -0.782784 8.80049e-05
139   -0.783877   -0.782792 8.77224e-05
140   -0.783405   -0.782796 8.72035e-05
141   -0.782803   -0.782796 8.65828e-05
142   -0.783003   -0.782798 8.59833e-05
143   -0.782016   -0.782792 8.55548e-05
144   -0.784534   -0.782805 8.58155e-05
145   -0.782928   -0.782805 8.52259e-05
146   -0.782544   -0.782804  8.4659e-05
147   -0.783168   -0.782806 8.41177e-05
148   -0.781504   -0.782797 8.40093e-05
149   -0.782885   -0.782798 8.34457e-05
150   -0.781653    -0.78279 8.32383e-05
151   -0.782846   -0.782791  8.2686e-05
152   -0.779861   -0.782771 8.43714e-05
153   -0.782352   -0.782769  8.3863e-05
154   -0.784314   -0.782779 8.39185e-05
155   -0.781514    -0.78277 8.37738e-05
156   -0.784011   -0.782778 8.36142e-05
157   -0.782381   -0.782776 8.31185e-05
158   -0.783035   -0.782777 8.26071e-05
159   -0.782032   -0.782773 8.22197e-05
160   -0.783194   -0.782775 8.17465e-05
161   -0.783696   -0.782781 8.14382e-05
162   -0.783854   -0.782788 8.12046e-05
163   -0.785622   -0.782805 8.25572e-05
164   -0.785739   -0.782823   8.398e-05
165   -0.782891   -0.782823 8.34705e-05
166   -0.781603   -0.782816 8.32912e-05
167   -0.783158   -0.782818 8.28163e-05
168   -0.780995   -0.782807  8.3034e-05
169   -0.782611   -0.782806 8.25493e-05
170   -0.783038   -0.782808 8.20737e-05
171   -0.784402   -0.782817 8.21231e-05
172   -0.783234   -0.782819 8.16802e-05
173   -0.781368   -0.782811 8.16388e-05
174   -0.783718   -0.782816 8.13357e-05
175   -0.783322   -0.782819 8.09211e-05
176   -0.783819   -0.782825 8.06605e-05
177   -0.781138   -0.782815 8.07679e-05
178   -0.784027   -0.782822  8.0601e-05
179    -0.78323   -0.782824 8.01819e-05
180   -0.782827   -0.782824 7.97352e-05
181   -0.782437   -0.782822 7.93224e-05
182   -0.781678   -0.782816 7.91352e-05
183   -0.782934   -0.782816 7.87043e-05
184    -0.78403   -0.782823 7.85529e-05
185   -0.784352   -0.782831  7.8563e-05
186   -0.781912   -0.782826 7.82957e-05
187   -0.783533    -0.78283 7.79674e-05
188   -0.783382   -0.782833 7.76072e-05
189   -0.782555   -0.782832 7.72095e-05
190   -0.783605   -0.782836 7.69098e-05
191   -0.785245   -0.782848 7.75388e-05
192   -0.782246   -0.782845 7.71976e-05
193   -0.781792    -0.78284 7.69902e-05
194   -0.783493   -0.782843 7.66662e-05
195   -0.782603   -0.782842  7.6282e-05
196   -0.783488   -0.782845 7.59634e-05
197   -0.783598   -0.782849 7.56734e-05
198   -0.782069   -0.782845 7.53933e-05
199    -0.78268   -0.782844 7.50181e-05
200   -0.781792   -0.782839 7.48272e-05
