1      0.2642      0.2642           0
2    0.263997    0.264099 0.000101782
3    0.263147    0.263781 0.000322616
4    0.267974    0.264829  0.00107262
5    0.264024    0.264668 0.000846322
6    0.266296     0.26494 0.000742335
7    0.266095    0.265105 0.000648736
8    0.266705    0.265305 0.000596357
9    0.266331    0.265419 0.000538162
10    0.264872    0.265364 0.000484442
11    0.267256    0.265536 0.000470733
12    0.263686    0.265382 0.000456543
13    0.264117    0.265284 0.000431084
14    0.262126    0.265059 0.000458441
15    0.265531     0.26509 0.000427946
16    0.265008    0.265085  0.00040034
17    0.262729    0.264947 0.000400777
18    0.268358    0.265136 0.000422725
19    0.265073    0.265133 0.000399872
20    0.264357    0.265094 0.000381332
21    0.268007    0.265233 0.000388331
22    0.261148    0.265047 0.000414214
23    0.263384    0.264975 0.000402346
24    0.264878    0.264971 0.000385238
25    0.269052    0.265134 0.000403971
26    0.266557    0.265189 0.000391964
27    0.264639    0.265168 0.000377718
28    0.264274    0.265136 0.000365375
29    0.266422    0.265181 0.000355327
30    0.263428    0.265122 0.000348217
31    0.262671    0.265043 0.000345957
32    0.266783    0.265098 0.000339353
33    0.263379    0.265045 0.000333006
34    0.264914    0.265042 0.000323086
35    0.263843    0.265007 0.000315584
36    0.265397    0.265018 0.000306884
37    0.263627    0.264981 0.000300833
38    0.266383    0.265018 0.000295127
39    0.269106    0.265122 0.000305982
40    0.263249    0.265076 0.000301889
41     0.26219    0.265005 0.000302731
42    0.266743    0.265047 0.000298319
43    0.264495    0.265034  0.00029158
44    0.262934    0.264986 0.000288847
45    0.266507     0.26502 0.000284371
46     0.26681    0.265059 0.000280831
47    0.265706    0.265072 0.000275136
48    0.262483    0.265019 0.000274693
49    0.265919    0.265037 0.000269655
50     0.26252    0.264987 0.000268958
51    0.262186    0.264932  0.00026929
52     0.26565    0.264945 0.000264422
53    0.266808    0.264981 0.000261756
54    0.264088    0.264964 0.000257394
55    0.265811    0.264979  0.00025314
56    0.266212    0.265001  0.00024955
57    0.262944    0.264965 0.000247777
58    0.263431    0.264939 0.000244901
59    0.262353    0.264895 0.000244671
60    0.267351    0.264936 0.000244016
61    0.265614    0.264947  0.00024024
62    0.259716    0.264863 0.000250941
63     0.26394    0.264848  0.00024736
64    0.268505    0.264905 0.000250079
65    0.265824    0.264919 0.000246607
66    0.261862    0.264873 0.000247221
67    0.263142    0.264847  0.00024487
68    0.265269    0.264853 0.000241322
69    0.262629    0.264821 0.000239973
70    0.263728    0.264806 0.000237035
71    0.267746    0.264847 0.000237316
72    0.266576    0.264871 0.000235225
73    0.263583    0.264853  0.00023265
74    0.265141    0.264857 0.000229517
75    0.266498    0.264879  0.00022749
76    0.266661    0.264903 0.000225698
77    0.266155    0.264919 0.000223341
78    0.262659     0.26489 0.000222354
79    0.262909    0.264865 0.000220948
80    0.265731    0.264876 0.000218437
81    0.265307    0.264881  0.00021579
82    0.263111    0.264859 0.000214232
83    0.268327    0.264901 0.000215718
84    0.260999    0.264855 0.000218138
85    0.264635    0.264852 0.000215572
86    0.264427    0.264847 0.000213108
87     0.26828    0.264887 0.000214308
88      0.2661      0.2649 0.000212306
89    0.262696    0.264876 0.000211364
90     0.26595    0.264888 0.000209343
91    0.262487    0.264861 0.000208703
92    0.262893     0.26484 0.000207528
93    0.264479    0.264836 0.000205321
94    0.265201     0.26484 0.000203162
95    0.265792     0.26485 0.000201262
96    0.264219    0.264843 0.000199263
97    0.263174    0.264826 0.000197947
98    0.267045    0.264849 0.000197222
99    0.259945    0.264799 0.000201406
100    0.264177    0.264793 0.000199479
101    0.267229    0.264817 0.000198961
102    0.261402    0.264784 0.000199825
103    0.262512    0.264762 0.000199101
104    0.268052    0.264793   0.0001997
105    0.268389    0.264827 0.000200731
106    0.265187    0.264831 0.000198858
107     0.26617    0.264843 0.000197388
108    0.262475    0.264821 0.000196778
109    0.264335    0.264817 0.000195015
110    0.264091     0.26481 0.000193347
111     0.26769    0.264836 0.000193345
112    0.264594    0.264834 0.000191624
113    0.266773    0.264851 0.000190694
114    0.264609    0.264849 0.000189025
115    0.263472    0.264837 0.000187757
116    0.261444    0.264808 0.000188415
117    0.264017    0.264801  0.00018692
118    0.267291    0.264822 0.000186527
119    0.261112    0.264791 0.000187563
120    0.267646    0.264815 0.000187508
121    0.268837    0.264848   0.0001889
122    0.265113     0.26485 0.000187358
123    0.263498    0.264839 0.000186154
124    0.264511    0.264837 0.000184665
125    0.265508    0.264842 0.000183261
126    0.263153    0.264829 0.000182294
127    0.263911    0.264821 0.000180997
128    0.263462    0.264811 0.000179892
129    0.264474    0.264808 0.000178511
130    0.264401    0.264805  0.00017716
131     0.26288     0.26479 0.000176415
132    0.262924    0.264776 0.000175644
133    0.262852    0.264762 0.000174917
134    0.268978    0.264793 0.000176435
135    0.261899    0.264772  0.00017643
136    0.262157    0.264753 0.000176181
137    0.263386    0.264743 0.000175174
138      0.2674    0.264762 0.000174963
139    0.267883    0.264784 0.000175145
140    0.263438    0.264775 0.000174155
141    0.265549     0.26478 0.000173002
142    0.267316    0.264798 0.000172706
143    0.264965    0.264799 0.000171498
144    0.263728    0.264792 0.000170465
145    0.264791    0.264792 0.000169285
146    0.267492     0.26481 0.000169136
147     0.26346    0.264801 0.000168232
148    0.263824    0.264794 0.000167222
149    0.267186     0.26481  0.00016687
150    0.265773    0.264817 0.000165878
151    0.266473    0.264828  0.00016514
152    0.263697     0.26482 0.000164218
153    0.263917    0.264815 0.000163248
154    0.265489    0.264819 0.000162244
155    0.264651    0.264818 0.000161198
156    0.265427    0.264822 0.000160208
157    0.264781    0.264821 0.000159185
158    0.267252    0.264837  0.00015892
159    0.266248    0.264846 0.000158167
160     0.26443    0.264843 0.000157197
161    0.263911    0.264837 0.000156325
162    0.263871    0.264831 0.000155471
163    0.264773    0.264831 0.000154515
164    0.264076    0.264826 0.000153639
165    0.260995    0.264803  0.00015446
166     0.26716    0.264817 0.000154182
167    0.264542    0.264816 0.000153265
168    0.267548    0.264832 0.000153215
169    0.264612    0.264831 0.000152311
170     0.26394    0.264825 0.000151504
171    0.271071    0.264862  0.00015498
172    0.264032    0.264857 0.000154152
173    0.268183    0.264876  0.00015446
174    0.265161    0.264878 0.000153578
175    0.264441    0.264876 0.000152719
176    0.264741    0.264875  0.00015185
177    0.264823    0.264874  0.00015099
178     0.26541    0.264877  0.00015017
179    0.263269    0.264868 0.000149599
180     0.26772    0.264884 0.000149606
181    0.263566    0.264877 0.000148955
182    0.267312     0.26489 0.000148738
183    0.264951    0.264891 0.000147923
184    0.263609    0.264884 0.000147282
185    0.265452    0.264887 0.000146516
186    0.267564    0.264901 0.000146435
187    0.266806    0.264911 0.000146005
188    0.261398    0.264893 0.000146424
189    0.263822    0.264887 0.000145757
190    0.263957    0.264882 0.000145071
191    0.267432    0.264896 0.000144925
192    0.263549    0.264889 0.000144339
193    0.265116     0.26489 0.000143594
194    0.268381    0.264908 0.000143981
195    0.263467      0.2649 0.000143431
196    0.266553    0.264909 0.000142947
197    0.267119     0.26492 0.000142661
198    0.262668    0.264909 0.000142394
199    0.268347    0.264926 0.000142726
200    0.263667     0.26492  0.00014215
1    0.263414    0.263414           0
2    0.265253    0.264334 0.000919948
3    0.261978    0.263548 0.000948015
4    0.266007    0.264163 0.000909477
5     0.26387    0.264104 0.000706913
6    0.268385    0.264818 0.000917668
7     0.26495    0.264837   0.0007758
8    0.265169    0.264878 0.000673144
9    0.265255     0.26492 0.000595132
10    0.268423     0.26527 0.000637213
11     0.26667    0.265398 0.000590271
12    0.264754    0.265344   0.0005415
13    0.262672    0.265138 0.000538857
14     0.26274    0.264967 0.000527468
15    0.264942    0.264965 0.000491049
16    0.261219    0.264731 0.000515578
17    0.262373    0.264593 0.000503773
18    0.267837    0.264773 0.000508008
19    0.264801    0.264774  0.00048053
20    0.263681     0.26472 0.000459137
21    0.268755    0.264912 0.000477127
22    0.262744    0.264813 0.000465469
23    0.263861    0.264772 0.000446693
24    0.263551    0.264721 0.000430691
25    0.266384    0.264787 0.000418428
26    0.266738    0.264862 0.000408955
27    0.264846    0.264862 0.000393518
28    0.264044    0.264833 0.000380326
29    0.266141    0.264878  0.00036974
30    0.262584    0.264801 0.000365292
31    0.262883    0.264739 0.000358692
32    0.267643     0.26483  0.00035896
33    0.263945    0.264803 0.000348946
34    0.266196    0.264844 0.000340995
35    0.264887    0.264845 0.000331111
36    0.263632    0.264812 0.000323543
37    0.263489    0.264776   0.0003167
38    0.263737    0.264749 0.000309464
39    0.266276    0.264788  0.00030396
40    0.263789    0.264763 0.000297315
41    0.263852    0.264741 0.000290822
42    0.267462    0.264805 0.000291115
43    0.267246    0.264862 0.000289875
44     0.26414    0.264846 0.000283685
45    0.264413    0.264836 0.000277476
46    0.265915     0.26486 0.000272389
47    0.265869    0.264881 0.000267394
48     0.26475    0.264878 0.000261778
49    0.263992     0.26486 0.000257017
50    0.261832      0.2648 0.000259008
51    0.263835    0.264781 0.000254582
52    0.266159    0.264807 0.000251042
53    0.265492     0.26482 0.000246599
54    0.263945    0.264804 0.000242531
55    0.266362    0.264832  0.00023976
56    0.267795    0.264885  0.00024131
57    0.263199    0.264856 0.000238878
58    0.261407    0.264796 0.000242138
59    0.265866    0.264814 0.000238688
60    0.265492    0.264826 0.000234947
61    0.266048    0.264846  0.00023193
62    0.260922    0.264782 0.000236774
63    0.264209    0.264773 0.000233163
64     0.26611    0.264794  0.00023044
65     0.26619    0.264816 0.000227881
66      0.2627    0.264784  0.00022668
67    0.265274    0.264791 0.000223391
68    0.263248    0.264768 0.000221248
69    0.261149    0.264716 0.000224239
70    0.265644    0.264729 0.000221409
71      0.2681    0.264777 0.000223373
72    0.265385    0.264785 0.000220411
73    0.262678    0.264756 0.000219279
74    0.264183    0.264748 0.000216434
75    0.265585     0.26476  0.00021382
76    0.268274    0.264806 0.000215995
77    0.265983    0.264821 0.000213719
78    0.264006    0.264811  0.00021122
79    0.263826    0.264798 0.000208901
80    0.264929      0.2648  0.00020628
81    0.264894    0.264801  0.00020372
82    0.261865    0.264765 0.000204381
83     0.26528    0.264771 0.000201999
84     0.26365    0.264758 0.000200026
85    0.264601    0.264756 0.000197667
86    0.263534    0.264742 0.000195872
87    0.265271    0.264748 0.000193703
88    0.266596    0.264769 0.000192637
89    0.264402    0.264765 0.000190505
90    0.266663    0.264786 0.000189553
91     0.26336     0.26477 0.000188112
92    0.261067     0.26473  0.00019036
93    0.267036    0.264755 0.000189928
94    0.265025    0.264758 0.000187918
95    0.268695    0.264799 0.000190493
96    0.268167    0.264834 0.000191735
97    0.260972    0.264794 0.000193881
98    0.266542    0.264812 0.000192719
99    0.262487    0.264789 0.000192203
100    0.264763    0.264789 0.000190272
101    0.265552    0.264796  0.00018853
102    0.260682    0.264756  0.00019098
103    0.263079    0.264739 0.000189816
104    0.267877     0.26477 0.000190387
105    0.268506    0.264805 0.000191893
106    0.265111    0.264808 0.000190096
107    0.265478    0.264814 0.000188415
108    0.260957    0.264779 0.000190049
109    0.263643    0.264768 0.000188585
110    0.263361    0.264755   0.0001873
111    0.265421    0.264761 0.000185702
112    0.264043    0.264755 0.000184148
113     0.26639    0.264769 0.000183084
114    0.265248    0.264774 0.000181519
115    0.261841    0.264748 0.000181732
116     0.26264     0.26473 0.000181073
117    0.265217    0.264734 0.000179567
118    0.263685    0.264725 0.000178261
119    0.265797    0.264734 0.000176986
120    0.266624     0.26475  0.00017621
121     0.26437    0.264747 0.000174776
122     0.26492    0.264748 0.000173343
123    0.261311     0.26472 0.000174184
124    0.263358    0.264709 0.000173123
125    0.267267     0.26473 0.000172946
126    0.264427    0.264727 0.000171585
127    0.264505    0.264726 0.000170238
128     0.26557    0.264732 0.000169031
129    0.265689     0.26474  0.00016788
130    0.265679    0.264747  0.00016674
131    0.265149     0.26475 0.000165491
132    0.263835    0.264743 0.000164379
133     0.26574    0.264751  0.00016331
134    0.271882    0.264804 0.000170601
135    0.262218    0.264785 0.000170412
136    0.262758     0.26477  0.00016981
137    0.263102    0.264758 0.000169005
138    0.267635    0.264778 0.000169066
139    0.267631    0.264799 0.000169095
140     0.26322    0.264788 0.000168262
141    0.263954    0.264782 0.000167169
142    0.268729     0.26481 0.000168299
143    0.264225    0.264805 0.000167168
144    0.262523     0.26479 0.000166758
145    0.264321    0.264786 0.000165635
146    0.264351    0.264783 0.000164524
147    0.263765    0.264776 0.000163547
148    0.265163    0.264779 0.000162459
149    0.269512    0.264811 0.000164462
150    0.263645    0.264803 0.000163547
151    0.266713    0.264816 0.000162952
152    0.267281    0.264832 0.000162687
153    0.265109    0.264834  0.00016163
154    0.267574    0.264852  0.00016156
155    0.264213    0.264847 0.000160568
156    0.266427    0.264858 0.000159856
157    0.266206    0.264866 0.000159067
158    0.267658    0.264884 0.000159042
159    0.264817    0.264883 0.000158039
160    0.263745    0.264876 0.000157209
161    0.264049    0.264871 0.000156314
162    0.263475    0.264862 0.000155585
163    0.264405     0.26486 0.000154653
164    0.261223    0.264837 0.000155299
165    0.265964    0.264844 0.000154506
166    0.267894    0.264863 0.000154667
167    0.265417    0.264866 0.000153774
168    0.264594    0.264864 0.000152865
169    0.267019    0.264877 0.000152492
170    0.266183    0.264885 0.000151786
171    0.267888    0.264902 0.000151915
172    0.267213    0.264916 0.000151625
173    0.268575    0.264937 0.000152223
174     0.26704    0.264949 0.000151827
175    0.265694    0.264953 0.000151017
176     0.26456    0.264951 0.000150173
177    0.266693    0.264961 0.000149646
178    0.266719    0.264971 0.000149131
179    0.263894    0.264965 0.000148417
180    0.267476    0.264979 0.000148248
181    0.267143    0.264991 0.000147911
182    0.267047    0.265002 0.000147529
183    0.267625    0.265016  0.00014742
184    0.267251    0.265028 0.000147118
185    0.263044    0.265018 0.000146713
186    0.267007    0.265028 0.000146314
187    0.262754    0.265016 0.000146036
188    0.262026       0.265 0.000146126
189    0.262609    0.264988 0.000145901
190    0.264519    0.264985 0.000145152
191    0.266664    0.264994 0.000144657
192    0.262129    0.264979 0.000144673
193    0.268111    0.264995 0.000144833
194    0.266724    0.265004  0.00014436
195     0.26586    0.265009 0.000143685
196    0.267025    0.265019  0.00014332
197    0.266471    0.265026 0.000142781
198    0.261463    0.265008 0.000143193
199    0.264734    0.265007 0.000142478
200    0.264961    0.265007 0.000141764
