1    0.211097    0.211097           0
2    0.206737    0.208917  0.00218009
3    0.208172    0.208668  0.00128294
4    0.211409    0.209354  0.00113691
5    0.207326    0.208948 0.000969515
6    0.208552    0.208882 0.000794356
7    0.206718    0.208573  0.00073911
8    0.207099    0.208389  0.00066608
9    0.209303     0.20849 0.000596147
10    0.208365    0.208478 0.000533356
11    0.208531    0.208483 0.000482462
12    0.209896      0.2086 0.000455901
13    0.207179    0.208491 0.000433386
14    0.210379    0.208626 0.000423291
15    0.206933    0.208513 0.000409896
16    0.209956    0.208603 0.000393884
17    0.204861    0.208383 0.000430508
18    0.209087    0.208422 0.000407767
19    0.209309    0.208469 0.000388521
20    0.206503    0.208371 0.000381465
21    0.207583    0.208333 0.000364777
22    0.207171     0.20828 0.000351789
23    0.208507     0.20829  0.00033629
24    0.208106    0.208282 0.000322065
25    0.207281    0.208242 0.000311501
26    0.210175    0.208317 0.000308372
27    0.208849    0.208336 0.000297385
28    0.207797    0.208317 0.000287213
29    0.208361    0.208319 0.000277136
30    0.205086    0.208211 0.000288613
31    0.202607     0.20803 0.000332566
32    0.209764    0.208084 0.000326532
33    0.209961    0.208141 0.000321552
34     0.20774    0.208129 0.000312175
35    0.205693     0.20806 0.000311012
36    0.209999    0.208114  0.00030701
37    0.207601      0.2081 0.000298918
38    0.210359    0.208159 0.000296958
39    0.209152    0.208185  0.00029036
40    0.209796    0.208225 0.000285862
41    0.208234    0.208225 0.000278803
42    0.210084    0.208269 0.000275661
43    0.206499    0.208228 0.000272306
44    0.208929    0.208244 0.000266521
45    0.208542    0.208251 0.000260616
46    0.209042    0.208268 0.000255467
47    0.208592    0.208275 0.000250067
48    0.209959     0.20831 0.000247302
49    0.208678    0.208318 0.000242319
50    0.209182    0.208335 0.000238052
51    0.207086     0.20831  0.00023462
52    0.208492    0.208314  0.00023009
53    0.209217    0.208331 0.000226349
54    0.208163    0.208328 0.000222139
55     0.20907    0.208341  0.00021848
56    0.206843    0.208314 0.000216206
57     0.20816    0.208312 0.000212396
58    0.206425    0.208279 0.000211222
59    0.207659    0.208269 0.000207877
60    0.209124    0.208283 0.000204879
61    0.207731    0.208274 0.000201695
62    0.207966    0.208269 0.000198477
63    0.209468    0.208288 0.000196227
64    0.209718     0.20831 0.000194425
65    0.205408    0.208266  0.00019655
66    0.206789    0.208243 0.000194839
67    0.206333    0.208215 0.000194014
68     0.20697    0.208196 0.000192014
69     0.20796    0.208193 0.000189242
70    0.206409    0.208168 0.000188252
71    0.208011    0.208165 0.000185594
72    0.208629    0.208172 0.000183112
73    0.208099    0.208171 0.000180589
74    0.207235    0.208158  0.00017858
75    0.209309    0.208174  0.00017685
76    0.209307    0.208188 0.000175144
77    0.205935    0.208159 0.000175314
78    0.209018     0.20817 0.000173402
79    0.208032    0.208168 0.000171202
80    0.208007    0.208166  0.00016906
81    0.208784    0.208174 0.000167134
82    0.206777    0.208157  0.00016596
83    0.207043    0.208144 0.000164497
84    0.209351    0.208158 0.000163161
85    0.206815    0.208142 0.000162002
86    0.208859     0.20815 0.000160324
87    0.210545    0.208178 0.000160842
88    0.208496    0.208182 0.000159045
89    0.209469    0.208196 0.000157912
90    0.207567    0.208189 0.000156304
91     0.20943    0.208203 0.000155177
92    0.207985      0.2082 0.000153499
93    0.208976    0.208209 0.000152068
94    0.208921    0.208216 0.000150633
95    0.209369    0.208228 0.000149532
96    0.209061    0.208237  0.00014822
97    0.207691    0.208231 0.000146792
98    0.208199    0.208231 0.000145287
99    0.207677    0.208226  0.00014392
100    0.206739    0.208211 0.000143247
101    0.206287    0.208192 0.000143095
102    0.206934    0.208179 0.000142221
103    0.207641    0.208174  0.00014093
104    0.211578    0.208207 0.000143355
105    0.208773    0.208212 0.000142085
106    0.210211    0.208231 0.000141997
107    0.207581    0.208225 0.000140794
108    0.207752    0.208221 0.000139553
109    0.209983    0.208237 0.000139209
110    0.210513    0.208257 0.000139481
111    0.207262    0.208248  0.00013851
112    0.206528    0.208233 0.000138124
113    0.209257    0.208242 0.000137195
114    0.209199    0.208251 0.000136245
115    0.206764    0.208238 0.000135673
116    0.209277    0.208247 0.000134796
117    0.209241    0.208255  0.00013391
118     0.21161    0.208284  0.00013578
119    0.205702    0.208262  0.00013637
120    0.206892     0.20825  0.00013571
121    0.211275    0.208275 0.000136886
122    0.209836    0.208288  0.00013636
123    0.207612    0.208283 0.000135359
124     0.20827    0.208283 0.000134263
125    0.208603    0.208285 0.000133209
126    0.208099    0.208284 0.000132156
127    0.208605    0.208286 0.000131136
128    0.207365    0.208279 0.000130306
129    0.206309    0.208264 0.000130191
130      0.2076    0.208259 0.000129286
131    0.208318    0.208259 0.000128297
132    0.208508    0.208261 0.000127335
133    0.208747    0.208265 0.000126427
134    0.205527    0.208244 0.000127132
135    0.209834    0.208256 0.000126735
136    0.207156    0.208248 0.000126059
137    0.208714    0.208251 0.000125182
138    0.210376    0.208267 0.000125222
139    0.209401    0.208275 0.000124585
140    0.209595    0.208284 0.000124051
141    0.208576    0.208286 0.000123185
142    0.206953    0.208277 0.000122674
143    0.213208    0.208311   0.0001266
144    0.210378    0.208326 0.000126534
145    0.208908     0.20833 0.000125723
146    0.209494    0.208338 0.000125113
147    0.208485    0.208339 0.000124263
148    0.208851    0.208342 0.000123469
149     0.21047    0.208357 0.000123466
150    0.207534    0.208351 0.000122763
151    0.208091    0.208349 0.000121959
152    0.207896    0.208346 0.000121191
153    0.208509    0.208347 0.000120401
154    0.209592    0.208356 0.000119889
155    0.207824    0.208352 0.000119163
156     0.20918    0.208357 0.000118515
157    0.209114    0.208362 0.000117857
158    0.210275    0.208374 0.000117733
159    0.207847    0.208371 0.000117037
160    0.209006    0.208375 0.000116371
161    0.208249    0.208374 0.000115648
162     0.20787    0.208371 0.000114974
163    0.209761     0.20838 0.000114584
164    0.206375    0.208367 0.000114538
165    0.206599    0.208357 0.000114345
166    0.209635    0.208364 0.000113915
167    0.205963     0.20835 0.000114139
168    0.205456    0.208333 0.000114759
169    0.206654    0.208323 0.000114509
170     0.21008    0.208333 0.000114302
171    0.209093    0.208338 0.000113718
172    0.209841    0.208346 0.000113393
173    0.209305    0.208352 0.000112872
174    0.207536    0.208347 0.000112319
175    0.207084     0.20834 0.000111908
176    0.207722    0.208336 0.000111326
177    0.207827    0.208334 0.000110733
178    0.209221    0.208339 0.000110221
179    0.206114    0.208326 0.000110306
180    0.208225    0.208326 0.000109693
181    0.209797    0.208334 0.000109388
182    0.207142    0.208327 0.000108982
183    0.205478    0.208312 0.000109497
184    0.205989    0.208299  0.00010963
185     0.20492    0.208281 0.000110554
186    0.210036     0.20829 0.000110363
187    0.208161    0.208289 0.000109773
188    0.206772    0.208281 0.000109485
189    0.208267    0.208281 0.000108905
190    0.207109    0.208275 0.000108505
191    0.209366    0.208281 0.000108087
192    0.207521    0.208277 0.000107595
193    0.208223    0.208277 0.000107037
194    0.209899    0.208285 0.000106811
195    0.208675    0.208287 0.000106281
196    0.206889     0.20828 0.000105978
197     0.20857    0.208281 0.000105449
198     0.20869    0.208283 0.000104935
199    0.209797    0.208291 0.000104683
200     0.20776    0.208288 0.000104192
1    0.209457    0.209457           0
2    0.209338    0.209398 5.92073e-05
3    0.206714    0.208503 0.000895227
4    0.211234    0.209186 0.000931104
5    0.208145    0.208978 0.000750662
6    0.210801    0.209282 0.000684127
7    0.206152    0.208835 0.000730897
8    0.206866    0.208588 0.000679115
9    0.207373    0.208453 0.000613955
10    0.208899    0.208498 0.000550944
11     0.20766    0.208422 0.000504137
12    0.209044    0.208474 0.000463125
13    0.205245    0.208225 0.000493138
14    0.209129     0.20829 0.000461094
15    0.206867    0.208195 0.000439605
16    0.207687    0.208163 0.000412436
17    0.208178    0.208164 0.000387417
18    0.209245    0.208224 0.000370165
19    0.209769    0.208305 0.000359455
20    0.207724    0.208276 0.000342244
21    0.208157    0.208271 0.000325589
22    0.207339    0.208228 0.000313312
23     0.20856    0.208243 0.000299727
24    0.206395    0.208166 0.000297114
25    0.207516     0.20814 0.000286164
26    0.208651    0.208159 0.000275639
27    0.208526    0.208173 0.000265581
28    0.207505    0.208149 0.000257029
29    0.208285    0.208154 0.000248052
30    0.205861    0.208077  0.00025153
31    0.204682    0.207968 0.000266801
32    0.210094    0.208034 0.000266734
33    0.206753    0.207996 0.000261423
34    0.207636    0.207985 0.000253838
35    0.205573    0.207916 0.000255932
36    0.209282    0.207954 0.000251599
37    0.209147    0.207986 0.000246821
38    0.206974     0.20796 0.000241709
39    0.207995    0.207961 0.000235431
40    0.207233    0.207942  0.00023019
41    0.210241    0.207998 0.000231399
42    0.209855    0.208043 0.000230109
43    0.207474    0.208029 0.000225083
44    0.208823    0.208047 0.000220647
45    0.208112    0.208049 0.000215693
46    0.207686    0.208041   0.0002111
47     0.20725    0.208024 0.000207244
48    0.208628    0.208037  0.00020327
49    0.208997    0.208056 0.000200041
50    0.209485    0.208085  0.00019807
51    0.208288    0.208089 0.000194188
52    0.208704    0.208101 0.000190785
53    0.208559    0.208109  0.00018735
54    0.207856    0.208105 0.000183908
55    0.209288    0.208126  0.00018181
56    0.207814    0.208121 0.000178621
57    0.208329    0.208124 0.000175498
58    0.208419    0.208129  0.00017252
59    0.209027    0.208145 0.000170252
60    0.208121    0.208144 0.000167391
61    0.208935    0.208157 0.000165133
62    0.207658    0.208149 0.000162647
63    0.208121    0.208149 0.000160045
64    0.209687    0.208173 0.000159347
65     0.20902    0.208186 0.000157418
66    0.207518    0.208176 0.000155344
67    0.205662    0.208138 0.000157539
68    0.207052    0.208122 0.000156024
69    0.207085    0.208107  0.00015448
70    0.207509    0.208099 0.000152496
71    0.208515    0.208104 0.000150447
72    0.209476    0.208123 0.000149562
73    0.208312    0.208126 0.000147521
74    0.209609    0.208146 0.000146888
75    0.209188     0.20816 0.000145581
76    0.210121    0.208186 0.000145951
77    0.208657    0.208192 0.000144173
78    0.209247    0.208205 0.000142954
79    0.208942    0.208215  0.00014144
80    0.206634    0.208195 0.000141052
81    0.206519    0.208174 0.000140828
82    0.207215    0.208163 0.000139591
83    0.207788    0.208158 0.000137973
84     0.20959    0.208175 0.000137382
85    0.207049    0.208162 0.000136401
86    0.208047    0.208161 0.000134812
87    0.207999    0.208159 0.000133266
88    0.207618    0.208153 0.000131886
89    0.208754    0.208159 0.000130571
90    0.209387    0.208173  0.00012983
91    0.208298    0.208174 0.000128403
92    0.208255    0.208175 0.000127002
93    0.209221    0.208186 0.000126132
94    0.208521     0.20819 0.000124834
95    0.210862    0.208218 0.000126676
96    0.209136    0.208228 0.000125714
97    0.210062    0.208247  0.00012584
98    0.209323    0.208258 0.000125033
99    0.210464     0.20828 0.000125755
100     0.20617    0.208259 0.000126266
101    0.205935    0.208236 0.000127109
102    0.207814    0.208232 0.000125924
103    0.208098     0.20823 0.000124703
104    0.211088    0.208258 0.000126518
105    0.209951    0.208274  0.00012634
106    0.209583    0.208286 0.000125751
107    0.208527    0.208289  0.00012459
108    0.206761    0.208274 0.000124239
109    0.209711    0.208288 0.000123797
110    0.208968    0.208294 0.000122822
111    0.205154    0.208266 0.000124955
112    0.207677     0.20826 0.000123946
113    0.210219    0.208278 0.000124062
114    0.207551    0.208271 0.000123134
115    0.205516    0.208247 0.000124387
116    0.208887    0.208253 0.000123433
117    0.208092    0.208251 0.000122381
118    0.207893    0.208248 0.000121378
119    0.207828    0.208245 0.000120405
120    0.207125    0.208235 0.000119762
121    0.210232    0.208252 0.000119908
122    0.207507    0.208246 0.000119078
123    0.208663    0.208249 0.000118155
124    0.206316    0.208234  0.00011823
125    0.208717    0.208238 0.000117344
126    0.208217    0.208237 0.000116409
127    0.207635    0.208233 0.000115586
128      0.2063    0.208218 0.000115669
129    0.205314    0.208195 0.000116956
130    0.207089    0.208187 0.000116364
131    0.207368     0.20818 0.000115641
132    0.208588    0.208183 0.000114803
133    0.209127     0.20819 0.000114158
134    0.209157    0.208198 0.000113532
135    0.209825     0.20821  0.00011333
136    0.207733    0.208206 0.000112548
137    0.206435    0.208193  0.00011247
138    0.210826    0.208212  0.00011327
139    0.211081    0.208233  0.00011433
140    0.208164    0.208233 0.000113512
141    0.207689    0.208229  0.00011277
142     0.20522    0.208207  0.00011396
143    0.211769    0.208232 0.000115869
144     0.20881    0.208236 0.000115131
145     0.20954    0.208245 0.000114687
146    0.208391    0.208246 0.000113904
147    0.209603    0.208256 0.000113502
148    0.209492    0.208264 0.000113041
149    0.210977    0.208282 0.000113747
150    0.208656    0.208285 0.000113013
151    0.208194    0.208284 0.000112264
152    0.207615     0.20828  0.00011161
153    0.209105    0.208285 0.000111009
154    0.211269    0.208304 0.000111975
155    0.207695    0.208301  0.00011132
156    0.211757    0.208323 0.000112801
157    0.210692    0.208338 0.000113092
158    0.209674    0.208346 0.000112691
159    0.206166    0.208332 0.000112817
160    0.210177    0.208344   0.0001127
161    0.208397    0.208344 0.000111999
162    0.207376    0.208338 0.000111466
163    0.210218     0.20835 0.000111378
164    0.207248    0.208343 0.000110901
165    0.208104    0.208342 0.000110236
166    0.210324    0.208354 0.000110219
167    0.206632    0.208343 0.000110041
168     0.20615     0.20833 0.000110161
169    0.208697    0.208332 0.000109528
170    0.209489    0.208339 0.000109094
171     0.20792    0.208337 0.000108482
172    0.209826    0.208345 0.000108197
173    0.209652    0.208353 0.000107834
174    0.208203    0.208352 0.000107216
175    0.206969    0.208344 0.000106894
176    0.209089    0.208349 0.000106369
177    0.208393    0.208349 0.000105767
178    0.209501    0.208355  0.00010537
179    0.206582    0.208345 0.000105247
180    0.208298    0.208345 0.000104661
181    0.209492    0.208351 0.000104274
182    0.208599    0.208353 0.000103709
183    0.207426    0.208348 0.000103265
184    0.209478    0.208354 0.000102886
185    0.207614     0.20835 0.000102406
186    0.208521    0.208351 0.000101858
187    0.206533    0.208341 0.000101777
188    0.207343    0.208336 0.000101374
189     0.20644    0.208326 0.000101334
190    0.207228     0.20832 0.000100964
191       0.208    0.208318 0.000100448
192    0.206592    0.208309 0.000100327
193    0.206749    0.208301 0.000100133
194    0.210509    0.208313 0.000100264
195    0.209512    0.208319 9.99377e-05
196    0.207111    0.208313 9.96173e-05
197    0.207722     0.20831 9.91557e-05
198    0.207503    0.208305 9.87376e-05
199    0.206817    0.208298 9.85245e-05
200    0.209578    0.208304 9.82395e-05
