1   -0.527706   -0.527706           0
2   -0.529352   -0.528529   0.0008232
3   -0.528405   -0.528487 0.000477069
4   -0.526496    -0.52799 0.000601389
5   -0.527282   -0.527848  0.00048688
6   -0.527867   -0.527851 0.000397548
7   -0.529216   -0.528046 0.000388462
8   -0.530158    -0.52831 0.000427654
9   -0.528984   -0.528385 0.000384515
10   -0.527744   -0.528321 0.000349844
11   -0.526621   -0.528166 0.000352174
12   -0.527848    -0.52814 0.000322583
13   -0.529795   -0.528267   0.0003229
14   -0.527878   -0.528239 0.000300234
15   -0.528954   -0.528287 0.000283529
16   -0.528776   -0.528318 0.000266972
17   -0.529595   -0.528393 0.000261795
18    -0.52761   -0.528349 0.000250628
19   -0.528069   -0.528334  0.00023753
20   -0.529219   -0.528379 0.000229641
21    -0.53067   -0.528488 0.000244175
22   -0.528733   -0.528499 0.000233078
23   -0.528606   -0.528504 0.000222763
24   -0.527738   -0.528472 0.000215654
25   -0.528757   -0.528483 0.000207163
26   -0.528592   -0.528487 0.000199079
27     -0.5286   -0.528491  0.00019161
28   -0.528482   -0.528491  0.00018464
29   -0.528256   -0.528483 0.000178344
30   -0.528403    -0.52848 0.000172317
31   -0.528578   -0.528484 0.000166695
32   -0.528626   -0.528488 0.000161463
33   -0.528499   -0.528488 0.000156494
34   -0.529131   -0.528507 0.000152995
35   -0.529515   -0.528536 0.000151325
36   -0.529786   -0.528571 0.000151102
37   -0.528416   -0.528567 0.000147021
38   -0.528486   -0.528564 0.000143115
39   -0.528928   -0.528574 0.000139709
40   -0.528603   -0.528574 0.000136173
41   -0.528075   -0.528562 0.000133368
42   -0.527826   -0.528545  0.00013133
43    -0.52775   -0.528526 0.000129563
44   -0.528266    -0.52852 0.000126723
45   -0.528542   -0.528521 0.000123876
46   -0.527866   -0.528507 0.000121988
47   -0.529803   -0.528534  0.00012251
48   -0.529728   -0.528559 0.000122483
49   -0.527781   -0.528543 0.000121004
50   -0.529024   -0.528553 0.000118948
51   -0.529322   -0.528568 0.000117563
52   -0.527715   -0.528551 0.000116441
53   -0.527206   -0.528526 0.000117008
54   -0.529046   -0.528536 0.000115224
55   -0.527957   -0.528525 0.000113599
56   -0.527184   -0.528501 0.000114094
57   -0.529067   -0.528511 0.000112513
58   -0.529005    -0.52852 0.000110883
59   -0.528858   -0.528525 0.000109138
60   -0.528648   -0.528527 0.000107323
61   -0.529107   -0.528537 0.000105976
62   -0.529704   -0.528556 0.000105938
63   -0.528808    -0.52856  0.00010432
64   -0.527229   -0.528539 0.000104762
65   -0.526979   -0.528515 0.000105893
66   -0.529048   -0.528523 0.000104588
67   -0.529763   -0.528542 0.000104665
68   -0.527914   -0.528532 0.000103527
69   -0.529626   -0.528548 0.000103239
70   -0.528237   -0.528544  0.00010185
71   -0.528667   -0.528545 0.000100421
72   -0.528408   -0.528544 9.90345e-05
73   -0.528907   -0.528549 9.77954e-05
74   -0.529462   -0.528561  9.7252e-05
75   -0.529198   -0.528569 9.63224e-05
76   -0.526982   -0.528549 9.73133e-05
77   -0.528542   -0.528548 9.60412e-05
78   -0.529869   -0.528565 9.63014e-05
79   -0.527802   -0.528556 9.55648e-05
80   -0.528978   -0.528561   9.451e-05
81    -0.52797   -0.528554  9.3621e-05
82   -0.528909   -0.528558 9.25736e-05
83   -0.528395   -0.528556 9.14725e-05
84   -0.528784   -0.528559 9.04177e-05
85   -0.528118   -0.528554 8.94977e-05
86   -0.527915   -0.528546 8.87618e-05
87   -0.529322   -0.528555 8.81872e-05
88      -0.529    -0.52856 8.73258e-05
89   -0.528901   -0.528564 8.64239e-05
90   -0.526869   -0.528545 8.75092e-05
91   -0.528654   -0.528546 8.65506e-05
92   -0.529045   -0.528552  8.5776e-05
93   -0.528272   -0.528549 8.49019e-05
94   -0.529155   -0.528555 8.42413e-05
95   -0.528264   -0.528552 8.34062e-05
96   -0.528693   -0.528554 8.25458e-05
97   -0.527186   -0.528539 8.28988e-05
98    -0.52937   -0.528548 8.24846e-05
99   -0.528176   -0.528544 8.17336e-05
100   -0.528214   -0.528541 8.09793e-05
101   -0.530086   -0.528556 8.16207e-05
102    -0.52899    -0.52856 8.09286e-05
103   -0.530024   -0.528575  8.1389e-05
104   -0.527886   -0.528568 8.08738e-05
105   -0.529504   -0.528577 8.05943e-05
106   -0.527846    -0.52857 8.01273e-05
107   -0.528117   -0.528566 7.94879e-05
108   -0.528493   -0.528565 7.87514e-05
109    -0.52805    -0.52856 7.81688e-05
110   -0.527854   -0.528554 7.77204e-05
111   -0.528387   -0.528553 7.70317e-05
112   -0.527989   -0.528547 7.65065e-05
113   -0.527278   -0.528536 7.66536e-05
114   -0.526365   -0.528517 7.83295e-05
115   -0.528726   -0.528519 7.76667e-05
116   -0.528774   -0.528521 7.70257e-05
117   -0.528754   -0.528523 7.63904e-05
118   -0.528261   -0.528521 7.57729e-05
119     -0.5296    -0.52853 7.56786e-05
120   -0.528779   -0.528532  7.5074e-05
121   -0.528774   -0.528534 7.44779e-05
122   -0.528272   -0.528532 7.38961e-05
123   -0.530413   -0.528547  7.4871e-05
124   -0.529027   -0.528551 7.43656e-05
125   -0.529307   -0.528557 7.40158e-05
126   -0.527992   -0.528553 7.35629e-05
127   -0.528173    -0.52855 7.30426e-05
128   -0.528509   -0.528549 7.24705e-05
129   -0.528304   -0.528547 7.19316e-05
130   -0.528205   -0.528545 7.14248e-05
131    -0.52819   -0.528542 7.09291e-05
132   -0.527534   -0.528535 7.08025e-05
133   -0.527522   -0.528527 7.06797e-05
134   -0.529491   -0.528534 7.05184e-05
135   -0.529163   -0.528539  7.0149e-05
136   -0.528334   -0.528537 6.96475e-05
137   -0.529808   -0.528547 6.97567e-05
138   -0.528742   -0.528548 6.92639e-05
139   -0.528126   -0.528545 6.88307e-05
140   -0.528603   -0.528545 6.83385e-05
141   -0.529022   -0.528549 6.79364e-05
142   -0.528976   -0.528552 6.75234e-05
143   -0.529426   -0.528558 6.73275e-05
144   -0.529949   -0.528567 6.75525e-05
145   -0.528027   -0.528564 6.71884e-05
146   -0.528558   -0.528564 6.67266e-05
147   -0.528795   -0.528565 6.62898e-05
148   -0.529621   -0.528572 6.62255e-05
149   -0.529166   -0.528576 6.59002e-05
150   -0.528928   -0.528579 6.55014e-05
151   -0.528181   -0.528576 6.51195e-05
152   -0.529467   -0.528582 6.49547e-05
153   -0.527946   -0.528578 6.46627e-05
154    -0.53023   -0.528589 6.51316e-05
155   -0.528454   -0.528588 6.47158e-05
156   -0.527891   -0.528583 6.44544e-05
157   -0.528299   -0.528581 6.40681e-05
158   -0.529834   -0.528589 6.41527e-05
159   -0.528091   -0.528586 6.38249e-05
160   -0.528862   -0.528588 6.34482e-05
161   -0.527878   -0.528584 6.32067e-05
162   -0.529203   -0.528587 6.29317e-05
163   -0.527878   -0.528583 6.26955e-05
164   -0.530562   -0.528595 6.34692e-05
165   -0.529062   -0.528598  6.3147e-05
166   -0.528072   -0.528595 6.28453e-05
167   -0.529186   -0.528598  6.2568e-05
168   -0.528918     -0.5286 6.22236e-05
169   -0.530794   -0.528613 6.32013e-05
170   -0.528765   -0.528614 6.28348e-05
171   -0.528437   -0.528613 6.24748e-05
172   -0.527822   -0.528608 6.22804e-05
173   -0.527168     -0.5286 6.24766e-05
174    -0.52852     -0.5286 6.21183e-05
175   -0.527939   -0.528596 6.18775e-05
176   -0.529731   -0.528602 6.18621e-05
177   -0.529522   -0.528608 6.17305e-05
178   -0.527949   -0.528604 6.14942e-05
179   -0.527646   -0.528598 6.13831e-05
180   -0.528179   -0.528596 6.10856e-05
181   -0.528754   -0.528597 6.07534e-05
182   -0.529219     -0.5286 6.05153e-05
183   -0.529234   -0.528604 6.02831e-05
184   -0.529086   -0.528606 6.00119e-05
185   -0.528758   -0.528607 5.96923e-05
186   -0.528806   -0.528608 5.93801e-05
187   -0.529634   -0.528614 5.93157e-05
188   -0.529066   -0.528616 5.90482e-05
189   -0.527498    -0.52861 5.90324e-05
190   -0.529709   -0.528616 5.90048e-05
191   -0.527675   -0.528611 5.89015e-05
192   -0.528072   -0.528608 5.86611e-05
193    -0.52733   -0.528602 5.87314e-05
194   -0.528746   -0.528603 5.84325e-05
195   -0.528469   -0.528602 5.81362e-05
196   -0.529045   -0.528604 5.78829e-05
197   -0.528496   -0.528604  5.7591e-05
198   -0.528026   -0.528601 5.73737e-05
199   -0.528158   -0.528598 5.71279e-05
200    -0.52731   -0.528592 5.72052e-05
1   -0.527866   -0.527866           0
2   -0.528568   -0.528217   0.0003512
3   -0.528886    -0.52844 0.000301549
4   -0.526387   -0.527927 0.000555734
5   -0.527514   -0.527844  0.00043833
6   -0.527482   -0.527784 0.000362961
7   -0.529251   -0.527993 0.000371549
8   -0.529896   -0.528231 0.000400123
9   -0.529792   -0.528405 0.000393188
10   -0.527698   -0.528334 0.000358714
11   -0.526014   -0.528123 0.000386968
12   -0.528517   -0.528156 0.000354773
13   -0.529253    -0.52824 0.000337076
14   -0.527534    -0.52819 0.000316118
15   -0.528797    -0.52823 0.000297059
16   -0.529134   -0.528287  0.00028356
17   -0.529403   -0.528352 0.000274335
18   -0.527734   -0.528318 0.000260914
19    -0.52785   -0.528293 0.000248029
20   -0.529051   -0.528331 0.000238332
21   -0.530912   -0.528454 0.000257864
22   -0.528869   -0.528473 0.000246584
23   -0.528802   -0.528487 0.000236052
24   -0.528251   -0.528478 0.000226217
25    -0.52937   -0.528513 0.000219894
26   -0.528768   -0.528523 0.000211494
27   -0.529221   -0.528549 0.000205145
28   -0.529373   -0.528578 0.000199861
29   -0.527901   -0.528555 0.000194256
30   -0.527803    -0.52853 0.000189334
31   -0.529266   -0.528554 0.000184657
32   -0.529338   -0.528578 0.000180464
33   -0.527754   -0.528553 0.000176685
34   -0.529122    -0.52857 0.000172223
35   -0.529803   -0.528605 0.000170903
36   -0.529475   -0.528629 0.000167837
37   -0.528002   -0.528612 0.000164117
38   -0.528634   -0.528613 0.000159741
39    -0.52859   -0.528612 0.000155592
40   -0.529246   -0.528628 0.000152479
41   -0.528016   -0.528613 0.000149461
42   -0.527688   -0.528591 0.000147513
43   -0.527458   -0.528565 0.000146434
44   -0.527395   -0.528538 0.000145516
45   -0.528605    -0.52854 0.000142253
46    -0.52772   -0.528522 0.000140263
47   -0.529851    -0.52855  0.00014013
48   -0.529688   -0.528574 0.000139213
49   -0.527642   -0.528555 0.000137663
50   -0.529579   -0.528575 0.000136429
51   -0.528798    -0.52858 0.000133798
52   -0.527512   -0.528559 0.000132797
53   -0.527419   -0.528538 0.000132031
54   -0.528922   -0.528545 0.000129758
55   -0.527578   -0.528527 0.000128585
56   -0.527456   -0.528508 0.000127709
57   -0.528803   -0.528513 0.000125555
58   -0.529306   -0.528527 0.000124125
59   -0.528438   -0.528525 0.000122012
60   -0.529048   -0.528534 0.000120277
61   -0.529238   -0.528546 0.000118851
62   -0.529533   -0.528562 0.000117998
63   -0.529352   -0.528574 0.000116786
64    -0.52779   -0.528562 0.000115597
65   -0.526952   -0.528537 0.000116468
66   -0.529112   -0.528546  0.00011502
67   -0.530059   -0.528568 0.000115521
68   -0.528379   -0.528566 0.000113843
69   -0.529701   -0.528582 0.000113381
70   -0.527818   -0.528571 0.000112282
71    -0.52903   -0.528578 0.000110878
72   -0.528189   -0.528572  0.00010946
73   -0.529014   -0.528578  0.00010812
74   -0.528838   -0.528582 0.000106707
75   -0.529419   -0.528593 0.000105865
76   -0.527355   -0.528577 0.000105725
77   -0.527894   -0.528568 0.000104718
78    -0.53024   -0.528589 0.000105567
79   -0.528438   -0.528587  0.00010424
80   -0.529382   -0.528597 0.000103407
81   -0.527011   -0.528578 0.000103983
82    -0.52848   -0.528577 0.000102714
83   -0.527562   -0.528564 0.000102203
84   -0.528611   -0.528565  0.00010098
85   -0.527856   -0.528556 0.000100133
86   -0.528155   -0.528552 9.90718e-05
87    -0.52964   -0.528564  9.8722e-05
88   -0.528406   -0.528563 9.76102e-05
89   -0.529642   -0.528575 9.72658e-05
90   -0.527446   -0.528562 9.69926e-05
91   -0.528554   -0.528562 9.59209e-05
92   -0.529173   -0.528569 9.51045e-05
93    -0.52847   -0.528568 9.40823e-05
94   -0.528774    -0.52857  9.3102e-05
95   -0.527709   -0.528561 9.25616e-05
96   -0.528027   -0.528555 9.17608e-05
97   -0.527694   -0.528546 9.12425e-05
98   -0.528982   -0.528551 9.04162e-05
99   -0.528227   -0.528548 8.95579e-05
100   -0.528214   -0.528544 8.87203e-05
101   -0.529717   -0.528556 8.86015e-05
102   -0.528909   -0.528559 8.77968e-05
103    -0.53001   -0.528573 8.80731e-05
104   -0.527798   -0.528566 8.75399e-05
105   -0.530042    -0.52858 8.78339e-05
106   -0.527709   -0.528572 8.73886e-05
107   -0.527733   -0.528564 8.69224e-05
108   -0.528795   -0.528566 8.61404e-05
109    -0.52833   -0.528564  8.5374e-05
110    -0.52743   -0.528554 8.52196e-05
111   -0.528885   -0.528557  8.4501e-05
112   -0.527741   -0.528549 8.40593e-05
113   -0.527011   -0.528536 8.44166e-05
114   -0.525774   -0.528511 8.71081e-05
115   -0.528782   -0.528514 8.63794e-05
116   -0.529003   -0.528518 8.57354e-05
117   -0.528066   -0.528514 8.50874e-05
118   -0.529366   -0.528521 8.46718e-05
119   -0.528941   -0.528525 8.40313e-05
120   -0.528546   -0.528525 8.33282e-05
121   -0.528693   -0.528526 8.26483e-05
122   -0.528038   -0.528522 8.20656e-05
123   -0.530312   -0.528537 8.26858e-05
124   -0.529368   -0.528544 8.22896e-05
125   -0.529824   -0.528554 8.22688e-05
126   -0.528128   -0.528551 8.16832e-05
127   -0.528242   -0.528548  8.1074e-05
128   -0.528155   -0.528545 8.04966e-05
129   -0.528194   -0.528542 7.99167e-05
130    -0.52829    -0.52854 7.93233e-05
131   -0.528042   -0.528537 7.88075e-05
132    -0.52733   -0.528527 7.87409e-05
133   -0.527949   -0.528523 7.82676e-05
134   -0.528109    -0.52852 7.77429e-05
135   -0.528413   -0.528519 7.71689e-05
136    -0.52825   -0.528517  7.6625e-05
137       -0.53   -0.528528 7.68299e-05
138   -0.528861    -0.52853 7.63092e-05
139   -0.528938   -0.528533 7.58148e-05
140   -0.528366   -0.528532 7.52808e-05
141   -0.528904   -0.528535 7.47915e-05
142   -0.528901   -0.528537 7.43076e-05
143   -0.529402   -0.528543 7.40333e-05
144   -0.529525    -0.52855 7.38325e-05
145   -0.527458   -0.528543 7.37078e-05
146   -0.528386   -0.528542 7.32091e-05
147   -0.529051   -0.528545  7.2792e-05
148   -0.528958   -0.528548 7.23524e-05
149   -0.529742   -0.528556 7.23109e-05
150   -0.528821   -0.528558 7.18489e-05
151   -0.527541   -0.528551 7.16885e-05
152   -0.529008   -0.528554 7.12788e-05
153    -0.52777   -0.528549 7.09967e-05
154   -0.530973   -0.528565 7.22691e-05
155   -0.528536   -0.528564 7.18016e-05
156   -0.527326   -0.528556 7.17798e-05
157   -0.528328   -0.528555  7.1336e-05
158     -0.5292   -0.528559 7.10005e-05
159   -0.527354   -0.528551 7.09588e-05
160   -0.528682   -0.528552 7.05186e-05
161   -0.528251    -0.52855 7.01042e-05
162   -0.528859   -0.528552 6.96961e-05
163   -0.526926   -0.528542 6.99818e-05
164   -0.529866    -0.52855 7.00202e-05
165   -0.528506    -0.52855 6.95951e-05
166   -0.528354   -0.528549 6.91847e-05
167   -0.529178   -0.528553 6.88721e-05
168    -0.52835   -0.528552 6.84715e-05
169   -0.529853   -0.528559 6.84993e-05
170   -0.528098   -0.528557 6.81493e-05
171   -0.528736   -0.528558 6.77577e-05
172   -0.528158   -0.528555 6.74026e-05
173   -0.527168   -0.528547 6.74899e-05
174   -0.528069   -0.528544 6.71572e-05
175   -0.528022   -0.528541  6.6839e-05
176   -0.529426   -0.528547 6.66477e-05
177   -0.529949   -0.528554  6.6742e-05
178   -0.528126   -0.528552 6.64095e-05
179   -0.527456   -0.528546 6.63207e-05
180   -0.527651   -0.528541 6.61383e-05
181   -0.528538   -0.528541 6.57719e-05
182   -0.528992   -0.528543 6.54564e-05
183   -0.529178   -0.528547 6.51899e-05
184   -0.529499   -0.528552 6.50409e-05
185   -0.528994   -0.528554 6.47324e-05
186   -0.528898   -0.528556 6.44099e-05
187   -0.529896   -0.528563 6.44639e-05
188   -0.528736   -0.528564 6.41266e-05
189   -0.528182   -0.528562 6.38184e-05
190    -0.52951   -0.528567 6.36775e-05
191   -0.528382   -0.528566 6.33506e-05
192   -0.528117   -0.528564 6.30633e-05
193   -0.527062   -0.528556 6.32163e-05
194   -0.528946   -0.528558 6.29216e-05
195   -0.528506   -0.528558 6.25987e-05
196   -0.528867    -0.52856 6.22985e-05
197   -0.529362   -0.528564  6.2115e-05
198   -0.528178   -0.528562 6.18312e-05
199   -0.528219    -0.52856 6.15438e-05
200   -0.526987   -0.528552 6.17382e-05
