1    0.249215    0.249215           0
2    0.245206     0.24721   0.0020046
3     0.24768    0.247367  0.00116791
4     0.24763    0.247433 0.000828445
5    0.250904    0.248127 0.000945384
6    0.250936    0.248595 0.000902822
7     0.24577    0.248192 0.000863198
8    0.249682    0.248378 0.000770403
9    0.248582    0.248401 0.000679811
10    0.249165    0.248477 0.000612826
11     0.25308    0.248895 0.000694549
12     0.24878    0.248886 0.000634107
13    0.249162    0.248907 0.000583681
14     0.25179    0.249113 0.000578298
15    0.249551    0.249142 0.000539156
16    0.248916    0.249128 0.000504532
17    0.245356    0.248906 0.000523288
18    0.252026     0.24908 0.000522925
19    0.249707    0.249113 0.000495739
20    0.249653     0.24914 0.000471075
21     0.24963    0.249163 0.000448689
22    0.247864    0.249104 0.000431862
23    0.248445    0.249075 0.000413653
24    0.249942    0.249111 0.000397684
25    0.252864    0.249261 0.000409918
26     0.24924    0.249261 0.000393837
27    0.249363    0.249264 0.000378989
28    0.249886    0.249287 0.000365876
29    0.251339    0.249357 0.000360061
30    0.245167    0.249218 0.000374846
31    0.246208    0.249121  0.00037533
32    0.249949    0.249147 0.000364333
33    0.249001    0.249142 0.000353147
34    0.250122    0.249171 0.000343813
35    0.245733    0.249073 0.000347998
36    0.248927    0.249069 0.000338218
37     0.24996    0.249093 0.000329831
38    0.249333    0.249099 0.000321096
39    0.252012    0.249174 0.000321551
40    0.248552    0.249158 0.000313794
41    0.245657    0.249073 0.000317735
42    0.249885    0.249092 0.000310679
43    0.249584    0.249104 0.000303584
44    0.246841    0.249052 0.000301028
45    0.248185    0.249033 0.000294893
46    0.250257     0.24906 0.000289636
47    0.248901    0.249056 0.000283427
48    0.249446    0.249064 0.000277578
49    0.250163    0.249087 0.000272777
50    0.249626    0.249097 0.000267483
51     0.24714    0.249059  0.00026498
52    0.248685    0.249052 0.000259934
53    0.249556    0.249061  0.00025516
54     0.25078    0.249093 0.000252404
55    0.249601    0.249102 0.000247944
56    0.249588    0.249111 0.000243631
57    0.248556    0.249101 0.000239516
58      0.2498    0.249113 0.000235659
59    0.244903    0.249042 0.000242374
60     0.24876    0.249037 0.000238346
61    0.245795    0.248984 0.000240356
62    0.246117    0.248938 0.000240927
63    0.249412    0.248946 0.000237191
64    0.252009    0.248993 0.000238312
65    0.249749    0.249005 0.000234905
66    0.248319    0.248995 0.000231552
67    0.247171    0.248967 0.000229687
68    0.248078    0.248954 0.000226662
69    0.250575    0.248978 0.000224584
70    0.247594    0.248958 0.000222234
71    0.250845    0.248985 0.000220688
72    0.251378    0.249018 0.000220124
73    0.245355    0.248968 0.000222811
74    0.249171     0.24897 0.000219797
75     0.24805    0.248958 0.000217193
76    0.250524    0.248979 0.000215304
77     0.24671    0.248949 0.000214523
78    0.248867    0.248948 0.000211758
79    0.246275    0.248914 0.000211781
80    0.251831    0.248951 0.000212271
81     0.25024    0.248967 0.000210237
82    0.246978    0.248943 0.000209069
83     0.25178    0.248977 0.000209344
84    0.247556     0.24896 0.000207527
85    0.248646    0.248956 0.000205104
86    0.248757    0.248954 0.000202719
87    0.252947       0.249 0.000205563
88    0.246903    0.248976 0.000204606
89    0.248205    0.248967 0.000202479
90    0.250252    0.248981 0.000200725
91    0.247917     0.24897 0.000198852
92    0.248089     0.24896 0.000196911
93    0.251525    0.248988 0.000196725
94    0.248358    0.248981 0.000194737
95    0.250334    0.248995 0.000193201
96    0.248698    0.248992 0.000191203
97    0.249577    0.248998 0.000189318
98    0.250185     0.24901 0.000187767
99    0.250096    0.249021 0.000186184
100     0.24942    0.249025 0.000184356
101    0.251857    0.249053 0.000184662
102    0.246729    0.249031 0.000184257
103    0.248072    0.249021 0.000182697
104    0.252512    0.249055 0.000184019
105    0.249999    0.249064  0.00018248
106    0.251454    0.249086 0.000182151
107    0.249946    0.249094 0.000180619
108    0.249202    0.249095 0.000178942
109    0.248707    0.249092 0.000177328
110    0.248588    0.249087 0.000175769
111    0.250363    0.249099 0.000174557
112    0.248418    0.249093 0.000173098
113    0.249824    0.249099 0.000171681
114    0.247996    0.249089 0.000170443
115    0.246817     0.24907 0.000170107
116    0.246713    0.249049 0.000169853
117    0.250912    0.249065 0.000169146
118    0.249533    0.249069 0.000167753
119    0.247882    0.249059 0.000166637
120    0.250311     0.24907 0.000165571
121    0.253251    0.249104 0.000167793
122    0.250542    0.249116 0.000166829
123    0.249066    0.249116 0.000165468
124    0.250086    0.249123 0.000164314
125    0.249277    0.249125 0.000162999
126     0.24809    0.249116 0.000161909
127     0.24875    0.249114 0.000160655
128    0.247457    0.249101 0.000159919
129    0.246033    0.249077 0.000160447
130    0.246008    0.249053 0.000160948
131    0.248707    0.249051 0.000159737
132    0.246866    0.249034 0.000159383
133    0.250014    0.249041 0.000158352
134    0.251678    0.249061 0.000158392
135    0.249102    0.249061 0.000157215
136    0.249149    0.249062 0.000156056
137    0.246394    0.249043 0.000156132
138    0.251108    0.249058 0.000155717
139     0.25001    0.249064 0.000154744
140    0.247786    0.249055 0.000153906
141    0.248783    0.249053 0.000152823
142    0.249734    0.249058 0.000151819
143    0.250993    0.249072 0.000151359
144     0.24721    0.249059 0.000150859
145    0.248952    0.249058 0.000149817
146    0.248096    0.249051 0.000148933
147    0.246966    0.249037 0.000148595
148    0.245379    0.249013 0.000149644
149    0.250026    0.249019 0.000148792
150    0.247822    0.249011 0.000148012
151    0.248236    0.249006 0.000147118
152    0.250133    0.249014 0.000146335
153    0.248446     0.24901 0.000145423
154    0.247488       0.249 0.000144813
155    0.250263    0.249008 0.000144106
156    0.249178    0.249009 0.000143184
157    0.247263    0.248998 0.000142703
158    0.251103    0.249011 0.000142421
159    0.248292    0.249007 0.000141594
160    0.249293    0.249009 0.000140718
161    0.250971    0.249021 0.000140371
162    0.246846    0.249007 0.000140147
163    0.250426    0.249016 0.000139556
164    0.247389    0.249006 0.000139057
165    0.244321    0.248978 0.000141098
166    0.252031    0.248996 0.000141447
167    0.248209    0.248992 0.000140676
168    0.250142    0.248998 0.000140004
169     0.24704    0.248987 0.000139655
170    0.248833    0.248986 0.000138834
171     0.25113    0.248998 0.000138588
172    0.250771    0.249009 0.000138165
173    0.252462    0.249029 0.000138807
174    0.251978    0.249046 0.000139044
175     0.24835    0.249042 0.000138304
176     0.24743    0.249033 0.000137821
177    0.249655    0.249036 0.000137085
178    0.249158    0.249037 0.000136314
179    0.249091    0.249037 0.000135551
180    0.252039    0.249054 0.000135824
181     0.24941    0.249056 0.000135085
182    0.249192    0.249056 0.000134343
183    0.247051    0.249045 0.000134056
184    0.248023     0.24904 0.000133441
185    0.247236     0.24903 0.000133075
186    0.251071    0.249041 0.000132812
187    0.251341    0.249053 0.000132671
188    0.245503    0.249035 0.000133308
189    0.250271    0.249041 0.000132762
190    0.249316    0.249043 0.000132069
191    0.249553    0.249045 0.000131403
192    0.247266    0.249036 0.000131045
193    0.247335    0.249027 0.000130662
194    0.250403    0.249034 0.000130179
195    0.249938    0.249039 0.000129593
196    0.248103    0.249034 0.000129019
197    0.249897    0.249038 0.000128437
198    0.248074    0.249034 0.000127879
199    0.249651    0.249037 0.000127273
200    0.250715    0.249045 0.000126913
1    0.247281    0.247281           0
2    0.247982    0.247631 0.000350805
3     0.24702    0.247428 0.000287284
4    0.247278     0.24739 0.000206578
5    0.250116    0.247935 0.000568143
6    0.253313    0.248832  0.00100923
7    0.245289    0.248326 0.000991785
8    0.250605     0.24861 0.000904948
9    0.247418    0.248478 0.000809004
10    0.251735    0.248804 0.000793516
11    0.254699     0.24934 0.000895757
12    0.247187     0.24916 0.000837159
13    0.247532    0.249035 0.000780194
14    0.250569    0.249145 0.000730581
15    0.249873    0.249193 0.000681867
16     0.24776    0.249104 0.000644087
17    0.246296    0.248938 0.000627144
18    0.252401    0.249131 0.000621775
19    0.250753    0.249216 0.000594305
20    0.248513    0.249181 0.000564903
21    0.249334    0.249188 0.000537379
22    0.247533    0.249113 0.000517868
23    0.246477    0.248998 0.000507938
24    0.248305    0.248969 0.000487172
25    0.249817    0.249003 0.000468508
26    0.248673    0.248991 0.000450307
27    0.251054    0.249067 0.000439998
28     0.24909    0.249068 0.000423994
29     0.25139    0.249148 0.000416874
30    0.246104    0.249047 0.000415325
31     0.24844    0.249027  0.00040218
32    0.249965    0.249056 0.000390511
33    0.247966    0.249023  0.00037993
34    0.248947    0.249021 0.000368594
35    0.247745    0.248985  0.00035976
36     0.24969    0.249004 0.000350173
37    0.250829    0.249053 0.000344128
38    0.247952    0.249024 0.000336203
39    0.249034    0.249025 0.000327469
40    0.250218    0.249055 0.000320568
41    0.246495    0.248992 0.000318822
42      0.2509    0.249038 0.000314439
43    0.249486    0.249048 0.000307216
44    0.247892    0.249022   0.0003013
45    0.248833    0.249018 0.000294559
46    0.249714    0.249033 0.000288481
47    0.250439    0.249063 0.000283858
48    0.251544    0.249114 0.000282649
49     0.24878    0.249107 0.000276904
50    0.248409    0.249093 0.000271669
51    0.246872     0.24905 0.000269827
52     0.25057    0.249079 0.000266198
53    0.247751    0.249054 0.000262327
54    0.250592    0.249083 0.000258995
55    0.249337    0.249087 0.000254285
56    0.250002    0.249104 0.000250237
57    0.249703    0.249114 0.000246032
58    0.247588    0.249088 0.000243181
59    0.248076    0.249071 0.000239638
60    0.248832    0.249067 0.000235644
61    0.249705    0.249077 0.000231984
62    0.248143    0.249062 0.000228709
63    0.248545    0.249054 0.000225199
64    0.251019    0.249085 0.000223769
65    0.250232    0.249102 0.000221006
66    0.249614     0.24911  0.00021777
67     0.24627    0.249068 0.000218642
68    0.247803    0.249049 0.000216204
69    0.250632    0.249072 0.000214278
70     0.24911    0.249072 0.000211196
71     0.25136    0.249105 0.000210679
72    0.251598    0.249139 0.000210598
73    0.246772    0.249107 0.000210209
74    0.248417    0.249098 0.000207559
75    0.247979    0.249083 0.000205315
76    0.249468    0.249088 0.000202659
77    0.247614    0.249069 0.000200924
78    0.249704    0.249077 0.000198498
79     0.24812    0.249065 0.000196343
80     0.25127    0.249092 0.000195824
81    0.249759      0.2491 0.000193567
82    0.247971    0.249087 0.000191687
83    0.251144    0.249111  0.00019098
84    0.248645    0.249106 0.000188774
85    0.248417    0.249098 0.000186716
86    0.249253      0.2491 0.000184541
87    0.250098    0.249111 0.000182768
88     0.24816      0.2491 0.000181002
89    0.250738    0.249119   0.0001799
90     0.24911    0.249119  0.00017789
91     0.24829    0.249109  0.00017616
92    0.247642    0.249093 0.000174963
93    0.251096    0.249115 0.000174406
94    0.249344    0.249117 0.000172558
95    0.250831    0.249135 0.000171682
96    0.250636    0.249151 0.000170601
97    0.247316    0.249132  0.00016989
98    0.251796    0.249159 0.000170331
99    0.251308    0.249181 0.000169992
100    0.249354    0.249183 0.000168293
101    0.250564    0.249196 0.000167178
102     0.24735    0.249178 0.000166518
103    0.249036    0.249177 0.000164899
104    0.252025    0.249204 0.000165586
105    0.249295    0.249205 0.000164003
106     0.25219    0.249233 0.000164872
107     0.25119    0.249252 0.000164344
108    0.248299    0.249243 0.000163054
109    0.249857    0.249248 0.000161649
110    0.246147     0.24922 0.000162636
111    0.249268    0.249221 0.000161165
112    0.249139     0.24922 0.000159721
113    0.251146    0.249237 0.000159216
114    0.246691    0.249215 0.000159385
115    0.245132    0.249179 0.000161933
116    0.250162    0.249188 0.000160754
117    0.251068    0.249204 0.000160182
118    0.248011    0.249194  0.00015914
119    0.249794    0.249199 0.000157878
120    0.251917    0.249221 0.000158187
121    0.249991    0.249228 0.000157003
122    0.251498    0.249246 0.000156819
123    0.250796    0.249259 0.000156049
124    0.247893    0.249248 0.000155177
125    0.251713    0.249268 0.000155188
126    0.246823    0.249248 0.000155169
127    0.249951    0.249254 0.000154042
128    0.250529    0.249264 0.000153158
129    0.248166    0.249255 0.000152204
130    0.248196    0.249247 0.000151248
131    0.248419    0.249241 0.000150222
132    0.245719    0.249214 0.000151449
133    0.248861    0.249211  0.00015033
134    0.253166    0.249241 0.000152094
135    0.246746    0.249222 0.000152091
136    0.248927     0.24922 0.000150984
137    0.246851    0.249203 0.000150872
138    0.252994     0.24923 0.000152273
139    0.248865    0.249228 0.000151197
140     0.24588    0.249204 0.000152006
141     0.24649    0.249185 0.000152146
142    0.250269    0.249192 0.000151264
143     0.24924    0.249193 0.000150203
144    0.248387    0.249187 0.000149261
145    0.250133    0.249194 0.000148371
146    0.245963    0.249171 0.000149004
147    0.247126    0.249158 0.000148639
148    0.248338    0.249152 0.000147735
149    0.253687    0.249182 0.000149864
150    0.247547    0.249171  0.00014926
151     0.24958    0.249174 0.000148292
152    0.251407    0.249189 0.000148044
153     0.25131    0.249203 0.000147726
154     0.24912    0.249202 0.000146764
155    0.249799    0.249206 0.000145865
156    0.250091    0.249212 0.000145038
157     0.24768    0.249202 0.000144441
158    0.250434     0.24921 0.000143736
159    0.247247    0.249197 0.000143361
160    0.249815    0.249201 0.000142515
161    0.251201    0.249214 0.000142171
162    0.246167    0.249195 0.000142536
163    0.250221    0.249201 0.000141799
164    0.246184    0.249183 0.000142127
165     0.24558    0.249161  0.00014294
166    0.252013    0.249178 0.000143112
167    0.250433    0.249186 0.000142451
168    0.247847    0.249178 0.000141824
169    0.249635     0.24918 0.000141009
170    0.249278    0.249181 0.000140178
171    0.249918    0.249185 0.000139422
172    0.251338    0.249198 0.000139174
173     0.25151    0.249211 0.000139011
174    0.252077    0.249228 0.000139187
175     0.24819    0.249222 0.000138517
176    0.248712    0.249219 0.000137758
177    0.252259    0.249236  0.00013805
178    0.250324    0.249242 0.000137409
179    0.248257    0.249237 0.000136749
180    0.249969    0.249241 0.000136048
181    0.249282    0.249241 0.000135295
182    0.250057    0.249245 0.000134624
183    0.249826    0.249249 0.000133924
184    0.249206    0.249248 0.000133194
185    0.246834    0.249235 0.000133114
186    0.250531    0.249242 0.000132579
187    0.247717    0.249234  0.00013212
188    0.246645     0.24922 0.000132135
189    0.248734    0.249218 0.000131459
190    0.249957    0.249222 0.000130823
191    0.248338    0.249217 0.000130219
192    0.245256    0.249196 0.000131172
193    0.248281    0.249192 0.000130576
194    0.251336    0.249203 0.000130371
195    0.252308    0.249219 0.000130675
196    0.248439    0.249215 0.000130067
197    0.249711    0.249217  0.00012943
198    0.246355    0.249203 0.000129583
199    0.248332    0.249198 0.000129005
200    0.251415    0.249209 0.000128836
