4.06744           0
3.98662   0.0808173
3.97736   0.0475708
4.00159   0.0414552
3.99678   0.0324685
3.98076   0.0309775
3.9811   0.0261831
3.98218   0.0227008
3.98193   0.0200217
3.98416   0.0180456
3.99228   0.0182301
3.98803   0.0171743
3.98555   0.0159917
3.98093   0.0155091
3.97801   0.0147319
3.97926   0.0138371
3.97721   0.0131576
3.97993   0.0126992
3.97791   0.0121815
3.97711   0.0115839
3.9799   0.0113659
3.9832   0.0113301
3.98626   0.0112491
3.98883   0.0110736
3.98545   0.0111458
3.9862   0.0107344
3.98604   0.0103304
3.98409   0.0101434
3.98319   0.0098285
3.98172  0.00960875
3.97881  0.00973781
3.97878  0.00942867
3.97701  0.00930701
3.97807  0.00909086
3.9774  0.00885268
3.97851  0.00867475
3.97481  0.00921584
3.97391  0.00901501
3.971  0.00924781
3.97426  0.00958387
3.97628  0.00956329
3.97768  0.00943749
3.9782  0.00922956
3.97611  0.00925515
3.97565  0.00905866
3.97715  0.00898457
3.97693  0.00879413
3.97705  0.00860985
3.97822  0.00851342
3.97763  0.00836203
3.97671   0.0082488
3.97688  0.00809039
3.97637  0.00795218
3.97764  0.00790531
3.97584  0.00796539
3.97564  0.00782458
3.97454  0.00776448
3.97522  0.00766023
3.97523  0.00752929
3.9739   0.0075208
3.97355  0.00740488
3.97221  0.00740711
3.97142  0.00733116
3.97211  0.00724854
3.97385  0.00734507
3.97385  0.00723292
3.97446   0.0071497
3.97325  0.00714618
3.97362  0.00705164
3.97413  0.00696864
3.97405   0.0068703
3.97289  0.00687228
3.97419  0.00690173
3.97416  0.00680789
3.9739  0.00672155
3.97382  0.00663304
3.97403  0.00654957
3.97472  0.00650234
3.97399  0.00646083
3.9748  0.00643083
3.97606  0.00647446
3.97549   0.0064202
3.97488  0.00637179
3.97482  0.00629576
3.97364  0.00633173
3.97375  0.00625855
3.97453  0.00623519
3.97382  0.00620498
3.97343  0.00614719
3.97354  0.00607947
3.97227  0.00614468
3.97201  0.00608297
3.97158  0.00603254
3.97174  0.00597019
3.97201  0.00591325
3.97237  0.00586251
3.97224  0.00580323
3.97239   0.0057457
3.97197  0.00570358
3.97181  0.00564838
3.97119  0.00562672
3.97085  0.00558128
3.96971  0.00564357
3.96858  0.00570201
3.9687  0.00564871
3.9696  0.00566612
3.97061  0.00570292
3.96989  0.00569532
3.97006  0.00564544
3.97013  0.00559431
3.97032  0.00554685
3.96996  0.00550848
3.96965  0.00546822
3.96988  0.00542495
3.96962  0.00538403
3.96962  0.00533741
3.96969  0.00529206
3.96979  0.00524795
3.96928  0.00522875
3.96925  0.00518506
3.9697  0.00516151
3.9695  0.00512278
3.96966  0.00508343
3.96996  0.00505097
3.96964  0.00502038
3.96901  0.00501983
3.96901  0.00498015
3.9686  0.00495766
3.96912  0.00494648
3.96866  0.00492969
3.96969  0.00499884
3.96889  0.00502469
3.96877  0.00498829
3.96902  0.00495731
3.96882  0.00492463
3.96866  0.00489066
3.96877  0.00485605
3.96847  0.00483045
3.9678  0.00484199
3.96828   0.0048313
3.96805  0.00480265
3.96835  0.00477857
3.96832  0.00474514
3.96844  0.00471347
3.96852  0.00468166
3.96861  0.00465023
3.96802  0.00465549
3.96809  0.00462449
3.96855  0.00461585
3.96808  0.00460875
3.9678  0.00458654
3.96718  0.00459919
3.96655  0.00461125
3.96735  0.00464905
3.96723  0.00462051
3.96733  0.00459202
3.96678  0.00459628
3.96701  0.00457317
3.96663   0.0045603
3.96657  0.00453211
3.96611   0.0045278
3.96615  0.00450003
3.9656  0.00450628
3.9653  0.00448888
3.9643  0.00457186
3.96452  0.00454968
3.96399  0.00455341
3.96341  0.00456346
3.96262  0.00460576
3.96247  0.00458099
3.96293  0.00457802
3.96283  0.00455245
3.96239  0.00454807
3.96217  0.00452707
3.96211  0.00450157
3.96203  0.00447651
3.96215  0.00445269
3.96221    0.004428
3.96228   0.0044038
3.96212  0.00438226
3.96261  0.00438506
3.96271  0.00436208
3.96306  0.00435272
3.9637  0.00437549
3.96373  0.00435189
3.96383  0.00432961
3.96383  0.00430639
3.96405  0.00428898
3.96436  0.00427746
3.96425  0.00425628
3.96384  0.00425382
3.96375  0.00423257
3.96373  0.00421064
3.9639   0.0041925
3.96375  0.00417389
3.96431  0.00419098
3.96415  0.00417289
3.96378  0.00416766
3.96354  0.00415359
3.96361  0.00413325
4.08507           0
3.99235   0.0927251
3.9835   0.0542611
4.00548   0.0442181
4.0032   0.0343266
3.98612   0.0328263
3.98773   0.0277902
3.98846   0.0240783
3.98727   0.0212685
3.98844   0.0190586
3.99541   0.0185951
3.9914   0.0174419
3.989   0.0162225
3.98475   0.0156087
3.9818   0.0148271
3.98305   0.0139254
3.98019   0.0133892
3.98316   0.0129687
3.98138   0.0123963
3.98    0.011841
3.98321   0.0117116
3.98608   0.0115301
3.98891   0.0113763
3.99143   0.0111788
3.98803    0.011247
3.98824   0.0108077
3.98723   0.0104481
3.98519   0.0102726
3.98398  0.00998619
3.98277  0.00972309
3.97977  0.00986961
3.97938   0.0095641
3.97707  0.00955505
3.97825  0.00934456
3.97729   0.0091239
3.97838  0.00893337
3.97458  0.00948353
3.97379  0.00926422
3.97049  0.00960708
3.97357  0.00985583
3.97549   0.0098034
3.97676  0.00965068
3.97726  0.00943667
3.97536  0.00941172
3.97525  0.00920088
3.9768  0.00913003
3.97654  0.00893719
3.97645  0.00874947
3.97787  0.00868437
3.97745  0.00851918
3.97639  0.00841711
3.97657  0.00825569
3.97623  0.00810572
3.97766  0.00808124
3.97576  0.00815649
3.97575  0.00800952
3.97465  0.00794399
3.97545  0.00784615
3.97567   0.0077154
3.97455  0.00766844
3.974  0.00756186
3.97276  0.00754152
3.97177  0.00748647
3.97213  0.00737718
3.97364  0.00741925
3.97363  0.00730598
3.97425  0.00722272
3.97306  0.00721424
3.97345  0.00711912
3.97376  0.00702357
3.97362  0.00692521
3.97237  0.00694251
3.97371  0.00697611
3.97356  0.00688279
3.97325   0.0067973
3.97306     0.00671
3.97337  0.00662959
3.97395  0.00656968
3.97316  0.00653362
3.97388  0.00649105
3.97514  0.00653274
3.97462  0.00647326
3.97405  0.00642038
3.97393  0.00634468
3.97286  0.00635912
3.97296  0.00628553
3.97378  0.00626651
3.97295  0.00625052
3.97268  0.00618581
3.97287  0.00611984
3.97176  0.00615323
3.97157  0.00608901
3.97117  0.00603644
3.9712  0.00597195
3.97147  0.00591503
3.97176  0.00586008
3.97161  0.00580118
3.97179  0.00574422
3.97144  0.00569664
3.97124  0.00564279
3.97066  0.00561699
3.97042  0.00556674
3.96931  0.00562365
3.96818   0.0056827
3.9682  0.00562838
3.96907  0.00564287
3.97003   0.0056704
3.96932  0.00566234
3.96955  0.00561508
3.96969  0.00556547
3.96991  0.00551973
3.96946  0.00548922
3.96914  0.00544972
3.96923  0.00540253
3.96905  0.00535845
3.96891  0.00531393
3.96901  0.00526924
3.96919  0.00522746
3.96871  0.00520541
3.96874  0.00516195
3.96917  0.00513672
3.96899  0.00509759
3.96922  0.00506113
3.96942   0.0050243
3.96913  0.00499266
3.96839  0.00500664
3.96837  0.00496711
3.96795    0.004946
3.9685  0.00493831
3.96806  0.00491972
3.96905   0.0049805
3.96823  0.00501044
3.96819   0.0049728
3.96843  0.00494135
3.96818  0.00491081
3.96811   0.0048751
3.96816  0.00483965
3.96786  0.00481387
3.96726  0.00481552
3.96773  0.00480401
3.96751  0.00477513
3.96778  0.00474932
3.96767  0.00471743
3.96775  0.00468532
3.96783  0.00465354
3.96797  0.00462379
3.96742   0.0046255
3.96744  0.00459421
3.96799  0.00459577
3.96755  0.00458564
3.96718  0.00457038
3.96658   0.0045793
3.966   0.0045863
3.9667  0.00460931
3.96659  0.00458076
3.96667  0.00455202
3.96609  0.00455976
3.96636  0.00453874
3.96598  0.00452615
3.96592  0.00449816
3.9654  0.00450005
3.96537  0.00447232
3.96484  0.00447587
3.96454  0.00445888
3.96352   0.0045475
3.96368  0.00452275
3.96316    0.004525
3.96262  0.00453061
3.96181  0.00457558
3.96168  0.00455058
3.9621   0.0045436
3.962  0.00451809
3.96154  0.00451589
3.96137  0.00449316
3.9613  0.00446786
3.9613   0.0044424
3.96145  0.00441962
3.96145  0.00439472
3.96155  0.00437119
3.9614   0.0043494
3.96187  0.00435053
3.96204  0.00432982
3.9624  0.00432116
3.96299  0.00433901
3.96301  0.00431553
3.96305  0.00429245
3.96311  0.00426974
3.96332  0.00425253
3.96363  0.00424118
3.96355  0.00421965
3.96315  0.00421596
3.96298  0.00419755
3.9629  0.00417647
3.96311  0.00416045
3.96301  0.00414031
3.96368  0.00417255
3.96357  0.00415264
3.96329  0.00414103
3.96315  0.00412275
3.96317  0.00410215
