1      4.0552    0.081104           0
2      4.7516    0.088068    0.006964
3     4.77776   0.0905637  0.00473228
4     4.38996   0.0898726  0.00341685
5     4.21212   0.0887466  0.00287626
6     5.30452   0.0916372  0.00372439
7     4.43708   0.0912235  0.00317475
8     4.43564   0.0909097  0.00276727
9     4.80412   0.0914844  0.00250726
10     4.75224   0.0918405  0.00227065
11     4.84844   0.0923067  0.00210613
12     4.15468   0.0915389  0.00207025
13     4.28664   0.0910923  0.00195603
14     4.48196   0.0909885   0.0018139
15      4.8762   0.0914242  0.00174395
16     4.61132   0.0914743  0.00163209
17     5.11208   0.0921077  0.00165876
18     4.45616   0.0919419  0.00157266
19     4.34148   0.0916728  0.00151173
20     4.66368   0.0917529  0.00143638
21      4.3304   0.0915079  0.00138806
22     4.70196   0.0916229  0.00132846
23     5.07292   0.0920506  0.00133948
24     5.27608   0.0926119  0.00139991
25     4.69868   0.0926663  0.00134385
26     4.92916   0.0928939  0.00131103
27     4.70988   0.0929422  0.00126246
28     4.78728   0.0930423  0.00122065
29     4.37976   0.0928545  0.00119269
30       4.767   0.0929373  0.00115522
31     4.80868   0.0930417   0.0011222
32     5.41096    0.093516  0.00118558
33     4.72308   0.0935447  0.00114944
34     4.63544   0.0935201   0.0011154
35     4.64048   0.0934998  0.00108325
36      5.3104   0.0938528  0.00111034
37      4.4868   0.0937415  0.00108563
38      4.4808    0.093633  0.00106224
39     4.66168   0.0936227  0.00103469
40      4.3616    0.093463  0.00102107
41     4.09136   0.0931792   0.0010355
42     4.15012   0.0929369  0.00103919
43     4.26448    0.092759   0.0010302
44      4.5822   0.0927337  0.00100684
45     4.20072   0.0925399   0.0010031
46     5.09768   0.0927446  0.00100217
47      4.7146   0.0927775 0.000981166
48     5.03752   0.0929436 0.000974764
49     4.64944   0.0929445 0.000954664
50     4.96272   0.0930707  0.00094385
51     4.96624   0.0931933  0.00093325
52     4.31412   0.0930604 0.000924727
53     4.68024   0.0930707  0.00090717
54     4.59092   0.0930475 0.000890514
55     4.63416   0.0930409 0.000874198
56     4.43108    0.092962 0.000862065
57     4.60208   0.0929458  0.00084696
58     4.75128   0.0929817 0.000833001
59     4.80328    0.093034 0.000820428
60     4.40972   0.0929533 0.000810661
61     5.06248   0.0930893 0.000808778
62     4.26424   0.0929634 0.000805522
63     4.50464   0.0929179 0.000793942
64     4.47356    0.092864 0.000783292
65      4.6926   0.0928792 0.000771297
66     5.10412   0.0930186 0.000772215
67       4.473   0.0929655 0.000762454
68     4.87996   0.0930337 0.000754242
69     4.75656   0.0930641 0.000743852
70      4.6142   0.0930529 0.000733233
71     4.85632   0.0931103 0.000725106
72      5.1784   0.0932555 0.000729568
73     4.94264   0.0933322 0.000723579
74       4.062   0.0931688 0.000732201
75     4.89668   0.0932323  0.00072516
76     4.73832   0.0932525  0.00071584
77     5.16508    0.093383 0.000718435
78     4.57056   0.0933578 0.000709615
79     4.83936   0.0934012 0.000701919
80     5.79912   0.0936834 0.000748362
81     4.85636   0.0937259 0.000740287
82     4.99336   0.0938008 0.000735029
83     4.32396   0.0937126 0.000731458
84     4.95456   0.0937767 0.000725529
85     4.92356   0.0938319 0.000719067
86     4.91288   0.0938833 0.000712517
87     4.02376   0.0937292 0.000720945
88     4.50468   0.0936879 0.000713902
89     4.77844   0.0937091 0.000706151
90      4.4212   0.0936503 0.000700726
91     4.62872   0.0936385 0.000693084
92     5.17292   0.0937452 0.000693769
93     4.84184   0.0937785 0.000687073
94     4.05484   0.0936436 0.000692984
95     4.58976   0.0936241 0.000685926
96     4.60336   0.0936079 0.000678937
97      4.0676   0.0934816 0.000683678
98     4.78712   0.0935046 0.000677059
99     4.62172   0.0934938 0.000670272
100     4.49156   0.0934572 0.000664546
101     4.71668   0.0934659 0.000657991
102     4.52944   0.0934377 0.000652118
103     4.50004   0.0934043 0.000646617
104     4.22068   0.0933178 0.000646179
105      4.9128   0.0933649 0.000641721
106     5.00364   0.0934282  0.00063878
107     4.62456   0.0934194 0.000632843
108     4.87176   0.0934566 0.000628057
109     4.44896   0.0934155 0.000623623
110     4.55788    0.093395 0.000618268
111     4.24568   0.0933186 0.000617419
112     5.13536   0.0934024 0.000617597
113     4.96872   0.0934552 0.000614385
114     4.88848   0.0934931 0.000610146
115     4.58864   0.0934781 0.000605002
116     4.45484   0.0934404 0.000600952
117     4.05768   0.0933353 0.000604978
118      4.5032   0.0933076  0.00060047
119     4.22572   0.0932337  0.00059997
120     5.03028   0.0932952 0.000598112
121     4.97548   0.0933465 0.000595368
122     4.89924   0.0933845 0.000591691
123     4.36596   0.0933352 0.000588928
124     4.98104   0.0933859 0.000586355
125     4.72464   0.0933948 0.000581713
126      5.0242    0.093451 0.000579814
127     4.60696   0.0934407 0.000575323
128     4.93472   0.0934817 0.000572284
129     4.64304   0.0934769 0.000567851
130     4.51148    0.093452 0.000564019
131     4.98172   0.0934992 0.000561683
132       4.978   0.0935451   0.0005593
133     4.85304   0.0935715 0.000555708
134     4.91696   0.0936071 0.000552692
135     4.69052   0.0936086 0.000548584
136     4.45492   0.0935754 0.000545545
137     4.81964    0.093596 0.000541938
138     4.91108   0.0936295  0.00053904
139      4.0608   0.0935402 0.000542548
140     4.40784   0.0935017  0.00054003
141     4.39288   0.0934617 0.000537678
142     4.28076   0.0934065  0.00053673
143     4.30624   0.0933555 0.000535391
144     4.31916   0.0933071  0.00053386
145     4.19964   0.0932429 0.000534043
146     4.72956   0.0932521 0.000530453
147     4.60276    0.093244 0.000526895
148     3.96528   0.0931498 0.000531729
149     4.60672    0.093143 0.000528193
150     5.28668   0.0932269 0.000531332
151      4.2696    0.093175 0.000530345
152      4.2884   0.0931263 0.000529094
153     5.22464   0.0932006 0.000530848
154      4.4696   0.0931759 0.000527969
155     5.29108   0.0932575 0.000530859
156     4.83956   0.0932801 0.000527931
157     4.29848   0.0932335  0.00052662
158     4.43764   0.0932052 0.000524045
159     4.54988   0.0931913 0.000520923
160      4.4606   0.0931664 0.000518254
161     4.56732   0.0931551 0.000515149
162      5.2494   0.0932282 0.000517144
163      4.5282   0.0932118 0.000514221
164     4.65652   0.0932113 0.000511076
165     4.31584   0.0931695 0.000509685
166     4.62948    0.093166 0.000506618
167     5.17176   0.0932275 0.000507315
168     4.52816   0.0932117 0.000504536
169     4.98804   0.0932504 0.000503036
170     4.07248    0.093181 0.000504864
171     5.00164   0.0932211 0.000503499
172     4.57424    0.093211 0.000500665
173     4.61768    0.093206 0.000497788
174     4.34732   0.0931701 0.000496224
175     4.84496   0.0931914  0.00049384
176     4.72688    0.093199 0.000491086
177     4.16396    0.093143 0.000491509
178      4.0456   0.0930743 0.000493547
179      4.9506   0.0931074 0.000491902
180     4.70472   0.0931129 0.000489192
181     4.80612   0.0931295 0.000486766
182     4.55504   0.0931184 0.000484212
183       5.099   0.0931668 0.000483988
184     4.67552   0.0931687 0.000481354
185      4.6664   0.0931695 0.000478745
186       4.604   0.0931637 0.000476201
187     4.34028   0.0931297 0.000474866
188     5.06656   0.0931733 0.000474344
189     5.08308   0.0932182  0.00047396
190     4.87036   0.0932403 0.000471974
191     4.94612     0.09327 0.000470438
192     4.51732   0.0932548 0.000468229
193     4.24608   0.0932116 0.000467794
194     4.53592   0.0931988 0.000465554
195     4.37056   0.0931691  0.00046411
196     4.13044   0.0931152 0.000464869
197     4.32912    0.093082  0.00046369
198      5.0858   0.0931256 0.000463399
199     4.86552   0.0931467 0.000461544
200     4.93644   0.0931746 0.000460077
1     4.01444   0.0802888           0
2     4.76648   0.0878092   0.0075204
3      4.7776   0.0903901  0.00505107
4     4.38404   0.0897128  0.00363531
5     4.20544    0.088592  0.00303075
6     5.32184   0.0915661  0.00386899
7     4.43084   0.0911448  0.00329693
8     4.43104   0.0908293   0.0028726
9     4.82116   0.0914508  0.00260853
10     4.76088   0.0918275  0.00236335
11     4.82988   0.0922612  0.00218127
12     4.16128   0.0915082  0.00212883
13     4.27356   0.0910438  0.00201255
14      4.4842   0.0909467  0.00186579
15     4.88264   0.0913938  0.00179357
16     4.61168   0.0914463  0.00167855
17     5.09152   0.0920571  0.00169091
18     4.45248     0.09189  0.00160293
19        4.33   0.0916116  0.00154157
20     4.65608   0.0916871  0.00146441
21     4.32104   0.0914363  0.00141533
22     4.73672   0.0915862  0.00135776
23      5.0506    0.091996  0.00136058
24     5.28532   0.0925673  0.00142241
25     4.70204   0.0926262   0.0013656
26     4.93016   0.0928561  0.00133201
27     4.69568   0.0928953  0.00128233
28     4.79044   0.0929993  0.00124006
29     4.39908   0.0928263  0.00120898
30     4.77748   0.0929171   0.0011715
31     4.83364   0.0930382  0.00113954
32     5.41076   0.0935125  0.00120097
33     4.73924   0.0935511  0.00116465
34     4.61504   0.0935143  0.00113048
35     4.63748   0.0934925  0.00109792
36      5.3058   0.0938431  0.00112313
37     4.47848   0.0937276  0.00109844
38     4.51692   0.0936384  0.00107286
39     4.61776   0.0936055   0.0010455
40     4.38392   0.0934573  0.00102975
41      4.0858    0.093171  0.00104435
42     4.14144   0.0929247  0.00104851
43     4.26592   0.0927478    0.001039
44      4.5828    0.092723  0.00101541
45     4.18504   0.0925225  0.00101264
46     5.10332     0.09273  0.00101188
47      4.6894   0.0927525 0.000990373
48     5.04852   0.0929237 0.000984521
49     4.64336   0.0929226  0.00096422
50     4.95336   0.0930455 0.000952698
51     4.97048   0.0931702 0.000942132
52     4.30932   0.0930359 0.000933548
53     4.70188   0.0930548 0.000915959
54     4.58964   0.0930315 0.000899141
55     4.60532   0.0930146 0.000882802
56      4.4772   0.0929527 0.000869106
57     4.60384   0.0929373 0.000853861
58     4.73056   0.0929662 0.000839506
59     4.79344   0.0930154  0.00082662
60     4.39144   0.0929289 0.000817311
61     5.07432   0.0930692 0.000815951
62     4.24884   0.0929387 0.000813225
63     4.49196   0.0928895 0.000801723
64     4.46948   0.0928348  0.00079099
65     4.69992   0.0928527 0.000778931
66     5.10016   0.0929913 0.000779468
67      4.4776     0.09294  0.00076946
68     4.89428   0.0930127 0.000761541
69       4.762    0.093045 0.000751117
70     4.60188   0.0930306 0.000740449
71     4.84936   0.0930864  0.00073207
72       5.158   0.0932263 0.000735265
73     4.92076   0.0932973 0.000728598
74     4.05256   0.0931319 0.000737492
75     4.87584   0.0931903 0.000729938
76     4.69176   0.0931988 0.000720319
77     5.13888   0.0933232 0.000721705
78     4.55388   0.0932944 0.000712974
79     4.85172   0.0933418 0.000705481
80     5.78004     0.09362 0.000750118
81     4.83236   0.0936574 0.000741742
82     5.01228   0.0937377 0.000737033
83      4.3196   0.0936492 0.000733458
84     4.96812   0.0937172 0.000727858
85     4.94492   0.0937782 0.000721822
86     4.90092   0.0938275 0.000715082
87      4.0226   0.0936737 0.000723342
88     4.48488   0.0936286 0.000716501
89     4.78616   0.0936521 0.000708795
90      4.4502   0.0936005 0.000702776
91     4.60792   0.0935846 0.000695191
92       5.174   0.0936922 0.000695954
93     4.83264    0.093724 0.000689166
94     4.05212   0.0935891 0.000695015
95      4.6048   0.0935734 0.000687839
96      4.6036   0.0935577 0.000680816
97     4.09932   0.0934384  0.00068424
98      4.7954   0.0934636 0.000677691
99      4.6314   0.0934552 0.000670864
100     4.52896   0.0934264 0.000664744
101     4.71924   0.0934359 0.000658197
102     4.54944   0.0934119 0.000652154
103       4.508   0.0933804 0.000646563
104     4.23804   0.0932975 0.000645657
105     4.92468    0.093347  0.00064139
106     4.99676   0.0934091 0.000638344
107     4.65064   0.0934054 0.000632361
108     4.86284   0.0934411 0.000627492
109     4.43588   0.0933977 0.000623217
110     4.56304   0.0933783 0.000617831
111     4.21556   0.0932966 0.000617665
112     5.15536   0.0933842 0.000618361
113     4.97208   0.0934378 0.000615204
114     4.86988   0.0934726 0.000610772
115      4.5998   0.0934597 0.000605574
116     4.45668   0.0934224 0.000601488
117     4.04008   0.0933146 0.000606003
118     4.49672   0.0932859 0.000601528
119     4.21244     0.09321 0.000601267
120     5.03504   0.0932724 0.000599494
121     4.99216   0.0933267 0.000596994
122     4.86636   0.0933595 0.000592987
123      4.3638     0.09331 0.000590223
124      4.9698   0.0933591 0.000587497
125     4.70332   0.0933648 0.000582806
126     5.05904   0.0934268  0.00058148
127     4.60248    0.093416 0.000576985
128     4.91596   0.0934543  0.00057374
129     4.64328   0.0934497 0.000569293
130     4.52232   0.0934266 0.000565369
131     5.00096   0.0934769 0.000563289
132     4.97124    0.093522 0.000560819
133     4.86028   0.0935497 0.000557275
134      4.8868   0.0935809 0.000553982
135     4.69888   0.0935839 0.000549871
136      4.4468   0.0935497 0.000546882
137     4.82712   0.0935715 0.000543315
138     4.93224   0.0936083 0.000540615
139     4.09708   0.0935244 0.000543234
140     4.39972   0.0934849 0.000540785
141     4.36952   0.0934416 0.000538673
142     4.26184   0.0933839 0.000537978
143     4.30632   0.0933331 0.000536608
144     4.30392   0.0932827 0.000535244
145     4.19988   0.0932187 0.000535384
146     4.72392   0.0932273 0.000531774
147     4.61332   0.0932208 0.000528185
148     3.98248   0.0931291 0.000532557
149      4.5856   0.0931196 0.000529056
150     5.30644   0.0932063 0.000532626
151      4.2868   0.0931568 0.000531395
152      4.2798   0.0931071 0.000530226
153      5.2206    0.093181 0.000531906
154      4.4568   0.0931547 0.000529093
155     5.29868   0.0932374 0.000532134
156     4.86664   0.0932637 0.000529364
157     4.28656   0.0932157 0.000528165
158     4.47884   0.0931927 0.000525316
159     4.54408   0.0931781 0.000522204
160     4.45468   0.0931526 0.000519558
161     4.56856   0.0931415 0.000516439
162     5.23104   0.0932124  0.00051811
163     4.52484   0.0931957 0.000515191
164     4.62388   0.0931914 0.000512059
165     4.32336   0.0931506 0.000510575
166      4.6266   0.0931469 0.000507503
167      5.1714   0.0932084 0.000508198
168      4.5378   0.0931938 0.000505375
169     4.98048   0.0932318 0.000503808
170     4.07512   0.0931628 0.000505566
171     5.03276   0.0932066 0.000504507
172      4.5774    0.093197 0.000501658
173     4.62096   0.0931925  0.00049877
174     4.36696   0.0931588 0.000497035
175     4.84476   0.0931802 0.000494647
176     4.74916   0.0931904 0.000491935
177     4.17592   0.0931358 0.000492191
178       4.032   0.0930656 0.000494427
179      4.9418   0.0930978 0.000492713
180      4.6982   0.0931026 0.000489992
181     4.78408   0.0931169 0.000487485
182     4.57432   0.0931079 0.000484882
183     5.11172   0.0931578 0.000484797
184     4.68544   0.0931608 0.000482165
185     4.63036   0.0931578  0.00047956
186     4.56016   0.0931473 0.000477091
187     4.33776   0.0931131 0.000475762
188     5.08052   0.0931583 0.000475379
189       5.085   0.0932035 0.000475011
190     4.87188   0.0932258  0.00047303
191     4.93964   0.0932549 0.000471449
192     4.50288   0.0932383 0.000469282
193     4.23272   0.0931938 0.000468958
194      4.5612   0.0931837 0.000466645
195     4.37048    0.093154 0.000465189
196      4.1388   0.0931011 0.000465829
197     4.33708   0.0930688 0.000464581
198     5.10036    0.093114 0.000464428
199      4.8546   0.0931339 0.000462521
200     4.92192   0.0931605 0.000460966
