1     0.38246     0.38246           0
2    0.371908    0.377184  0.00527621
3    0.377768    0.377379  0.00305244
4    0.377248    0.377346  0.00215865
5    0.381822    0.378241  0.00189661
6    0.375206    0.377735   0.0016291
7    0.374071    0.377212  0.00147297
8    0.376642    0.377141  0.00127762
9    0.379869    0.377444  0.00116683
10    0.379282    0.377628  0.00105971
11    0.372201    0.377134  0.00107804
12    0.381558    0.377503  0.00105088
13    0.377686    0.377517 0.000966773
14     0.37452    0.377303 0.000920293
15    0.381383    0.377575 0.000898882
16    0.378805    0.377652 0.000844333
17    0.369317    0.377161 0.000932411
18    0.380094    0.377324 0.000894059
19    0.374591     0.37718 0.000857848
20    0.376286    0.377136 0.000815053
21    0.379408    0.377244 0.000782786
22     0.37973    0.377357 0.000754861
23    0.377242    0.377352 0.000721312
24    0.377898    0.377375 0.000690979
25    0.387699    0.377788 0.000780907
26    0.379999    0.377873 0.000755077
27    0.378632    0.377901 0.000727117
28    0.376551    0.377853 0.000702323
29    0.376406    0.377803 0.000679507
30     0.38101     0.37791 0.000665114
31    0.372529    0.377736 0.000666302
32    0.374635    0.377639 0.000652383
33    0.374207    0.377535 0.000640799
34    0.378231    0.377556 0.000622003
35    0.372757    0.377419 0.000619334
36    0.379344    0.377472 0.000604255
37    0.382988    0.377621 0.000606311
38    0.385569     0.37783 0.000626112
39    0.381853    0.377933 0.000618506
40    0.380651    0.378001 0.000606661
41    0.376768    0.377971 0.000592443
42     0.37919       0.378 0.000578893
43    0.379304    0.378031 0.000566083
44    0.372834    0.377913 0.000565536
45    0.380544    0.377971  0.00055591
46     0.38291    0.378078  0.00055419
47     0.37418    0.377995 0.000548578
48     0.37452    0.377923 0.000541888
49      0.3791    0.377947 0.000531257
50    0.383978    0.378068 0.000534317
51    0.376366    0.378034 0.000524797
52    0.377791     0.37803 0.000514627
53    0.379155    0.378051  0.00050527
54    0.378809    0.378065 0.000496024
55    0.376592    0.378038 0.000487658
56    0.378538    0.378047 0.000478954
57    0.378901    0.378062 0.000470714
58    0.382632    0.378141  0.00046919
59    0.383294    0.378228 0.000469367
60    0.380111    0.378259 0.000462544
61    0.378802    0.378268 0.000454985
62    0.381254    0.378317  0.00045017
63    0.381488    0.378367 0.000445817
64    0.372186     0.37827   0.0004493
65     0.37805    0.378267 0.000442347
66    0.376205    0.378236 0.000436712
67    0.382068    0.378293 0.000433932
68    0.377654    0.378283 0.000427606
69    0.379207    0.378297 0.000421576
70    0.383002    0.378364 0.000420912
71    0.377776    0.378356 0.000415024
72    0.381378    0.378398 0.000411367
73     0.37248    0.378317 0.000413713
74    0.377334    0.378303   0.0004083
75     0.37771    0.378296 0.000402897
76    0.380345    0.378322 0.000398474
77    0.380482    0.378351 0.000394263
78    0.380887    0.378383 0.000390532
79    0.379811    0.378401 0.000385981
80    0.375495    0.378365 0.000382853
81    0.377295    0.378352 0.000378328
82    0.375815    0.378321 0.000374964
83    0.384866      0.3784 0.000378719
84    0.382339    0.378446 0.000377111
85     0.37567    0.378414 0.000374076
86    0.375386    0.378379 0.000371374
87    0.375305    0.378343 0.000368776
88    0.379062    0.378351 0.000364653
89     0.37461    0.378309 0.000362975
90    0.380551    0.378334 0.000359783
91    0.376192    0.378311 0.000356585
92    0.380517    0.378335 0.000353502
93    0.381191    0.378365 0.000351027
94     0.37953    0.378378 0.000347493
95    0.381245    0.378408 0.000345138
96    0.381254    0.378438 0.000342808
97    0.380345    0.378457 0.000339826
98    0.381856    0.378492 0.000338123
99    0.376637    0.378473 0.000335215
100    0.376181     0.37845 0.000332636
101    0.380716    0.378473 0.000330089
102    0.378809    0.378476 0.000326854
103    0.377441    0.378466 0.000323821
104    0.376785     0.37845 0.000321099
105     0.37797    0.378445 0.000318059
106    0.381629    0.378475 0.000316473
107    0.383352    0.378521 0.000316796
108    0.375941    0.378497 0.000314757
109    0.374512     0.37846 0.000313992
110    0.377518    0.378452 0.000311242
111    0.372054    0.378394 0.000313766
112    0.375815    0.378371 0.000311803
113    0.377273    0.378361 0.000309184
114    0.373408    0.378318 0.000309524
115    0.373029    0.378272 0.000310248
116    0.372838    0.378225  0.00031111
117     0.37449    0.378193 0.000310087
118    0.384621    0.378248 0.000312235
119    0.370722    0.378184 0.000315994
120    0.377351    0.378178 0.000313426
121    0.387467    0.378254 0.000320166
122    0.384029    0.378302  0.00032104
123    0.379411    0.378311 0.000318547
124    0.383597    0.378353 0.000318831
125    0.381946    0.378382 0.000317573
126    0.375599     0.37836 0.000315816
127    0.375472    0.378337 0.000314144
128    0.377358     0.37833 0.000311774
129    0.377017    0.378319 0.000309515
130    0.385541    0.378375 0.000312108
131    0.382742    0.378408 0.000311506
132    0.379587    0.378417 0.000309266
133    0.375039    0.378392 0.000307981
134    0.376941    0.378381 0.000305865
135    0.377547    0.378375 0.000303654
136    0.371381    0.378323 0.000305769
137    0.371814    0.378276 0.000307225
138     0.38947    0.378357 0.000315595
139    0.374708    0.378331 0.000314414
140    0.379655     0.37834 0.000312303
141    0.373554    0.378306 0.000311933
142    0.379431    0.378314  0.00030983
143    0.378222    0.378314 0.000307656
144    0.387673    0.378379  0.00031235
145    0.381291    0.378399 0.000310838
146    0.386001    0.378451 0.000313062
147    0.377749    0.378446 0.000310962
148    0.379095     0.37845 0.000308885
149    0.378653    0.378452 0.000306808
150    0.375405    0.378431 0.000305431
151    0.378808    0.378434 0.000303412
152     0.37591    0.378417 0.000301866
153    0.380781    0.378433 0.000300285
154    0.372853    0.378396  0.00030052
155    0.373063    0.378362 0.000300551
156    0.379615     0.37837 0.000298727
157    0.378107    0.378368 0.000296822
158    0.377202    0.378361  0.00029503
159    0.379166    0.378366 0.000293213
160    0.376736    0.378356 0.000291552
161    0.378499    0.378357 0.000289737
162    0.376983    0.378348 0.000288068
163    0.378368    0.378348 0.000286295
164    0.377582    0.378344 0.000284582
165     0.37418    0.378319 0.000283976
166    0.377822    0.378316 0.000282276
167    0.377039    0.378308 0.000280684
168    0.373111    0.378277 0.000280718
169    0.373697     0.37825 0.000280365
170    0.372671    0.378217 0.000280636
171    0.378345    0.378218 0.000278991
172    0.377716    0.378215  0.00027738
173    0.375393    0.378199 0.000276253
174    0.385069    0.378238 0.000277485
175    0.383847     0.37827  0.00027775
176    0.378525    0.378272 0.000276172
177    0.380711    0.378285 0.000274953
178    0.374959    0.378267 0.000274041
179    0.382542    0.378291 0.000273551
180    0.379023    0.378295 0.000272057
181    0.379058    0.378299 0.000270583
182    0.376347    0.378288 0.000269306
183    0.376762     0.37828  0.00026796
184    0.377966    0.378278 0.000266505
185    0.373255    0.378251 0.000266447
186    0.377254    0.378246 0.000265065
187    0.376479    0.378236 0.000263813
188    0.375183     0.37822 0.000262908
189    0.372807    0.378191 0.000263077
190    0.373895    0.378169 0.000262663
191    0.375199    0.378153 0.000261747
192    0.376428    0.378144 0.000260535
193    0.378649    0.378147 0.000259195
194    0.377754    0.378145 0.000257863
195    0.382562    0.378167 0.000257536
196    0.380049    0.378177 0.000256398
197    0.377515    0.378174 0.000255115
198    0.374379    0.378154 0.000254546
199    0.375667    0.378142 0.000253572
200    0.380165    0.378152 0.000252504
1     0.38455     0.38455           0
2    0.371117    0.377834  0.00671652
3    0.375103    0.376923  0.00398322
4    0.379102    0.377468  0.00286875
5      0.3815    0.378275  0.00236391
6    0.379395    0.378461  0.00193913
7    0.377632    0.378343  0.00164314
8    0.378645    0.378381   0.0014235
9    0.381112    0.378684  0.00129158
10    0.382253    0.379041   0.0012091
11    0.372738    0.378468  0.00123468
12    0.381527    0.378723  0.00115557
13    0.377489    0.378628   0.0010672
14    0.375231    0.378385  0.00101739
15    0.377598    0.378333 0.000948596
16    0.379534    0.378408 0.000890503
17    0.375101    0.378213 0.000858799
18    0.383027    0.378481 0.000852694
19    0.377433    0.378426 0.000808453
20    0.376477    0.378328 0.000773127
21    0.378961    0.378358 0.000736007
22    0.379524    0.378411 0.000703753
23    0.377972    0.378392  0.00067273
24    0.377698    0.378363 0.000644739
25    0.383704    0.378577 0.000654272
26    0.375868    0.378473 0.000637179
27    0.379487     0.37851 0.000614276
28    0.377598    0.378478 0.000592826
29     0.37895    0.378494 0.000572251
30    0.381663      0.3786 0.000562848
31    0.370935    0.378352  0.00059791
32    0.376105    0.378282 0.000583168
33    0.377177    0.378249 0.000566213
34    0.379304     0.37828 0.000550182
35    0.372946    0.378127 0.000555539
36    0.375758    0.378062 0.000543883
37    0.381775    0.378162 0.000538417
38    0.384711    0.378334 0.000551673
39    0.377794     0.37832  0.00053752
40    0.381461    0.378399 0.000529759
41    0.375652    0.378332 0.000521001
42    0.376138     0.37828 0.000511122
43    0.378982    0.378296 0.000499361
44    0.371689    0.378146 0.000510464
45    0.379984    0.378187  0.00050066
46    0.382421    0.378279 0.000498234
47    0.372104    0.378147 0.000504911
48    0.380229    0.378191 0.000496179
49    0.378069    0.378188 0.000485953
50    0.380443    0.378233 0.000478266
51    0.379945    0.378267 0.000469994
52    0.375042    0.378205 0.000465021
53    0.381661     0.37827 0.000460801
54    0.378935    0.378282 0.000452355
55    0.376516     0.37825 0.000445215
56    0.380818    0.378296 0.000439589
57    0.375494    0.378247 0.000434598
58    0.382313    0.378317 0.000432755
59    0.384658    0.378425 0.000438723
60    0.381897    0.378482 0.000435213
61    0.379729    0.378503 0.000428507
62    0.380014    0.378527 0.000422243
63     0.38258    0.378592 0.000420436
64    0.372473    0.378496 0.000424713
65    0.379573    0.378513 0.000418456
66    0.376595    0.378484 0.000413091
67     0.37879    0.378488 0.000406904
68    0.377971     0.37848 0.000400948
69    0.376736    0.378455 0.000395902
70    0.383262    0.378524 0.000396201
71    0.381339    0.378563 0.000392588
72    0.382413    0.378617 0.000390772
73    0.373375    0.378545 0.000392014
74    0.376502    0.378518 0.000387665
75    0.376936    0.378496 0.000383042
76    0.379335    0.378507 0.000378129
77    0.381069    0.378541 0.000374665
78    0.379649    0.378555 0.000370104
79    0.378659    0.378556 0.000365391
80    0.376505    0.378531 0.000361705
81    0.375765    0.378496 0.000358839
82    0.375933    0.378465 0.000355812
83    0.383143    0.378522 0.000355989
84    0.383098    0.378576 0.000355919
85    0.377733    0.378566 0.000351847
86     0.37216    0.378492 0.000355621
87    0.376356    0.378467 0.000352365
88    0.377107    0.378452 0.000348681
89    0.373306    0.378394 0.000349555
90    0.379436    0.378405 0.000345843
91    0.381101    0.378435 0.000343302
92    0.377446    0.378424  0.00033972
93     0.38052    0.378447 0.000336802
94    0.379345    0.378456 0.000333336
95    0.382774    0.378502 0.000332926
96     0.37947    0.378512 0.000329594
97    0.377633    0.378503 0.000326304
98    0.379095    0.378509 0.000323014
99    0.371586    0.378439 0.000327291
100    0.374557      0.3784 0.000326319
101    0.382062    0.378436   0.0003251
102    0.380353    0.378455 0.000322445
103    0.372761      0.3784 0.000324051
104    0.378029    0.378396  0.00032094
105    0.378344    0.378396 0.000317869
106    0.381734    0.378427 0.000316427
107    0.385948    0.378498 0.000321239
108     0.37998    0.378511 0.000318546
109    0.373985     0.37847 0.000318331
110    0.379334    0.378478 0.000315521
111    0.371458    0.378414 0.000318997
112    0.374829    0.378382 0.000317753
113    0.374746     0.37835 0.000316568
114    0.372935    0.378303 0.000317354
115    0.372063    0.378248 0.000319227
116    0.370411    0.378181 0.000323595
117     0.37695     0.37817 0.000320989
118    0.382487    0.378207 0.000320352
119    0.374333    0.378174 0.000319313
120    0.377522    0.378169 0.000316687
121     0.38811    0.378251 0.000324628
122     0.38441    0.378302  0.00032589
123    0.377229    0.378293 0.000323347
124     0.38389    0.378338  0.00032389
125    0.379901    0.378351 0.000321532
126     0.37452     0.37832 0.000320415
127    0.378507    0.378322 0.000317886
128    0.377772    0.378317 0.000315422
129    0.378608     0.37832 0.000312975
130    0.382525    0.378352 0.000312239
131    0.382918    0.378387   0.0003118
132    0.379941    0.378399 0.000309653
133    0.374003    0.378366 0.000309088
134    0.377885    0.378362 0.000306794
135    0.377269    0.378354  0.00030462
136    0.374404    0.378325 0.000303763
137    0.374198    0.378295 0.000303039
138    0.391287    0.378389 0.000315223
139    0.378022    0.378386 0.000312958
140    0.379379    0.378393 0.000310795
141    0.374859    0.378368 0.000309599
142    0.378954    0.378372 0.000307439
143    0.376722    0.378361   0.0003055
144    0.386385    0.378416 0.000308446
145    0.381939    0.378441 0.000307273
146    0.385041    0.378486 0.000308492
147    0.380076    0.378497 0.000306577
148    0.374985    0.378473 0.000305422
149    0.378049     0.37847 0.000303378
150    0.376918     0.37846 0.000301527
151    0.381112    0.378477 0.000300038
152    0.376702    0.378466 0.000298286
153    0.381392    0.378485 0.000296947
154    0.372558    0.378446 0.000297512
155    0.371546    0.378402 0.000298921
156    0.379772    0.378411 0.000297128
157    0.377703    0.378406 0.000295264
158    0.377215    0.378399 0.000293486
159    0.377781    0.378395  0.00029166
160     0.37491    0.378373 0.000290649
161    0.379769    0.378382 0.000288968
162    0.378265    0.378381 0.000287179
163    0.378972    0.378385 0.000285435
164    0.374779    0.378363  0.00028454
165    0.376068    0.378349 0.000283152
166    0.377433    0.378343 0.000281495
167    0.377905    0.378341 0.000279817
168    0.370878    0.378296 0.000281671
169    0.375319    0.378278 0.000280553
170     0.37684     0.37827 0.000279026
171    0.381223    0.378287 0.000277927
172     0.37773    0.378284 0.000276325
173    0.378316    0.378284 0.000274723
174    0.381501    0.378303 0.000273765
175    0.386165    0.378348 0.000275879
176    0.377899    0.378345 0.000274318
177    0.378213    0.378344 0.000272765
178    0.376574    0.378334 0.000271411
179    0.385397    0.378374  0.00027276
180    0.380022    0.378383 0.000271394
181    0.379511    0.378389 0.000269963
182    0.379097    0.378393 0.000268504
183    0.379836    0.378401 0.000267149
184    0.380909    0.378415 0.000266042
185    0.374417    0.378393 0.000265481
186    0.379384    0.378398 0.000264104
187     0.37821    0.378397  0.00026269
188    0.375897    0.378384 0.000261627
189    0.378121    0.378383 0.000260243
190    0.372528    0.378352 0.000260697
191    0.374498    0.378332 0.000260112
192    0.378398    0.378332 0.000258754
193    0.382037    0.378351 0.000258125
194    0.378236    0.378351 0.000256792
195    0.379495    0.378356 0.000255539
196     0.37953    0.378362 0.000254302
197    0.374234    0.378342 0.000253874
198    0.373322    0.378316 0.000253858
199     0.37477    0.378298 0.000253207
200     0.38004    0.378307 0.000252088
