1   -0.589307   -0.589307           0
2   -0.591518   -0.590413   0.0011056
3   -0.590349   -0.590391 0.000638675
4    -0.58884   -0.590004 0.000595309
5   -0.590702   -0.590143 0.000481839
6   -0.588942   -0.589943 0.000441411
7   -0.590285   -0.589992 0.000376238
8   -0.590202   -0.590018 0.000326884
9   -0.590856   -0.590111 0.000302941
10   -0.590957   -0.590196 0.000283844
11   -0.589834   -0.590163  0.00025885
12   -0.589858   -0.590137 0.000237662
13    -0.59105   -0.590208 0.000229601
14   -0.589661   -0.590169 0.000216128
15   -0.590672   -0.590202 0.000203984
16   -0.591462   -0.590281 0.000206428
17   -0.589578    -0.59024  0.00019827
18   -0.591296   -0.590298 0.000195928
19   -0.589728   -0.590268 0.000187744
20   -0.590706    -0.59029 0.000179447
21   -0.591944   -0.590369 0.000187982
22   -0.589931   -0.590349 0.000180334
23   -0.589858   -0.590328 0.000173635
24   -0.588658   -0.590258 0.000180217
25   -0.588826   -0.590201 0.000182107
26   -0.589616   -0.590178 0.000176402
27   -0.591602   -0.590231 0.000177741
28   -0.591488   -0.590276 0.000177062
29   -0.590038   -0.590268 0.000171043
30    -0.58999   -0.590258 0.000165502
31   -0.590056   -0.590252 0.000160207
32   -0.589336   -0.590223 0.000157738
33   -0.590754   -0.590239 0.000153726
34   -0.590442   -0.590245 0.000149254
35   -0.591214   -0.590273 0.000147549
36   -0.590883    -0.59029  0.00014439
37   -0.590176   -0.590287 0.000140467
38   -0.589726   -0.590272 0.000137514
39   -0.590184    -0.59027  0.00013396
40   -0.589528   -0.590251 0.000131879
41   -0.589352   -0.590229 0.000130479
42    -0.58929   -0.590207 0.000129285
43   -0.589368   -0.590187 0.000127742
44   -0.591072   -0.590208 0.000126413
45   -0.589955   -0.590202   0.0001237
46   -0.589805   -0.590193 0.000121288
47   -0.590422   -0.590198  0.00011878
48   -0.591822   -0.590232 0.000121102
49   -0.589285   -0.590213  0.00012017
50   -0.590925   -0.590227   0.0001186
51   -0.591458   -0.590251  0.00011873
52   -0.590398   -0.590254 0.000116458
53   -0.588898   -0.590228 0.000117071
54   -0.591461   -0.590251 0.000117128
55   -0.590214    -0.59025 0.000114981
56   -0.588021   -0.590211 0.000119723
57   -0.589986   -0.590207  0.00011767
58   -0.590792   -0.590217 0.000116063
59   -0.591413   -0.590237 0.000115866
60   -0.590342   -0.590239 0.000113932
61   -0.590437   -0.590242 0.000112096
62   -0.590411   -0.590245 0.000110307
63   -0.589942    -0.59024 0.000108648
64   -0.590938   -0.590251 0.000107491
65   -0.589123   -0.590234 0.000107237
66   -0.590235   -0.590234   0.0001056
67   -0.590339   -0.590235 0.000104023
68   -0.590158   -0.590234 0.000102489
69   -0.591122   -0.590247 0.000101808
70   -0.589245   -0.590233 0.000101359
71   -0.591466    -0.59025 0.000101419
72   -0.589834   -0.590244 0.000100168
73   -0.588621   -0.590222 0.000101258
74   -0.590355   -0.590224 9.98968e-05
75   -0.589685   -0.590217 9.88174e-05
76   -0.589987   -0.590214 9.75552e-05
77   -0.590302   -0.590215 9.62869e-05
78   -0.589584   -0.590207 9.53877e-05
79   -0.590406   -0.590209 9.42065e-05
80   -0.590573   -0.590214 9.31325e-05
81   -0.589378   -0.590203 9.25528e-05
82   -0.589678   -0.590197 9.16411e-05
83   -0.590483     -0.5902 9.05959e-05
84   -0.590661   -0.590206 8.96785e-05
85   -0.590232   -0.590206 8.86177e-05
86   -0.590154   -0.590206 8.75834e-05
87   -0.590339   -0.590207 8.65844e-05
88    -0.59027   -0.590208 8.55979e-05
89   -0.590451   -0.590211 8.46748e-05
90   -0.588886   -0.590196 8.50115e-05
91   -0.589914   -0.590193 8.41294e-05
92   -0.589061    -0.59018 8.41146e-05
93   -0.588798   -0.590166 8.45219e-05
94    -0.58952   -0.590159 8.38994e-05
95    -0.58969   -0.590154 8.31583e-05
96   -0.589744    -0.59015 8.23982e-05
97   -0.589402   -0.590142  8.1908e-05
98   -0.590373   -0.590144 8.11021e-05
99   -0.591394   -0.590157 8.12647e-05
100   -0.591798   -0.590173 8.21059e-05
101   -0.590904    -0.59018 8.16103e-05
102   -0.590656   -0.590185 8.09406e-05
103   -0.590582   -0.590189 8.02437e-05
104   -0.590814   -0.590195 7.96956e-05
105   -0.591064   -0.590203 7.93657e-05
106   -0.589691   -0.590198 7.87617e-05
107   -0.589675   -0.590194 7.81752e-05
108   -0.590888     -0.5902 7.77145e-05
109   -0.592699   -0.590223 8.03397e-05
110    -0.59079   -0.590228  7.9773e-05
111    -0.59077   -0.590233 7.92014e-05
112   -0.590104   -0.590232 7.84995e-05
113   -0.589416   -0.590225  7.8136e-05
114   -0.588422   -0.590209 7.90444e-05
115   -0.591075   -0.590216 7.87155e-05
116   -0.588736   -0.590204 7.90705e-05
117   -0.590218   -0.590204 7.83918e-05
118   -0.590501   -0.590206 7.77654e-05
119   -0.590141   -0.590206 7.71111e-05
120    -0.59083   -0.590211 7.66429e-05
121   -0.590122    -0.59021 7.60104e-05
122   -0.589795   -0.590207 7.54615e-05
123   -0.590934   -0.590213 7.50789e-05
124   -0.591445   -0.590223 7.51311e-05
125   -0.589718   -0.590218 7.46367e-05
126   -0.589307   -0.590211 7.43943e-05
127   -0.590242   -0.590211 7.38066e-05
128   -0.590333   -0.590212 7.32338e-05
129   -0.589352   -0.590206 7.29694e-05
130   -0.590118   -0.590205 7.24091e-05
131   -0.590856    -0.59021 7.20258e-05
132   -0.589398   -0.590204  7.1742e-05
133   -0.588806   -0.590193 7.19718e-05
134   -0.589323   -0.590187 7.17272e-05
135   -0.588584   -0.590175 7.21772e-05
136   -0.590408   -0.590177  7.1665e-05
137   -0.590411   -0.590178 7.11606e-05
138   -0.589882   -0.590176 7.06758e-05
139   -0.590654    -0.59018 7.02497e-05
140   -0.590595   -0.590183 6.98093e-05
141   -0.590304   -0.590184 6.93177e-05
142   -0.590336   -0.590185 6.88362e-05
143    -0.59067   -0.590188 6.84375e-05
144   -0.590266   -0.590189 6.79627e-05
145   -0.589976   -0.590187 6.75083e-05
146   -0.590418   -0.590189 6.70629e-05
147   -0.590235   -0.590189 6.66059e-05
148   -0.590208   -0.590189 6.61544e-05
149   -0.591496   -0.590198 6.62917e-05
150   -0.589819   -0.590195 6.58967e-05
151    -0.58972   -0.590192 6.55345e-05
152   -0.590352   -0.590193 6.51104e-05
153   -0.589725    -0.59019 6.47559e-05
154   -0.591813   -0.590201 6.51911e-05
155   -0.589134   -0.590194 6.51335e-05
156   -0.589283   -0.590188 6.49774e-05
157   -0.588528   -0.590177 6.54223e-05
158   -0.590299   -0.590178 6.50115e-05
159   -0.589878   -0.590176 6.46288e-05
160   -0.589235    -0.59017 6.44924e-05
161   -0.589822   -0.590168 6.41271e-05
162   -0.591565   -0.590177 6.43103e-05
163   -0.590054   -0.590176  6.3919e-05
164   -0.590942   -0.590181 6.36996e-05
165   -0.590374   -0.590182 6.33233e-05
166   -0.589469   -0.590178 6.30871e-05
167   -0.590923   -0.590182 6.28669e-05
168   -0.591325   -0.590189 6.28606e-05
169   -0.590421    -0.59019 6.25026e-05
170   -0.589048   -0.590184 6.24961e-05
171   -0.591246    -0.59019 6.24396e-05
172   -0.589965   -0.590189 6.20894e-05
173   -0.590635   -0.590191 6.17834e-05
174   -0.589322   -0.590186 6.16302e-05
175   -0.588325   -0.590176 6.21933e-05
176   -0.589994   -0.590174 6.18475e-05
177   -0.590725   -0.590178 6.15757e-05
178   -0.588643   -0.590169 6.18326e-05
179   -0.589578   -0.590166 6.15749e-05
180   -0.589974   -0.590165  6.1241e-05
181   -0.589533   -0.590161 6.10017e-05
182   -0.589901    -0.59016 6.06825e-05
183    -0.58927   -0.590155 6.05453e-05
184   -0.590307   -0.590156  6.0221e-05
185   -0.591035    -0.59016  6.0083e-05
186    -0.59005    -0.59016 5.97621e-05
187   -0.591506   -0.590167 5.98757e-05
188   -0.590789    -0.59017 5.96482e-05
189   -0.589314   -0.590166 5.95046e-05
190   -0.591288   -0.590172 5.94846e-05
191   -0.589662   -0.590169 5.92324e-05
192   -0.590062   -0.590168 5.89257e-05
193   -0.588859   -0.590162 5.90108e-05
194   -0.590118   -0.590161 5.87062e-05
195     -0.5896   -0.590159 5.84753e-05
196   -0.590381    -0.59016 5.81873e-05
197   -0.589413   -0.590156 5.80152e-05
198   -0.590218   -0.590156 5.77223e-05
199   -0.590808    -0.59016 5.75248e-05
200    -0.58963   -0.590157 5.72975e-05
1   -0.589406   -0.589406           0
2   -0.591062   -0.590234    0.000828
3   -0.590509   -0.590326 0.000486718
4   -0.589454   -0.590108 0.000407324
5   -0.590654   -0.590217 0.000333901
6   -0.589102   -0.590031 0.000329929
7   -0.590442    -0.59009  0.00028493
8   -0.590235   -0.590108 0.000247423
9   -0.591146   -0.590223  0.00024678
10   -0.591067   -0.590308 0.000236303
11   -0.589306   -0.590217 0.000232353
12   -0.590099   -0.590207 0.000212335
13   -0.590781   -0.590251 0.000200246
14   -0.589837   -0.590221 0.000187738
15   -0.590557   -0.590244 0.000176199
16   -0.591246   -0.590306 0.000176328
17   -0.589437   -0.590255 0.000173352
18   -0.591501   -0.590325 0.000177481
19   -0.589957   -0.590305 0.000168992
20   -0.590571   -0.590318 0.000160871
21   -0.591752   -0.590387 0.000167555
22   -0.589672   -0.590354 0.000163027
23   -0.589923   -0.590336 0.000156901
24   -0.588894   -0.590275 0.000161778
25    -0.58905   -0.590226 0.000162735
26   -0.589922   -0.590215  0.00015679
27   -0.591755   -0.590272 0.000161299
28   -0.591867   -0.590329 0.000165546
29   -0.589434   -0.590298 0.000162691
30   -0.589926   -0.590285 0.000157661
31   -0.590288   -0.590286 0.000152491
32    -0.58972   -0.590268 0.000148703
33   -0.590139   -0.590264 0.000144179
34   -0.590382   -0.590267 0.000139917
35   -0.591752    -0.59031 0.000142328
36   -0.590706   -0.590321 0.000138754
37   -0.590152   -0.590316 0.000135029
38    -0.58987   -0.590305  0.00013195
39   -0.589834   -0.590293 0.000129089
40    -0.58993   -0.590283 0.000126147
41   -0.588901    -0.59025 0.000127569
42   -0.589507   -0.590232 0.000125744
43   -0.589398   -0.590213 0.000124306
44   -0.590714   -0.590224 0.000121981
45   -0.590178   -0.590223 0.000119244
46    -0.59011   -0.590221 0.000116648
47   -0.590778   -0.590232 0.000114753
48   -0.591885   -0.590267 0.000117493
49   -0.589104   -0.590243 0.000117492
50   -0.591006   -0.590258 0.000116126
51   -0.591592   -0.590285 0.000116791
52   -0.590421   -0.590287 0.000114553
53   -0.589571   -0.590274  0.00011318
54   -0.591178    -0.59029 0.000112319
55   -0.590397   -0.590292 0.000110275
56   -0.588086   -0.590253  0.00011523
57   -0.589747   -0.590244 0.000113537
58   -0.591152    -0.59026 0.000112656
59   -0.590902   -0.590271 0.000111264
60   -0.590366   -0.590272 0.000109406
61   -0.590722    -0.59028 0.000107849
62   -0.590974   -0.590291 0.000106686
63   -0.590272    -0.59029 0.000104979
64    -0.59113   -0.590304 0.000104154
65   -0.588909   -0.590282 0.000104761
66   -0.590517   -0.590286 0.000103222
67   -0.590384   -0.590287 0.000101681
68   -0.590542   -0.590291 0.000100244
69   -0.591438   -0.590308 0.000100171
70   -0.589154   -0.590291 0.000100096
71   -0.591618    -0.59031  0.00010043
72   -0.589933   -0.590304 9.91635e-05
73   -0.588882   -0.590285 9.97192e-05
74   -0.590005   -0.590281 9.84352e-05
75   -0.589712   -0.590274   9.741e-05
76   -0.590234   -0.590273 9.61212e-05
77   -0.589834   -0.590267 9.50362e-05
78   -0.590048   -0.590265  9.3852e-05
79   -0.590046   -0.590262 9.26976e-05
80   -0.590677   -0.590267 9.16784e-05
81   -0.588874    -0.59025 9.21592e-05
82   -0.589763   -0.590244 9.12216e-05
83   -0.589949    -0.59024  9.0186e-05
84   -0.590686   -0.590246  8.9264e-05
85   -0.589992   -0.590243  8.8258e-05
86    -0.58997   -0.590239 8.72835e-05
87   -0.590194   -0.590239  8.6276e-05
88   -0.589531   -0.590231 8.56683e-05
89   -0.590851   -0.590238 8.49865e-05
90   -0.589286   -0.590227 8.46993e-05
91   -0.589664   -0.590221 8.39917e-05
92   -0.589576   -0.590214 8.33692e-05
93   -0.589059   -0.590202 8.33976e-05
94    -0.58955   -0.590195  8.2796e-05
95   -0.589008   -0.590182 8.28668e-05
96   -0.589773   -0.590178 8.21099e-05
97   -0.589192   -0.590168 8.18923e-05
98   -0.589866   -0.590165  8.1111e-05
99   -0.591261   -0.590176 8.10473e-05
100   -0.591458   -0.590189 8.12502e-05
101   -0.590856   -0.590195 8.07126e-05
102   -0.590238   -0.590196 7.99185e-05
103    -0.59033   -0.590197 7.91495e-05
104   -0.590043   -0.590195 7.83987e-05
105   -0.591216   -0.590205 7.82544e-05
106    -0.58937   -0.590197 7.79124e-05
107   -0.589179   -0.590188 7.77651e-05
108   -0.590928   -0.590195  7.7346e-05
109   -0.592992    -0.59022 8.08162e-05
110    -0.59027   -0.590221 8.00794e-05
111   -0.591315   -0.590231 7.99649e-05
112   -0.589445   -0.590224 7.95577e-05
113   -0.589397   -0.590216 7.91893e-05
114   -0.588338     -0.5902 8.02029e-05
115   -0.591168   -0.590208  7.9947e-05
116   -0.589189   -0.590199 7.97405e-05
117   -0.589768   -0.590196  7.9142e-05
118   -0.591056   -0.590203 7.88064e-05
119   -0.589667   -0.590199  7.8271e-05
120   -0.590469   -0.590201 7.76486e-05
121   -0.590134     -0.5902 7.70062e-05
122   -0.589555   -0.590195 7.65552e-05
123   -0.591198   -0.590203 7.63672e-05
124   -0.591488   -0.590213 7.64543e-05
125   -0.590318   -0.590214 7.58448e-05
126    -0.58961    -0.59021 7.53934e-05
127   -0.590522   -0.590212 7.48378e-05
128   -0.589714   -0.590208 7.43528e-05
129   -0.589389   -0.590202  7.4047e-05
130   -0.589845   -0.590199 7.35265e-05
131   -0.590306     -0.5902 7.29676e-05
132   -0.589798   -0.590197 7.24766e-05
133   -0.589374   -0.590191 7.21948e-05
134    -0.58904   -0.590182 7.21667e-05
135   -0.588496    -0.59017 7.27107e-05
136   -0.590533   -0.590172 7.22235e-05
137   -0.590461   -0.590174 7.17253e-05
138   -0.589963   -0.590173 7.12201e-05
139   -0.591088   -0.590179 7.10118e-05
140   -0.590277    -0.59018 7.05062e-05
141   -0.590898   -0.590185 7.01891e-05
142   -0.590186   -0.590185  6.9693e-05
143   -0.591147   -0.590192 6.95302e-05
144   -0.590674   -0.590195 6.91267e-05
145   -0.589746   -0.590192 6.87183e-05
146   -0.590118   -0.590192 6.82479e-05
147   -0.590387   -0.590193  6.7795e-05
148   -0.589822    -0.59019 6.73819e-05
149   -0.591685     -0.5902 6.76755e-05
150   -0.589802   -0.590198 6.72754e-05
151   -0.590133   -0.590197 6.68297e-05
152   -0.589693   -0.590194 6.64715e-05
153   -0.589747   -0.590191 6.61002e-05
154   -0.592181   -0.590204 6.69285e-05
155   -0.588834   -0.590195 6.70805e-05
156   -0.589074   -0.590188 6.70358e-05
157   -0.588886    -0.59018 6.71214e-05
158   -0.590146    -0.59018 6.66956e-05
159   -0.589546   -0.590176 6.63946e-05
160   -0.589246    -0.59017 6.62334e-05
161   -0.589949   -0.590168  6.5835e-05
162   -0.591539   -0.590177 6.59723e-05
163    -0.58963   -0.590173  6.5652e-05
164   -0.590504   -0.590175 6.52815e-05
165   -0.589653   -0.590172  6.4962e-05
166    -0.58984    -0.59017 6.46005e-05
167   -0.590712   -0.590174 6.42944e-05
168    -0.59129    -0.59018 6.42548e-05
169   -0.590102    -0.59018 6.38752e-05
170    -0.58909   -0.590173 6.38213e-05
171   -0.590786   -0.590177 6.35479e-05
172   -0.590347   -0.590178 6.31851e-05
173   -0.590662   -0.590181 6.28812e-05
174   -0.588968   -0.590174 6.29061e-05
175   -0.587899   -0.590161 6.38817e-05
176   -0.589707   -0.590158   6.357e-05
177   -0.591344   -0.590165 6.35639e-05
178   -0.588779   -0.590157 6.36833e-05
179     -0.5896   -0.590154  6.3403e-05
180    -0.58947    -0.59015  6.3164e-05
181   -0.589464   -0.590146 6.29284e-05
182   -0.590816    -0.59015 6.26897e-05
183   -0.589974   -0.590149 6.23536e-05
184   -0.590589   -0.590151 6.20598e-05
185   -0.591648    -0.59016 6.22513e-05
186   -0.589846   -0.590158 6.19386e-05
187   -0.591898   -0.590167  6.2305e-05
188   -0.590755    -0.59017 6.20516e-05
189   -0.589714   -0.590168 6.17697e-05
190   -0.591386   -0.590174 6.17771e-05
191   -0.590118   -0.590174 6.14535e-05
192   -0.589962   -0.590173 6.11426e-05
193   -0.588755   -0.590166 6.12669e-05
194   -0.590155   -0.590165 6.09503e-05
195   -0.589597   -0.590163  6.0707e-05
196   -0.590506   -0.590164 6.04218e-05
197   -0.589686   -0.590162 6.01633e-05
198   -0.590373   -0.590163 5.98681e-05
199   -0.591168   -0.590168 5.97802e-05
200   -0.589554   -0.590165 5.95599e-05
