1    0.225661    0.225661           0
2    0.217318    0.221489  0.00417168
3    0.221194    0.221391  0.00241054
4    0.224525    0.222174  0.00187594
5    0.220638    0.221867  0.00148522
6    0.220414    0.221625  0.00123661
7    0.220921    0.221524  0.00104995
8    0.221103    0.221472 0.000910806
9    0.221066    0.221427 0.000804518
10    0.220445    0.221328 0.000726249
11    0.220284    0.221233 0.000663745
12    0.219874     0.22112 0.000616416
13    0.219202    0.220973 0.000585907
14    0.219022    0.220833 0.000560055
15     0.21691    0.220572 0.000583295
16    0.220642    0.220576  0.00054564
17    0.223597    0.220754 0.000542461
18    0.219952    0.220709 0.000513374
19     0.21974    0.220658 0.000488273
20    0.221888     0.22072 0.000467277
21    0.221727    0.220768 0.000447052
22    0.223052    0.220872 0.000438713
23    0.220282    0.220846 0.000419988
24    0.219084    0.220773 0.000408753
25    0.219401    0.220718 0.000395885
26     0.22147    0.220747 0.000381454
27    0.220345    0.220732 0.000367355
28    0.220231    0.220714 0.000354444
29    0.223134    0.220797 0.000352035
30    0.220199    0.220777 0.000340682
31     0.21878    0.220713 0.000335751
32    0.219396    0.220672 0.000327683
33     0.21892    0.220619 0.000322002
34    0.218072    0.220544 0.000321242
35    0.218746    0.220492 0.000316132
36    0.220601    0.220495  0.00030724
37    0.221406     0.22052 0.000299832
38    0.222802     0.22058 0.000297949
39    0.221593    0.220606 0.000291368
40    0.221245    0.220622 0.000284439
41    0.221381     0.22064 0.000278031
42    0.221088    0.220651  0.00027154
43    0.218399    0.220599 0.000270273
44    0.217666    0.220532 0.000272344
45    0.218202     0.22048  0.00027121
46    0.221295    0.220498 0.000265839
47    0.217933    0.220443 0.000265785
48    0.219924    0.220433 0.000260414
49    0.222143    0.220468 0.000257421
50    0.220784    0.220474 0.000252299
51    0.224299    0.220549 0.000258423
52     0.21864    0.220512 0.000256049
53    0.222278    0.220546 0.000253372
54    0.220054    0.220536 0.000248802
55    0.220821    0.220542 0.000244291
56    0.219255    0.220519 0.000240986
57    0.221457    0.220535 0.000237292
58    0.221458    0.220551 0.000233708
59    0.222003    0.220576 0.000231027
60     0.21838    0.220539 0.000230074
61    0.222884    0.220577 0.000229514
62    0.221478    0.220592 0.000226249
63    0.222669    0.220625 0.000225057
64    0.219162    0.220602 0.000222688
65    0.218178    0.220565 0.000222384
66    0.220127    0.220558 0.000219089
67    0.216544    0.220498 0.000223956
68    0.220675    0.220501 0.000220653
69    0.218825    0.220477 0.000218783
70    0.219023    0.220456 0.000216632
71    0.222416    0.220483 0.000215336
72    0.221878    0.220503 0.000213205
73    0.219343    0.220487 0.000210864
74    0.220608    0.220489 0.000208001
75    0.217236    0.220445 0.000209742
76    0.223123     0.22048 0.000209941
77    0.221084    0.220488 0.000207345
78    0.219622    0.220477 0.000204971
79    0.221306    0.220488 0.000202632
80    0.220833    0.220492  0.00020013
81    0.221963     0.22051 0.000198477
82    0.219709      0.2205 0.000196284
83    0.219764    0.220491 0.000194108
84    0.224395    0.220538 0.000197334
85    0.221642    0.220551 0.000195431
86    0.218498    0.220527 0.000194615
87    0.223167    0.220557 0.000194744
88    0.223564    0.220592 0.000195527
89    0.222649    0.220615 0.000194694
90    0.219904    0.220607 0.000192681
91    0.220134    0.220602 0.000190622
92    0.220412      0.2206  0.00018855
93    0.221104    0.220605 0.000186591
94    0.222146    0.220621 0.000185321
95    0.220884    0.220624 0.000183381
96     0.21837    0.220601 0.000182974
97     0.21864     0.22058 0.000182203
98    0.220961    0.220584 0.000180376
99    0.220514    0.220584 0.000178546
100    0.220717    0.220585 0.000176756
101    0.223673    0.220616 0.000177648
102    0.222606    0.220635 0.000176978
103    0.220954    0.220638 0.000175278
104    0.219748     0.22063 0.000173795
105    0.221557    0.220638 0.000172359
106    0.223984     0.22067 0.000173617
107    0.219825    0.220662 0.000172169
108    0.221969    0.220674 0.000170996
109    0.222468    0.220691 0.000170217
110      0.2227    0.220709 0.000169649
111    0.218329    0.220687 0.000169475
112     0.21845    0.220667 0.000169139
113     0.21859    0.220649 0.000168641
114    0.219519    0.220639 0.000167449
115      0.2208    0.220641 0.000165992
116    0.222997    0.220661 0.000165804
117    0.221488    0.220668 0.000164533
118    0.222019    0.220679 0.000163534
119    0.223855    0.220706 0.000164335
120    0.219573    0.220697 0.000163233
121    0.219424    0.220686 0.000162219
122    0.220908    0.220688 0.000160894
123    0.221932    0.220698 0.000159901
124    0.221853    0.220707  0.00015888
125    0.224112    0.220735  0.00015994
126    0.223141    0.220754 0.000159811
127    0.221186    0.220757 0.000158584
128    0.221737    0.220765 0.000157526
129    0.219767    0.220757 0.000156492
130    0.223577    0.220779 0.000156791
131    0.221055    0.220781 0.000155603
132    0.222709    0.220795  0.00015511
133    0.221714    0.220802 0.000154094
134    0.217863     0.22078 0.000154505
135    0.223256    0.220799 0.000154448
136    0.223701     0.22082 0.000154787
137    0.221866    0.220828 0.000153842
138    0.217663    0.220805 0.000154435
139    0.223325    0.220823 0.000154388
140    0.220002    0.220817 0.000153393
141    0.221636    0.220823 0.000152412
142    0.222553    0.220835 0.000151825
143    0.222302    0.220845 0.000151108
144    0.224224    0.220869 0.000151878
145    0.222824    0.220882 0.000151429
146    0.220784    0.220882 0.000150389
147    0.220795    0.220881 0.000149364
148    0.219667    0.220873 0.000148578
149    0.222735    0.220885 0.000148105
150    0.219267    0.220875  0.00014751
151    0.220846    0.220874  0.00014653
152    0.217119     0.22085 0.000147645
153    0.221269    0.220852 0.000146703
154    0.221781    0.220858 0.000145872
155    0.222228    0.220867 0.000145197
156    0.223584    0.220885  0.00014531
157    0.222956    0.220898 0.000144983
158    0.223178    0.220912 0.000144783
159    0.220076    0.220907 0.000143966
160    0.220813    0.220906 0.000143064
161    0.221402    0.220909 0.000142206
162     0.22211    0.220917  0.00014152
163    0.221474     0.22092 0.000140691
164    0.218316    0.220904 0.000140729
165      0.2213    0.220907 0.000139894
166     0.22049    0.220904 0.000139072
167    0.221176    0.220906 0.000138246
168    0.220641    0.220904  0.00013743
169    0.221805     0.22091 0.000136718
170    0.224004    0.220928 0.000137125
171    0.222564    0.220937 0.000136656
172    0.221984    0.220944 0.000135996
173    0.222995    0.220955 0.000135726
174    0.219924    0.220949 0.000135074
175    0.219738    0.220943 0.000134478
176    0.219085    0.220932 0.000134128
177    0.220618     0.22093 0.000133379
178    0.218006    0.220914 0.000133641
179    0.218372      0.2209 0.000133649
180    0.220872    0.220899 0.000132905
181    0.222913    0.220911 0.000132636
182    0.221854    0.220916 0.000132007
183     0.22356     0.22093 0.000132076
184    0.220623    0.220929 0.000131367
185      0.2216    0.220932 0.000130705
186    0.221424    0.220935 0.000130028
187    0.220702    0.220934 0.000129337
188    0.217029    0.220913 0.000130312
189    0.219785    0.220907 0.000129758
190    0.224016    0.220923 0.000130106
191    0.218579    0.220911 0.000130004
192     0.22315    0.220923  0.00012985
193    0.221434    0.220925 0.000129202
194    0.219514    0.220918  0.00012874
195    0.217722    0.220902 0.000129123
196    0.219722    0.220896 0.000128603
197    0.220448    0.220893 0.000127969
198     0.22187    0.220898 0.000127416
199    0.220122    0.220894 0.000126835
200    0.220859    0.220894 0.000126199
1    0.225024    0.225024           0
2     0.21906    0.222042  0.00298183
3    0.220611    0.221565  0.00178642
4    0.223701    0.222099  0.00137146
5    0.220734    0.221826  0.00109685
6    0.223353     0.22208 0.000931045
7    0.221847    0.222047 0.000787582
8    0.219749     0.22176 0.000740098
9     0.22055    0.221625 0.000666401
10    0.220912    0.221554 0.000600297
11    0.219462    0.221364 0.000575326
12    0.220826    0.221319 0.000527107
13    0.221411    0.221326  0.00048492
14    0.218126    0.221098  0.00050378
15    0.218366    0.220915 0.000503111
16    0.220214    0.220872 0.000472653
17    0.222802    0.220985 0.000458273
18    0.219667    0.220912 0.000438226
19    0.220594    0.220895 0.000414857
20    0.222379    0.220969 0.000400495
21    0.219524    0.220901 0.000387112
22    0.222331    0.220966 0.000374781
23    0.220923    0.220964  0.00035812
24    0.219262    0.220893 0.000350129
25    0.221189    0.220905 0.000336041
26    0.222442    0.220964  0.00032823
27    0.222026    0.221003 0.000318278
28    0.219582    0.220952 0.000310874
29    0.223603    0.221044  0.00031358
30    0.219772    0.221001 0.000305899
31    0.219408     0.22095 0.000300296
32     0.22239    0.220995 0.000294221
33    0.220779    0.220988 0.000285241
34    0.220851    0.220984 0.000276754
35    0.220057    0.220958 0.000270033
36    0.221565    0.220975 0.000262966
37    0.221871    0.220999 0.000256905
38    0.223019    0.221052 0.000255639
39    0.220732    0.221044 0.000249133
40    0.221416    0.221053 0.000243003
41    0.223687    0.221117 0.000245551
42    0.218995    0.221067 0.000244906
43    0.218428    0.221006 0.000246892
44    0.219683    0.220975 0.000243082
45    0.220303    0.220961 0.000238088
46    0.219402    0.220927 0.000235305
47    0.219607    0.220899 0.000231949
48    0.222982    0.220942 0.000231175
49    0.220934    0.220942 0.000226408
50    0.223748    0.220998 0.000228821
51    0.224267    0.221062 0.000233268
52    0.222836    0.221096 0.000231269
53    0.222547    0.221124 0.000228509
54    0.219441    0.221092 0.000226392
55    0.220007    0.221073 0.000223112
56    0.220933     0.22107 0.000219106
57    0.219952    0.221051 0.000216119
58     0.22068    0.221044 0.000212456
59    0.222591     0.22107 0.000210465
60    0.218984    0.221036 0.000209828
61    0.221412    0.221042 0.000206451
62    0.221294    0.221046 0.000203135
63     0.21919    0.221016 0.000202044
64    0.219596    0.220994 0.000200097
65    0.218729    0.220959 0.000200053
66    0.219952    0.220944 0.000197589
67    0.217153    0.220887 0.000202677
68    0.221221    0.220892 0.000199734
69    0.219868    0.220878 0.000197377
70     0.22075    0.220876 0.000194545
71    0.222332    0.220896 0.000192879
72    0.221729    0.220908 0.000190533
73    0.221721    0.220919 0.000188234
74     0.22065    0.220915 0.000185708
75    0.214983    0.220836 0.000199558
76    0.224206    0.220881 0.000201846
77    0.221435    0.220888 0.000199337
78    0.219643    0.220872 0.000197411
79    0.221434    0.220879 0.000195026
80    0.219805    0.220865  0.00019304
81      0.2211    0.220868 0.000190664
82    0.221804     0.22088 0.000188669
83    0.220695    0.220878 0.000186395
84    0.223381    0.220907 0.000186559
85    0.219049    0.220885 0.000185643
86    0.219998    0.220875 0.000183762
87    0.222641    0.220895 0.000182767
88    0.222488    0.220914 0.000181583
89    0.223978    0.220948 0.000182804
90    0.221239    0.220951  0.00018079
91    0.219404    0.220934 0.000179599
92    0.220566     0.22093 0.000177681
93    0.220224    0.220923 0.000175924
94    0.219328    0.220906 0.000174867
95    0.219164    0.220887 0.000173986
96    0.220992    0.220888 0.000172167
97    0.218973    0.220869 0.000171524
98    0.221669    0.220877 0.000169961
99    0.220419    0.220872 0.000168299
100    0.221377    0.220877 0.000166684
101    0.222358    0.220892 0.000165675
102    0.219624    0.220879 0.000164513
103    0.221364    0.220884 0.000162976
104    0.222243    0.220897 0.000161929
105     0.22079    0.220896 0.000160383
106    0.222693    0.220913 0.000159764
107    0.220598     0.22091 0.000158291
108    0.223909    0.220938 0.000159257
109    0.220966    0.220938  0.00015779
110    0.221154     0.22094 0.000156361
111    0.219442    0.220927 0.000155533
112    0.218979    0.220909 0.000155116
113     0.22066    0.220907 0.000153753
114    0.220981    0.220908 0.000152399
115    0.221211     0.22091 0.000151091
116    0.224714    0.220943 0.000153331
117    0.222264    0.220954 0.000152433
118     0.22282     0.22097 0.000151961
119    0.224501       0.221 0.000153571
120    0.224659     0.22103 0.000155309
121    0.219899    0.221021 0.000154303
122    0.221142    0.221022 0.000153037
123     0.22201     0.22103    0.000152
124    0.223267    0.221048 0.000151844
125    0.223046    0.221064  0.00015147
126    0.221538    0.221068  0.00015031
127    0.221779    0.221074 0.000149227
128    0.222961    0.221088 0.000148789
129    0.220306    0.221082 0.000147755
130     0.22185    0.221088 0.000146733
131    0.222843    0.221102 0.000146224
132    0.222108    0.221109 0.000145312
133    0.220678    0.221106 0.000144252
134     0.21596    0.221067 0.000148232
135     0.22344    0.221085 0.000148176
136    0.222599    0.221096 0.000147504
137    0.220777    0.221094 0.000146441
138    0.218128    0.221072 0.000146956
139    0.222191     0.22108 0.000146117
140    0.221672    0.221085 0.000145131
141    0.219529    0.221074  0.00014452
142    0.220853    0.221072 0.000143507
143     0.22092    0.221071 0.000142503
144    0.222018    0.221078 0.000141663
145     0.22022    0.221072 0.000140807
146    0.219552    0.221061 0.000140226
147    0.219625    0.221051 0.000139611
148    0.218699    0.221036 0.000139573
149    0.221377    0.221038 0.000138652
150    0.218927    0.221024 0.000138441
151    0.221854    0.221029 0.000137631
152    0.215137    0.220991 0.000142112
153    0.221118    0.220991 0.000141183
154    0.222251       0.221 0.000140501
155    0.222773    0.221011  0.00014006
156    0.220603    0.221008 0.000139184
157    0.224645    0.221032 0.000140221
158     0.22475    0.221055 0.000141304
159    0.219988    0.221048 0.000140573
160    0.222542    0.221058 0.000140003
161    0.221489     0.22106 0.000139157
162    0.220445    0.221057 0.000138347
163    0.219509    0.221047 0.000137823
164     0.21896    0.221034  0.00013757
165    0.219737    0.221026  0.00013696
166    0.221353    0.221028 0.000136147
167    0.221068    0.221029 0.000135329
168     0.21999    0.221023 0.000134663
169    0.222974    0.221034 0.000134362
170    0.222429    0.221042 0.000133821
171    0.223508    0.221057 0.000133815
172    0.222171    0.221063 0.000133192
173    0.221201    0.221064 0.000132423
174    0.219315    0.221054 0.000132043
175    0.220885    0.221053 0.000131289
176    0.220648    0.221051 0.000130562
177    0.219959    0.221044 0.000129968
178    0.220414    0.221041 0.000129285
179    0.218982    0.221029 0.000129074
180    0.220371    0.221026 0.000128407
181    0.222336    0.221033   0.0001279
182    0.221103    0.221033 0.000127196
183    0.221198    0.221034 0.000126502
184    0.223267    0.221046 0.000126397
185    0.220516    0.221044 0.000125745
186    0.220507    0.221041   0.0001251
187    0.219366    0.221032 0.000124751
188    0.218466    0.221018 0.000124834
189    0.219715    0.221011 0.000124363
190    0.221481    0.221014 0.000123731
191    0.221035    0.221014 0.000123082
192    0.221772    0.221018 0.000122503
193    0.220093    0.221013  0.00012196
194    0.221094    0.221013 0.000121331
195    0.219378    0.221005 0.000120998
196    0.221026    0.221005 0.000120379
197    0.219812    0.220999  0.00011992
198    0.221443    0.221001 0.000119334
199    0.220291    0.220998 0.000118786
200    0.220141    0.220993 0.000118268
