1     3.34356   0.0668712           0
2     3.52316   0.0686672    0.001796
3     2.93424   0.0653397  0.00348529
4     3.44076   0.0662086  0.00261315
5     3.06028    0.065208  0.00225795
6     3.83584   0.0671261  0.00266047
7     2.99052    0.066081  0.00247953
8     3.25356   0.0659548  0.00215104
9     3.36664   0.0661079  0.00190321
10     3.10004   0.0656972  0.00175113
11       3.436    0.065972  0.00160761
12     3.46132   0.0662432  0.00149239
13     3.20216    0.066074  0.00138319
14      3.4722   0.0663147  0.00130302
15      3.6574   0.0667702  0.00129576
16     3.45016   0.0669098  0.00122008
17     3.52384   0.0671196  0.00116512
18      3.4206   0.0671914  0.00110083
19     2.99604   0.0668088  0.00110937
20     3.53744   0.0670058  0.00107072
21      3.0864   0.0667544    0.001049
22     3.70764   0.0670907  0.00105521
23     3.42312   0.0671504  0.00101005
24     2.90756   0.0667754   0.0010372
25     3.36968   0.0668001 0.000995153
26     4.21388   0.0674723  0.00116877
27       3.459   0.0675356  0.00112642
28     3.38252   0.0675397  0.00108546
29     3.71056   0.0677697  0.00107233
30     3.18468   0.0676339  0.00104484
31      3.4086   0.0676512  0.00101072
32      3.5176   0.0677356 0.000982259
33     3.47768   0.0677907 0.000953621
34     3.30016   0.0677381 0.000926641
35     3.18064   0.0676203 0.000907463
36      3.7108   0.0678035 0.000900726
37     3.55176   0.0678908 0.000880387
38     3.52612   0.0679601   0.0008597
39     3.73536   0.0681331 0.000855051
40     3.59936   0.0682294 0.000838952
41     3.15812   0.0681059 0.000827514
42      3.1572   0.0679877 0.000816167
43     3.42532   0.0679998 0.000797052
44     3.25644   0.0679345 0.000781455
45      2.9964   0.0677566 0.000784339
46     3.20504   0.0676771 0.000771204
47      3.5346   0.0677413 0.000757339
48     3.92312   0.0679646 0.000774307
49     3.18064   0.0678758 0.000763524
50     3.26952   0.0678261 0.000749747
51     2.91464   0.0676392   0.0007583
52     3.52732   0.0676951 0.000745673
53     2.90932   0.0675157 0.000753149
54     3.56936   0.0675874  0.00074254
55     3.27836   0.0675506 0.000729839
56     3.55644   0.0676145  0.00071953
57     2.80312   0.0674119 0.000735277
58     3.66448   0.0675132 0.000729561
59     3.32124   0.0674948 0.000717327
60     3.48516   0.0675316  0.00070623
61     3.20484   0.0674753 0.000696834
62      3.4858   0.0675114 0.000686455
63      3.6366   0.0675943 0.000680535
64     3.32436    0.067577 0.000670041
65     2.98548   0.0674559 0.000670664
66     3.15876   0.0673911 0.000663602
67       2.806   0.0672229 0.000674923
68     3.26432   0.0671944 0.000665533
69     3.24716   0.0671618 0.000656628
70     3.69096   0.0672569 0.000654131
71     3.08128   0.0671775 0.000649711
72     3.83036   0.0673085 0.000653874
73     3.37528   0.0673112  0.00064486
74     3.15452   0.0672542 0.000638638
75     3.78144   0.0673658 0.000639884
76     3.12728   0.0673024 0.000634585
77     3.81988   0.0674205 0.000637331
78     4.14204   0.0676182 0.000659439
79     3.46588   0.0676397 0.000651393
80      3.3056   0.0676206 0.000643483
81      3.1106   0.0675539 0.000638987
82     3.52896   0.0675908 0.000632224
83     3.19676   0.0675467 0.000626111
84     3.60228   0.0676003 0.000620927
85     3.23156   0.0675653 0.000614572
86     3.93996    0.067696 0.000621271
87     3.21984   0.0676581 0.000615259
88     3.24288   0.0676262 0.000609059
89      3.6276   0.0676816 0.000604715
90       3.352   0.0676744    0.000598
91      3.1774   0.0676291 0.000593128
92     3.65996   0.0676896 0.000589762
93     3.38004   0.0676887 0.000583387
94     3.32736   0.0676765 0.000577275
95      3.1484    0.067627 0.000573312
96     3.25012   0.0675996 0.000567967
97       3.412   0.0676062  0.00056212
98      3.4524    0.067621 0.000556549
99      3.4718   0.0676393 0.000551204
100     3.35712   0.0676343 0.000545686
101     3.39028    0.067636 0.000540259
102     3.54996    0.067669 0.000535952
103      3.7678   0.0677436 0.000535944
104     3.73764    0.067811 0.000535028
105     3.36628   0.0678064 0.000529928
106     3.63604   0.0678528 0.000526948
107     3.65392   0.0679016  0.00052428
108     3.13624   0.0678537  0.00052161
109     2.89704   0.0677627 0.000524743
110     2.87472   0.0676694 0.000528264
111     3.74604   0.0677347 0.000527544
112     3.71012   0.0677924 0.000525992
113     3.53704   0.0678185 0.000521969
114      3.0116    0.067752 0.000521633
115      3.5272   0.0677763 0.000517646
116     2.79168   0.0676733  0.00052339
117     3.39356    0.067675   0.0005189
118     3.39348   0.0676767 0.000514487
119     3.35012    0.067671 0.000510176
120     3.43064   0.0676788 0.000505968
121     3.68872   0.0677292 0.000504291
122      3.3252   0.0677192 0.000500242
123     3.09652   0.0676721 0.000498385
124     3.46448   0.0676851 0.000494522
125     3.27236   0.0676672 0.000490876
126     3.65384   0.0677102 0.000488854
127      3.2642   0.0676911 0.000485365
128     3.38276   0.0676908 0.000481558
129      3.3044   0.0676784 0.000477972
130     3.34988   0.0676731  0.00047431
131        3.49   0.0676894 0.000470956
132     3.25136   0.0676692 0.000467809
133     3.20772   0.0676428  0.00046503
134     3.28396   0.0676281 0.000461779
135     3.03056   0.0675761 0.000461283
136      3.6368   0.0676141 0.000459448
137      3.4544   0.0676248 0.000456209
138     3.59776   0.0676562 0.000453977
139     3.50124   0.0676733 0.000451021
140     3.17396   0.0676433 0.000448789
141     3.46684   0.0676553 0.000445757
142     3.55088    0.067679 0.000443239
143     3.46104   0.0676898 0.000440261
144      3.4572   0.0676999 0.000437309
145     3.34324   0.0676941 0.000434321
146     3.39576   0.0676956 0.000431339
147      3.4414   0.0677033 0.000428464
148     3.41352   0.0677072 0.000425576
149     3.14892   0.0676754   0.0004239
150     3.15968   0.0676455 0.000422123
151     3.09776   0.0676079 0.000421008
152     3.25408   0.0675912 0.000418559
153     3.52752   0.0676106 0.000416264
154      3.4914    0.067625 0.000413803
155     3.55648   0.0676476 0.000411746
156     3.15228   0.0676181  0.00041016
157      3.1974   0.0675947 0.000408209
158     3.73368   0.0676395 0.000408084
159      3.2758   0.0676262  0.00040573
160     3.39736   0.0676282 0.000403191
161     2.98804   0.0675793 0.000403647
162     3.45588   0.0675888  0.00040126
163     3.42548   0.0675944 0.000398831
164     3.06656   0.0675563 0.000398227
165     2.95532    0.067505 0.000399106
166      3.5378   0.0675246 0.000397177
167      3.4734   0.0675363 0.000394963
168      3.7442     0.06758 0.000395034
169     3.25148   0.0675649 0.000392979
170     3.85252   0.0676207 0.000394625
171     3.43876   0.0676275 0.000392369
172      3.2972   0.0676177 0.000390204
173     3.22912   0.0676001 0.000388338
174     3.40112   0.0676026 0.000386107
175     3.34404   0.0675984 0.000383917
176     3.37408   0.0675978  0.00038173
177     3.54564   0.0676165 0.000380029
178       3.069   0.0675815 0.000379509
179     3.74028   0.0676218 0.000379534
180     3.63144   0.0676496 0.000378444
181     3.17148   0.0676263 0.000377069
182     3.09328   0.0675947 0.000376325
183     3.58188   0.0676168 0.000374914
184     3.10804   0.0675871 0.000374048
185      3.5686   0.0676076 0.000372583
186      3.1914   0.0675872 0.000371131
187     2.97136   0.0675436 0.000371711
188     3.45948   0.0675524 0.000369832
189     3.56668   0.0675724 0.000368414
190      3.5834   0.0675939 0.000367103
191     3.55316   0.0676121 0.000365628
192     3.47896   0.0676223 0.000363863
193     3.82336   0.0676682 0.000364862
194     3.27292   0.0676568 0.000363155
195     3.55152   0.0676741 0.000361702
196     3.77384   0.0677139 0.000362047
197      3.4212   0.0677175 0.000360223
198     3.04948   0.0676835 0.000360006
199      3.8236   0.0677277 0.000360904
200     3.25964    0.067715 0.000359319
1     3.33528   0.0667056           0
2     3.51344   0.0684872   0.0017816
3     2.92036   0.0651272  0.00351392
4     3.45212    0.066106  0.00267056
5     3.07056    0.065167  0.00227173
6     3.86324   0.0671833   0.0027397
7      2.9794   0.0660983  0.00255709
8     3.27412   0.0660213  0.00221584
9     3.37008   0.0661747   0.0019602
10     3.08728   0.0657318  0.00180833
11     3.45876   0.0660448  0.00166539
12     3.49564   0.0663671  0.00155408
13     3.17276   0.0661431  0.00144699
14     3.40908   0.0662887  0.00134754
15     3.64176   0.0667252  0.00132824
16     3.45748   0.0668767  0.00125166
17     3.52584   0.0670908  0.00119507
18     3.37076   0.0671088  0.00112686
19      2.9898    0.066724  0.00113327
20     3.54272   0.0669305  0.00109477
21     3.14472   0.0667383  0.00105892
22     3.69468   0.0670635  0.00106073
23     3.37408   0.0670817  0.00101373
24     2.87628   0.0666835  0.00104907
25     3.36932   0.0667116  0.00100663
26      4.2156   0.0673886  0.00118051
27     3.46664   0.0674606  0.00113822
28     3.37112   0.0674592  0.00109682
29     3.67052   0.0676644  0.00107803
30      3.1964   0.0675399   0.0010489
31     3.43644   0.0675782  0.00101523
32     3.49236   0.0676491 0.000985542
33     3.48356   0.0677104 0.000957174
34       3.302   0.0676613 0.000929894
35     3.15828   0.0675328 0.000912025
36     3.71728   0.0677221 0.000906307
37     3.55536   0.0678136 0.000886207
38      3.5382   0.0678912 0.000866058
39     3.72636   0.0680614 0.000860549
40       3.598   0.0681588 0.000844403
41     3.14592    0.068031  0.00083341
42     3.18708   0.0679289 0.000819712
43     3.43328    0.067946 0.000800605
44       3.241    0.067875 0.000785418
45     3.01348    0.067706 0.000786148
46     3.20804   0.0676289 0.000772721
47      3.5834   0.0677148 0.000760969
48     3.95696   0.0679528 0.000782044
49     3.19392   0.0678697 0.000770419
50      3.2704   0.0678205 0.000756457
51     2.89904   0.0676275 0.000766166
52      3.5406   0.0676888 0.000753779
53     2.90112   0.0675064 0.000761582
54     3.58404   0.0675837 0.000751333
55     3.29624   0.0675535 0.000738162
56     3.56256   0.0676196 0.000727862
57     2.81532   0.0674211 0.000742016
58     3.66156   0.0675213 0.000735959
59     3.31944   0.0675021 0.000723633
60      3.4786   0.0675366 0.000712306
61     3.19104   0.0674756 0.000703175
62     3.49288   0.0675141 0.000692806
63         3.6   0.0675853 0.000685429
64     3.31204   0.0675643 0.000674961
65     3.01828   0.0674535 0.000673662
66     3.16156   0.0673895 0.000666454
67     2.78732   0.0672158 0.000679044
68     3.22988   0.0671773 0.000670091
69      3.2544    0.067147 0.000661002
70      3.6898    0.067242 0.000658379
71     3.06472   0.0671582 0.000654423
72     3.79228   0.0672789 0.000656454
73      3.3392   0.0672721 0.000647434
74     3.13672   0.0672108 0.000641562
75     3.81028   0.0673307 0.000644213
76     3.09336   0.0672588 0.000639731
77     3.78148   0.0673675 0.000640659
78     4.14032   0.0675654 0.000662645
79     3.44212   0.0675816 0.000654403
80     3.29664    0.067561   0.0006465
81       3.124   0.0674983 0.000641542
82     3.57996   0.0675483 0.000635641
83     3.16876    0.067498 0.000629946
84     3.59808   0.0675511 0.000624665
85     3.26412   0.0675245 0.000617849
86      3.9558   0.0676592 0.000625322
87     3.19444   0.0676159  0.00061961
88     3.23748   0.0675833 0.000613394
89      3.6096   0.0676351 0.000608669
90     3.36648   0.0676317 0.000601878
91      3.2012   0.0675921 0.000596546
92     3.65188   0.0676513 0.000592988
93      3.3756   0.0676498 0.000586579
94     3.32616   0.0676378 0.000580429
95     3.14076    0.067587 0.000576526
96     3.27732   0.0675658 0.000570884
97     3.41336    0.067573 0.000565015
98     3.43972   0.0675855 0.000559358
99     3.49608   0.0676091 0.000554182
100     3.35936   0.0676048 0.000548628
101     3.41772   0.0676123  0.00054322
102     3.57888   0.0676511 0.000539271
103     3.75972   0.0677244 0.000539008
104      3.7242   0.0677894 0.000537743
105     3.39712   0.0677908 0.000532599
106     3.62276   0.0678348 0.000529382
107     3.64332   0.0678818 0.000526516
108     3.13184   0.0678333 0.000523874
109     2.91788   0.0677463 0.000526275
110     2.85392   0.0676494  0.00053041
111     3.78168   0.0677213 0.000530509
112      3.7262    0.067782 0.000529248
113     3.52476    0.067806 0.000525092
114     3.02796   0.0677425 0.000524334
115     3.53884   0.0677689 0.000520424
116      2.7912   0.0676659 0.000526094
117      3.4208   0.0676723 0.000521617
118     3.40664   0.0676762 0.000517192
119     3.36736   0.0676734 0.000512835
120     3.42696   0.0676807 0.000508595
121      3.6712   0.0677281 0.000506603
122     3.29512   0.0677132 0.000502656
123     3.09164   0.0676653 0.000500839
124     3.46144    0.067678 0.000496944
125     3.26988   0.0676597  0.00049329
126      3.6478   0.0677017 0.000491161
127      3.2514   0.0676807 0.000487733
128      3.3712   0.0676787 0.000483912
129     3.32784     0.06767 0.000480225
130      3.3328   0.0676622  0.00047658
131     3.50824   0.0676813 0.000473314
132     3.22428   0.0676571 0.000470338
133     3.23584    0.067635 0.000467311
134     3.28928   0.0676212 0.000464016
135      3.0788   0.0675764 0.000462738
136     3.62792    0.067613 0.000460781
137     3.45576    0.067624 0.000457537
138     3.61452   0.0676578 0.000455466
139     3.52444   0.0676782 0.000452636
140     3.16872   0.0676474 0.000450442
141     3.47296   0.0676603  0.00044742
142     3.52588   0.0676804 0.000444714
143     3.47928   0.0676937 0.000441794
144     3.44652   0.0677023 0.000438799
145     3.34352   0.0676966   0.0004358
146     3.38836   0.0676971 0.000432805
147     3.43984   0.0677045 0.000429916
148     3.42972   0.0677106 0.000427043
149     3.15444   0.0676795   0.0004253
150     3.16544   0.0676504 0.000423459
151     3.09348   0.0676121 0.000422384
152     3.25404   0.0675955 0.000419926
153     3.53508   0.0676158 0.000417666
154       3.464   0.0676266 0.000415086
155     3.56544   0.0676503 0.000413083
156     3.16156    0.067622 0.000411403
157     3.18688   0.0675973 0.000409522
158     3.75816   0.0676451  0.00040973
159     3.30228   0.0676351 0.000407269
160     3.41472   0.0676392 0.000404737
161      3.0008   0.0675919 0.000404992
162     3.44372   0.0675998 0.000402562
163     3.41288   0.0676038 0.000400105
164     3.08632    0.067568  0.00039927
165     2.95916   0.0675172 0.000400083
166     3.54548   0.0675376  0.00039819
167     3.45656   0.0675471 0.000395914
168     3.72536   0.0675886 0.000395725
169     3.24668   0.0675729  0.00039369
170     3.83644   0.0676267 0.000395056
171     3.43608   0.0676331 0.000392791
172     3.31724   0.0676256 0.000390572
173     3.23256   0.0676084 0.000388689
174     3.39024   0.0676096  0.00038645
175       3.349    0.067606 0.000384252
176       3.357   0.0676033 0.000382072
177     3.52244   0.0676194 0.000380247
178      3.1016    0.067588 0.000379406
179     3.74572   0.0676289 0.000379494
180     3.60696    0.067654  0.00037821
181     3.18264   0.0676319 0.000376764
182     3.09532   0.0676004 0.000376007
183     3.59064   0.0676234 0.000374654
184     3.12316   0.0675954 0.000373666
185     3.54356   0.0676131 0.000372063
186     3.18452    0.067592 0.000370657
187     2.94452   0.0675455 0.000371595
188         3.5   0.0675585 0.000369843
189      3.5588   0.0675777 0.000368379
190     3.57076   0.0675979 0.000366991
191     3.52872   0.0676135 0.000365397
192     3.50248   0.0676261 0.000363711
193     3.81364   0.0676709 0.000364584
194     3.27548   0.0676598 0.000362871
195       3.525   0.0676744 0.000361299
196     3.78304   0.0677151 0.000361753
197     3.41816   0.0677184 0.000359927
198     3.05144   0.0676846 0.000359695
199     3.81936   0.0677284 0.000360545
200     3.29544   0.0677193 0.000358853
