1   -0.691696   -0.691696           0
2   -0.692202   -0.691949   0.0002528
3   -0.691426   -0.691774 0.000227416
4   -0.691632   -0.691739 0.000164701
5   -0.693331   -0.692057 0.000343082
6   -0.692422   -0.692118 0.000286659
7   -0.692134    -0.69212 0.000242282
8   -0.690672   -0.691939 0.000277141
9   -0.691563   -0.691898 0.000247964
10   -0.691819    -0.69189 0.000221924
11   -0.693395   -0.692027 0.000242953
12   -0.691344    -0.69197 0.000228963
13   -0.692152   -0.691984 0.000211082
14   -0.691667   -0.691961 0.000196727
15    -0.69077   -0.691882 0.000199629
16   -0.692666   -0.691931 0.000193056
17   -0.692053   -0.691938 0.000181486
18   -0.691443    -0.69191   0.0001733
19    -0.69115    -0.69187 0.000168735
20    -0.69196   -0.691875 0.000160139
21   -0.691376   -0.691851 0.000154164
22   -0.690642   -0.691796 0.000156935
23   -0.691656    -0.69179  0.00015008
24   -0.690898   -0.691753 0.000148424
25   -0.690298   -0.691695 0.000153805
26   -0.692141   -0.691712 0.000148764
27   -0.689802   -0.691641 0.000159677
28   -0.691478   -0.691635 0.000153978
29   -0.691176   -0.691619 0.000149415
30   -0.691317   -0.691609 0.000144701
31   -0.690245   -0.691565 0.000146714
32   -0.690478   -0.691531  0.00014606
33   -0.690928   -0.691513  0.00014274
34   -0.693741   -0.691579 0.000153197
35   -0.692918   -0.691617 0.000153602
36   -0.693067   -0.691657 0.000154615
37   -0.691176   -0.691644  0.00015094
38   -0.690834   -0.691623 0.000148454
39   -0.691397   -0.691617 0.000144714
40      -0.692   -0.691627 0.000141374
41   -0.692494   -0.691648 0.000139498
42   -0.689773   -0.691603 0.000143269
43   -0.690434   -0.691576 0.000142517
44    -0.69216   -0.691589 0.000139871
45   -0.691861   -0.691595 0.000136861
46   -0.692627   -0.691618 0.000135719
47   -0.691795   -0.691621 0.000132854
48   -0.692288   -0.691635 0.000130796
49   -0.690581   -0.691614 0.000129894
50   -0.692022   -0.691622 0.000127532
51   -0.692114   -0.691632 0.000125377
52   -0.690546   -0.691611 0.000124704
53   -0.690909   -0.691597 0.000123043
54    -0.69263   -0.691617 0.000122249
55   -0.691283   -0.691611 0.000120159
56   -0.691176   -0.691603 0.000118248
57   -0.690544   -0.691584 0.000117631
58   -0.692688   -0.691603 0.000117142
59   -0.688312   -0.691547 0.000127941
60   -0.690616   -0.691532 0.000126745
61   -0.690702   -0.691518 0.000125389
62   -0.693106   -0.691544 0.000125979
63   -0.692411   -0.691558 0.000124725
64   -0.691309   -0.691554 0.000122822
65    -0.69208   -0.691562 0.000121189
66   -0.691802   -0.691566 0.000119394
67   -0.692451   -0.691579 0.000118339
68   -0.692072   -0.691586 0.000116811
69   -0.691819   -0.691589 0.000115155
70   -0.690909    -0.69158 0.000113914
71   -0.691578    -0.69158 0.000112298
72   -0.690846   -0.691569 0.000111195
73   -0.692418   -0.691581 0.000110275
74    -0.69139   -0.691579 0.000108805
75   -0.691954   -0.691584 0.000107461
76   -0.692253   -0.691592 0.000106402
77   -0.691518   -0.691591 0.000105016
78   -0.691432   -0.691589 0.000103681
79   -0.691218   -0.691585 0.000102468
80   -0.691835   -0.691588 0.000101228
81   -0.692949   -0.691605 0.000101372
82   -0.691829   -0.691607 0.000100166
83   -0.692325   -0.691616 9.93285e-05
84   -0.691614   -0.691616 9.81389e-05
85   -0.690586   -0.691604  9.7732e-05
86   -0.691827   -0.691606 9.66239e-05
87    -0.69172   -0.691608 9.55157e-05
88   -0.691187   -0.691603 9.45449e-05
89   -0.689883   -0.691584 9.54528e-05
90   -0.690925   -0.691576 9.46696e-05
91    -0.69147   -0.691575 9.36307e-05
92    -0.69101   -0.691569 9.28112e-05
93    -0.69111   -0.691564 9.19401e-05
94   -0.693518   -0.691585 9.33028e-05
95   -0.691296   -0.691582 9.23655e-05
96   -0.691592   -0.691582 9.13983e-05
97   -0.690522   -0.691571 9.11093e-05
98   -0.690674   -0.691562 9.06385e-05
99   -0.692138   -0.691568 8.99066e-05
100   -0.692275   -0.691575 8.92838e-05
101   -0.692949   -0.691588 8.94363e-05
102   -0.691293   -0.691585 8.86025e-05
103   -0.692146   -0.691591 8.79064e-05
104   -0.691336   -0.691588 8.70916e-05
105   -0.692539   -0.691597 8.67322e-05
106   -0.691045   -0.691592 8.60681e-05
107   -0.691765   -0.691594 8.52752e-05
108   -0.690176   -0.691581 8.54958e-05
109   -0.692354   -0.691588 8.50041e-05
110   -0.690061   -0.691574 8.53641e-05
111   -0.692376   -0.691581 8.48996e-05
112   -0.691218   -0.691578 8.42007e-05
113   -0.692104   -0.691583  8.3582e-05
114   -0.689542   -0.691565 8.47565e-05
115   -0.691605   -0.691565  8.4017e-05
116   -0.690242   -0.691554 8.40673e-05
117   -0.692085   -0.691558 8.34692e-05
118   -0.692019   -0.691562  8.2851e-05
119   -0.689619   -0.691546 8.37585e-05
120   -0.692958   -0.691557 8.38877e-05
121   -0.691755   -0.691559 8.32076e-05
122   -0.690234   -0.691548 8.32349e-05
123   -0.693307   -0.691563 8.37848e-05
124   -0.692266   -0.691568 8.32995e-05
125   -0.691357   -0.691567 8.26478e-05
126   -0.691078   -0.691563 8.20807e-05
127   -0.692477    -0.69157 8.17493e-05
128   -0.691139   -0.691566 8.11779e-05
129   -0.693072   -0.691578 8.13872e-05
130   -0.692389   -0.691584 8.09991e-05
131   -0.692237   -0.691589 8.05326e-05
132   -0.691418   -0.691588 7.99308e-05
133   -0.689795   -0.691575 8.04647e-05
134    -0.69239   -0.691581 8.00937e-05
135   -0.691221   -0.691578 7.95429e-05
136   -0.691978   -0.691581 7.90105e-05
137   -0.692354   -0.691587 7.86341e-05
138   -0.690341   -0.691578 7.85825e-05
139   -0.690998   -0.691573 7.81263e-05
140   -0.690515   -0.691566 7.79337e-05
141   -0.691984   -0.691569 7.74358e-05
142   -0.693122    -0.69158 7.76622e-05
143   -0.691914   -0.691582 7.71526e-05
144   -0.691522   -0.691582 7.66161e-05
145    -0.68983    -0.69157 7.70385e-05
146   -0.693096    -0.69158   7.722e-05
147   -0.691904   -0.691582 7.67246e-05
148   -0.691869   -0.691584  7.6229e-05
149    -0.69116   -0.691581 7.57691e-05
150    -0.69255   -0.691588 7.55391e-05
151   -0.690995   -0.691584 7.51397e-05
152   -0.690149   -0.691574 7.52385e-05
153   -0.691314   -0.691573 7.47645e-05
154    -0.69283   -0.691581 7.47251e-05
155   -0.690974   -0.691577 7.43445e-05
156   -0.693298   -0.691588 7.46853e-05
157    -0.68971   -0.691576 7.51655e-05
158    -0.69151   -0.691576 7.46894e-05
159   -0.691326   -0.691574 7.42348e-05
160   -0.691858   -0.691576 7.37906e-05
161   -0.690214   -0.691567 7.38168e-05
162   -0.692965   -0.691576 7.38651e-05
163   -0.691059   -0.691573  7.3479e-05
164   -0.692854   -0.691581 7.34465e-05
165   -0.690194   -0.691572 7.34824e-05
166   -0.690352   -0.691565 7.34074e-05
167   -0.692379    -0.69157 7.31293e-05
168   -0.691803   -0.691571 7.27059e-05
169   -0.691286   -0.691569 7.22941e-05
170   -0.691534   -0.691569 7.18679e-05
171   -0.691373   -0.691568 7.14556e-05
172   -0.691365   -0.691567 7.10488e-05
173   -0.691206   -0.691565 7.06676e-05
174   -0.693266   -0.691575  7.0937e-05
175   -0.690179   -0.691567 7.09798e-05
176   -0.691254   -0.691565 7.05976e-05
177   -0.692394    -0.69157 7.03536e-05
178   -0.691718    -0.69157 6.99622e-05
179   -0.691166   -0.691568 6.96069e-05
180   -0.691213   -0.691566 6.92472e-05
181   -0.692198    -0.69157 6.89521e-05
182   -0.690878   -0.691566 6.86773e-05
183   -0.691526   -0.691566 6.83013e-05
184   -0.694691   -0.691583 7.00208e-05
185   -0.691512   -0.691582 6.96423e-05
186   -0.692618   -0.691588 6.94902e-05
187   -0.692774   -0.691594 6.94083e-05
188   -0.693264   -0.691603 6.96071e-05
189   -0.690674   -0.691598 6.94122e-05
190   -0.692166   -0.691601 6.91107e-05
191   -0.691051   -0.691598 6.88082e-05
192   -0.690251   -0.691591 6.88075e-05
193   -0.691358    -0.69159 6.84607e-05
194   -0.692058   -0.691592 6.81495e-05
195   -0.691363   -0.691591 6.78093e-05
196    -0.69063   -0.691586 6.76403e-05
197   -0.691259   -0.691585 6.73166e-05
198   -0.691866   -0.691586 6.69908e-05
199    -0.69068   -0.691582 6.68086e-05
200   -0.690398   -0.691576 6.67365e-05
1   -0.691486   -0.691486           0
2   -0.692293    -0.69189   0.0004032
3   -0.691757   -0.691845 0.000236959
4   -0.691709   -0.691811 0.000170997
5    -0.69339   -0.692127 0.000342489
6   -0.692117   -0.692125 0.000279646
7   -0.692213   -0.692138 0.000236674
8    -0.69052   -0.691936 0.000287937
9   -0.691496   -0.691887 0.000258591
10   -0.691456   -0.691844 0.000235268
11   -0.692496   -0.691903 0.000220916
12   -0.691675   -0.691884 0.000202559
13   -0.692202   -0.691908 0.000187922
14    -0.69132   -0.691866 0.000178987
15   -0.690707   -0.691789 0.000183676
16   -0.692454   -0.691831 0.000176773
17   -0.691616   -0.691818 0.000166529
18   -0.691507   -0.691801 0.000157952
19   -0.691264   -0.691773 0.000152056
20   -0.691986   -0.691783 0.000144646
21   -0.691424   -0.691766 0.000138644
22   -0.690882   -0.691726 0.000138171
23   -0.691341   -0.691709 0.000133084
24   -0.690816   -0.691672 0.000132742
25   -0.690627    -0.69163 0.000134004
26   -0.692046   -0.691646 0.000129739
27    -0.69005   -0.691587 0.000138137
28   -0.691568   -0.691586 0.000133114
29   -0.690904   -0.691563 0.000130579
30    -0.69092   -0.691541 0.000127958
31   -0.690504   -0.691508 0.000128206
32   -0.690416   -0.691474 0.000128739
33   -0.690397   -0.691441 0.000128975
34    -0.69372   -0.691508 0.000141945
35   -0.693062   -0.691553 0.000144806
36   -0.693312   -0.691601 0.000148971
37   -0.691128   -0.691589 0.000145453
38   -0.690981   -0.691573 0.000142475
39   -0.691011   -0.691558 0.000139518
40    -0.69191   -0.691567  0.00013627
41   -0.692446   -0.691589 0.000134624
42    -0.68973   -0.691544 0.000138635
43   -0.690582   -0.691522 0.000137208
44    -0.69177   -0.691528 0.000134171
45   -0.692106    -0.69154 0.000131784
46   -0.692755   -0.691567 0.000131565
47   -0.692147   -0.691579 0.000129326
48    -0.69219   -0.691592 0.000127242
49   -0.690558   -0.691571  0.00012639
50   -0.692678   -0.691593 0.000125802
51   -0.691922   -0.691599 0.000123479
52   -0.690691   -0.691582 0.000122335
53   -0.690757   -0.691566  0.00012101
54   -0.692368   -0.691581 0.000119672
55   -0.691659   -0.691583 0.000117485
56   -0.691443    -0.69158 0.000115394
57   -0.690914   -0.691568 0.000113953
58   -0.692827    -0.69159 0.000114055
59   -0.688426   -0.691536 0.000124276
60   -0.690859   -0.691525 0.000122707
61   -0.690786   -0.691513 0.000121287
62   -0.693069   -0.691538 0.000121924
63   -0.692578   -0.691555 0.000121103
64   -0.691354   -0.691552 0.000119237
65    -0.69204   -0.691559 0.000117628
66   -0.692048   -0.691566 0.000116069
67   -0.692453    -0.69158 0.000115086
68   -0.692512   -0.691593 0.000114207
69   -0.692178   -0.691602 0.000112858
70   -0.690821   -0.691591 0.000111792
71   -0.691755   -0.691593 0.000110231
72   -0.691154   -0.691587  0.00010886
73   -0.692235   -0.691596 0.000107725
74   -0.691571   -0.691595  0.00010626
75   -0.691562   -0.691595 0.000104835
76   -0.692434   -0.691606 0.000104033
77   -0.691664   -0.691607 0.000102676
78   -0.691416   -0.691604  0.00010138
79   -0.691386   -0.691602 0.000100127
80   -0.691618   -0.691602 9.88678e-05
81   -0.692704   -0.691615 9.85832e-05
82   -0.691674   -0.691616 9.73762e-05
83   -0.691202   -0.691611 9.63253e-05
84   -0.691416   -0.691609    9.52e-05
85   -0.690622   -0.691597 9.47864e-05
86   -0.691646   -0.691598 9.36795e-05
87   -0.691803     -0.6916 9.26266e-05
88   -0.691496   -0.691599 9.15756e-05
89   -0.690102   -0.691582  9.2089e-05
90   -0.691166   -0.691577 9.11771e-05
91   -0.691603   -0.691578   9.017e-05
92   -0.691035   -0.691572 8.93793e-05
93   -0.691104   -0.691567  8.8556e-05
94   -0.693139   -0.691584 8.91915e-05
95   -0.691114   -0.691579 8.83862e-05
96    -0.69163   -0.691579 8.74623e-05
97   -0.690437   -0.691567 8.73534e-05
98   -0.691026   -0.691562 8.66341e-05
99   -0.692323    -0.69157 8.60986e-05
100   -0.691821   -0.691572 8.52703e-05
101   -0.692606   -0.691582 8.50407e-05
102   -0.691264   -0.691579 8.42607e-05
103    -0.69228   -0.691586 8.37156e-05
104   -0.690955    -0.69158 8.31283e-05
105   -0.692794   -0.691591 8.31402e-05
106   -0.690782   -0.691584 8.27051e-05
107   -0.691634   -0.691584 8.19298e-05
108   -0.690149   -0.691571 8.22488e-05
109   -0.692285   -0.691578 8.17534e-05
110   -0.690018   -0.691563 8.22387e-05
111   -0.692389   -0.691571  8.1833e-05
112   -0.690946   -0.691565  8.1291e-05
113   -0.692226   -0.691571 8.07801e-05
114   -0.689387   -0.691552 8.23281e-05
115   -0.691717   -0.691553 8.16217e-05
116   -0.690226   -0.691542 8.17206e-05
117    -0.69165   -0.691543 8.10243e-05
118   -0.692373    -0.69155 8.06421e-05
119   -0.689626   -0.691534 8.15802e-05
120   -0.692547   -0.691542 8.13372e-05
121    -0.69133    -0.69154 8.06813e-05
122   -0.689986   -0.691528 8.10258e-05
123   -0.693243   -0.691542 8.15657e-05
124   -0.692006   -0.691545  8.0992e-05
125   -0.691859   -0.691548 8.03807e-05
126   -0.691294   -0.691546 7.97656e-05
127   -0.692474   -0.691553 7.94714e-05
128   -0.690987   -0.691549  7.8972e-05
129   -0.692566   -0.691557 7.87536e-05
130    -0.69223   -0.691562 7.83171e-05
131    -0.69244   -0.691569 7.80056e-05
132    -0.69167   -0.691569 7.74162e-05
133   -0.690107   -0.691558 7.76144e-05
134   -0.692288   -0.691564 7.72252e-05
135   -0.690902   -0.691559 7.68074e-05
136   -0.691678    -0.69156 7.62456e-05
137    -0.69277   -0.691569 7.62006e-05
138    -0.69044    -0.69156 7.60871e-05
139    -0.69112   -0.691557 7.56041e-05
140    -0.69039   -0.691549 7.55234e-05
141   -0.691965   -0.691552 7.50439e-05
142   -0.693077   -0.691563 7.52835e-05
143    -0.69223   -0.691567 7.49009e-05
144   -0.691779   -0.691569 7.43935e-05
145   -0.689514   -0.691555 7.52259e-05
146   -0.693189   -0.691566 7.55428e-05
147   -0.691637   -0.691566 7.50287e-05
148   -0.691835   -0.691568 7.45422e-05
149   -0.691115   -0.691565 7.41026e-05
150   -0.692254    -0.69157 7.37502e-05
151   -0.690843   -0.691565  7.3418e-05
152   -0.690086   -0.691555  7.3579e-05
153   -0.691229   -0.691553 7.31276e-05
154   -0.692954   -0.691562 7.32183e-05
155   -0.690888   -0.691558 7.28743e-05
156    -0.69323   -0.691568 7.31953e-05
157   -0.689678   -0.691556 7.37171e-05
158   -0.691666   -0.691557 7.32523e-05
159   -0.691062   -0.691554 7.28566e-05
160   -0.691835   -0.691556 7.24212e-05
161   -0.690253   -0.691548 7.24235e-05
162   -0.692829   -0.691555 7.24082e-05
163   -0.691144   -0.691553 7.20069e-05
164   -0.692698    -0.69156  7.1906e-05
165   -0.689867    -0.69155 7.22015e-05
166   -0.690669   -0.691544 7.19611e-05
167   -0.692187   -0.691548 7.16324e-05
168   -0.691781    -0.69155 7.12182e-05
169   -0.690782   -0.691545  7.0941e-05
170   -0.691461   -0.691545 7.05242e-05
171   -0.691514   -0.691544 7.01108e-05
172   -0.691899   -0.691546 6.97325e-05
173   -0.691141   -0.691544 6.93679e-05
174   -0.693813   -0.691557 7.01897e-05
175   -0.690248    -0.69155 7.01873e-05
176   -0.690885   -0.691546 6.98895e-05
177   -0.692845   -0.691553 6.98799e-05
178   -0.691869   -0.691555 6.95088e-05
179   -0.691466   -0.691555 6.91212e-05
180   -0.690797    -0.69155 6.88649e-05
181   -0.692106   -0.691553 6.85521e-05
182   -0.690864    -0.69155 6.82795e-05
183   -0.691592    -0.69155 6.79058e-05
184   -0.694613   -0.691566 6.95571e-05
185   -0.691581   -0.691567 6.91801e-05
186   -0.692626   -0.691572 6.90424e-05
187   -0.692478   -0.691577 6.88429e-05
188   -0.693302   -0.691586  6.9088e-05
189   -0.690435    -0.69158 6.89908e-05
190   -0.691986   -0.691582 6.86599e-05
191   -0.691584   -0.691582 6.82995e-05
192   -0.689902   -0.691574 6.85039e-05
193   -0.691222   -0.691572 6.81723e-05
194   -0.691698   -0.691572 6.78231e-05
195   -0.691467   -0.691572 6.74765e-05
196    -0.69063   -0.691567  6.7303e-05
197   -0.691786   -0.691568 6.69697e-05
198   -0.692227   -0.691571 6.67137e-05
199   -0.690773   -0.691567 6.64988e-05
200   -0.690392   -0.691562  6.6426e-05
