1    0.252504    0.252504           0
2    0.246189    0.249346   0.0031573
3    0.249419    0.249371  0.00182303
4    0.252815    0.250232   0.0015502
5    0.248273     0.24984  0.00126307
6    0.249861    0.249843  0.00103129
7    0.250387    0.249921 0.000875052
8     0.24846    0.249738 0.000779526
9    0.251432    0.249927 0.000712778
10    0.248923    0.249826  0.00064538
11    0.251254    0.249956  0.00059802
12    0.248762    0.249857  0.00055491
13    0.247592    0.249682 0.000539352
14    0.249965    0.249703 0.000499752
15    0.247134    0.249531 0.000495753
16    0.249242    0.249513 0.000464087
17    0.251462    0.249628  0.00045075
18    0.248629    0.249572 0.000428577
19    0.248938    0.249539 0.000406766
20    0.248847    0.249504 0.000387442
21    0.249693    0.249513 0.000368641
22    0.251644     0.24961 0.000364584
23    0.248013    0.249541 0.000355223
24    0.247388    0.249451 0.000351731
25    0.247509    0.249373 0.000346196
26    0.248047    0.249322 0.000336505
27    0.250267    0.249357 0.000325686
28    0.248077    0.249312 0.000317155
29    0.253173    0.249445  0.00033373
30     0.24758    0.249383 0.000328352
31    0.248278    0.249347 0.000319574
32    0.245669    0.249232 0.000330088
33    0.247153    0.249169 0.000326076
34    0.247815    0.249129 0.000318838
35    0.246382    0.249051 0.000319389
36     0.25059    0.249093 0.000313322
37    0.249483    0.249104 0.000304917
38     0.24997    0.249127 0.000297658
39    0.248744    0.249117 0.000290091
40    0.251365    0.249173 0.000288276
41    0.249107    0.249171 0.000281162
42     0.25124    0.249221  0.00027877
43    0.246207    0.249151 0.000281088
44    0.247309    0.249109 0.000277798
45    0.246433    0.249049 0.000277986
46    0.250288    0.249076 0.000273207
47    0.247512    0.249043 0.000269394
48    0.246739    0.248995 0.000268055
49    0.251193     0.24904 0.000266333
50    0.249165    0.249042 0.000260964
51    0.253662    0.249133 0.000271364
52     0.24851    0.249121 0.000266363
53    0.248497    0.249109 0.000261555
54    0.246277    0.249057  0.00026197
55    0.248981    0.249055 0.000257166
56     0.24853    0.249046 0.000252706
57     0.25057    0.249073  0.00024967
58    0.246711    0.249032 0.000248683
59     0.24911    0.249033 0.000244435
60    0.246234    0.248987 0.000244813
61     0.25069    0.249015 0.000242379
62     0.25214    0.249065 0.000243707
63    0.248237    0.249052 0.000240167
64    0.249765    0.249063 0.000236647
65    0.246849    0.249029 0.000235455
66    0.248684    0.249024 0.000231919
67    0.245619    0.248973 0.000234016
68    0.248945    0.248972  0.00023055
69    0.247178    0.248946 0.000228667
70    0.248832    0.248945 0.000225382
71    0.251015    0.248974  0.00022409
72    0.252071    0.249017 0.000225102
73    0.246561    0.248983 0.000224532
74    0.251138    0.249012 0.000223382
75    0.246626    0.248981 0.000222668
76    0.249615    0.248989 0.000219878
77     0.24976    0.248999 0.000217234
78    0.246814    0.248971 0.000216253
79    0.247401    0.248951 0.000214421
80     0.24888     0.24895 0.000211726
81    0.248202    0.248941 0.000209299
82    0.246982    0.248917 0.000208107
83    0.247845    0.248904  0.00020599
84    0.251475    0.248935 0.000205812
85    0.251343    0.248963  0.00020534
86    0.246269    0.248932 0.000205341
87    0.252404    0.248972 0.000206854
88    0.252727    0.249014 0.000208896
89    0.249926    0.249025 0.000206789
90    0.247585    0.249009 0.000205103
91    0.246149    0.248977 0.000205257
92    0.248203    0.248969 0.000203188
93    0.249727    0.248977 0.000201156
94    0.250795    0.248996 0.000199942
95    0.248227    0.248988 0.000197992
96    0.247215     0.24897 0.000196788
97    0.248261    0.248962 0.000194885
98    0.248251    0.248955 0.000193023
99    0.250191    0.248968 0.000191471
100    0.247472    0.248953 0.000190135
101    0.250113    0.248964 0.000188594
102    0.249991    0.248974 0.000187007
103    0.249308    0.248977 0.000185211
104    0.246269    0.248951 0.000185261
105       0.251    0.248971 0.000184523
106    0.252872    0.249008 0.000186442
107    0.248335    0.249001 0.000184798
108    0.247482    0.248987 0.000183618
109    0.250334       0.249 0.000182345
110    0.251101    0.249019 0.000181687
111    0.246789    0.248999 0.000181159
112    0.245881    0.248971 0.000181679
113    0.247931    0.248962 0.000180299
114    0.246552    0.248941 0.000179957
115    0.249275    0.248943 0.000178409
116    0.252552    0.248975 0.000179579
117    0.248092    0.248967 0.000178197
118    0.250717    0.248982 0.000177301
119    0.251112       0.249 0.000176714
120    0.247971    0.248991 0.000175445
121    0.248903     0.24899 0.000173991
122    0.247007    0.248974 0.000173323
123    0.249493    0.248978  0.00017196
124    0.251868    0.249002 0.000172151
125     0.25007     0.24901 0.000170982
126     0.24954    0.249014 0.000169672
127    0.250357    0.249025 0.000168663
128    0.249477    0.249029 0.000167377
129    0.247663    0.249018 0.000166411
130    0.250387    0.249029 0.000165462
131    0.250209    0.249038 0.000164441
132    0.250728     0.24905 0.000163692
133    0.247215    0.249037 0.000163041
134    0.247333    0.249024 0.000162318
135    0.252043    0.249046 0.000162656
136    0.251207    0.249062 0.000162235
137     0.25032    0.249071 0.000161309
138    0.246746    0.249054 0.000161019
139    0.250312    0.249063 0.000160112
140    0.249335    0.249065 0.000158976
141    0.250358    0.249075 0.000158111
142    0.250961    0.249088 0.000157555
143    0.251448    0.249104 0.000157317
144     0.25091    0.249117 0.000156723
145    0.251222    0.249131 0.000156314
146    0.247068    0.249117 0.000155882
147    0.248102     0.24911 0.000154972
148       0.248    0.249103 0.000154104
149    0.250378    0.249111 0.000153305
150     0.24817    0.249105 0.000152409
151    0.247623    0.249095 0.000151714
152    0.246534    0.249078 0.000151652
153    0.250521    0.249088 0.000150952
154     0.24958    0.249091 0.000150003
155    0.248018    0.249084 0.000149192
156    0.253519    0.249113 0.000150935
157    0.249124    0.249113  0.00014997
158    0.250273     0.24912 0.000149199
159    0.247432    0.249109 0.000148638
160    0.247201    0.249097 0.000148186
161    0.252363    0.249118 0.000148654
162    0.248949    0.249117 0.000147737
163    0.250671    0.249126 0.000147137
164    0.245485    0.249104 0.000147913
165    0.251019    0.249116 0.000147471
166    0.249926    0.249121 0.000146661
167    0.249298    0.249122 0.000145784
168    0.249188    0.249122 0.000144915
169    0.248736     0.24912 0.000144073
170    0.252863    0.249142 0.000144905
171    0.252867    0.249164 0.000145693
172    0.249053    0.249163 0.000144845
173    0.251253    0.249175 0.000144512
174    0.249364    0.249176 0.000143683
175     0.24684    0.249163 0.000143482
176    0.249484    0.249165 0.000142676
177    0.250706    0.249173 0.000142135
178    0.249811    0.249177 0.000141379
179    0.247384    0.249167 0.000140943
180    0.250627    0.249175 0.000140393
181    0.251352    0.249187 0.000140132
182    0.250349    0.249193 0.000139506
183     0.25045      0.2492 0.000138912
184    0.248606    0.249197 0.000138193
185    0.248354    0.249192 0.000137519
186    0.249855    0.249196 0.000136824
187    0.247922    0.249189 0.000136261
188     0.24608    0.249173 0.000136539
189    0.249174    0.249173 0.000135815
190    0.251924    0.249187 0.000135872
191    0.250154    0.249192 0.000135254
192    0.249933    0.249196 0.000134603
193    0.250688    0.249204 0.000134127
194    0.248441      0.2492 0.000133491
195    0.245058    0.249179 0.000134493
196    0.246848    0.249167 0.000134332
197    0.249014    0.249166  0.00013365
198    0.250596    0.249173  0.00013317
199    0.249069    0.249173   0.0001325
200    0.249166    0.249173 0.000131836
1    0.253011    0.253011           0
2    0.246914    0.249962   0.0030483
3    0.249883    0.249936  0.00176013
4     0.25241    0.250555  0.00138986
5    0.247761    0.249996  0.00121294
6     0.25279    0.250461  0.00109436
7    0.252351    0.250731 0.000963506
8    0.246703    0.250228 0.000974595
9    0.251395    0.250358 0.000869246
10    0.249332    0.250255 0.000784217
11    0.250168    0.250247 0.000709395
12    0.249315    0.250169 0.000652229
13    0.249621    0.250127 0.000601446
14    0.248246    0.249993 0.000572817
15    0.247326    0.249815 0.000562122
16    0.250226    0.249841 0.000526445
17    0.249919    0.249845  0.00049453
18    0.248352    0.249762 0.000473575
19    0.249145     0.24973 0.000449133
20    0.249188    0.249703 0.000426946
21    0.247904    0.249617 0.000415041
22    0.251552    0.249705  0.00040538
23    0.247534    0.249611 0.000398691
24    0.247698    0.249531 0.000389948
25    0.249868    0.249544 0.000374269
26     0.24988    0.249557 0.000359818
27    0.252028    0.249649 0.000358125
28    0.246974    0.249553  0.00035808
29    0.252099    0.249641 0.000356489
30    0.248502    0.249603 0.000346487
31    0.248097    0.249555 0.000338628
32    0.249837    0.249563 0.000327994
33    0.248977    0.249546 0.000318395
34    0.249703     0.24955 0.000308923
35    0.247368    0.249488 0.000306381
36    0.250944    0.249528 0.000300482
37    0.249684    0.249533 0.000292279
38    0.249447     0.24953 0.000284492
39     0.24772    0.249484 0.000280963
40    0.250233    0.249503 0.000274488
41    0.251267    0.249546 0.000271146
42    0.249178    0.249537 0.000264756
43    0.247634    0.249493 0.000262287
44    0.248807    0.249477  0.00025673
45    0.249369    0.249475 0.000250972
46    0.249478    0.249475 0.000245455
47    0.249709     0.24948 0.000240227
48    0.249052    0.249471 0.000235338
49    0.250792    0.249498 0.000232057
50    0.251745    0.249543 0.000231769
51    0.252327    0.249597 0.000233648
52    0.252521    0.249654  0.00023591
53    0.250216    0.249664  0.00023166
54    0.246134    0.249599 0.000236542
55    0.247075    0.249553 0.000236693
56     0.25036    0.249567 0.000232874
57    0.247066    0.249523 0.000232924
58    0.247865    0.249495 0.000230651
59    0.250255    0.249508 0.000227074
60    0.246809    0.249463 0.000227744
61    0.249744    0.249467 0.000224027
62    0.251664    0.249503 0.000223213
63    0.248173    0.249482 0.000220654
64    0.250471    0.249497 0.000217728
65    0.247366    0.249464 0.000216846
66    0.248978    0.249457 0.000213662
67     0.24687    0.249418 0.000213963
68    0.249031    0.249413  0.00021087
69    0.248577    0.249401 0.000208144
70    0.250837    0.249421 0.000206173
71    0.249279    0.249419 0.000203258
72    0.252184    0.249457  0.00020406
73    0.248946     0.24945 0.000201367
74     0.25056    0.249465 0.000199193
75    0.244934    0.249405 0.000205595
76     0.25017    0.249415 0.000203122
77    0.250407    0.249428  0.00020088
78    0.249512    0.249429 0.000198291
79    0.249307    0.249428 0.000195771
80    0.249334    0.249426 0.000193312
81    0.247643    0.249404 0.000192175
82    0.247352    0.249379  0.00019146
83    0.249737    0.249384 0.000189188
84    0.250967    0.249402 0.000187871
85    0.248816    0.249396 0.000185775
86    0.248123    0.249381 0.000184198
87    0.251741    0.249408 0.000184079
88    0.250114    0.249416 0.000182153
89    0.250697     0.24943 0.000180669
90    0.245692    0.249389 0.000183415
91    0.246819    0.249361 0.000183574
92    0.250248     0.24937 0.000181824
93    0.248876    0.249365 0.000179937
94    0.249114    0.249362 0.000178032
95    0.245574    0.249322 0.000180606
96    0.248912    0.249318 0.000178766
97    0.249303    0.249318 0.000176913
98    0.249818    0.249323 0.000175173
99    0.250177    0.249332 0.000173609
100    0.246817    0.249307 0.000173694
101    0.250674     0.24932 0.000172498
102    0.245976    0.249287 0.000173916
103     0.24812    0.249276 0.000172591
104    0.249346    0.249277 0.000170925
105    0.250955    0.249293 0.000170042
106    0.251696    0.249315 0.000169949
107    0.248523    0.249308 0.000168515
108    0.247235    0.249289 0.000168047
109     0.24948     0.24929 0.000166508
110    0.247821    0.249277 0.000165527
111    0.246748    0.249254 0.000165604
112    0.245737    0.249223 0.000167097
113    0.248673    0.249218 0.000165683
114    0.245818    0.249188  0.00016691
115    0.249459    0.249191 0.000165469
116    0.252608     0.24922 0.000166661
117    0.250505    0.249231 0.000165595
118    0.250921    0.249245 0.000164809
119    0.253317     0.24928 0.000166962
120    0.251123    0.249295 0.000166276
121    0.247912    0.249283 0.000165291
122    0.247367    0.249268 0.000164681
123    0.250057    0.249274 0.000163463
124    0.252067    0.249297 0.000163696
125    0.248576    0.249291 0.000162483
126    0.248751    0.249287 0.000161246
127    0.250445    0.249296 0.000160231
128    0.250595    0.249306 0.000159298
129     0.24953    0.249308 0.000158067
130    0.249403    0.249308 0.000156848
131    0.251216    0.249323 0.000156326
132    0.250287     0.24933 0.000155309
133    0.248305    0.249323  0.00015433
134    0.247162    0.249306  0.00015402
135    0.250534    0.249315 0.000153145
136    0.250104    0.249321 0.000152126
137     0.24965    0.249324  0.00015103
138    0.246158    0.249301 0.000151676
139    0.248175    0.249293 0.000150798
140    0.251515    0.249309 0.000150557
141    0.248756    0.249305 0.000149537
142    0.248221    0.249297 0.000148676
143    0.249119    0.249296 0.000147638
144    0.248962    0.249293 0.000146627
145    0.249378    0.249294 0.000145614
146     0.24833    0.249287 0.000144763
147     0.24713    0.249273 0.000144522
148    0.248464    0.249267 0.000143646
149    0.248551    0.249262  0.00014276
150    0.249451    0.249264 0.000141811
151     0.24874     0.24926 0.000140911
152    0.247408    0.249248  0.00014051
153    0.249104    0.249247 0.000139592
154    0.250595    0.249256 0.000138959
155    0.250024    0.249261 0.000138148
156    0.249923    0.249265 0.000137325
157    0.250482    0.249273 0.000136668
158    0.252354    0.249292 0.000137193
159    0.248373    0.249287  0.00013645
160    0.250002    0.249291 0.000135668
161     0.25148    0.249305 0.000135506
162    0.248313    0.249298 0.000134806
163    0.247678    0.249289 0.000134345
164    0.245316    0.249264 0.000135702
165    0.249822    0.249268  0.00013492
166    0.249998    0.249272 0.000134176
167    0.250739    0.249281  0.00013366
168    0.248909    0.249279  0.00013288
169     0.24814    0.249272 0.000132263
170    0.251489    0.249285 0.000132128
171    0.251937      0.2493 0.000132266
172     0.24996    0.249304  0.00013155
173    0.247174    0.249292 0.000131366
174    0.249012     0.24929 0.000130619
175    0.246486    0.249274 0.000130855
176    0.248055    0.249267 0.000130294
177    0.250786    0.249276  0.00012984
178    0.249767    0.249279 0.000129138
179    0.247615    0.249269  0.00012875
180    0.249722    0.249272 0.000128057
181    0.250502    0.249279 0.000127529
182    0.251873    0.249293 0.000127625
183    0.247676    0.249284 0.000127233
184    0.251151    0.249294 0.000126946
185    0.247715    0.249286 0.000126546
186     0.24989    0.249289 0.000125905
187    0.248258    0.249284 0.000125352
188    0.247535    0.249274 0.000125029
189    0.248143    0.249268  0.00012451
190    0.250027    0.249272 0.000123917
191    0.250997    0.249281 0.000123597
192    0.248196    0.249276 0.000123082
193    0.250994    0.249285 0.000122765
194    0.250286     0.24929  0.00012224
195    0.247689    0.249282 0.000121888
196    0.247917    0.249275 0.000121464
197    0.246926    0.249263 0.000121433
198    0.250879    0.249271 0.000121093
199    0.249338    0.249271 0.000120483
200    0.249339    0.249271  0.00011988
