1   -0.509282   -0.509282           0
2   -0.511448   -0.510365   0.0010832
3   -0.510774   -0.510501 0.000640116
4   -0.509546   -0.510262 0.000511824
5   -0.510933   -0.510396 0.000418516
6   -0.509818     -0.5103 0.000355076
7    -0.51116   -0.510423 0.000324269
8   -0.511662   -0.510578 0.000320733
9   -0.510613   -0.510582 0.000282887
10   -0.509867    -0.51051 0.000262916
11   -0.509538   -0.510422 0.000253723
12   -0.510443   -0.510424 0.000231623
13   -0.511106   -0.510476 0.000219426
14   -0.510045   -0.510445 0.000205471
15   -0.511338   -0.510505  0.00020032
16   -0.510795   -0.510523  0.00018826
17    -0.51155   -0.510583 0.000186883
18    -0.50916   -0.510504 0.000193126
19   -0.510814   -0.510521 0.000183406
20   -0.511125   -0.510551 0.000176598
21   -0.511979   -0.510619 0.000181227
22   -0.511082    -0.51064 0.000174069
23   -0.511094    -0.51066 0.000167498
24   -0.510245   -0.510642 0.000161296
25    -0.51013   -0.510622 0.000156063
26   -0.510128   -0.510603 0.000151139
27   -0.510301   -0.510592 0.000145863
28   -0.510827     -0.5106 0.000140809
29   -0.509866   -0.510575 0.000138207
30    -0.51055   -0.510574 0.000133523
31   -0.510722   -0.510579 0.000129232
32   -0.511366   -0.510603 0.000127527
33   -0.510546   -0.510602 0.000123614
34    -0.51108   -0.510616 0.000120746
35   -0.510698   -0.510618 0.000117269
36   -0.510171   -0.510606 0.000114639
37   -0.510059   -0.510591 0.000112471
38   -0.510474   -0.510588 0.000109514
39   -0.510949   -0.510597  0.00010707
40   -0.510277   -0.510589 0.000104666
41   -0.511179   -0.510603 0.000103091
42    -0.50933   -0.510573 0.000105078
43   -0.510368   -0.510568 0.000102716
44   -0.510859   -0.510575 0.000100572
45   -0.510542   -0.510574 9.83147e-05
46   -0.509413   -0.510549 9.94129e-05
47   -0.510262   -0.510543 9.74655e-05
48   -0.512397   -0.510581 0.000102935
49   -0.510451   -0.510579 0.000100847
50   -0.510883   -0.510585 9.89972e-05
51   -0.510334    -0.51058 9.71609e-05
52   -0.509688   -0.510563 9.68058e-05
53   -0.509083   -0.510535 9.89803e-05
54   -0.510826    -0.51054 9.72791e-05
55   -0.509914   -0.510529 9.61713e-05
56   -0.509331   -0.510507 9.68298e-05
57   -0.510821   -0.510513 9.52746e-05
58   -0.510382   -0.510511 9.36446e-05
59    -0.51049    -0.51051 9.20444e-05
60   -0.511357   -0.510524 9.15902e-05
61   -0.510738   -0.510528  9.0144e-05
62   -0.511032   -0.510536   8.905e-05
63     -0.5098   -0.510524 8.84006e-05
64   -0.509971   -0.510516 8.74367e-05
65    -0.50909   -0.510494 8.88333e-05
66   -0.509624   -0.510481 8.84643e-05
67   -0.511475   -0.510495 8.83892e-05
68   -0.509965   -0.510488 8.74287e-05
69   -0.510795   -0.510492 8.62675e-05
70   -0.509125   -0.510473 8.72411e-05
71    -0.50979   -0.510463 8.65387e-05
72   -0.509672   -0.510452 8.60327e-05
73   -0.511182   -0.510462 8.54338e-05
74   -0.511627   -0.510478 8.57298e-05
75   -0.510626    -0.51048 8.46019e-05
76   -0.509294   -0.510464 8.49258e-05
77   -0.510651   -0.510467 8.38508e-05
78   -0.511248   -0.510477 8.33729e-05
79    -0.50956   -0.510465 8.31245e-05
80   -0.510746   -0.510469 8.21538e-05
81   -0.509909   -0.510462 8.14269e-05
82   -0.511114    -0.51047 8.08199e-05
83   -0.511142   -0.510478 8.02507e-05
84   -0.510432   -0.510477 7.92914e-05
85   -0.509886    -0.51047 7.86606e-05
86   -0.510957   -0.510476 7.79463e-05
87   -0.510941   -0.510481 7.72303e-05
88   -0.511082   -0.510488 7.66519e-05
89   -0.510251   -0.510485 7.58324e-05
90    -0.50932   -0.510472 7.60948e-05
91   -0.509637   -0.510463 7.58121e-05
92   -0.510429   -0.510463 7.49844e-05
93   -0.509309    -0.51045 7.52045e-05
94       -0.51   -0.510446 7.45543e-05
95   -0.510515   -0.510446  7.3769e-05
96   -0.509485   -0.510436 7.36805e-05
97   -0.509363   -0.510425 7.37515e-05
98   -0.512078   -0.510442 7.49188e-05
99   -0.510376   -0.510441 7.41612e-05
100   -0.510525   -0.510442 7.34206e-05
101   -0.511347   -0.510451   7.324e-05
102   -0.510819   -0.510455 7.26081e-05
103   -0.511782   -0.510468 7.30458e-05
104    -0.51041   -0.510467 7.23422e-05
105   -0.511355   -0.510476 7.21473e-05
106   -0.510677   -0.510478 7.14886e-05
107   -0.509706    -0.51047 7.11839e-05
108   -0.511022   -0.510475 7.07067e-05
109   -0.510766   -0.510478 7.01058e-05
110   -0.510042   -0.510474 6.95788e-05
111    -0.51131   -0.510482 6.93595e-05
112   -0.509778   -0.510475 6.90243e-05
113   -0.509842    -0.51047 6.86403e-05
114   -0.508443   -0.510452 7.03197e-05
115   -0.511088   -0.510458 6.99246e-05
116   -0.509768   -0.510452 6.95736e-05
117   -0.510678   -0.510454 6.90036e-05
118   -0.510048    -0.51045 6.85026e-05
119   -0.511274   -0.510457 6.82761e-05
120   -0.509845   -0.510452 6.78967e-05
121   -0.511557   -0.510461 6.79496e-05
122    -0.50972   -0.510455 6.76635e-05
123   -0.511658   -0.510465 6.78196e-05
124   -0.511256   -0.510471 6.75724e-05
125   -0.510549   -0.510472 6.70325e-05
126   -0.510565   -0.510472 6.65025e-05
127   -0.510456   -0.510472 6.59769e-05
128   -0.510146    -0.51047 6.55092e-05
129   -0.509821   -0.510465 6.51938e-05
130    -0.50967   -0.510459 6.49783e-05
131   -0.510606    -0.51046 6.44903e-05
132   -0.509299   -0.510451  6.4601e-05
133   -0.510109   -0.510448  6.4165e-05
134   -0.510781   -0.510451 6.37327e-05
135   -0.510533   -0.510452 6.32617e-05
136   -0.509445   -0.510444 6.32296e-05
137   -0.511341   -0.510451 6.31067e-05
138   -0.510998   -0.510455 6.27734e-05
139   -0.510973   -0.510458 6.24315e-05
140   -0.510342   -0.510458 6.19895e-05
141   -0.511011   -0.510461 6.16734e-05
142   -0.511518   -0.510469 6.16883e-05
143    -0.51087   -0.510472 6.13197e-05
144   -0.511013   -0.510475 6.10082e-05
145   -0.510408   -0.510475 6.05878e-05
146   -0.509802    -0.51047 6.03479e-05
147   -0.510979   -0.510474 6.00358e-05
148    -0.51172   -0.510482 6.02203e-05
149   -0.509658   -0.510477 6.00703e-05
150   -0.510024   -0.510474 5.97448e-05
151    -0.51033   -0.510473 5.93555e-05
152   -0.510688   -0.510474 5.89807e-05
153   -0.510259   -0.510473 5.86108e-05
154   -0.511494   -0.510479 5.86056e-05
155   -0.510179   -0.510477 5.82585e-05
156   -0.510795    -0.51048 5.79197e-05
157   -0.510426   -0.510479 5.75506e-05
158   -0.510866   -0.510482 5.72375e-05
159   -0.510099   -0.510479 5.69272e-05
160   -0.510669    -0.51048 5.65827e-05
161   -0.508896   -0.510471 5.70848e-05
162   -0.511771   -0.510479 5.72966e-05
163   -0.510382   -0.510478  5.6947e-05
164   -0.512957   -0.510493 5.85822e-05
165    -0.51119   -0.510497 5.83792e-05
166   -0.509784   -0.510493 5.81854e-05
167   -0.510651   -0.510494 5.78437e-05
168   -0.511408   -0.510499 5.77551e-05
169    -0.51184   -0.510507 5.79578e-05
170   -0.510242   -0.510506 5.76371e-05
171   -0.511154    -0.51051 5.74241e-05
172    -0.51007   -0.510507 5.71463e-05
173   -0.509515   -0.510501 5.71036e-05
174    -0.51068   -0.510502 5.67837e-05
175    -0.51009     -0.5105 5.65076e-05
176    -0.51231    -0.51051 5.71195e-05
177   -0.510941   -0.510513 5.68479e-05
178   -0.509784   -0.510509 5.66757e-05
179   -0.510237   -0.510507 5.63786e-05
180   -0.509989   -0.510504 5.61384e-05
181   -0.510675   -0.510505 5.58354e-05
182   -0.511184   -0.510509 5.56529e-05
183   -0.511086   -0.510512 5.54378e-05
184   -0.511302   -0.510516 5.53028e-05
185   -0.510578   -0.510517  5.5004e-05
186   -0.509846   -0.510513 5.48261e-05
187   -0.512003   -0.510521 5.51113e-05
188   -0.510608   -0.510521 5.48193e-05
189   -0.510829   -0.510523 5.45527e-05
190   -0.510862   -0.510525 5.42942e-05
191   -0.510446   -0.510524 5.40108e-05
192   -0.510672   -0.510525 5.37342e-05
193    -0.50885   -0.510517 5.41555e-05
194   -0.509979   -0.510514 5.39468e-05
195   -0.509075   -0.510506 5.41741e-05
196   -0.511474   -0.510511 5.41225e-05
197   -0.509955   -0.510509  5.3921e-05
198   -0.509453   -0.510503 5.39123e-05
199   -0.510472   -0.510503 5.36409e-05
200   -0.509037   -0.510496 5.38732e-05
1   -0.509246   -0.509246           0
2    -0.51115   -0.510198    0.000952
3   -0.510646   -0.510348 0.000569563
4   -0.509162   -0.510051 0.000500133
5   -0.510922   -0.510225 0.000424716
6   -0.509522   -0.510108 0.000366074
7   -0.510981   -0.510233 0.000333569
8   -0.511923   -0.510444 0.000357917
9   -0.511083   -0.510515 0.000323545
10    -0.50936     -0.5104 0.000311586
11   -0.508933   -0.510266  0.00031179
12   -0.510706   -0.510303  0.00028697
13   -0.510874   -0.510347 0.000267601
14   -0.510038   -0.510325 0.000248727
15   -0.511099   -0.510376 0.000237239
16   -0.511083    -0.51042 0.000226272
17   -0.511691   -0.510495 0.000225306
18    -0.50953   -0.510442  0.00021909
19   -0.510482   -0.510444 0.000207249
20   -0.511357   -0.510489 0.000201845
21    -0.51243   -0.510582 0.000213084
22   -0.511349   -0.510617 0.000206137
23   -0.511298   -0.510646 0.000199183
24   -0.510355   -0.510634 0.000191089
25   -0.511069   -0.510652 0.000184109
26   -0.510376   -0.510641 0.000177203
27   -0.511434    -0.51067 0.000173023
28   -0.511421   -0.510697  0.00016887
29   -0.509755   -0.510665 0.000166148
30   -0.510094   -0.510646 0.000161635
31   -0.511176   -0.510663 0.000157268
32   -0.511771   -0.510697 0.000156164
33   -0.509829   -0.510671  0.00015363
34    -0.51121   -0.510687 0.000149882
35   -0.511035   -0.510697 0.000145877
36   -0.510533   -0.510692  0.00014184
37   -0.509963   -0.510673 0.000139353
38   -0.510706   -0.510673 0.000135639
39   -0.510734   -0.510675 0.000132125
40   -0.510419   -0.510669 0.000128938
41   -0.510893   -0.510674 0.000125873
42   -0.509702   -0.510651 0.000124999
43   -0.509912   -0.510634 0.000123261
44   -0.509827   -0.510615 0.000121814
45   -0.510362    -0.51061  0.00011921
46   -0.509472   -0.510585 0.000119184
47   -0.510512   -0.510583 0.000116631
48   -0.511685   -0.510606 0.000116458
49   -0.510032   -0.510595 0.000114658
50   -0.511426   -0.510611 0.000113563
51   -0.509936   -0.510598 0.000112099
52   -0.509714   -0.510581 0.000111231
53   -0.509454    -0.51056 0.000111163
54   -0.510771   -0.510564 0.000109155
55   -0.509613   -0.510546 0.000108538
56   -0.509406   -0.510526 0.000108509
57   -0.510466   -0.510525 0.000106594
58   -0.511027   -0.510534 0.000105097
59   -0.510674   -0.510536 0.000103328
60   -0.511803   -0.510557 0.000103763
61   -0.510629   -0.510558 0.000102055
62   -0.511162   -0.510568 0.000100865
63   -0.509877   -0.510557 9.98562e-05
64   -0.510282   -0.510553 9.83778e-05
65   -0.508768   -0.510525  0.00010067
66   -0.510029   -0.510518 9.94176e-05
67   -0.511846   -0.510538 9.99101e-05
68   -0.510323   -0.510534 9.84804e-05
69   -0.511318   -0.510546 9.77054e-05
70   -0.508813   -0.510521 9.94311e-05
71   -0.510138   -0.510516 9.81694e-05
72   -0.509909   -0.510507 9.71626e-05
73   -0.511389   -0.510519 9.65803e-05
74   -0.511152   -0.510528 9.56491e-05
75   -0.510517   -0.510528 9.43653e-05
76    -0.50949   -0.510514 9.41119e-05
77   -0.509883   -0.510506 9.32423e-05
78   -0.511173   -0.510514 9.24355e-05
79   -0.509963   -0.510507 9.15243e-05
80    -0.51101   -0.510514 9.05907e-05
81   -0.509037   -0.510496 9.13045e-05
82   -0.510728   -0.510498 9.02287e-05
83   -0.510662     -0.5105 8.91569e-05
84   -0.510483     -0.5105 8.80893e-05
85   -0.509726   -0.510491 8.75215e-05
86   -0.510952   -0.510496 8.66637e-05
87   -0.511381   -0.510507 8.62629e-05
88     -0.5106   -0.510508 8.52836e-05
89   -0.510893   -0.510512 8.44309e-05
90   -0.510194   -0.510508 8.35624e-05
91   -0.509602   -0.510498 8.32377e-05
92   -0.510587   -0.510499 8.23336e-05
93   -0.509378   -0.510487 8.23319e-05
94   -0.509893   -0.510481 8.16965e-05
95   -0.509834   -0.510474 8.11187e-05
96   -0.508987   -0.510459 8.17501e-05
97   -0.509474   -0.510449 8.15379e-05
98   -0.511368   -0.510458 8.12451e-05
99   -0.510646    -0.51046 8.04428e-05
100   -0.510235   -0.510458  7.9666e-05
101   -0.510859   -0.510462 7.89734e-05
102   -0.510514   -0.510462  7.8197e-05
103   -0.511848   -0.510476 7.85945e-05
104   -0.510376   -0.510475  7.7841e-05
105    -0.51191   -0.510488 7.82994e-05
106   -0.510426   -0.510488 7.75595e-05
107   -0.509469   -0.510478  7.7419e-05
108   -0.510802   -0.510481 7.67573e-05
109    -0.51077   -0.510484 7.60959e-05
110    -0.50927   -0.510473 7.62035e-05
111   -0.511074   -0.510478 7.57076e-05
112   -0.509291   -0.510468 7.57734e-05
113   -0.509496   -0.510459 7.55904e-05
114    -0.50859   -0.510443 7.66963e-05
115    -0.51093   -0.510447 7.61443e-05
116   -0.510149   -0.510444 7.55288e-05
117   -0.510237   -0.510442 7.49014e-05
118   -0.510408   -0.510442 7.42645e-05
119   -0.510754   -0.510445 7.36843e-05
120    -0.50979   -0.510439 7.32709e-05
121   -0.511755    -0.51045 7.34721e-05
122   -0.509514   -0.510443 7.32707e-05
123   -0.511349    -0.51045 7.30451e-05
124   -0.511509   -0.510458 7.29551e-05
125   -0.511062   -0.510463 7.25303e-05
126   -0.510614   -0.510464 7.19623e-05
127   -0.510762   -0.510467 7.14318e-05
128   -0.509906   -0.510462  7.1007e-05
129   -0.509498   -0.510455 7.08503e-05
130   -0.509384   -0.510447 7.07842e-05
131   -0.510442   -0.510447 7.02418e-05
132   -0.508984   -0.510436 7.05828e-05
133   -0.510397   -0.510435 7.00507e-05
134   -0.509502   -0.510428 6.98737e-05
135   -0.509982   -0.510425 6.94328e-05
136   -0.509358   -0.510417 6.93652e-05
137   -0.511269   -0.510423  6.9137e-05
138    -0.51101   -0.510428 6.87655e-05
139   -0.511835   -0.510438 6.90159e-05
140   -0.510424   -0.510438 6.85213e-05
141   -0.510957   -0.510441 6.81331e-05
142   -0.511422   -0.510448 6.80034e-05
143   -0.510781   -0.510451 6.75662e-05
144    -0.51108   -0.510455 6.72376e-05
145   -0.510237   -0.510453 6.67892e-05
146   -0.509974    -0.51045 6.64113e-05
147   -0.510781   -0.510452 6.59963e-05
148   -0.511326   -0.510458 6.58143e-05
149   -0.509835   -0.510454 6.55048e-05
150   -0.510051   -0.510451 6.51221e-05
151   -0.509842   -0.510447 6.48153e-05
152   -0.510037   -0.510445 6.44441e-05
153   -0.509931   -0.510441 6.41095e-05
154   -0.512234   -0.510453 6.47463e-05
155   -0.509592   -0.510447 6.45666e-05
156   -0.510635   -0.510449 6.41627e-05
157   -0.510501   -0.510449 6.37536e-05
158    -0.51039   -0.510449 6.33499e-05
159   -0.509762   -0.510444 6.30983e-05
160   -0.510187   -0.510443 6.27233e-05
161   -0.509181   -0.510435 6.28233e-05
162   -0.511466   -0.510441 6.27577e-05
163   -0.509267   -0.510434  6.2786e-05
164   -0.512424   -0.510446 6.35707e-05
165   -0.510645   -0.510447 6.31958e-05
166   -0.509566   -0.510442 6.30377e-05
167   -0.510853   -0.510445 6.27073e-05
168   -0.511064   -0.510448 6.24419e-05
169   -0.510998   -0.510451 6.21567e-05
170   -0.510362   -0.510451 6.17922e-05
171   -0.511669   -0.510458 6.18413e-05
172   -0.510133   -0.510456 6.15098e-05
173    -0.50965   -0.510451 6.13307e-05
174   -0.510099   -0.510449 6.10108e-05
175   -0.510043   -0.510447 6.07055e-05
176   -0.512093   -0.510456 6.10796e-05
177   -0.511358   -0.510462 6.09469e-05
178   -0.509781   -0.510458 6.07241e-05
179   -0.509736   -0.510454 6.05184e-05
180   -0.509211   -0.510447 6.05758e-05
181   -0.511005    -0.51045  6.0319e-05
182   -0.510955   -0.510453 6.00509e-05
183   -0.510885   -0.510455 5.97685e-05
184   -0.511438    -0.51046 5.96826e-05
185   -0.510587   -0.510461 5.93631e-05
186    -0.51031    -0.51046 5.90486e-05
187   -0.511891   -0.510468 5.92284e-05
188   -0.509941   -0.510465 5.89792e-05
189   -0.511019   -0.510468 5.87395e-05
190   -0.510691   -0.510469 5.84413e-05
191   -0.511021   -0.510472 5.82062e-05
192   -0.510638   -0.510473 5.79087e-05
193   -0.508699   -0.510464 5.83364e-05
194    -0.50976    -0.51046 5.81482e-05
195   -0.509219   -0.510454 5.81982e-05
196    -0.51123   -0.510458 5.80359e-05
197    -0.51051   -0.510458 5.77412e-05
198       -0.51   -0.510456 5.74954e-05
199   -0.510424   -0.510456  5.7206e-05
200   -0.508557   -0.510446 5.77055e-05
