69.5611           0
70.8343     1.27328
73.17     2.44859
74.9234     2.46422
75.4553      1.9815
75.9673     1.69697
76.464     1.51777
76.622     1.32389
77.1628     1.28672
77.3453     1.16527
77.4775     1.06228
77.1966      1.0096
77.2429    0.929854
77.2361    0.860904
77.8234    0.993562
78.0143    0.948796
78.0613    0.892479
77.8793    0.860902
77.8921    0.814434
78.0345    0.785656
78.192    0.763707
78.383    0.752799
78.5055    0.729691
78.6673    0.717123
78.5243    0.702567
78.5475    0.675405
78.3508    0.679041
78.5296    0.678332
78.5081    0.654876
78.5478    0.633918
78.5325     0.61332
78.5706    0.595068
78.4866     0.58284
78.6143     0.57968
78.6435    0.563631
78.6895     0.54968
78.8463    0.557139
78.874    0.542983
78.9863    0.540682
78.9911    0.527013
78.9379     0.51675
78.927    0.504413
78.9205    0.492587
78.8122    0.493284
78.8336    0.482671
78.8114    0.472586
78.8486    0.463923
78.8187    0.455139
78.8381    0.446177
78.9061    0.442409
78.8962    0.433759
78.9684    0.431409
79.0068    0.424937
78.9089    0.428345
78.9107    0.420489
79.0283     0.42934
79.0268    0.421743
79.0695      0.4166
79.1264    0.413406
79.1434    0.406815
79.1796     0.40172
79.1705    0.395292
79.1628    0.389043
79.1929    0.384099
79.2089    0.378482
79.2692    0.377538
79.2905    0.372472
79.2907    0.366954
79.2694    0.362222
79.1854     0.36675
79.1285    0.366006
79.21    0.369984
79.2241     0.36515
79.281    0.364661
79.3229    0.362199
79.2933    0.358632
79.3263    0.355481
79.3434    0.351312
79.2784     0.35287
79.2513    0.349487
79.2289    0.345872
79.1924    0.343567
79.2107    0.339892
79.1434    0.342491
79.141    0.338446
79.1603    0.335044
79.2031    0.333921
79.231    0.331278
79.2558    0.328476
79.2539    0.324812
79.2587    0.321259
79.2595    0.317749
79.2572    0.314322
79.1858    0.319051
79.1905    0.315711
79.24    0.316296
79.2236    0.313449
79.2345    0.310428
79.2322    0.307284
79.2545    0.305008
79.288    0.303824
79.2598    0.302147
79.2958    0.301358
79.3067    0.298645
79.317    0.295968
79.2828    0.295153
79.2577    0.293462
79.2911    0.292647
79.2815    0.290107
79.2987    0.287971
79.3161    0.285895
79.3343    0.283912
79.3719    0.283898
79.3856    0.281728
79.387    0.279271
79.3885    0.276857
79.3796    0.274622
79.3985    0.272937
79.436    0.273223
79.4285    0.271041
79.4475    0.269461
79.4728    0.268438
79.421    0.271235
79.4005    0.269819
79.3926    0.267768
79.4391    0.269668
79.4519    0.267841
79.4208    0.267548
79.4021    0.266122
79.3826    0.264789
79.4209    0.265531
79.4268    0.263577
79.4308    0.261619
79.4333    0.259671
79.4362    0.257757
79.4654    0.257516
79.4376    0.257137
79.449    0.255522
79.41    0.256654
79.4129     0.25483
79.4315    0.253698
79.4259    0.251968
79.4135    0.250506
79.4208    0.248867
79.3959    0.248394
79.4066    0.246918
79.4061    0.245233
79.3763    0.245392
79.365    0.244001
79.3702    0.242425
79.3238    0.245235
79.3238    0.243616
79.3417    0.242682
79.3119     0.24294
79.3064    0.241431
79.3292    0.240963
79.3136    0.239931
79.3145    0.238409
79.3169    0.236916
79.2878    0.237216
79.291    0.235759
79.3237    0.236577
79.3513    0.236735
79.3604    0.235461
79.3644    0.234064
79.3677    0.232673
79.3606    0.231383
79.4024     0.23376
79.4063    0.232406
79.4012    0.231091
79.3748    0.231241
79.3801    0.229952
79.3761    0.228653
79.3657    0.227575
79.3635    0.226282
79.3476    0.225554
79.3265     0.22526
79.3066    0.224877
79.3193    0.223975
79.3318    0.223081
79.336    0.221885
79.3109    0.222089
79.2969    0.221312
79.3042    0.220225
79.3113    0.219146
79.2888    0.219118
79.2794    0.218148
79.271    0.217145
79.2674    0.216024
79.2688     0.21489
79.2814    0.214129
79.2844    0.213033
79.2997    0.212472
79.303    0.211399
79.3138    0.210589
79.2703    0.213979
79.2542    0.213499
79.2499    0.212461
79.2331    0.212052
79.2512    0.211759
69.8529           0
70.9794     1.12646
73.2691     2.38035
74.9966     2.41186
75.513     1.93829
76.0182     1.66129
76.507     1.48669
76.6593     1.29648
77.1961     1.26315
77.3747     1.14383
77.5048     1.04277
77.222    0.993038
77.2673    0.914588
77.2591    0.846784
77.8447    0.982036
78.0341    0.937941
78.0811    0.882294
77.8988     0.85159
77.9103    0.805606
78.0516    0.777217
78.2083    0.755709
78.3986    0.745242
78.5202    0.722415
78.6809    0.710089
78.5377    0.695991
78.5603    0.669069
78.363    0.673387
78.5411    0.672898
78.5191    0.649655
78.5584    0.628861
78.5428    0.608439
78.5807    0.590339
78.4959    0.578426
78.623    0.575377
78.652    0.559446
78.6979    0.545618
78.8549    0.553416
78.8824    0.539358
78.9945    0.537166
78.9988    0.523582
78.9455    0.513417
78.9349    0.501157
78.9285    0.489405
78.8203     0.49023
78.8417    0.479689
78.819    0.469693
78.8562    0.461086
78.8261    0.452379
78.8452    0.443463
78.9132    0.439794
78.9034    0.431197
78.9753    0.428906
79.0134    0.422457
78.9155    0.425976
78.9172    0.418163
79.0348     0.42712
79.0331    0.419563
79.0758    0.414468
79.1326    0.411324
79.1495    0.404762
79.1853    0.399683
79.176    0.393293
79.1682     0.38708
79.1983    0.382167
79.2142     0.37658
79.2743    0.375669
79.2956     0.37063
79.2957    0.365139
79.2742    0.360445
79.1902    0.365074
79.1334    0.364347
79.2148    0.368365
79.2289    0.363555
79.2859    0.363114
79.3278    0.360682
79.2981     0.35714
79.3311    0.354009
79.3484     0.34987
79.2832    0.351502
79.2561    0.348141
79.2335    0.344555
79.1971    0.342273
79.2152    0.338611
79.1479    0.341265
79.1455    0.337235
79.1647    0.333842
79.2073    0.332731
79.2353    0.330111
79.26     0.32732
79.2582    0.323668
79.2629    0.320126
79.2634    0.316628
79.261    0.313213
79.1898    0.317956
79.1944    0.314625
79.2438    0.315224
79.2273    0.312389
79.2381    0.309372
79.2358    0.306241
79.258    0.303976
79.2915     0.30281
79.2634    0.301142
79.2994    0.300378
79.3103    0.297676
79.3207     0.29501
79.2865    0.294214
79.2612    0.292547
79.2946    0.291749
79.2851    0.289217
79.3023    0.287094
79.3196    0.285022
79.3379    0.283057
79.3755    0.283048
79.3892    0.280887
79.3906    0.278437
79.3922    0.276031
79.3833    0.273805
79.402     0.27212
79.4395    0.272411
79.4319    0.270238
79.4509    0.268669
79.4761     0.26765
79.4243    0.270469
79.4038    0.269064
79.396    0.267018
79.4424    0.268931
79.4553    0.267117
79.4243    0.266829
79.4056    0.265415
79.3861    0.264085
79.4243    0.264831
79.4302    0.262884
79.4342    0.260931
79.4367    0.258988
79.4396    0.257079
79.4687    0.256839
79.441    0.256464
79.4524    0.254856
79.4134    0.256006
79.4161    0.254186
79.4347    0.253062
79.4291    0.251338
79.4167    0.249882
79.4239    0.248247
79.3991    0.247777
79.4096    0.246301
79.4092     0.24462
79.3793    0.244798
79.368     0.24341
79.3732    0.241837
79.3269    0.244666
79.3269    0.243051
79.3449    0.242124
79.315    0.242391
79.3094    0.240887
79.3323    0.240426
79.3167    0.239399
79.3176    0.237881
79.3199    0.236391
79.2907    0.236706
79.2939    0.235252
79.3266    0.236071
79.3541    0.236225
79.3633    0.234958
79.3673    0.233565
79.3706    0.232177
79.3636     0.23089
79.4053    0.233279
79.4092    0.231926
79.4041    0.230613
79.3777    0.230776
79.3828    0.229487
79.3788    0.228193
79.3682    0.227123
79.3661    0.225831
79.3501    0.225108
79.3291     0.22482
79.3092    0.224436
79.3219    0.223537
79.3344    0.222643
79.3386    0.221449
79.3134     0.22166
79.2994    0.220888
79.3066    0.219802
79.3137    0.218727
79.2912    0.218709
79.2818    0.217741
79.2733    0.216745
79.2697    0.215627
79.271    0.214493
79.2835    0.213733
79.2866    0.212639
79.3018     0.21208
79.3051    0.211009
79.3159    0.210202
79.2724    0.213603
79.2563    0.213123
79.252    0.212088
79.2352    0.211684
79.2532    0.211388
