1     0.44137     0.44137           0
2    0.445034    0.443202  0.00183219
3    0.434277    0.440227  0.00315739
4    0.429761     0.43761  0.00343953
5    0.431577    0.436404  0.00292476
6    0.428919    0.435156  0.00269427
7    0.421094    0.433147  0.00303654
8    0.445394    0.434678  0.00304286
9    0.430844    0.434252  0.00271715
10    0.425698    0.433397  0.00257646
11    0.422103     0.43237  0.00254661
12    0.425793    0.431822  0.00238848
13    0.417061    0.430687  0.00247313
14    0.432668    0.430828  0.00229405
15    0.417841    0.429962  0.00230448
16    0.430856    0.430018  0.00215636
17    0.421718     0.42953  0.00208357
18    0.446525    0.430474  0.00217953
19    0.431169    0.430511  0.00206196
20    0.433986    0.430684  0.00196385
21    0.431095    0.430704  0.00186809
22    0.436532    0.430969  0.00180075
23    0.418742    0.430437  0.00180093
24    0.431501    0.430482  0.00172483
25    0.440507    0.430883   0.0017023
26    0.430643    0.430873  0.00163555
27    0.428699    0.430793  0.00157586
28    0.428666    0.430717  0.00152044
29     0.43782    0.430962  0.00148738
30    0.425086    0.430766  0.00145023
31    0.408324    0.430042  0.00157848
32    0.412374     0.42949  0.00162503
33    0.445863    0.429986  0.00165132
34    0.420282    0.429701  0.00162724
35    0.416346    0.429319  0.00162549
36    0.419266     0.42904  0.00160418
37    0.444916    0.429469  0.00161815
38    0.423396    0.429309  0.00158308
39    0.462918    0.430171  0.00176642
40    0.405138    0.429545  0.00183191
41    0.433537    0.429642  0.00178932
42    0.431598    0.429689  0.00174682
43    0.435129    0.429816  0.00171039
44     0.41731    0.429531  0.00169507
45    0.409704    0.429091  0.00171455
46    0.437405    0.429271  0.00168658
47    0.412242    0.428909  0.00168961
48    0.433123    0.428997  0.00165636
49    0.429287    0.429003  0.00162222
50    0.426401    0.428951  0.00159029
51    0.429371    0.428959  0.00155882
52    0.436737    0.429109  0.00153585
53    0.428064    0.429089  0.00150672
54    0.423348    0.428983  0.00148238
55    0.400232     0.42846  0.00154621
56    0.454827    0.428931  0.00158968
57    0.429022    0.428932  0.00156154
58     0.43861    0.429099  0.00154343
59    0.433539    0.429174  0.00151891
60    0.421764    0.429051  0.00149848
61    0.434763    0.429145  0.00147668
62    0.441244     0.42934  0.00146572
63    0.415069    0.429113  0.00145995
64    0.436821    0.429234  0.00144199
65    0.438584    0.429377   0.0014269
66    0.439095    0.429525  0.00141281
67    0.422467    0.429419  0.00139554
68    0.411309    0.429153  0.00140043
69    0.439126    0.429298  0.00138753
70    0.435936    0.429392  0.00137085
71    0.445085    0.429613  0.00136936
72    0.429737    0.429615  0.00135021
73     0.43381    0.429673  0.00133282
74    0.431903    0.429703  0.00131503
75    0.441166    0.429856  0.00130635
76     0.39004    0.429332  0.00139144
77    0.403843    0.429001  0.00141258
78     0.41018    0.428759  0.00141508
79    0.433503    0.428819  0.00139834
80    0.442718    0.428993  0.00139164
81    0.425932    0.428955  0.00137487
82    0.413461    0.428766  0.00137108
83    0.435627    0.428849  0.00135698
84     0.42621    0.428818   0.0013411
85    0.431044    0.428844  0.00132549
86    0.444826     0.42903   0.0013231
87    0.431655     0.42906  0.00130815
88      0.4532    0.429334  0.00132197
89    0.410461    0.429122  0.00132413
90    0.428102    0.429111  0.00130938
91    0.440742    0.429239  0.00130121
92    0.420047    0.429139  0.00129086
93     0.44577    0.429318  0.00128936
94    0.432634    0.429353  0.00127606
95     0.43065    0.429366  0.00126263
96    0.430231    0.429375  0.00124944
97    0.426136    0.429342  0.00123694
98     0.43439    0.429394  0.00122534
99    0.439006    0.429491  0.00121678
100    0.423017    0.429426  0.00120629
101    0.416178    0.429295  0.00120147
102     0.43331    0.429334  0.00119028
103    0.429028    0.429331  0.00117867
104    0.420619    0.429247  0.00117029
105    0.426341     0.42922  0.00115942
106    0.432402     0.42925  0.00114882
107    0.429788    0.429255  0.00113804
108    0.427045    0.429234  0.00112764
109    0.411698    0.429073  0.00112877
110    0.435308     0.42913   0.0011199
111    0.418443    0.429034  0.00111393
112     0.41164    0.428879  0.00111481
113    0.452013    0.429083  0.00112371
114     0.44833    0.429252  0.00112653
115    0.424508    0.429211  0.00111746
116    0.445758    0.429353  0.00111693
117     0.45017    0.429531  0.00112154
118    0.443124    0.429647  0.00111795
119    0.426905    0.429624  0.00110875
120    0.425188    0.429587   0.0011001
121    0.391704    0.429274    0.001135
122    0.428724    0.429269  0.00112567
123    0.417566    0.429174  0.00112053
124     0.43637    0.429232  0.00111297
125    0.420373    0.429161   0.0011063
126    0.432063    0.429184  0.00109773
127    0.421416    0.429123  0.00109077
128    0.430765    0.429136  0.00108229
129    0.441581    0.429232  0.00107819
130    0.435777    0.429283  0.00107105
131    0.433967    0.429318  0.00106344
132    0.439937    0.429399  0.00105841
133    0.444943    0.429516  0.00105691
134    0.405456    0.429336  0.00106425
135    0.424071    0.429297  0.00105705
136    0.448807    0.429441  0.00105901
137    0.436372    0.429491  0.00105247
138    0.413077    0.429372  0.00105157
139    0.432029    0.429391  0.00104415
140    0.434619    0.429429  0.00103734
141    0.428089    0.429419     0.00103
142    0.421965    0.429367  0.00102406
143    0.441337     0.42945  0.00102032
144    0.426824    0.429432  0.00101337
145    0.420388     0.42937  0.00100829
146    0.420311    0.429308  0.00100328
147    0.415166    0.429211  0.00100106
148    0.438295    0.429273 0.000996169
149    0.439566    0.429342 0.000991869
150    0.407827    0.429199  0.00099562
151    0.434611    0.429234 0.000989654
152    0.430733    0.429244 0.000983171
153    0.431564    0.429259 0.000976842
154    0.420012    0.429199 0.000972334
155    0.449786    0.429332 0.000975128
156    0.438352     0.42939 0.000970581
157    0.431359    0.429403  0.00096446
158    0.420305    0.429345 0.000960065
159    0.439096    0.429406 0.000955977
160    0.451133    0.429542  0.00095964
161     0.41556    0.429455 0.000957607
162    0.431531    0.429468 0.000951764
163    0.410743    0.429353 0.000952857
164     0.42411    0.429321 0.000947568
165     0.42233    0.429279  0.00094276
166     0.42315    0.429242 0.000937791
167    0.437283     0.42929 0.000933402
168    0.419756    0.429233 0.000929563
169    0.430966    0.429244 0.000924103
170    0.419688    0.429187 0.000920369
171    0.417584    0.429119 0.000917483
172    0.412843    0.429025 0.000917029
173    0.421421    0.428981 0.000912771
174    0.427163     0.42897 0.000907571
175    0.434212       0.429 0.000902867
176    0.451592    0.429129 0.000906853
177    0.423413    0.429096 0.000902293
178    0.434604    0.429127 0.000897742
179    0.437094    0.429172 0.000893822
180    0.420185    0.429122 0.000890244
181    0.445289    0.429211 0.000889806
182    0.433102    0.429233 0.000885161
183    0.433775    0.429258 0.000880661
184    0.420634    0.429211 0.000877115
185    0.429289    0.429211 0.000872361
186    0.412026    0.429119 0.000872564
187    0.445216    0.429205 0.000872143
188    0.421714    0.429165 0.000868407
189    0.426641    0.429152 0.000863903
190    0.431654    0.429165 0.000859445
191    0.426285     0.42915 0.000855066
192    0.435419    0.429182 0.000851228
193    0.438551    0.429231 0.000848196
194    0.442239    0.429298 0.000846472
195    0.428663    0.429295 0.000842126
196    0.425185    0.429274 0.000838081
197    0.433027    0.429293 0.000834034
198    0.432888    0.429311  0.00083001
199     0.43854    0.429357 0.000827129
200    0.429367    0.429357 0.000822983
1    0.441236    0.441236           0
2    0.445829    0.443532  0.00229654
3    0.435648    0.440904  0.00294378
4    0.431116    0.438457  0.00321268
5    0.432664    0.437298  0.00274504
6    0.427826     0.43572  0.00274153
7    0.422361    0.433811  0.00300178
8    0.446513    0.435399  0.00304611
9    0.429394    0.434732  0.00276803
10    0.424034    0.433662  0.00269704
11    0.422471    0.432645  0.00264321
12     0.42628    0.432114  0.00247051
13    0.416494    0.430913  0.00257064
14    0.434342    0.431158  0.00239252
15    0.416814    0.430201  0.00242391
16    0.430829    0.430241   0.0022677
17    0.421685    0.429737  0.00218878
18     0.44557    0.430617  0.00224324
19    0.431055     0.43064  0.00212202
20    0.435165    0.430866   0.0020258
21     0.43025    0.430837  0.00192714
22    0.437386    0.431134  0.00186142
23    0.419675    0.430636  0.00184711
24    0.428714    0.430556  0.00177028
25    0.439439    0.430911  0.00173477
26     0.43188    0.430949  0.00166713
27    0.429689    0.430902  0.00160488
28    0.429755    0.430861  0.00154704
29    0.438487    0.431124  0.00151572
30    0.423818    0.430881  0.00148444
31    0.407245    0.430118  0.00162564
32    0.410908    0.429518  0.00168462
33    0.446231    0.430024  0.00170952
34    0.421396     0.42977  0.00167778
35    0.416644    0.429395  0.00167175
36    0.417407    0.429062  0.00165842
37    0.443307    0.429447  0.00165829
38    0.421953     0.42925  0.00162606
39    0.465322    0.430175  0.00183411
40    0.406162    0.429575  0.00188578
41    0.435418    0.429717  0.00184473
42    0.430758    0.429742  0.00180044
43    0.436881    0.429908  0.00176589
44    0.415297    0.429576  0.00175696
45    0.409458    0.429129  0.00177471
46    0.438836     0.42934  0.00174848
47    0.409853    0.428925   0.0017604
48    0.434428     0.42904  0.00172714
49    0.428118    0.429021  0.00169163
50    0.424548    0.428932  0.00165986
51    0.428154    0.428916  0.00162706
52    0.436567    0.429064  0.00160224
53    0.428391    0.429051  0.00157177
54    0.421596    0.428913  0.00154855
55    0.401044    0.428406  0.00160236
56    0.453177    0.428848  0.00163448
57    0.429481     0.42886  0.00160559
58    0.439806    0.429048  0.00158891
59     0.43514    0.429152  0.00156516
60    0.423823    0.429063  0.00154141
61      0.4335    0.429135  0.00151768
62    0.439013    0.429295  0.00150147
63    0.415684    0.429079  0.00149316
64    0.438964    0.429233  0.00147774
65    0.436811     0.42935  0.00145949
66      0.4376    0.429475  0.00144263
67    0.422662    0.429373  0.00142457
68    0.412974    0.429132  0.00142403
69    0.438709    0.429271  0.00141009
70    0.432772    0.429321   0.0013907
71    0.447745     0.42958  0.00139532
72    0.428365    0.429563  0.00137591
73    0.433072    0.429611  0.00135778
74     0.43086    0.429628  0.00133941
75    0.442743    0.429803  0.00133295
76    0.390813     0.42929  0.00141181
77    0.405201    0.428977  0.00142804
78    0.411161    0.428749    0.001428
79    0.431071    0.428778  0.00141011
80    0.443371    0.428961  0.00140427
81    0.424759    0.428909   0.0013878
82    0.412827    0.428713  0.00138473
83    0.436877    0.428811  0.00137148
84    0.425748    0.428775  0.00135554
85    0.430473    0.428795  0.00133965
86    0.443683    0.428968  0.00133525
87    0.431335    0.428995  0.00132009
88    0.450978    0.429245   0.0013287
89    0.411892     0.42905  0.00132807
90    0.429701    0.429057  0.00131326
91     0.43964    0.429173  0.00130394
92    0.420904    0.429083  0.00129282
93    0.445169    0.429256  0.00129049
94    0.432168    0.429287  0.00127706
95    0.431944    0.429315  0.00126385
96     0.43002    0.429323  0.00125064
97    0.427159      0.4293  0.00123788
98    0.434699    0.429355  0.00122642
99     0.43825    0.429445  0.00121729
100    0.425411    0.429405  0.00120573
101    0.415602    0.429268  0.00120153
102    0.435995    0.429334  0.00119152
103    0.429303    0.429334   0.0011799
104    0.421974    0.429263  0.00117064
105    0.426175    0.429234  0.00115981
106    0.431683    0.429257  0.00114905
107    0.430538    0.429269  0.00113832
108    0.427144    0.429249   0.0011279
109    0.409989    0.429072  0.00113139
110    0.435588    0.429132  0.00112262
111    0.419376    0.429044  0.00111593
112    0.410304    0.428876  0.00111851
113    0.453117    0.429091  0.00112913
114    0.447513    0.429253  0.00113079
115    0.423547    0.429203  0.00112201
116    0.448253    0.429367  0.00112435
117    0.451312    0.429555  0.00113037
118    0.443493    0.429673  0.00112696
119    0.428641    0.429664  0.00111748
120    0.425272    0.429628  0.00110873
121    0.393284    0.429327  0.00113982
122    0.428568    0.429321  0.00113045
123    0.417409    0.429224   0.0011254
124    0.435883    0.429278  0.00111758
125    0.418547    0.429192  0.00111192
126    0.433161    0.429224  0.00110351
127    0.421326    0.429161  0.00109655
128    0.428427    0.429156  0.00108797
129    0.441483    0.429251  0.00108372
130    0.435531    0.429299  0.00107644
131    0.433172    0.429329   0.0010686
132    0.441266    0.429419  0.00106432
133    0.443494    0.429525  0.00106157
134    0.407434     0.42936  0.00106644
135    0.423773    0.429319  0.00105932
136    0.449803     0.42947  0.00106224
137    0.435939    0.429517  0.00105551
138    0.413328      0.4294  0.00105438
139    0.429623    0.429401  0.00104677
140    0.435474    0.429445  0.00104017
141    0.427532    0.429431  0.00103286
142    0.421255    0.429373  0.00102717
143    0.439761    0.429446  0.00102255
144    0.426428    0.429425  0.00101564
145    0.420288    0.429362  0.00101057
146    0.418988    0.429291  0.00100614
147    0.415484    0.429197  0.00100368
148    0.440141    0.429271 0.000999612
149    0.439507     0.42934 0.000995254
150    0.409909     0.42921 0.000997048
151    0.432442    0.429232 0.000990654
152    0.429933    0.429236 0.000984126
153    0.434486    0.429271 0.000978275
154    0.422816    0.429229 0.000972805
155    0.450506    0.429366 0.000976208
156    0.439168    0.429429 0.000971964
157    0.430931    0.429438   0.0009658
158    0.421946    0.429391 0.000960839
159    0.440601    0.429461 0.000957376
160    0.450597    0.429593 0.000960501
161     0.41399    0.429497 0.000959425
162    0.431282    0.429508 0.000953547
163    0.410667    0.429392 0.000954703
164    0.425854     0.42937 0.000949109
165    0.423371    0.429334 0.000944039
166    0.423223    0.429297 0.000939057
167    0.435744    0.429336 0.000934215
168    0.419188    0.429275   0.0009306
169     0.43141    0.429288 0.000925163
170    0.421415    0.429242 0.000920871
171    0.420224    0.429189 0.000916987
172    0.411681    0.429087 0.000917305
173    0.420687    0.429039 0.000913279
174    0.426261    0.429023 0.000908156
175    0.434867    0.429056 0.000903569
176    0.453358    0.429194 0.000908969
177    0.423302    0.429161 0.000904432
178    0.433803    0.429187 0.000899714
179    0.436914     0.42923 0.000895714
180     0.41778    0.429167 0.000892993
181    0.447308    0.429267 0.000893684
182    0.434576    0.429296 0.000889239
183    0.432438    0.429313 0.000884533
184     0.42194    0.429273 0.000880625
185    0.430809    0.429281 0.000875891
186    0.411306    0.429185 0.000876513
187    0.445912    0.429274 0.000876391
188    0.421875    0.429235 0.000872604
189    0.425022    0.429212 0.000868261
190    0.432525     0.42923 0.000863855
191    0.425449     0.42921 0.000859549
192    0.434231    0.429236  0.00085546
193    0.438992    0.429287 0.000852516
194    0.443615    0.429361 0.000851319
195    0.427488    0.429351 0.000846997
196    0.426719    0.429338 0.000842771
197     0.43192    0.429351 0.000838585
198    0.433239     0.42937  0.00083457
199    0.438104    0.429414 0.000831524
200    0.427453    0.429404 0.000827415
