1    0.234639    0.234639           0
2    0.232592    0.233616  0.00102364
3     0.23593    0.234387 0.000971919
4    0.234108    0.234318 0.000690776
5    0.234414    0.234337 0.000535422
6    0.234579    0.234377 0.000439035
7     0.23198    0.234035 0.000504914
8    0.234124    0.234046 0.000437411
9    0.235905    0.234253 0.000437578
10    0.234849    0.234312 0.000395905
11    0.236602    0.234521 0.000414226
12    0.235265    0.234583  0.00038319
13    0.235166    0.234627 0.000355334
14    0.236659    0.234773 0.000359559
15     0.23362    0.234696 0.000343434
16     0.23574    0.234761 0.000327809
17    0.230873    0.234532 0.000383575
18    0.235301    0.234575 0.000364148
19     0.23605    0.234653 0.000353088
20    0.236643    0.234752 0.000349434
21    0.237737    0.234894 0.000361495
22    0.234764    0.234888 0.000344723
23     0.23666    0.234965 0.000338285
24    0.233376    0.234899 0.000330584
25    0.238613    0.235048 0.000350168
26    0.238257    0.235171 0.000358366
27    0.232867    0.235086 0.000355239
28    0.234839    0.235077 0.000342431
29    0.235737      0.2351 0.000331194
30    0.233556    0.235048 0.000324072
31    0.228998    0.234853 0.000369237
32    0.234591    0.234845 0.000357606
33    0.236047    0.234881  0.00034851
34    0.234895    0.234882 0.000338105
35     0.23048    0.234756 0.000351566
36    0.235149    0.234767 0.000341835
37    0.235085    0.234776 0.000332579
38    0.237255    0.234841 0.000330218
39    0.236125    0.234874 0.000323321
40    0.233341    0.234835 0.000317455
41    0.232794    0.234786 0.000313592
42    0.236935    0.234837 0.000310284
43     0.23591    0.234862 0.000304009
44    0.233617    0.234833 0.000298363
45    0.235218    0.234842 0.000291782
46    0.235452    0.234855 0.000285676
47    0.233887    0.234835  0.00028029
48    0.235876    0.234856 0.000275245
49    0.232564     0.23481   0.0002736
50     0.23506    0.234815 0.000268119
51    0.232863    0.234776 0.000265579
52    0.234682    0.234774 0.000260428
53    0.235753    0.234793 0.000256134
54    0.232809    0.234756 0.000254017
55    0.234038    0.234743 0.000249698
56    0.234849    0.234745 0.000245206
57    0.233931    0.234731 0.000241289
58    0.234556    0.234728 0.000237111
59    0.230918    0.234663 0.000241839
60    0.235498    0.234677 0.000238181
61    0.232627    0.234643 0.000236643
62    0.233902    0.234632 0.000233102
63    0.231529    0.234582   0.0002346
64    0.236018    0.234605 0.000231992
65     0.23474    0.234607 0.000228405
66    0.233178    0.234585 0.000225958
67    0.232354    0.234552 0.000225038
68    0.230982    0.234499 0.000227833
69    0.236414    0.234527 0.000226215
70    0.233676    0.234515 0.000223291
71     0.23649    0.234543 0.000221875
72    0.236281    0.234567   0.0002201
73    0.233855    0.234557 0.000217283
74    0.232795    0.234533 0.000215646
75     0.23558    0.234547 0.000213208
76    0.236789    0.234577 0.000212441
77    0.233759    0.234566 0.000209933
78    0.233019    0.234546 0.000208172
79    0.232681    0.234523 0.000206871
80    0.236158    0.234543 0.000205289
81    0.233506     0.23453 0.000203143
82    0.234724    0.234533 0.000200664
83    0.237417    0.234567 0.000201255
84     0.23478     0.23457 0.000198861
85    0.235404     0.23458 0.000196752
86    0.236162    0.234598  0.00019532
87    0.235837    0.234612 0.000193586
88    0.234333    0.234609 0.000191399
89    0.233057    0.234592 0.000190039
90    0.235575    0.234603 0.000188232
91     0.23529     0.23461 0.000186306
92    0.235206    0.234617 0.000184383
93    0.236532    0.234637 0.000183548
94    0.232578    0.234615 0.000182902
95    0.234379    0.234613 0.000180983
96    0.235096    0.234618 0.000179159
97    0.235092    0.234623 0.000177369
98     0.23493    0.234626 0.000175578
99    0.234196    0.234622  0.00017385
100    0.233858    0.234614 0.000172272
101    0.236024    0.234628 0.000171128
102    0.234266    0.234624 0.000169479
103    0.233873    0.234617 0.000167984
104    0.234834    0.234619 0.000166374
105     0.23405    0.234614 0.000164871
106    0.233584    0.234604 0.000163597
107    0.233942    0.234598 0.000162179
108    0.234237    0.234595 0.000160705
109    0.234443    0.234593  0.00015923
110    0.236012    0.234606 0.000158303
111     0.23541    0.234613 0.000157037
112    0.233984    0.234608  0.00015573
113    0.235625    0.234617 0.000154608
114    0.235525    0.234625 0.000153453
115    0.231605    0.234598 0.000154363
116    0.233213    0.234586 0.000153493
117    0.234809    0.234588 0.000152187
118    0.234755     0.23459 0.000150898
119     0.23177    0.234566 0.000151489
120    0.234663    0.234567 0.000150224
121    0.237342     0.23459 0.000150732
122    0.232604    0.234574 0.000150375
123    0.234999    0.234577 0.000149188
124    0.234794    0.234579  0.00014799
125    0.235175    0.234584 0.000146879
126    0.236334    0.234597 0.000146369
127    0.235163    0.234602  0.00014528
128    0.233617    0.234594 0.000144346
129    0.230583    0.234563 0.000146559
130    0.233106    0.234552 0.000145859
131    0.232608    0.234537   0.0001455
132    0.232665    0.234523 0.000145088
133    0.235655    0.234531 0.000144245
134    0.235461    0.234538 0.000143332
135    0.235097    0.234542 0.000142327
136    0.235154    0.234547 0.000141348
137    0.232431    0.234531  0.00014116
138    0.237031     0.23455 0.000141299
139    0.237373     0.23457 0.000141742
140    0.235309    0.234575 0.000140825
141    0.236478    0.234589 0.000140473
142    0.236207      0.2346 0.000139945
143    0.237043    0.234617 0.000140009
144    0.233316    0.234608 0.000139327
145    0.232719    0.234595 0.000138974
146    0.232718    0.234582 0.000138617
147    0.231228    0.234559 0.000139549
148     0.23366    0.234553 0.000138736
149    0.236055    0.234563 0.000138169
150    0.235196    0.234568  0.00013731
151    0.233307    0.234559 0.000136653
152    0.234625     0.23456 0.000135752
153    0.233334    0.234552 0.000135099
154    0.232343    0.234537 0.000134984
155    0.236177    0.234548 0.000134527
156    0.236881    0.234563 0.000134496
157    0.232946    0.234553 0.000134033
158    0.237503    0.234571 0.000134484
159    0.233938    0.234567 0.000133695
160    0.236415    0.234579 0.000133358
161    0.232862    0.234568 0.000132955
162    0.234319    0.234567 0.000132141
163    0.235998    0.234575 0.000131621
164     0.23248    0.234563 0.000131438
165    0.232495     0.23455 0.000131239
166    0.236594    0.234562 0.000131026
167    0.229599    0.234533 0.000133587
168    0.235456    0.234538 0.000132903
169    0.231077    0.234518 0.000133692
170    0.234468    0.234517 0.000132904
171    0.236196    0.234527 0.000132488
172    0.236188    0.234537 0.000132069
173    0.235799    0.234544 0.000131506
174    0.235076    0.234547 0.000130784
175      0.2345    0.234547 0.000130034
176    0.232707    0.234537 0.000129716
177    0.233078    0.234528 0.000129244
178    0.233884    0.234525 0.000128567
179    0.233871    0.234521 0.000127898
180    0.236708    0.234533 0.000127765
181    0.234378    0.234532  0.00012706
182    0.232651    0.234522 0.000126782
183    0.232041    0.234508 0.000126814
184    0.234196    0.234507 0.000126134
185     0.23544    0.234512 0.000125552
186    0.237481    0.234528 0.000125892
187    0.237306    0.234543 0.000126095
188    0.232883    0.234534 0.000125733
189     0.23387     0.23453 0.000125115
190    0.234942    0.234532 0.000124474
191    0.234624    0.234533 0.000123821
192    0.231301    0.234516 0.000124319
193    0.234368    0.234515 0.000123676
194     0.23441    0.234515 0.000123038
195     0.23338    0.234509 0.000122544
196    0.237864    0.234526 0.000123113
197    0.237195     0.23454 0.000123234
198    0.232733     0.23453 0.000122949
199    0.234347     0.23453 0.000122333
200     0.23407    0.234527 0.000121741
1    0.233039    0.233039           0
2    0.236012    0.234525  0.00148653
3    0.235137    0.234729 0.000882138
4    0.233881    0.234517 0.000658811
5    0.234795    0.234573 0.000513328
6    0.238336      0.2352 0.000754334
7      0.2313    0.234643 0.000846684
8    0.233829    0.234541 0.000740279
9    0.233893    0.234469 0.000656829
10    0.237727    0.234795 0.000671785
11    0.236371    0.234938 0.000624326
12    0.234828    0.234929 0.000570003
13    0.232315    0.234728 0.000561555
14     0.23632    0.234842 0.000532189
15    0.232406    0.234679 0.000521368
16    0.233356    0.234597 0.000494655
17    0.233843    0.234552 0.000466754
18    0.234042    0.234524 0.000440971
19    0.235691    0.234585 0.000421616
20    0.236985    0.234705 0.000417593
21    0.236459    0.234789 0.000405896
22    0.232012    0.234663 0.000407063
23    0.235517      0.2347  0.00039073
24    0.233497     0.23465 0.000377436
25    0.235654     0.23469 0.000364245
26    0.236224    0.234749 0.000354893
27    0.233537    0.234704 0.000344433
28    0.234659    0.234702 0.000331908
29    0.235431    0.234727 0.000321242
30    0.232151    0.234642 0.000322014
31    0.232647    0.234577 0.000318029
32    0.234336     0.23457 0.000308023
33    0.235601    0.234601 0.000300173
34    0.235701    0.234633 0.000293004
35    0.231579    0.234546 0.000297588
36     0.23402    0.234531 0.000289572
37    0.237951    0.234624 0.000296418
38    0.234888    0.234631 0.000288596
39    0.233447      0.2346 0.000282734
40    0.232123    0.234539 0.000282448
41    0.235896    0.234572 0.000277455
42    0.235513    0.234594 0.000271694
43    0.236895    0.234648 0.000270643
44    0.235655     0.23467 0.000265411
45     0.23508     0.23468 0.000259605
46    0.235823    0.234704 0.000255112
47    0.234227    0.234694 0.000249831
48    0.235767    0.234717 0.000245591
49    0.233307    0.234688  0.00024224
50    0.234699    0.234688 0.000237346
51    0.232996    0.234655 0.000234998
52    0.236928    0.234699 0.000234546
53    0.235157    0.234707  0.00023024
54    0.232261    0.234662 0.000230433
55    0.232148    0.234616 0.000230776
56    0.236238    0.234645  0.00022846
57     0.23526    0.234656 0.000224675
58    0.233724     0.23464  0.00022135
59    0.234505    0.234638 0.000217578
60    0.234043    0.234628 0.000214151
61    0.234553    0.234627 0.000210614
62    0.234026    0.234617 0.000207415
63    0.232606    0.234585 0.000206578
64    0.236038    0.234608 0.000204588
65    0.235413     0.23462 0.000201797
66    0.233688    0.234606 0.000199217
67    0.232562    0.234575 0.000198579
68     0.23328    0.234556 0.000196562
69    0.235208    0.234566 0.000193922
70    0.234214    0.234561 0.000191198
71    0.235307    0.234571 0.000188778
72    0.234599    0.234572 0.000186138
73    0.233516    0.234557 0.000184139
74     0.23415    0.234552 0.000181717
75    0.233471    0.234537 0.000179856
76    0.235258    0.234547 0.000177726
77     0.23433    0.234544 0.000175426
78    0.235384    0.234555 0.000173497
79    0.234364    0.234552 0.000171304
80    0.236094    0.234572 0.000170243
81    0.231973     0.23454 0.000171161
82    0.236638    0.234565 0.000170986
83    0.235227    0.234573 0.000169102
84    0.235998     0.23459 0.000167936
85    0.235064    0.234596 0.000166042
86       0.237    0.234624 0.000166464
87    0.234772    0.234625 0.000164548
88    0.234902    0.234628 0.000162698
89    0.233645    0.234617 0.000161239
90    0.236184    0.234635 0.000160384
91    0.234088    0.234629 0.000158725
92    0.235678     0.23464 0.000157404
93    0.236683    0.234662 0.000157244
94    0.234394    0.234659 0.000155588
95    0.237758    0.234692 0.000157359
96    0.235094    0.234696 0.000155767
97    0.234944    0.234699 0.000154174
98    0.234719    0.234699 0.000152593
99    0.236559    0.234718 0.000152208
100    0.233255    0.234703 0.000151386
101    0.235254    0.234708 0.000149979
102    0.234852     0.23471 0.000148508
103    0.234912    0.234712 0.000147073
104     0.23665     0.23473 0.000146839
105    0.233862    0.234722 0.000145669
106    0.236253    0.234737 0.000145009
107    0.234538    0.234735  0.00014366
108     0.23189    0.234708  0.00014474
109    0.235943     0.23472 0.000143853
110    0.233106    0.234705 0.000143292
111    0.234268    0.234701  0.00014205
112    0.234383    0.234698 0.000140805
113    0.237048    0.234719 0.000141093
114    0.233316    0.234707 0.000140391
115    0.230997    0.234675 0.000142855
116    0.236019    0.234686 0.000142092
117    0.234164    0.234682 0.000140943
118    0.233304     0.23467 0.000140231
119    0.235744    0.234679 0.000139339
120    0.233829    0.234672 0.000138355
121    0.235563    0.234679 0.000137404
122    0.235699    0.234688 0.000136529
123    0.236522    0.234703 0.000136233
124     0.23377    0.234695 0.000135339
125    0.237716    0.234719 0.000136409
126    0.236972    0.234737 0.000136498
127    0.235411    0.234742 0.000135523
128    0.234732    0.234742  0.00013446
129    0.232082    0.234722 0.000134999
130     0.23491    0.234723 0.000133964
131    0.232865    0.234709 0.000133692
132    0.232229     0.23469 0.000133999
133    0.235505    0.234696 0.000133128
134    0.237444    0.234717 0.000133713
135    0.235093     0.23472 0.000132748
136    0.235185    0.234723 0.000131813
137    0.233051    0.234711 0.000131415
138    0.236313    0.234722 0.000130975
139    0.235246    0.234726 0.000130084
140    0.232005    0.234707 0.000130606
141    0.234155    0.234703 0.000129735
142    0.234832    0.234704 0.000128822
143    0.236168    0.234714 0.000128327
144    0.233108    0.234703  0.00012792
145    0.233802    0.234697 0.000127186
146    0.234427    0.234695 0.000126326
147    0.231163    0.234671 0.000127743
148    0.234639    0.234671 0.000126878
149     0.23683    0.234685 0.000126854
150    0.234163    0.234682 0.000126053
151    0.234561    0.234681 0.000125218
152     0.23596    0.234689 0.000124676
153    0.236064    0.234698 0.000124184
154    0.234516    0.234697 0.000123381
155    0.234849    0.234698 0.000122586
156    0.236221    0.234708 0.000122188
157    0.236887    0.234722 0.000122199
158    0.237026    0.234736 0.000122296
159    0.234173    0.234733 0.000121576
160     0.23636    0.234743 0.000121241
161    0.235387    0.234747 0.000120552
162    0.234317    0.234744 0.000119835
163    0.234047     0.23474 0.000119174
164    0.231798    0.234722 0.000119796
165    0.231641    0.234703 0.000120523
166    0.239484    0.234732 0.000123209
167    0.231048     0.23471  0.00012444
168    0.233351    0.234702 0.000123961
169    0.233375    0.234694 0.000123476
170    0.235116    0.234697 0.000122772
171    0.235775    0.234703 0.000122215
172    0.236839    0.234715 0.000122136
173     0.23577    0.234721 0.000121581
174    0.234775    0.234722  0.00012088
175    0.233569    0.234715 0.000120368
176    0.235212    0.234718 0.000119715
177    0.233973    0.234714 0.000119111
178    0.234696    0.234714  0.00011844
179    0.234145     0.23471  0.00011782
180    0.234652     0.23471 0.000117164
181    0.235631    0.234715 0.000116626
182    0.232341    0.234702 0.000116715
183     0.23503    0.234704 0.000116089
184    0.234324    0.234702 0.000115475
185    0.236799    0.234713 0.000115407
186    0.238176    0.234732 0.000116285
187    0.234206    0.234729 0.000115696
188    0.234743    0.234729 0.000115079
189    0.234106    0.234726 0.000114516
190     0.23736     0.23474 0.000114752
191    0.235055    0.234741 0.000114162
192    0.231639    0.234725  0.00011471
193    0.234883    0.234726 0.000114117
194    0.236738    0.234736    0.000114
195    0.235875    0.234742 0.000113564
196    0.236936    0.234753 0.000113536
197    0.236183    0.234761 0.000113191
198    0.233492    0.234754   0.0001128
199    0.233394    0.234747  0.00011244
200    0.235687    0.234752 0.000111975
