1     1.94224   0.0388448           0
2     2.39052   0.0433276   0.0044828
3     2.00624     0.04226  0.00279969
4     1.81576   0.0407738  0.00247546
5     2.04652   0.0408051  0.00191774
6     1.88624   0.0402917  0.00164784
7     1.95416   0.0401191  0.00140334
8      2.1056   0.0403682   0.0012406
9      2.2622     0.04091  0.00122089
10     2.24884   0.0413166  0.00116527
11     2.14044   0.0414523  0.00106272
12     2.37884   0.0419627  0.00109618
13     1.85408   0.0415872  0.00107598
14     2.15476   0.0416949  0.00100197
15      2.4334   0.0421598   0.0010422
16     2.38496    0.042506  0.00103454
17     2.14076   0.0425242 0.000971955
18     2.24712   0.0426585 0.000926163
19     2.06024    0.042582 0.000879398
20       2.305   0.0427579 0.000852612
21     2.25804   0.0428723 0.000819028
22     2.38264   0.0430896  0.00081058
23     2.58864   0.0434672 0.000861646
24     2.34484   0.0436101 0.000837249
25     2.38932   0.0437771 0.000820252
26     2.05452   0.0436738 0.000794819
27     2.07928   0.0435964 0.000768715
28     1.81488   0.0433358  0.00078528
29      2.4328   0.0435192  0.00077961
30     2.18152   0.0435229 0.000753184
31     2.49808   0.0437306 0.000757513
32     2.26272   0.0437782 0.000735003
33     1.96836   0.0436446 0.000724814
34     2.26992   0.0436962 0.000705062
35     2.18576   0.0436967 0.000684622
36     2.07352   0.0436349 0.000668201
37     2.10608    0.043594 0.000651176
38     2.00192   0.0435004 0.000640677
39     2.36468   0.0435977 0.000631568
40     1.99804   0.0435067 0.000622254
41     2.14336   0.0434911 0.000607088
42     2.18376   0.0434955 0.000592474
43     2.17584    0.043496 0.000578531
44     2.19084   0.0435033 0.000565277
45     2.08076   0.0434614 0.000554163
46     2.14996   0.0434513 0.000542075
47     2.03328    0.043392 0.000533718
48     2.18684   0.0433992  0.00052253
49     1.93056   0.0433015    0.000521
50      1.7914    0.043152 0.000531907
51     2.15156   0.0431497 0.000521378
52     1.94404   0.0430676 0.000517802
53     2.35864    0.043145 0.000513811
54     2.20124   0.0431613 0.000504469
55      2.0108   0.0431078 0.000498099
56      2.1404   0.0431024 0.000489153
57     2.21344   0.0431229  0.00048093
58     2.12348   0.0431116   0.0004727
59     2.37544   0.0431861 0.000470558
60     1.77636   0.0430585 0.000479936
61     2.17848   0.0430669 0.000472077
62     2.15548   0.0430676 0.000464401
63     1.82456   0.0429632 0.000468741
64     1.94244   0.0428989 0.000465816
65     2.12216   0.0428919 0.000458647
66     2.10052   0.0428785 0.000451842
67     2.10956   0.0428683 0.000445165
68      2.1464   0.0428691 0.000438571
69     1.97964   0.0428217 0.000434769
70     2.19168   0.0428361 0.000428756
71     2.15896   0.0428409 0.000422702
72     2.19844   0.0428566 0.000417084
73     2.05668    0.042833 0.000412008
74     2.01296   0.0427982 0.000407887
75     2.13012   0.0427956 0.000402421
76      2.0932   0.0427834  0.00039728
77     1.94908    0.042734 0.000395183
78      2.1156   0.0427286 0.000390121
79     2.09556   0.0427182  0.00038529
80     2.38968   0.0427817 0.000385697
81     2.05096   0.0427599 0.000381526
82      2.1186   0.0427552 0.000376874
83     1.81684   0.0426779 0.000380252
84     2.01648   0.0426499 0.000376737
85     2.25072   0.0426777 0.000373316
86     1.98424   0.0426429 0.000370587
87     2.27656   0.0426761 0.000367804
88     2.15104     0.04268 0.000363622
89     2.24128   0.0427041  0.00036032
90     1.87684   0.0426467 0.000360891
91     2.12112   0.0426443 0.000356911
92     2.10792    0.042639  0.00035305
93     2.03228   0.0426175  0.00034989
94     1.86128   0.0425602 0.000350869
95     2.08784   0.0425517 0.000347259
96     2.01916   0.0425291 0.000344364
97      2.2094   0.0425462 0.000341224
98     2.20544   0.0425622   0.0003381
99      1.9558   0.0425274 0.000336473
100     2.06004   0.0425141 0.000333356
101     2.04384   0.0424979 0.000330436
102       2.309    0.042534 0.000329166
103     2.30568   0.0425687 0.000327802
104     2.28008   0.0425979 0.000325942
105     2.00868   0.0425748 0.000323648
106     2.19768   0.0425878 0.000320844
107     2.07928   0.0425785 0.000317969
108     2.10256   0.0425736 0.000315049
109     2.08388   0.0425654 0.000312253
110       2.014   0.0425446 0.000310098
111     2.01288    0.042524 0.000307982
112     2.00836   0.0425029 0.000305944
113      1.9506    0.042472 0.000304794
114     2.13288   0.0424737 0.000302113
115     1.94692   0.0424429 0.000301048
116     1.98408   0.0424191  0.00029939
117      2.1414   0.0424226  0.00029684
118     2.25896    0.042446  0.00029524
119      2.0314   0.0424307 0.000293147
120     2.04844   0.0424185 0.000290949
121     1.80832   0.0423668 0.000293124
122      2.1924    0.042379 0.000290965
123      1.7338   0.0423164 0.000295307
124     2.34424   0.0423532 0.000295223
125     2.26756   0.0423772 0.000293832
126      2.0834   0.0423716 0.000291545
127     2.20372    0.042385 0.000289551
128     2.04776   0.0423738 0.000287497
129      2.0446   0.0423623 0.000285491
130      2.0604   0.0423534 0.000283426
131     2.45212   0.0424045 0.000285851
132     2.01604   0.0423887 0.000284116
133     2.37628   0.0424273 0.000284605
134     2.11692   0.0424267 0.000282474
135     2.42836   0.0424722 0.000284039
136     1.77028   0.0424202 0.000286691
137     2.17176   0.0424276 0.000284687
138     2.06292   0.0424191 0.000282743
139      2.3566    0.042453 0.000282742
140     2.42424   0.0424961 0.000284002
141     2.07192   0.0424886 0.000282081
142     2.24744   0.0425059 0.000280623
143     2.01912   0.0424911 0.000279049
144     1.99028   0.0424724 0.000277731
145     1.81468   0.0424298 0.000279081
146     2.16728   0.0424361 0.000277234
147     2.21516   0.0424488 0.000275635
148      1.6904   0.0423904 0.000279922
149     2.21844   0.0424037 0.000278354
150     2.37288   0.0424374 0.000278537
151     1.81844   0.0423972  0.00027959
152     1.96648    0.042377 0.000278477
153     2.44384   0.0424195 0.000279894
154      2.1302   0.0424207 0.000278073
155     1.68772   0.0423648 0.000281874
156     2.21084   0.0423767 0.000280313
157     2.20696   0.0423879 0.000278748
158      2.0612   0.0423805 0.000277076
159     1.95736   0.0423602 0.000276077
160     2.13896   0.0423628 0.000274359
161     1.96984   0.0423444 0.000273271
162     2.43724   0.0423839 0.000274438
163     2.30084   0.0424062 0.000273658
164     2.22156   0.0424185 0.000272265
165     2.19268   0.0424272 0.000270749
166     1.96452   0.0424083 0.000269776
167     1.89848   0.0423817  0.00026947
168     2.28748   0.0424018  0.00026861
169     2.35572   0.0424297 0.000268468
170     2.19136   0.0424379 0.000267011
171     1.93316   0.0424158 0.000266361
172     2.01008    0.042403  0.00026512
173     2.17128   0.0424089  0.00026365
174     2.11736   0.0424085  0.00026213
175     1.88196   0.0423813 0.000262049
176     1.80688   0.0423458  0.00026296
177      2.0134    0.042334 0.000261733
178     2.25456   0.0423495 0.000260719
179     2.25684   0.0423651 0.000259726
180     2.01848    0.042354 0.000258517
181     1.97144   0.0423379 0.000257592
182     2.05096   0.0423306 0.000256275
183     2.15068   0.0423343 0.000254898
184     1.82092   0.0423022  0.00025554
185     2.07772   0.0422981 0.000254187
186      2.2558   0.0423133  0.00025327
187     2.09968   0.0423116 0.000251918
188      1.9616   0.0422952 0.000251109
189     2.36392   0.0423216 0.000251165
190     1.97888   0.0423071 0.000250257
191      2.0266   0.0422978 0.000249116
192     1.87976   0.0422733 0.000249023
193     2.05304   0.0422671 0.000247809
194     2.03508    0.042259  0.00024666
195     2.16384   0.0422642 0.000245448
196     2.14964   0.0422679  0.00024422
197     1.77964    0.042234 0.000245329
198      2.2512   0.0422481 0.000244493
199     2.15356   0.0422523 0.000243296
200     2.04124   0.0422451 0.000242182
1     2.00628   0.0401256           0
2     2.41232    0.044186   0.0040604
3     2.03376   0.0430157  0.00262014
4     1.83984    0.041461  0.00241863
5     2.07456    0.041467  0.00187347
6     1.86732   0.0407803  0.00167678
7      1.9506   0.0405277  0.00143948
8      2.0792   0.0406597   0.0012536
9     2.24628   0.0411337  0.00120289
10     2.23968   0.0414997  0.00113644
11      2.1502   0.0416364  0.00103701
12      2.3678   0.0421131  0.00105987
13     1.81136   0.0416603  0.00107494
14      2.1252   0.0417206 0.000997027
15      2.4482   0.0422035  0.00104628
16      2.4048   0.0425717  0.00104571
17     2.12252   0.0425646 0.000982297
18     2.29396   0.0427488 0.000944248
19     2.06796   0.0426756 0.000896158
20     2.31552   0.0428574 0.000869378
21     2.25612   0.0429652 0.000833948
22     2.39552     0.04319   0.0008263
23     2.59316   0.0435671 0.000874986
24     2.34096   0.0437026 0.000848624
25      2.4024   0.0438764 0.000832323
26     2.07056   0.0437816 0.000805272
27     2.09852   0.0437145 0.000777771
28     1.80168   0.0434402 0.000798104
29     2.37788   0.0435822  0.00078307
30     2.18804   0.0435881 0.000756541
31     2.46628   0.0437732 0.000754773
32     2.24308   0.0438072 0.000731597
33     1.96592   0.0436712  0.00072201
34     2.25244   0.0437117 0.000701624
35     2.14496   0.0436885 0.000681678
36     2.07176   0.0436259 0.000665422
37     2.08348    0.043573 0.000649344
38     1.99084   0.0434742 0.000639708
39      2.3426   0.0435608  0.00062908
40       2.024   0.0434838  0.00061797
41     2.14388    0.043469 0.000602891
42     2.16824   0.0434665 0.000588366
43     2.19352   0.0434759 0.000574597
44      2.1916    0.043484 0.000561444
45     2.08448   0.0434441 0.000550273
46        2.16   0.0434388 0.000538204
47     2.02648   0.0433769 0.000530253
48       2.185   0.0433837 0.000519132
49      1.9244   0.0432837 0.000518151
50     1.80624   0.0431406 0.000527486
51     2.12972   0.0431299 0.000517151
52     1.95224   0.0430513 0.000513157
53     2.40104   0.0431451  0.00051204
54     2.19148   0.0431577 0.000502628
55      2.0078   0.0431032 0.000496414
56      2.1464      0.0431 0.000487479
57     2.18008   0.0431088 0.000478931
58     2.12056   0.0430968 0.000470755
59     2.34472   0.0431612 0.000467163
60     1.76484   0.0430301 0.000477647
61      2.1994   0.0430458 0.000470014
62      2.1538   0.0430463 0.000462371
63     1.80836   0.0429371 0.000467892
64     1.94452   0.0428739 0.000464843
65     2.12612   0.0428685 0.000457668
66     2.05112   0.0428405 0.000451547
67     2.12752   0.0428362 0.000444778
68     2.10344   0.0428249 0.000438334
69     1.98936   0.0427808 0.000434172
70     2.18876   0.0427951  0.00042816
71     2.16016   0.0428008 0.000422126
72     2.20912     0.04282 0.000416664
73     2.06848   0.0428001 0.000411397
74     1.98236   0.0427575  0.00040803
75     2.15224   0.0427613 0.000402571
76     2.06532   0.0427422 0.000397699
77      1.9582   0.0426957 0.000395242
78     2.09832   0.0426864 0.000390254
79     2.05448   0.0426662 0.000385812
80     2.37672    0.042727 0.000385788
81     2.06308   0.0427089 0.000381425
82     2.15128   0.0427128 0.000376765
83     1.81388   0.0426353 0.000380187
84     2.00752   0.0426057 0.000376797
85     2.26196   0.0426367 0.000373625
86     2.01412   0.0426093 0.000370268
87     2.23396   0.0426331  0.00036676
88     2.13036   0.0426328 0.000362568
89     2.25336   0.0426601 0.000359513
90     1.89976   0.0426083 0.000359255
91     2.13176   0.0426086 0.000355285
92     2.10296   0.0426026 0.000351453
93     2.04996   0.0425854 0.000348081
94     1.86668   0.0425295 0.000348861
95     2.11112   0.0425263 0.000345184
96     2.00168   0.0425003 0.000342555
97     2.17616   0.0425109 0.000339169
98     2.21592   0.0425293 0.000336197
99     1.96876   0.0424974 0.000334305
100     2.07108   0.0424867  0.00033112
101     2.05424   0.0424728 0.000328119
102      2.3158   0.0425105 0.000327064
103     2.30896   0.0425461 0.000325825
104     2.31324   0.0425819 0.000324652
105     2.03116   0.0425632 0.000322086
106     2.23484   0.0425833 0.000319667
107     2.05724   0.0425699 0.000316951
108     2.09236   0.0425632 0.000314074
109     2.07944   0.0425543 0.000311308
110     2.02028   0.0425347 0.000309082
111     2.04432   0.0425199 0.000306645
112      1.9598   0.0424902  0.00030534
113      1.9558   0.0424603 0.000304096
114     2.13604   0.0424626 0.000301425
115     1.92668   0.0424285  0.00030074
116     1.96632   0.0424017 0.000299333
117     2.12968   0.0424034 0.000296768
118     2.25296   0.0424259 0.000295102
119     2.01904   0.0424087 0.000293115
120      2.0396   0.0423952 0.000290975
121     1.80184   0.0423427 0.000293306
122     2.21536   0.0423588 0.000291337
123     1.71528   0.0422933 0.000296283
124      2.3648   0.0423336  0.00029664
125     2.27264   0.0423586 0.000295314
126     2.08304    0.042353 0.000293013
127     2.19224   0.0423648 0.000290934
128      2.0526   0.0423545 0.000288834
129     2.03296   0.0423414 0.000286888
130     2.04024   0.0423296 0.000284918
131     2.44792   0.0423802 0.000287227
132     2.01688   0.0423647 0.000285462
133     2.38872   0.0424054 0.000286213
134     2.10048   0.0424024 0.000284084
135     2.40648   0.0424448 0.000285145
136     1.78716   0.0423956 0.000287298
137      2.1992   0.0424072 0.000285429
138     2.07928   0.0424012 0.000283416
139     2.38452   0.0424393 0.000283931
140     2.42192   0.0424821 0.000285134
141     2.07368    0.042475 0.000283195
142       2.253   0.0424932 0.000281782
143     2.04812   0.0424825 0.000280009
144     1.98356   0.0424629 0.000278742
145     1.78712   0.0424166 0.000280667
146     2.18436   0.0424253 0.000278874
147      2.2306   0.0424402 0.000277369
148     1.71208   0.0423848 0.000281003
149      2.1948   0.0423949 0.000279295
150     2.39012    0.042431 0.000279759
151     1.81168   0.0423899 0.000280915
152     1.94816   0.0423674 0.000279969
153     2.45032   0.0424108 0.000281498
154        2.09   0.0424068 0.000279692
155     1.70748   0.0423535 0.000282942
156     2.20184   0.0423643  0.00028133
157     2.18148   0.0423724 0.000279648
158      2.0796   0.0423674 0.000277917
159     1.96192   0.0423478 0.000276863
160     2.14092   0.0423507 0.000275143
161      1.9866   0.0423344 0.000273912
162     2.45204   0.0423758 0.000275346
163      2.2894   0.0423968 0.000274451
164       2.238   0.0424112 0.000273153
165     2.15396   0.0424152 0.000271523
166     1.96724   0.0423967 0.000270515
167     1.88476   0.0423686  0.00027036
168     2.27448   0.0423872 0.000269387
169     2.36464   0.0424162 0.000269357
170     2.19688   0.0424251 0.000267918
171      1.9394   0.0424039 0.000267194
172     1.99136   0.0423889 0.000266058
173      2.1832   0.0423963 0.000264618
174     2.15224      0.0424  0.00026312
175      1.9046   0.0423754 0.000262767
176     1.82392   0.0423419  0.00026341
177     2.01544   0.0423304 0.000262169
178      2.2458   0.0423449 0.000261097
179      2.2646   0.0423614 0.000260155
180     2.02988   0.0423516 0.000258891
181       1.994   0.0423379 0.000257819
182     2.08112    0.042334 0.000256429
183     2.17228   0.0423401 0.000255096
184     1.82944   0.0423088 0.000255624
185      2.0498   0.0423017 0.000254337
186     2.23096   0.0423142 0.000253273
187      2.0888   0.0423113 0.000251931
188     1.95544   0.0422942 0.000251166
189      2.3032   0.0423142 0.000250628
190      2.0044   0.0423025 0.000249581
191     2.02016   0.0422925  0.00024847
192     1.85328   0.0422653 0.000248667
193     2.05456   0.0422592  0.00024745
194     2.03684   0.0422514 0.000246296
195     2.14452   0.0422547 0.000245052
196     2.16532     0.04226 0.000243858
197     1.77624   0.0422258 0.000245014
198      2.2602   0.0422409 0.000244237
199     2.17504   0.0422472 0.000243089
200        2.05    0.042241 0.000241951
