1     1.89716   0.0379432           0
2     1.50344    0.034006   0.0039372
3      1.5724   0.0331533   0.0024278
4     1.82888   0.0340094  0.00191832
5     1.51928   0.0332846  0.00165326
6      1.5796   0.0330025  0.00137904
7      1.8066   0.0334496   0.0012483
8     1.48692   0.0329857  0.00117639
9     1.30832    0.032228  0.00128471
10     1.61596   0.0322371  0.00114911
11      1.5006   0.0320348  0.00105891
12     1.49548   0.0318577 0.000982742
13     1.44296   0.0316271 0.000932953
14      1.4872   0.0314926 0.000874157
15     1.47784   0.0313635 0.000823965
16     1.65384   0.0314706 0.000778151
17      1.5716   0.0314683 0.000730949
18        1.81   0.0317312 0.000737579
19     1.77144   0.0319258 0.000724314
20     1.63048     0.03196 0.000687994
21     1.45232   0.0318213 0.000668959
22        1.44   0.0316839 0.000652444
23     1.50108   0.0316117 0.000627607
24     1.54284   0.0315802 0.000601711
25     1.60124    0.031598 0.000577415
26      1.5202   0.0315521  0.00055666
27     1.56068   0.0315395 0.000535793
28     1.27584   0.0313244 0.000559317
29     1.51028   0.0312858 0.000541063
30     1.70956   0.0313827 0.000531612
31     1.57072   0.0313837 0.000514178
32     1.82524   0.0315437  0.00052294
33      1.4202   0.0314486 0.000515699
34     1.34664   0.0313158 0.000517631
35     1.52608   0.0312931 0.000503136
36     1.64332   0.0313368 0.000490909
37     1.88612   0.0315094 0.000507691
38     1.64116    0.031544 0.000495359
39     1.51688    0.031513 0.000483481
40     1.50964     0.03148 0.000472393
41     1.49204     0.03144 0.000462459
42     1.75556   0.0315274   0.0004597
43     1.45516   0.0314711 0.000452409
44     1.65028   0.0315059 0.000443381
45     1.50952   0.0314767 0.000434401
46     1.76088    0.031558 0.000432566
47      1.6908   0.0316061  0.00042598
48     1.55092   0.0315938  0.00041719
49     1.46628   0.0315475 0.000411201
50     1.64232   0.0315735  0.00040373
51     1.68924   0.0316169 0.000398103
52      1.5676   0.0316118 0.000390405
53     1.68928   0.0316528 0.000385158
54     1.76936    0.031722 0.000384233
55     1.69392   0.0317612 0.000379215
56     1.61016   0.0317691 0.000372465
57     1.37292   0.0316934 0.000373606
58     1.66024   0.0317195 0.000368032
59      1.8284   0.0318017 0.000370957
60     1.63028   0.0318151 0.000364968
61     1.62824   0.0318274 0.000359146
62     1.32496   0.0317414 0.000363607
63     1.56152   0.0317333 0.000357881
64      1.5388   0.0317184 0.000352562
65     1.63468   0.0317334  0.00034742
66     1.63688   0.0317486 0.000342454
67     1.55044   0.0317375 0.000337484
68        1.49    0.031709 0.000333703
69     1.73856   0.0317534 0.000331812
70     1.23048   0.0316514 0.000342591
71     1.71636    0.031689 0.000339828
72     1.54716   0.0316787 0.000335235
73     1.61672   0.0316877 0.000330733
74     1.59612   0.0316908 0.000326248
75     1.71104   0.0317246 0.000323632
76     1.82896   0.0317885 0.000325671
77     1.79864   0.0318428 0.000325975
78     1.66216   0.0318607 0.000322269
79     1.65372   0.0318761 0.000318534
80     1.82424   0.0319337  0.00031976
81     1.36016   0.0318753 0.000321142
82     1.81068   0.0319282 0.000321584
83     1.69652   0.0319523   0.0003186
84     1.33408   0.0318896 0.000320977
85       1.476   0.0318617 0.000318401
86      1.7466   0.0318974 0.000316696
87     1.80396   0.0319455 0.000316703
88     1.48632   0.0319203 0.000314098
89     1.68212   0.0319396 0.000311151
90     1.73196   0.0319696 0.000309133
91     1.36228   0.0319177 0.000310093
92     1.89624    0.031983 0.000313577
93       1.726   0.0320103 0.000311384
94     1.74968    0.032042 0.000309684
95     1.55088   0.0320312 0.000306597
96     1.83616   0.0320801 0.000307298
97     1.70296   0.0321005 0.000304797
98      1.4552   0.0320699 0.000303217
99     1.61608   0.0320725 0.000300149
100      1.5332   0.0320584 0.000297466
101     1.75176   0.0320879 0.000295977
102     1.25112   0.0320186 0.000301136
103     1.48928   0.0319969 0.000298985
104     1.37528   0.0319537 0.000299229
105     1.69328   0.0319719 0.000296924
106     1.45684   0.0319452 0.000295324
107     1.62588   0.0319505 0.000292599
108     1.80128   0.0319883 0.000292323
109     1.61884   0.0319918 0.000289651
110     1.90676   0.0320477 0.000292389
111     1.80888   0.0320849 0.000292122
112     1.86344   0.0321312 0.000293178
113      1.5562   0.0321223 0.000290709
114     1.76436     0.03215 0.000289482
115      1.6762    0.032162 0.000287202
116      1.4318   0.0321316 0.000286334
117     1.76332   0.0321584 0.000285137
118     1.74664   0.0321819 0.000283687
119      1.7296   0.0322021 0.000282021
120      1.7388   0.0322236 0.000280482
121     1.43452   0.0321944 0.000279683
122       1.686   0.0322069 0.000277663
123     1.23308   0.0321455 0.000282145
124      1.7318   0.0321656  0.00028058
125     1.28364   0.0321137 0.000283132
126     1.57808   0.0321093  0.00028091
127     1.66228   0.0321183 0.000278833
128     1.75968   0.0321423 0.000277688
129     1.42908   0.0321147 0.000276906
130     1.43412   0.0320883 0.000276033
131     1.55728   0.0320811 0.000274012
132     1.68664   0.0320936 0.000272216
133      1.5604   0.0320869 0.000270244
134     1.44396    0.032063 0.000269286
135     1.58328   0.0320601   0.0002673
136     1.69152   0.0320731 0.000265646
137     1.61444   0.0320746 0.000263705
138     1.73548   0.0320937 0.000262482
139     1.89416   0.0321354 0.000263894
140     1.47248   0.0321162 0.000262704
141     1.46404   0.0320961 0.000261608
142      1.1426    0.032031 0.000267793
143     1.52468   0.0320202 0.000266131
144     1.64064   0.0320258 0.000264333
145     1.68248   0.0320369 0.000262743
146     1.71344   0.0320522 0.000261384
147     1.88312   0.0320904 0.000262391
148     1.29592   0.0320487 0.000263927
149      1.4518   0.0320285 0.000262928
150       1.262   0.0319832 0.000265062
151       1.651   0.0319901  0.00026339
152     1.57612    0.031987  0.00026167
153     1.89476   0.0320256 0.000262806
154     1.67504   0.0320352  0.00026127
155     1.43032   0.0320131  0.00026052
156     1.42756   0.0319909 0.000259794
157      1.4888   0.0319768 0.000258519
158     1.61708   0.0319791 0.000256888
159      1.8098   0.0320056 0.000256641
160      1.7146   0.0320199 0.000255432
161     1.38684   0.0319933 0.000255231
162     1.44736   0.0319745 0.000254346
163     1.34592   0.0319435 0.000254677
164     1.30488   0.0319078 0.000255617
165     1.52968   0.0318999 0.000254188
166     1.69888   0.0319124 0.000252962
167     1.53988   0.0319057 0.000251531
168     1.60356   0.0319067 0.000250032
169     1.25728   0.0318667 0.000251747
170      1.4316   0.0318477 0.000250984
171     1.51856    0.031839 0.000249661
172     1.82744   0.0318664 0.000249711
173     1.74384   0.0318838 0.000248873
174     1.86016   0.0319144  0.00024932
175     1.32856   0.0318838 0.000249764
176     1.50696   0.0318739 0.000248539
177     1.52072   0.0318657 0.000247268
178     1.56376   0.0318624 0.000245897
179     1.67476   0.0318715  0.00024469
180     1.28748   0.0318375 0.000245692
181       1.366   0.0318125 0.000245602
182     1.73956   0.0318289 0.000244797
183     1.54772   0.0318241 0.000243502
184     1.46536   0.0318104 0.000242561
185     1.46688   0.0317971 0.000241617
186     1.62076   0.0318004 0.000240337
187       1.578   0.0317991 0.000239052
188     1.54256   0.0317941 0.000237831
189     1.59152   0.0317943 0.000236569
190     1.47888   0.0317826  0.00023561
191     1.62592   0.0317864 0.000234404
192     1.79892   0.0318083   0.0002342
193     1.68272   0.0318178  0.00023318
194     1.58728   0.0318175 0.000231975
195       1.554   0.0318137 0.000230813
196     1.58544   0.0318132 0.000229633
197     1.45848   0.0317997 0.000228859
198     1.72104    0.031813 0.000228084
199     1.31244    0.031785 0.000228651
200     1.64108   0.0317902 0.000227564
1      1.8634    0.037268           0
2     1.51104   0.0337444   0.0035236
3     1.58728   0.0330781  0.00214068
4     1.81364   0.0338768  0.00171147
5      1.5178   0.0331726   0.0015011
6      1.5728   0.0328865   0.0012586
7     1.80236   0.0333381  0.00115557
8      1.4612   0.0328238  0.00112515
9      1.2968   0.0320585  0.00125313
10     1.60916    0.032071  0.00112091
11     1.51088   0.0319025   0.0010278
12     1.50244    0.031748 0.000950882
13     1.43776   0.0315178 0.000904473
14     1.48352   0.0313858 0.000847713
15     1.49276   0.0312838 0.000795747
16     1.64472   0.0313845 0.000751129
17     1.57776   0.0313945 0.000705635
18     1.80904   0.0316604 0.000716451
19      1.7728   0.0318602 0.000706525
20     1.62144   0.0318886 0.000670871
21     1.45616   0.0317569 0.000651572
22     1.41196    0.031597 0.000641496
23      1.4952   0.0315234 0.000617375
24     1.53172   0.0314864 0.000592251
25     1.62004   0.0315229 0.000569243
26     1.49648   0.0314617 0.000550334
27     1.56152   0.0314531 0.000529628
28     1.29232   0.0312529 0.000548239
29     1.51428   0.0312195 0.000530047
30      1.6822   0.0313003 0.000518412
31     1.57984   0.0313099 0.000501501
32      1.8172   0.0314672 0.000510424
33     1.42716   0.0313786 0.000502587
34     1.32008   0.0312322 0.000509081
35     1.51676   0.0312066 0.000494986
36     1.64216    0.031252 0.000483183
37     1.86708   0.0314166 0.000497929
38     1.60472   0.0314345 0.000484977
39     1.53464   0.0314154 0.000472761
40     1.52092   0.0313905 0.000461464
41     1.50344   0.0313583 0.000451221
42      1.7466   0.0314434 0.000448492
43      1.4344   0.0313793 0.000442601
44     1.64224   0.0314126 0.000433706
45      1.5238   0.0313918 0.000424469
46     1.73244   0.0314626 0.000421133
47     1.70436   0.0315184 0.000415842
48     1.54028   0.0315036 0.000407358
49     1.44552   0.0314507 0.000402452
50     1.60988   0.0314656 0.000394604
51     1.68192   0.0315082 0.000389129
52      1.5712   0.0315066 0.000381575
53     1.67884   0.0315456 0.000376339
54     1.77972   0.0316206 0.000376838
55      1.6862   0.0316589 0.000371895
56     1.58484   0.0316595 0.000365194
57     1.39596   0.0315939 0.000364682
58     1.66612   0.0316237 0.000359577
59      1.8196   0.0317045 0.000362552
60     1.63028   0.0317196 0.000356775
61      1.6288   0.0317336 0.000351158
62       1.318   0.0316469 0.000356154
63     1.56932   0.0316428  0.00035048
64     1.53584   0.0316283 0.000345263
65      1.6586   0.0316521 0.000340739
66     1.63748   0.0316687 0.000335948
67      1.5572   0.0316609 0.000330989
68     1.47824     0.03163 0.000327539
69     1.71424   0.0316685 0.000325042
70      1.2222   0.0315653 0.000336579
71     1.73448   0.0316093  0.00033471
72     1.54276   0.0315988 0.000330194
73     1.63484   0.0316139 0.000325987
74     1.60636   0.0316208 0.000321626
75     1.72792     0.03166 0.000319717
76     1.81492    0.031721 0.000321332
77     1.80044   0.0317767 0.000321983
78       1.636   0.0317888 0.000318058
79     1.64564    0.031803 0.000314328
80     1.79064   0.0318532 0.000314395
81     1.39476   0.0318043 0.000314311
82      1.8162   0.0318594 0.000315309
83     1.67204   0.0318785  0.00031207
84     1.32212   0.0318137  0.00031505
85     1.49588   0.0317914  0.00031212
86     1.75132   0.0318291 0.000310754
87     1.81136   0.0318796 0.000311294
88     1.50672   0.0318598 0.000308375
89     1.65944   0.0318747 0.000305255
90     1.69764   0.0318978 0.000302727
91     1.36724   0.0318478 0.000303533
92      1.8878    0.031912 0.000307008
93     1.72668   0.0319402 0.000304994
94     1.74088   0.0319708 0.000303281
95      1.5916   0.0319693 0.000300075
96     1.83384   0.0320184 0.000300955
97       1.684   0.0320355 0.000298328
98     1.44196   0.0320029 0.000297064
99     1.61316   0.0320055  0.00029406
100     1.50108   0.0319857  0.00029178
101     1.75768    0.032017 0.000290574
102     1.25088   0.0319484 0.000295782
103     1.49172   0.0319279 0.000293614
104     1.35652   0.0318818 0.000294413
105     1.67196   0.0318966 0.000291973
106     1.46848   0.0318727 0.000290186
107     1.63956   0.0318813  0.00028759
108     1.77976   0.0319157 0.000286982
109     1.58608   0.0319139 0.000284343
110     1.92204   0.0319733 0.000287926
111      1.8188   0.0320129 0.000288064
112     1.84324   0.0320563 0.000288749
113     1.56496   0.0320496  0.00028626
114     1.78268   0.0320812 0.000285494
115     1.68768   0.0320957 0.000283374
116     1.40688   0.0320616 0.000282985
117     1.78044   0.0320919 0.000282189
118     1.72804   0.0321128 0.000280569
119      1.6944   0.0321278 0.000278601
120     1.72088   0.0321468 0.000276928
121      1.4216   0.0321161  0.00027634
122     1.70896    0.032133 0.000274587
123     1.26696   0.0320778  0.00027789
124      1.7444   0.0321005  0.00027657
125     1.28252   0.0320489 0.000279159
126      1.5732   0.0320442 0.000276973
127     1.65612   0.0320527 0.000274915
128     1.75644   0.0320767 0.000273815
129     1.44252   0.0320517 0.000272833
130      1.4444   0.0320274 0.000271818
131     1.55108   0.0320197 0.000269844
132     1.68344   0.0320322 0.000268084
133     1.53552   0.0320223 0.000266246
134      1.4422   0.0319986 0.000265314
135     1.60192   0.0319989 0.000263341
136     1.68052   0.0320107 0.000261666
137     1.58956   0.0320091 0.000259754
138     1.73336   0.0320284 0.000258583
139     1.88188   0.0320687 0.000259869
140     1.48744   0.0320521 0.000258537
141     1.48236   0.0320351 0.000257263
142     1.16824    0.031974 0.000262641
143     1.53448   0.0319651 0.000260953
144       1.673   0.0319754 0.000259342
145     1.65296   0.0319829 0.000257656
146     1.72548   0.0320002 0.000256469
147     1.86836   0.0320367 0.000257322
148     1.29556   0.0319953 0.000258907
149     1.45196   0.0319755 0.000257928
150      1.2682   0.0319314 0.000259966
151      1.6822   0.0319428 0.000258488
152     1.54352   0.0319357 0.000256878
153      1.8954   0.0319747 0.000258162
154     1.64196   0.0319804 0.000256542
155     1.43816   0.0319596 0.000255725
156     1.42664   0.0319376 0.000255028
157     1.47864   0.0319226 0.000253846
158     1.63296   0.0319272 0.000252277
159     1.82968   0.0319566 0.000252398
160     1.69148   0.0319683 0.000251088
161     1.38968   0.0319424 0.000250867
162     1.44108   0.0319231 0.000250057
163     1.35024   0.0318929 0.000250343
164      1.3088   0.0318581 0.000251242
165     1.54888   0.0318527 0.000249772
166     1.67876   0.0318631  0.00024848
167     1.53572   0.0318562 0.000247083
168     1.61576    0.031859 0.000245623
169     1.25736   0.0318192 0.000247374
170     1.43856   0.0318013 0.000246567
171     1.49008   0.0317896   0.0002454
172     1.83584   0.0318183 0.000245645
173     1.75324    0.031837 0.000244941
174     1.86228   0.0318681 0.000245505
175     1.31756   0.0318366 0.000246125
176     1.51268   0.0318276 0.000244888
177     1.53564   0.0318213 0.000243582
178     1.55544   0.0318173 0.000242243
179     1.66916    0.031826 0.000241045
180      1.3106   0.0317948 0.000241722
181     1.38032   0.0317717 0.000241494
182     1.74268   0.0317886  0.00024076
183     1.53208   0.0317824 0.000239523
184     1.46176   0.0317685 0.000238619
185     1.48688   0.0317576  0.00023758
186     1.62524   0.0317616 0.000236333
187      1.5758   0.0317603  0.00023507
188     1.57532   0.0317589  0.00023382
189     1.59924   0.0317601 0.000232582
190      1.4692   0.0317476 0.000231693
191     1.60448   0.0317494 0.000230484
192     1.82396    0.031774   0.0002306
193     1.71312   0.0317869 0.000229764
194     1.58368   0.0317863 0.000228577
195     1.53844   0.0317811 0.000227462
196      1.6076    0.031783 0.000226306
197     1.45368   0.0317693 0.000225574
198     1.69236   0.0317797 0.000224677
199     1.31468   0.0317522 0.000225239
200     1.61276   0.0317547 0.000224124
