1    0.316041    0.316041           0
2    0.311565    0.313803  0.00223777
3    0.318482    0.315363  0.00202538
4    0.317754    0.315961  0.00155195
5    0.317658      0.3163  0.00124917
6    0.316572    0.316346  0.00102095
7     0.31769    0.316538 0.000883983
8    0.314813    0.316322 0.000795336
9    0.319497    0.316675 0.000785123
10    0.320323     0.31704 0.000791329
11    0.318977    0.317216 0.000737137
12    0.316935    0.317192 0.000673316
13    0.315515    0.317063 0.000632658
14     0.31748    0.317093 0.000586484
15    0.321848     0.31741 0.000631349
16     0.32146    0.317663 0.000642542
17    0.317541    0.317656 0.000603605
18    0.313004    0.317398 0.000625018
19     0.31719    0.317387 0.000591308
20    0.316993    0.317367 0.000561309
21     0.31778    0.317387 0.000534273
22    0.317676      0.3174 0.000509579
23    0.315427    0.317314 0.000494415
24    0.319084    0.317388 0.000479077
25     0.31962    0.317477 0.000468107
26    0.320233    0.317583 0.000462061
27    0.320157    0.317678 0.000454722
28    0.312842    0.317506 0.000470993
29    0.319513    0.317575 0.000459703
30    0.313722    0.317446 0.000462312
31     0.31636    0.317411 0.000448521
32    0.318739    0.317453 0.000436255
33    0.317471    0.317453 0.000422828
34    0.320345    0.317539 0.000418928
35    0.313141    0.317413 0.000425748
36    0.316109    0.317377 0.000415336
37    0.314802    0.317307 0.000409906
38    0.320662    0.317395 0.000408624
39    0.320531    0.317476 0.000406048
40    0.318892    0.317511 0.000397346
41    0.317396    0.317508 0.000387544
42    0.322526    0.317628 0.000396622
43    0.320527    0.317695 0.000393112
44    0.318559    0.317715 0.000384575
45    0.314918    0.317653 0.000381036
46    0.321464    0.317736  0.00038176
47    0.313624    0.317648 0.000383657
48    0.319426    0.317685 0.000377401
49    0.316729    0.317666 0.000370133
50    0.317233    0.317657 0.000362758
51    0.318759    0.317679  0.00035623
52    0.316493    0.317656 0.000350055
53    0.323806    0.317772 0.000362464
54    0.316764    0.317753 0.000356178
55    0.319406    0.317783 0.000350932
56    0.321082    0.317842 0.000349607
57    0.315474    0.317801 0.000345923
58    0.316651    0.317781 0.000340484
59    0.322021    0.317853 0.000342294
60    0.318972    0.317871 0.000337057
61    0.319122    0.317892  0.00033212
62    0.315276     0.31785 0.000329433
63     0.31799    0.317852 0.000324169
64    0.320294     0.31789 0.000321337
65    0.319999    0.317922 0.000318015
66     0.31923    0.317942 0.000313786
67    0.314183    0.317886  0.00031412
68    0.317338    0.317878 0.000309571
69    0.311926    0.317792 0.000317014
70    0.318657    0.317804 0.000312697
71    0.319865    0.317833 0.000309624
72    0.323542    0.317912 0.000315421
73    0.313501    0.317852 0.000316886
74    0.318389    0.317859 0.000312658
75    0.316257    0.317838   0.0003092
76    0.316377    0.317819  0.00030571
77    0.318103    0.317822 0.000301736
78    0.319098    0.317839 0.000298291
79    0.315826    0.317813 0.000295592
80    0.316775      0.3178 0.000292162
81    0.318526    0.317809 0.000288672
82    0.318233    0.317814 0.000285176
83    0.317469     0.31781  0.00028175
84    0.316121     0.31779 0.000279101
85    0.320455    0.317821 0.000277575
86    0.323677     0.31789 0.000282652
87    0.318246    0.317894 0.000279414
88    0.318533    0.317901 0.000276316
89    0.322914    0.317957 0.000278941
90    0.317429    0.317951 0.000275887
91    0.316471    0.317935 0.000273323
92      0.3159    0.317913 0.000271239
93     0.32444    0.317983 0.000277334
94    0.321153    0.318017 0.000276433
95    0.322753    0.318067 0.000278013
96    0.315381    0.318039 0.000276521
97    0.320479    0.318064  0.00027481
98    0.322811    0.318112 0.000276271
99     0.31763    0.318108  0.00027351
100    0.320671    0.318133 0.000271971
101    0.321611    0.318168 0.000271458
102    0.317834    0.318164 0.000268803
103    0.316867    0.318152 0.000266479
104    0.317458    0.318145 0.000263988
105    0.318406    0.318148 0.000261474
106    0.319852    0.318164 0.000259494
107    0.318524    0.318167  0.00025708
108    0.318296    0.318168 0.000254691
109    0.315238    0.318141 0.000253772
110     0.31556    0.318118 0.000252547
111    0.316116      0.3181 0.000250911
112    0.318673    0.318105 0.000248713
113    0.320004    0.318122 0.000247074
114    0.320392    0.318142 0.000245706
115    0.314981    0.318114 0.000245106
116    0.320927    0.318138 0.000244191
117    0.319423    0.318149 0.000242344
118    0.320485    0.318169 0.000241095
119    0.316619    0.318156 0.000239415
120    0.317025    0.318147 0.000237599
121     0.31693    0.318137 0.000235841
122    0.318004    0.318136 0.000233903
123    0.315028     0.31811 0.000233365
124    0.322315    0.318144 0.000233947
125    0.317551    0.318139 0.000232116
126    0.317878    0.318137 0.000230276
127    0.315129    0.318114  0.00022968
128     0.31819    0.318114  0.00022788
129     0.31777    0.318112 0.000226122
130    0.319979    0.318126 0.000224835
131    0.318446    0.318128 0.000223126
132    0.323978    0.318173  0.00022582
133    0.316186    0.318158 0.000224613
134     0.31972    0.318169 0.000223235
135    0.318154    0.318169 0.000221576
136    0.320094    0.318183 0.000220395
137    0.312106    0.318139 0.000223233
138     0.31956    0.318149 0.000221848
139    0.316782     0.31814 0.000220466
140    0.319431    0.318149  0.00021908
141    0.317676    0.318145 0.000217546
142    0.321157    0.318167 0.000217047
143    0.324934    0.318214 0.000220659
144    0.317067    0.318206 0.000219266
145    0.320255     0.31822 0.000218206
146    0.320822    0.318238 0.000217438
147    0.317241    0.318231  0.00021606
148    0.315964    0.318216 0.000215141
149    0.318723    0.318219  0.00021372
150    0.315205    0.318199 0.000213239
151     0.31941    0.318207 0.000211974
152     0.31697    0.318199 0.000210732
153    0.320037    0.318211 0.000209695
154    0.318548    0.318213  0.00020834
155    0.315496    0.318196 0.000207733
156    0.317294     0.31819 0.000206478
157     0.32205    0.318215 0.000206626
158    0.322517    0.318242 0.000207112
159    0.319763    0.318251 0.000206028
160    0.318189    0.318251 0.000204736
161    0.317068    0.318244 0.000203593
162    0.320497    0.318257  0.00020281
163    0.320478    0.318271 0.000202022
164    0.312453    0.318236 0.000203896
165     0.31318    0.318205  0.00020496
166    0.319472    0.318213 0.000203864
167    0.317502    0.318208 0.000202685
168    0.318406     0.31821 0.000201478
169    0.314582    0.318188 0.000201429
170    0.313774    0.318162 0.000201917
171    0.315272    0.318145 0.000201443
172    0.320657     0.31816 0.000200801
173    0.320797    0.318175 0.000200218
174     0.32595     0.31822 0.000204017
175    0.316126    0.318208 0.000203201
176    0.317097    0.318201 0.000202142
177    0.321996    0.318223 0.000202136
178      0.3161    0.318211 0.000201351
179    0.317182    0.318205 0.000200305
180    0.319363    0.318212 0.000199293
181    0.316496    0.318202 0.000198416
182    0.315807    0.318189 0.000197761
183    0.318283     0.31819 0.000196678
184    0.314591     0.31817 0.000196582
185    0.319365    0.318176 0.000195623
186    0.318956    0.318181 0.000194613
187     0.31903    0.318185 0.000193623
188    0.320121    0.318195 0.000192865
189     0.31592    0.318183  0.00019222
190    0.314543    0.318164 0.000192163
191    0.320801    0.318178 0.000191652
192    0.315522    0.318164 0.000191152
193      0.3133    0.318139 0.000191822
194    0.319828    0.318148 0.000191029
195    0.316554     0.31814 0.000190223
196    0.319558    0.318147 0.000189388
197    0.316373    0.318138 0.000188639
198    0.319796    0.318146 0.000187871
199    0.320663    0.318159 0.000187352
200    0.320606    0.318171 0.000186814
1     0.31723     0.31723           0
2    0.313178    0.315204  0.00202615
3    0.317769    0.316059  0.00144892
4    0.317999    0.316544  0.00113349
5    0.317544    0.316744 0.000900495
6     0.31946    0.317197 0.000863403
7    0.317545    0.317246 0.000731404
8    0.315286    0.317001 0.000679179
9    0.320421    0.317381  0.00070933
10    0.321585    0.317802 0.000761096
11    0.318227     0.31784 0.000689523
12    0.316259    0.317709 0.000643093
13    0.317479    0.317691 0.000591822
14     0.31571    0.317549  0.00056589
15    0.320474    0.317744 0.000561729
16    0.318752    0.317807 0.000529213
17     0.31854     0.31785 0.000498976
18    0.313821    0.317627 0.000520997
19    0.318615    0.317679 0.000495549
20    0.318282    0.317709 0.000471087
21    0.320397    0.317837 0.000466021
22    0.316962    0.317797 0.000446109
23    0.316635    0.317747 0.000429255
24    0.320535    0.317863  0.00042709
25    0.319773    0.317939  0.00041672
26    0.319967    0.318017 0.000407898
27    0.317817     0.31801  0.00039257
28    0.314238    0.317875 0.000401562
29    0.320137    0.317953 0.000395238
30    0.314025    0.317822 0.000403659
31     0.31817    0.317833 0.000390583
32    0.317202    0.317814 0.000378694
33    0.321921    0.317938 0.000387572
34     0.31886    0.317965 0.000376977
35     0.31525    0.317888 0.000374178
36     0.31738    0.317874 0.000363909
37    0.317204    0.317855 0.000354399
38    0.319534      0.3179 0.000347764
39    0.319045    0.317929     0.00034
40    0.320278    0.317988 0.000336553
41    0.315831    0.317935 0.000332429
42    0.323058    0.318057 0.000346589
43    0.322253    0.318155 0.000352219
44    0.318939    0.318172 0.000344583
45    0.316609    0.318138 0.000338626
46    0.320966    0.318199 0.000336839
47    0.317165    0.318177 0.000330328
48    0.320559    0.318227 0.000327158
49    0.315725    0.318176 0.000324454
50    0.315754    0.318127 0.000321566
51    0.318834    0.318141 0.000315502
52    0.315164    0.318084 0.000314629
53    0.322051    0.318159 0.000317581
54    0.321587    0.318222 0.000318045
55    0.322148    0.318294 0.000320266
56    0.322868    0.318375 0.000324928
57    0.316195    0.318337  0.00032146
58    0.317181    0.318317 0.000316497
59    0.323886    0.318412 0.000325091
60    0.321334     0.31846 0.000323316
61    0.318836    0.318466 0.000318031
62     0.31489    0.318409 0.000318133
63    0.318205    0.318405  0.00031306
64    0.318388    0.318405 0.000308129
65    0.322131    0.318463 0.000308719
66    0.317467    0.318447 0.000304379
67    0.313298    0.318371 0.000309497
68    0.318319     0.31837 0.000304913
69    0.311523    0.318271 0.000316421
70    0.320173    0.318298  0.00031305
71    0.322159    0.318352 0.000313366
72    0.320207    0.318378 0.000310055
73    0.316213    0.318348 0.000307213
74    0.317821    0.318341 0.000303117
75    0.318391    0.318342 0.000299048
76    0.317415     0.31833 0.000295339
77    0.320679     0.31836 0.000293071
78     0.31995     0.31838 0.000290007
79    0.318389    0.318381 0.000286312
80    0.319458    0.318394 0.000283031
81    0.319972    0.318414 0.000280193
82    0.318822    0.318419   0.0002768
83    0.317175    0.318404 0.000273854
84    0.318079      0.3184 0.000270602
85    0.318839    0.318405 0.000267449
86    0.322167    0.318449 0.000267916
87     0.31758    0.318439 0.000265007
88     0.31914    0.318447 0.000262099
89    0.319799    0.318462 0.000259583
90    0.317602    0.318452  0.00025686
91    0.318338    0.318451 0.000254025
92    0.315095    0.318414 0.000253882
93    0.325146    0.318487 0.000261359
94    0.321361    0.318517 0.000260366
95     0.32153    0.318549 0.000259556
96    0.315303    0.318515 0.000259053
97     0.31693    0.318499 0.000256889
98    0.321778    0.318532 0.000256447
99    0.316443    0.318511 0.000254719
100      0.3187    0.318513 0.000252166
101    0.321072    0.318539 0.000250939
102    0.315951    0.318513 0.000249758
103    0.315286    0.318482 0.000249299
104    0.318806    0.318485  0.00024691
105    0.319816    0.318498 0.000244875
106    0.317733     0.31849 0.000242662
107    0.321806    0.318521 0.000242372
108    0.318196    0.318518 0.000240137
109    0.316411    0.318499 0.000238707
110    0.316871    0.318484  0.00023699
111    0.316309    0.318465 0.000235661
112    0.320598    0.318484 0.000234323
113    0.320464    0.318501 0.000232901
114    0.320335    0.318517 0.000231408
115    0.314118    0.318479 0.000232555
116    0.321696    0.318507 0.000232203
117    0.319475    0.318515 0.000230359
118     0.32014    0.318529 0.000228813
119    0.317136    0.318517 0.000227184
120     0.31615    0.318497 0.000226145
121    0.316934    0.318485  0.00022464
122    0.319062    0.318489 0.000222841
123    0.314976    0.318461  0.00022286
124    0.320787    0.318479  0.00022185
125    0.317819    0.318474 0.000220132
126    0.315701    0.318452 0.000219484
127    0.317062    0.318441 0.000218024
128     0.32014    0.318455 0.000216721
129    0.319328    0.318461 0.000215141
130    0.318875    0.318464 0.000213503
131    0.322525    0.318495 0.000214123
132    0.323859    0.318536 0.000216344
133       0.315     0.31851 0.000216351
134    0.319346    0.318516 0.000214821
135     0.31718    0.318506 0.000213454
136    0.316193    0.318489  0.00021256
137    0.313122     0.31845 0.000214609
138    0.319723    0.318459 0.000213248
139    0.319001    0.318463 0.000211744
140    0.316653     0.31845 0.000210623
141    0.317369    0.318442 0.000209264
142    0.319135    0.318447 0.000207842
143    0.323785    0.318484 0.000209733
144     0.31567    0.318465 0.000209186
145    0.320168    0.318477  0.00020807
146    0.319441    0.318483 0.000206746
147    0.316245    0.318468 0.000205898
148    0.317756    0.318463 0.000204559
149    0.317722    0.318458 0.000203242
150    0.315291    0.318437 0.000202983
151    0.319777    0.318446  0.00020183
152    0.319678    0.318454 0.000200661
153    0.320107    0.318465 0.000199638
154    0.319001    0.318468 0.000198368
155     0.31776    0.318464 0.000197137
156    0.316282     0.31845 0.000196367
157    0.323606    0.318483 0.000197857
158    0.324045    0.318518 0.000199728
159     0.31744    0.318511 0.000198584
160    0.319894     0.31852 0.000197528
161    0.319766    0.318527  0.00019645
162    0.318376    0.318527 0.000195236
163    0.318574    0.318527 0.000194035
164    0.311994    0.318487 0.000196919
165    0.315611     0.31847 0.000196496
166    0.320425    0.318481 0.000195664
167    0.318357    0.318481  0.00019449
168    0.316768     0.31847 0.000193598
169    0.315153    0.318451 0.000193447
170    0.314945     0.31843 0.000193409
171    0.317278    0.318423 0.000192392
172     0.31922    0.318428 0.000191327
173     0.32097    0.318443 0.000190784
174    0.324564    0.318478 0.000192919
175     0.31906    0.318481 0.000191842
176     0.31856    0.318482  0.00019075
177    0.321198    0.318497 0.000190289
178     0.31406    0.318472 0.000190851
179    0.320904    0.318486 0.000190268
180    0.319633    0.318492 0.000189315
181    0.319389    0.318497 0.000188332
182    0.313906    0.318472 0.000188985
183    0.317736    0.318468 0.000187992
184    0.316402    0.318457 0.000187305
185    0.319207    0.318461 0.000186334
186    0.319943    0.318469   0.0001855
187    0.315602    0.318453 0.000185141
188    0.318149    0.318452 0.000184161
189    0.314539    0.318431  0.00018435
190    0.315435    0.318415 0.000184053
191    0.322228    0.318435 0.000184172
192    0.314117    0.318413 0.000184585
193    0.315237    0.318396 0.000184362
194    0.319871    0.318404 0.000183567
195    0.315757     0.31839 0.000183127
196    0.318543    0.318391 0.000182192
197    0.314476    0.318371 0.000182351
198    0.318625    0.318372 0.000181432
199    0.320815    0.318385 0.000180935
200    0.322292    0.318404 0.000181085
