1     21.1202    0.422404           0
2     20.5604    0.416806   0.0055984
3     21.4587    0.420929  0.00523889
4     20.4642    0.418017  0.00471144
5     19.3237    0.411709  0.00728814
6     18.1425    0.403566   0.0100858
7      19.246    0.400902   0.0089305
8     20.2406    0.401391  0.00774946
9      20.879     0.40319  0.00706714
10      20.572    0.404014  0.00637465
11     20.7221    0.404962   0.0058435
12     18.5051    0.402057  0.00607408
13      20.951    0.403362  0.00573769
14     18.4168     0.40086  0.00587175
15     22.9763    0.404771  0.00672134
16     20.4131     0.40499  0.00629102
17     19.3202    0.403896  0.00600967
18     18.9723    0.402538  0.00582651
19     18.0564    0.400358  0.00592664
20     20.7959    0.401136  0.00567607
21     22.4712    0.403436  0.00586828
22     21.2448    0.404411  0.00567958
23     20.1136    0.404318  0.00542783
24     20.6219    0.404657  0.00520775
25      23.048    0.406909  0.00547935
26      20.376    0.406932  0.00526444
27     20.2982    0.406896  0.00506584
28      17.501    0.404865  0.00528732
29     17.7694    0.403159  0.00537946
30     19.4429    0.402682  0.00521887
31      19.414    0.402218  0.00506905
32     20.4609    0.402436  0.00491296
33     21.7844    0.403444  0.00486719
34     19.4832    0.403039  0.00473923
35     19.9396    0.402917  0.00460343
36     20.8033    0.403283  0.00448862
37     19.9156    0.403148  0.00436768
38     18.4809    0.402266   0.0043418
39     18.5448    0.401462  0.00430482
40     20.6001    0.401725  0.00420408
41       21.23    0.402283  0.00413805
42     18.0225    0.401287  0.00415934
43     20.2303    0.401364  0.00406219
44     20.1604    0.401406  0.00396901
45     21.6746    0.402119  0.00394478
46     18.4733    0.401409  0.00392283
47     20.0378    0.401395  0.00383849
48     19.1063    0.400994  0.00377905
49     19.2372    0.400662  0.00371595
50     19.7349    0.400543  0.00364283
51     20.9763    0.400915  0.00359003
52     18.8358     0.40045  0.00355095
53     19.7124    0.400333  0.00348527
54     19.9848    0.400321  0.00342014
55     20.3266    0.400434  0.00335927
56     18.1482    0.399765  0.00336592
57     20.0628    0.399791  0.00330644
58      20.069    0.399818  0.00324905
59     20.0605    0.399842  0.00319359
60      19.341    0.399625  0.00314741
61      17.519    0.398818  0.00319892
62     18.2442     0.39827  0.00319415
63     21.2814    0.398705  0.00317289
64     19.1186    0.398449  0.00313333
65     18.6903     0.39807  0.00310796
66     20.1522    0.398146  0.00306144
67      20.961     0.39846  0.00303176
68     22.3727    0.399181  0.00307251
69     21.7238    0.399692  0.00307056
70     21.8684     0.40023  0.00307386
71       19.72    0.400148  0.00303137
72     18.9038    0.399842  0.00300465
73     21.0337    0.400127  0.00297692
74     18.0035    0.399586  0.00298589
75      20.283    0.399667  0.00294692
76     18.9941    0.399407  0.00291952
77     18.9319    0.399137  0.00289395
78     20.2135    0.399203  0.00285737
79     17.8892    0.398678  0.00286927
80     18.6488    0.398357  0.00285134
81     20.1186    0.398407  0.00281635
82     21.0128    0.398673  0.00279453
83     18.8608    0.398415  0.00277273
84     19.6176    0.398342  0.00274048
85     19.8329    0.398323  0.00270812
86     20.4233    0.398441  0.00267904
87      18.026    0.398005   0.0026837
88     22.1595    0.398518  0.00270226
89     18.8839    0.398284  0.00268196
90      20.854    0.398493  0.00266021
91     17.7683    0.398019  0.00267316
92     21.3384    0.398331  0.00266234
93     17.6538    0.397845  0.00267814
94      19.209    0.397699  0.00265348
95     19.5422    0.397627   0.0026264
96     20.9265    0.397845    0.002608
97     17.6209    0.397377  0.00262312
98     19.4665    0.397295  0.00259751
99     20.4962    0.397422   0.0025743
100     21.0648    0.397661  0.00255959
101     20.7494    0.397832  0.00253992
102     18.7143    0.397602  0.00252547
103     19.7084    0.397568  0.00250105
104     19.5836    0.397511  0.00247753
105     20.6026     0.39765  0.00245773
106     18.5698    0.397402    0.002447
107     21.8944    0.397781  0.00245337
108      17.745    0.397384  0.00246277
109     18.7913    0.397186  0.00244807
110     18.9836    0.397027  0.00243093
111     19.8946    0.397034  0.00240894
112     22.0074    0.397419  0.00241817
113     19.7637      0.3974  0.00239675
114     20.2939    0.397475   0.0023768
115      20.992    0.397669  0.00236405
116     21.6914    0.397981  0.00236422
117     19.9678    0.397993  0.00234396
118      21.228    0.398218  0.00233489
119     18.1161    0.397916  0.00233476
120     20.6172    0.398036  0.00231834
121     21.1336     0.39824  0.00230809
122     21.2228    0.398455  0.00229916
123     19.7624    0.398429  0.00228054
124      19.168    0.398307  0.00226534
125       20.15    0.398345  0.00224745
126     18.7408    0.398158  0.00223735
127     21.1097    0.398347  0.00222772
128     19.7142    0.398316  0.00221047
129     22.4553    0.398709  0.00222833
130     19.3037    0.398612  0.00221326
131     22.2068     0.39896  0.00222362
132     19.9195    0.398955  0.00220672
133     18.6673    0.398763  0.00219851
134     20.0216    0.398775  0.00218208
135     19.6346     0.39873  0.00216632
136      21.107    0.398902  0.00215721
137     21.4052    0.399116  0.00215199
138     21.2012    0.399296  0.00214395
139     19.9933      0.3993  0.00212848
140      22.298    0.399633  0.00213934
141     20.5214     0.39971  0.00212549
142     18.7022    0.399529   0.0021182
143     20.0992    0.399546   0.0021034
144     19.7569    0.399516  0.00208897
145     18.4612    0.399307    0.002085
146      20.724    0.399411  0.00207328
147     18.7309    0.399242  0.00206602
148     19.6472      0.3992  0.00205246
149     19.1665    0.399093  0.00204142
150     20.9206    0.399222  0.00203185
151     19.2048    0.399122  0.00202083
152     20.5206    0.399196  0.00200886
153     20.6179    0.399282  0.00199754
154     21.1514    0.399436  0.00199051
155      21.106    0.399583  0.00198304
156     18.7202    0.399421  0.00197688
157     18.7662    0.399268  0.00197024
158     18.0216    0.399022   0.0019731
159      19.879    0.399013  0.00196067
160      18.402    0.398819  0.00195797
161     22.8052    0.399175  0.00197803
162     20.1616      0.3992  0.00196595
163     18.9807     0.39908  0.00195754
164     19.0152    0.398965  0.00194893
165     18.8378    0.398831  0.00194176
166     18.8746    0.398702   0.0019343
167     18.3558    0.398513  0.00193196
168     19.6271    0.398478  0.00192076
169     19.6162    0.398441   0.0019097
170     20.6596    0.398528  0.00190042
171     19.2672    0.398451  0.00189085
172     21.4286    0.398626  0.00188796
173     17.3217    0.398324  0.00190111
174     17.9758    0.398101  0.00190326
175     18.1293    0.397898   0.0019032
176      19.385     0.39784  0.00189325
177     20.3273     0.39789  0.00188316
178     18.4546    0.397728  0.00187953
179     20.1234    0.397754  0.00186919
180      19.073    0.397664  0.00186098
181     19.1048    0.397578  0.00185266
182     19.9681    0.397588  0.00184248
183     20.9475    0.397704   0.0018361
184      18.649     0.39757  0.00183103
185     20.0696    0.397591  0.00182123
186     17.5642    0.397342  0.00182844
187     21.1755    0.397482  0.00182401
188     18.5658    0.397342  0.00181961
189     20.0631    0.397363  0.00181008
190     21.1059    0.397493  0.00180523
191     18.4972    0.397349  0.00180154
192     18.1368    0.397169  0.00180118
193     20.6012    0.397246  0.00179347
194     19.5366    0.397212  0.00178452
195      20.535    0.397281  0.00177669
196     21.0172    0.397399  0.00177151
197     20.0399    0.397416  0.00176258
198     20.1086     0.39744  0.00175382
199     21.0766    0.397561  0.00174918
200     19.5954    0.397533  0.00174064
1     21.1196    0.422392           0
2     20.5734     0.41693   0.0054624
3     21.4652    0.421054  0.00519229
4     20.4748    0.418165  0.00467223
5     19.3258    0.411835  0.00729148
6     18.1648    0.403745   0.0100442
7     19.2353    0.401025  0.00891404
8     20.2473    0.401515  0.00773533
9     20.8857    0.403315  0.00705534
10     20.5823    0.404148  0.00636525
11      20.719    0.405079  0.00583224
12      18.494    0.402145  0.00607859
13     20.9354    0.403419  0.00573479
14     18.3865     0.40087  0.00588968
15     22.9645    0.404765  0.00672543
16      20.422    0.404994  0.00629525
17     19.3308    0.403913  0.00601136
18     18.9704    0.402552   0.0058288
19      18.054    0.400369  0.00592982
20     20.7916    0.401142   0.0056784
21     22.4848    0.403454  0.00587527
22      21.245    0.404429  0.00568603
23     20.1124    0.404334  0.00543402
24     20.6312     0.40468  0.00521413
25     23.0521    0.406934  0.00548589
26     20.3937     0.40697  0.00527079
27     20.2929    0.406929  0.00507199
28     17.5081    0.404902   0.0052913
29     17.7708    0.403195   0.0053832
30     19.4641    0.402732  0.00522131
31     19.4017    0.402257  0.00507228
32     20.4664    0.402478  0.00491618
33     21.7953    0.403491  0.00487136
34     19.4915     0.40309  0.00474296
35     19.9304    0.402962  0.00460724
36      20.808    0.403328  0.00449241
37     19.9319    0.403201  0.00437115
38     18.4907    0.402323  0.00434434
39     18.5317     0.40151  0.00430878
40     20.5801    0.401763  0.00420725
41     21.2124    0.402311  0.00413985
42     18.0311    0.401318  0.00416022
43     20.2134    0.401387   0.0040629
44     20.1688    0.401432  0.00396974
45     21.6699    0.402143  0.00394501
46     18.4786    0.401434  0.00392272
47     20.0118    0.401409  0.00383844
48     19.1045    0.401006  0.00377911
49     19.2242    0.400669  0.00371651
50     19.7214    0.400544  0.00364356
51     20.9813    0.400919  0.00359095
52      18.843    0.400456  0.00355148
53     19.7066    0.400337  0.00348587
54     19.9732     0.40032  0.00342075
55     20.3255    0.400433  0.00335986
56     18.1528    0.399766  0.00336615
57     20.0712    0.399795   0.0033067
58     20.0584    0.399818  0.00324927
59     20.0622    0.399842  0.00319382
60     19.3239     0.39962  0.00314803
61     17.5292    0.398816  0.00319865
62      18.254    0.398272  0.00319334
63     21.2788    0.398705  0.00317198
64     19.0875     0.39844  0.00313325
65     18.6962    0.398063  0.00310764
66      20.156     0.39814  0.00306116
67     20.9526    0.398452  0.00303123
68     22.3626    0.399169  0.00307134
69     21.7196     0.39968  0.00306925
70     21.8726    0.400219  0.00307283
71     19.7247    0.400139  0.00303032
72     18.8877    0.399828  0.00300406
73     21.0362    0.400114  0.00297642
74     17.9927     0.39957  0.00298591
75     20.2855    0.399652  0.00294697
76      18.989    0.399391  0.00291966
77     18.9272     0.39912  0.00289419
78     20.2092    0.399185  0.00285758
79     17.8912    0.398661  0.00286934
80     18.6422    0.398338  0.00285157
81     20.1292    0.398391  0.00281663
82     21.0182    0.398659  0.00279495
83     18.8669    0.398402  0.00277299
84     19.6216    0.398331   0.0027407
85     19.8326    0.398311  0.00270834
86     20.4296    0.398431  0.00267933
87     18.0335    0.397997  0.00268369
88     22.1692    0.398512  0.00270268
89     18.8822    0.398278  0.00268241
90     20.8414    0.398484  0.00266043
91     17.7707    0.398011  0.00267327
92      21.342    0.398324  0.00266255
93     17.6522    0.397837  0.00267839
94     19.2096    0.397692  0.00265372
95     19.5357    0.397619  0.00262667
96     20.9327    0.397838  0.00260838
97     17.6279    0.397371  0.00262322
98     19.4573    0.397287  0.00259767
99     20.4807    0.397412  0.00257431
100     21.0562    0.397649  0.00255944
101     20.7553    0.397821  0.00253986
102     18.7199    0.397592   0.0025253
103     19.7098    0.397559  0.00250088
104     19.5886    0.397503  0.00247734
105     20.6251    0.397646  0.00245779
106     18.5783      0.3974   0.0024469
107     21.9013     0.39778  0.00245348
108     17.7376    0.397381  0.00246309
109     18.7756    0.397181  0.00244862
110     18.9879    0.397022  0.00243142
111      19.885    0.397028  0.00240942
112     21.9977    0.397412  0.00241838
113     19.7664    0.397393  0.00239695
114     20.2751    0.397464   0.0023769
115     21.0188    0.397664  0.00236455
116     21.7026    0.397977  0.00236497
117     19.9752     0.39799   0.0023447
118     21.2333    0.398216  0.00233571
119     18.1043    0.397913  0.00233582
120     20.6222    0.398034  0.00231944
121     21.1179    0.398235  0.00230896
122     21.2326    0.398451  0.00230017
123     19.7694    0.398427  0.00228152
124      19.178    0.398307  0.00226622
125      20.146    0.398344  0.00224832
126     18.7515    0.398159  0.00223807
127     21.1089    0.398348  0.00222842
128     19.7097    0.398315  0.00221118
129     22.4702    0.398711  0.00222943
130     19.2996    0.398613  0.00221438
131      22.197    0.398959  0.00222448
132     19.9241    0.398956  0.00220757
133     18.6607    0.398762  0.00219944
134     20.0111    0.398773  0.00218299
135     19.6272    0.398727  0.00216725
136     21.1101      0.3989  0.00215817
137     21.4095    0.399113    0.002153
138      21.202    0.399294  0.00214496
139     20.0039      0.3993  0.00212948
140     22.2994    0.399633  0.00214036
141     20.5312    0.399711  0.00212655
142     18.7027     0.39953  0.00211924
143     20.0962    0.399547  0.00210444
144      19.747    0.399515  0.00209001
145     18.4708    0.399308  0.00208591
146     20.6986    0.399408    0.002074
147     18.7274    0.399239  0.00206678
148     19.6536    0.399197  0.00205319
149     19.1672    0.399091  0.00204213
150     20.9172    0.399219  0.00203253
151     19.1943    0.399118  0.00202158
152     20.5262    0.399193  0.00200964
153     20.6258     0.39928  0.00199836
154     21.1507    0.399434  0.00199131
155     21.1098    0.399581  0.00198386
156     18.7253     0.39942  0.00197765
157     18.7499    0.399264  0.00197116
158     18.0267    0.399019  0.00197392
159     19.8761     0.39901  0.00196149
160     18.4163    0.398818  0.00195861
161     22.7963    0.399173  0.00197846
162       20.16    0.399198  0.00196637
163      18.961    0.399075   0.0019581
164     19.0138    0.398961   0.0019495
165     18.8578    0.398828  0.00194215
166     18.8696    0.398699  0.00193473
167     18.3535     0.39851  0.00193241
168     19.6105    0.398472  0.00192124
169     19.6066    0.398435  0.00191021
170     20.6552    0.398521   0.0019009
171     19.2822    0.398446  0.00189125
172      21.412    0.398619  0.00188818
173     17.3191    0.398317  0.00190137
174     17.9716    0.398094  0.00190357
175      18.136    0.397891  0.00190343
176     19.3983    0.397835  0.00189342
177     20.3323    0.397885  0.00188335
178     18.4454    0.397722   0.0018798
179     20.1042    0.397746  0.00186943
180     19.0921    0.397658  0.00186111
181     19.0943    0.397571  0.00185285
182     19.9774    0.397582  0.00184268
183     20.9542    0.397699  0.00183634
184      18.648    0.397565  0.00183128
185     20.0699    0.397586  0.00182147
186     17.5708    0.397337  0.00182858
187     21.1692    0.397477   0.0018241
188     18.5704    0.397338  0.00181966
189      20.061    0.397358  0.00181012
190     21.0857    0.397487  0.00180513
191      18.502    0.397343  0.00180139
192     18.1521    0.397164  0.00180087
193     20.6133    0.397243  0.00179322
194     19.5218    0.397207   0.0017843
195     20.5455    0.397278  0.00177652
196     21.0246    0.397396  0.00177139
197     20.0417    0.397414  0.00176247
198     20.1094    0.397438  0.00175371
199     21.0712    0.397558  0.00174903
200     19.5783    0.397528  0.00174052
