1     15.7478    0.314956           0
2       13.07    0.288178    0.026778
3      14.655    0.289818   0.0155471
4     14.4082    0.289405   0.0110012
5     15.4189    0.293199  0.00932826
6     14.4958    0.292652  0.00763611
7     13.7239    0.290056  0.00695635
8     13.4921    0.287529  0.00653278
9     15.2489    0.289468  0.00607884
10     16.3954    0.293312  0.00665869
11     15.1477    0.294189  0.00608646
12     17.1475    0.298252  0.00688351
13     14.7259    0.297965  0.00633842
14     14.1475    0.296892  0.00596543
15     13.7057    0.295374   0.0057574
16     16.9408    0.298089  0.00603124
17     13.7786    0.296764  0.00581815
18     15.4555     0.29745  0.00552811
19       15.04    0.297627  0.00523204
20     14.5108    0.297256  0.00497736
21     14.9764    0.297364  0.00473565
22     14.0156    0.296589   0.0045813
23     14.7683    0.296536  0.00437791
24     14.7761    0.296494  0.00419174
25     12.6702     0.29477  0.00437446
26     14.7394    0.294771  0.00420285
27      13.868    0.294126  0.00409529
28     14.0844    0.293682  0.00397123
29     14.5415    0.293583  0.00383311
30     15.0776    0.293849  0.00371265
31     14.2512    0.293564  0.00360216
32     13.0697    0.292559  0.00362978
33      12.137    0.291049  0.00382829
34     12.4136    0.289791  0.00392132
35     14.8639    0.290005  0.00381364
36      17.203    0.291507  0.00399881
37     15.3339    0.291917  0.00391078
38     16.9658    0.293164  0.00400564
39     14.3205    0.292991  0.00390542
40      15.637    0.293485  0.00383842
41     14.8198    0.293556  0.00374431
42     15.8133    0.294096  0.00369386
43     14.8133    0.294147  0.00360729
44     14.7948    0.294187  0.00352457
45     12.6082    0.293253  0.00356967
46     15.8892    0.293786   0.0035317
47      14.777    0.293823  0.00345594
48      15.293    0.294074  0.00339246
49     14.3388    0.293925  0.00332584
50     14.5888    0.293882  0.00325893
51     14.8997    0.293963   0.0031954
52     14.3654    0.293835  0.00313596
53     16.8152    0.294636  0.00317888
54     14.3249    0.294486   0.0031231
55     16.8337    0.295253  0.00316029
56     13.2869    0.294726  0.00314778
57     15.9817    0.295163  0.00312279
58     14.8039    0.295178  0.00306852
59      15.426    0.295404  0.00302453
60     13.9581    0.295134  0.00298598
61     15.3026    0.295313  0.00294208
62     12.7976    0.294678  0.00296305
63     13.3575    0.294241  0.00294819
64     13.3935    0.293829  0.00293087
65     15.5442    0.294091  0.00289733
66     13.1792    0.293629   0.0028903
67     15.2281    0.293792  0.00285151
68     15.8959    0.294147  0.00283157
69     15.7612    0.294452   0.0028069
70     13.8995    0.294217  0.00277649
71     15.8793    0.294546  0.00275683
72     14.2705     0.29442  0.00272123
73     14.5996    0.294386   0.0026839
74     15.9906     0.29473  0.00266959
75     13.5633    0.294417  0.00265227
76     16.3356    0.294842  0.00265141
77      15.228    0.294968  0.00261979
78     14.6186    0.294935   0.0025862
79      12.942    0.294478  0.00259381
80     14.1819    0.294342  0.00256476
81     12.1277    0.293703  0.00261235
82     13.2795     0.29336  0.00260297
83     13.6964    0.293126  0.00258206
84     11.3649    0.292342  0.00266878
85     14.3429    0.292278  0.00263799
86     15.3641    0.292452  0.00261297
87     15.2982    0.292608  0.00258742
88     15.5687    0.292821  0.00256672
89     14.8886    0.292877  0.00253833
90     14.4988    0.292844  0.00251018
91     16.0226    0.293148  0.00250091
92     15.3031    0.293288  0.00247756
93     15.2715    0.293419  0.00245425
94     13.9835    0.293272   0.0024324
95     14.1469    0.293164  0.00240911
96     16.2345    0.293492   0.0024064
97      14.482    0.293452  0.00238179
98     15.4361    0.293608  0.00236251
99     15.5331     0.29378  0.00234486
100     14.4793    0.293738  0.00232167
101     12.4652    0.293299  0.00234029
102     14.8962    0.293344  0.00231768
103     14.5957     0.29333  0.00229511
104     15.6241    0.293514  0.00228038
105     13.5745    0.293304  0.00226828
106     13.7726    0.293136  0.00225308
107     14.3667    0.293082  0.00223258
108     16.5076    0.293425  0.00223829
109     15.0966    0.293503  0.00221903
110     16.7452    0.293879  0.00223074
111     16.0527    0.294124  0.00222407
112     15.6793    0.294298  0.00221096
113     15.7915    0.294489  0.00219958
114     16.0732    0.294725    0.002193
115       15.57     0.29487  0.00217868
116     15.6856    0.295033  0.00216592
117     15.4914    0.295159  0.00215104
118     15.3307    0.295256  0.00213495
119     15.3091    0.295348  0.00211892
120     14.0741    0.295232  0.00210436
121     14.9964    0.295271  0.00208726
122     15.0936    0.295325  0.00207079
123     15.3844    0.295426  0.00205634
124     15.9111     0.29561  0.00204796
125     15.5913    0.295739  0.00203564
126     14.2309    0.295651  0.00202135
127     13.8066    0.295497  0.00201125
128     16.2476    0.295728   0.0020087
129     13.1497    0.295474  0.00200916
130     15.0186    0.295511    0.001994
131     14.4298    0.295459  0.00197942
132     14.8484     0.29547   0.0019644
133     13.8587    0.295333  0.00195443
134     14.3641    0.295272  0.00194072
135     14.1336    0.295179  0.00192855
136     15.4305    0.295278  0.00191686
137     15.3568    0.295364  0.00190478
138     13.6556    0.295203  0.00189779
139     15.2493    0.295274   0.0018854
140     15.4416     0.29537  0.00187439
141     15.2576     0.29544  0.00186234
142     12.2535    0.295085   0.0018829
143      15.213    0.295149  0.00187078
144     13.0733    0.294915  0.00187241
145     16.2495    0.295123  0.00187099
146     13.6402     0.29497  0.00186441
147     14.6084    0.294951  0.00185178
148     14.5146    0.294919  0.00183949
149     15.2284    0.294984  0.00182825
150       14.02    0.294887  0.00181862
151     15.5543    0.294994  0.00180972
152      13.872    0.294879  0.00180148
153     18.0352    0.295309  0.00184066
154     16.3316    0.295512  0.00183994
155     13.2701    0.295318  0.00183832
156     12.0103    0.294965  0.00186035
157     13.4328    0.294797  0.00185605
158     16.0012    0.294957  0.00185116
159     16.6751    0.295199  0.00185539
160     15.7207    0.295319  0.00184766
161     14.3426    0.295267   0.0018369
162     15.8133    0.295396  0.00183012
163     15.2703    0.295458   0.0018199
164     15.1173      0.2955  0.00180925
165      14.876    0.295512   0.0017983
166     15.2697    0.295572  0.00178842
167     13.6699    0.295439  0.00178263
168     14.9162    0.295456  0.00177207
169     15.6562     0.29556  0.00176466
170      14.029    0.295472  0.00175646
171     15.2801    0.295532  0.00174716
172     15.5353     0.29562  0.00173921
173     15.9395    0.295754  0.00173431
174     16.2212    0.295919  0.00173217
175     13.4371    0.295763  0.00172923
176     13.4853    0.295615  0.00172574
177     15.1171    0.295653  0.00171638
178     14.0491    0.295571   0.0017087
179     12.9868    0.295371  0.00171088
180     15.4784    0.295449  0.00170317
181     13.9669     0.29536  0.00169608
182     14.9469     0.29538  0.00168685
183     11.7686    0.295052  0.00170935
184     15.0838    0.295088  0.00170042
185     12.3962    0.294833  0.00171031
186     11.5393    0.294489  0.00173559
187     13.9624    0.294407  0.00172821
188     15.6314    0.294504  0.00172172
189     13.6015    0.294385  0.00171671
190      14.473    0.294359  0.00170785
191     13.4417    0.294226  0.00170413
192     14.3629     0.29419  0.00169562
193     16.0706    0.294331   0.0016927
194     13.6034    0.294216  0.00168785
195     13.7708    0.294119  0.00168194
196     13.5817    0.294005  0.00167727
197     12.9332    0.293825  0.00167835
198     14.4874    0.293805  0.00166997
199       15.35    0.293871  0.00166288
200     16.5575    0.294057  0.00166501
1      15.785    0.315699           0
2      13.081    0.288659     0.02704
3     14.6609    0.290179   0.0156853
4     14.4044    0.289656   0.0111035
5     15.4134    0.293379  0.00937175
6     14.5031    0.292826  0.00767194
7     13.7214    0.290198  0.00699642
8     13.4764    0.287614  0.00658696
9     15.2539    0.289555  0.00612468
10     16.4058    0.293411  0.00669924
11     15.1485     0.29428  0.00612169
12     17.1367    0.298318  0.00689447
13     14.7223     0.29802  0.00634898
14     14.1486    0.296945  0.00597549
15     13.7108     0.29543  0.00576556
16     16.9519    0.298155  0.00604274
17     13.7672    0.296813  0.00583261
18     15.4434    0.297483  0.00553967
19     15.0452    0.297663   0.0052431
20     14.5042    0.297284  0.00498846
21     14.9789    0.297393  0.00474622
22     14.0016    0.296604  0.00459363
23      14.764    0.296547  0.00438975
24     14.7719    0.296501  0.00420312
25     12.6684    0.294775  0.00438514
26     14.7381    0.294775  0.00421311
27     13.8685     0.29413  0.00410499
28     14.0978    0.293695   0.0039795
29     14.5516    0.293604  0.00384092
30     15.0756    0.293867  0.00372003
31     14.2541    0.293584  0.00360917
32     13.0686    0.292577  0.00363665
33     12.1348    0.291066  0.00383517
34      12.416    0.289808  0.00392734
35     14.8632    0.290021  0.00381942
36     17.2149    0.291529  0.00400632
37      15.324    0.291933  0.00391743
38     16.9634    0.293179  0.00401126
39     14.3259    0.293008  0.00391079
40     15.6241    0.293495  0.00384273
41     14.8238    0.293568  0.00374854
42     15.8124    0.294108  0.00369784
43      14.804    0.294153  0.00361111
44     14.8146    0.294202  0.00352842
45     12.6197    0.293273  0.00357206
46     15.8853    0.293804  0.00353369
47     14.7782    0.293842  0.00345789
48     15.2932    0.294092  0.00339434
49     14.3307    0.293939  0.00332784
50     14.5924    0.293898  0.00326088
51     14.8886    0.293974   0.0031972
52     14.3586    0.293843  0.00313784
53     16.8158    0.294644  0.00318067
54     14.3246    0.294493  0.00312487
55     16.8274    0.295258  0.00316138
56     13.2855     0.29473  0.00314894
57     15.9959    0.295172   0.0031246
58     14.8077    0.295189   0.0030703
59     15.4261    0.295415  0.00302626
60     13.9474     0.29514  0.00298803
61     15.3059     0.29532  0.00294414
62     12.7943    0.294684  0.00296528
63     13.3607    0.294248  0.00295024
64     13.4076    0.293841  0.00293226
65     15.5338      0.2941   0.0028984
66     13.1828    0.293638  0.00289117
67      15.236    0.293804  0.00285249
68     15.9084    0.294162  0.00283298
69     15.7694     0.29447  0.00280852
70     13.8969    0.294234  0.00277817
71     15.8815    0.294563  0.00275851
72     14.2794    0.294438  0.00272278
73     14.5953    0.294404  0.00268545
74     15.9947    0.294748  0.00267121
75     13.5628    0.294435  0.00265391
76     16.3195    0.294855  0.00265229
77      15.229    0.294982  0.00262066
78     14.6057    0.294945  0.00258711
79      12.929    0.294485   0.0025953
80     14.1722    0.294347  0.00256637
81       12.13    0.293708  0.00261376
82     13.2902    0.293368  0.00260402
83     13.6901    0.293132  0.00258323
84     11.3619    0.292347  0.00267012
85     14.3531    0.292285  0.00263926
86     15.3576    0.292458  0.00261411
87     15.2853     0.29261  0.00258837
88     15.5736    0.292825  0.00256775
89     14.8862     0.29288  0.00253933
90     14.5042    0.292849  0.00251115
91     16.0191    0.293151  0.00250176
92     15.3017    0.293291  0.00247838
93     15.2611     0.29342  0.00245494
94     13.9881    0.293274  0.00243302
95     14.1634    0.293169  0.00240958
96     16.2362    0.293498   0.0024069
97     14.4741    0.293456  0.00238232
98     15.4286     0.29361  0.00236292
99     15.5415    0.293784  0.00234539
100     14.4729    0.293741  0.00232222
101     12.4622    0.293301  0.00234094
102     14.8868    0.293344  0.00231829
103      14.609    0.293333   0.0022957
104      15.629    0.293518  0.00228104
105     13.5986    0.293313  0.00226851
106     13.7772    0.293145  0.00225325
107     14.3771    0.293093   0.0022327
108     16.4984    0.293434  0.00223813
109     15.1011    0.293513   0.0022189
110     16.7588    0.293892  0.00223103
111     16.0534    0.294136  0.00222435
112     15.6704    0.294308  0.00221111
113     15.7956      0.2945  0.00219977
114     16.0792    0.294737   0.0021933
115     15.5847    0.294885  0.00217914
116     15.6875    0.295047  0.00216638
117     15.4956    0.295174  0.00215154
118     15.3212     0.29527  0.00213536
119     15.3054    0.295361   0.0021193
120      14.065    0.295244  0.00210482
121     15.0111    0.295285  0.00208776
122     15.0972    0.295339   0.0020713
123     15.3833     0.29544  0.00205683
124     15.9242    0.295625  0.00204862
125     15.5915    0.295755   0.0020363
126     14.2255    0.295666  0.00202204
127     13.8061    0.295512  0.00201195
128     16.2608    0.295744  0.00200962
129     13.1567    0.295491  0.00200994
130     15.0142    0.295528  0.00199476
131     14.4357    0.295476  0.00198015
132     14.8463    0.295487  0.00196513
133     13.8566    0.295349  0.00195517
134     14.3638    0.295289  0.00194146
135     14.1308    0.295195  0.00192931
136     15.4401    0.295295  0.00191768
137     15.3486     0.29538  0.00190554
138     13.6627     0.29522  0.00189847
139     15.2388    0.295289  0.00188601
140     15.4406    0.295385  0.00187498
141     15.2708    0.295456    0.001863
142     12.2696    0.295104  0.00188313
143     15.2132    0.295168  0.00187101
144     13.0872    0.294936  0.00187242
145     16.2587    0.295144  0.00187111
146     13.6346     0.29499  0.00186461
147     14.6114    0.294972  0.00185197
148     14.5166     0.29494  0.00183969
149     15.2274    0.295005  0.00182843
150     14.0214    0.294908   0.0018188
151     15.5588    0.295015  0.00180993
152      13.882    0.294901  0.00180161
153     18.0352    0.295331  0.00184075
154     16.3177    0.295533  0.00183982
155     13.2849     0.29534  0.00183801
156      12.017    0.294988  0.00185991
157     13.4208    0.294818  0.00185576
158     15.9903    0.294976  0.00185075
159     16.6784    0.295219  0.00185502
160     15.7163    0.295339  0.00184725
161     14.3474    0.295286  0.00183648
162     15.8082    0.295415  0.00182966
163     15.2642    0.295476  0.00181941
164     15.1091    0.295517  0.00180874
165      14.887     0.29553  0.00179779
166     15.2466    0.295587  0.00178783
167     13.6586    0.295453  0.00178215
168       14.92     0.29547   0.0017716
169     15.6654    0.295576  0.00176425
170     14.0458     0.29549  0.00175596
171     15.2716    0.295548  0.00174663
172     15.5303    0.295635  0.00173865
173     15.9368    0.295769  0.00173372
174     16.2232    0.295934   0.0017316
175     13.4316    0.295778  0.00172873
176     13.4838    0.295629  0.00172526
177     15.1226    0.295668  0.00171592
178     14.0356    0.295584  0.00170832
179      12.994    0.295384  0.00171042
180     15.4764    0.295463  0.00170271
181     13.9661    0.295374  0.00169562
182     14.9584    0.295395  0.00168641
183     11.7757    0.295067  0.00170879
184     15.0764    0.295103  0.00169984
185     12.3944    0.294847  0.00170978
186     11.5332    0.294502  0.00173522
187     13.9665    0.294421  0.00172782
188     15.6372    0.294519  0.00172137
189     13.5889    0.294398  0.00171646
190     14.4465    0.294369  0.00170764
191     13.4444    0.294236  0.00170391
192     14.3632      0.2942   0.0016954
193     16.1008    0.294344  0.00169274
194     13.5956    0.294228  0.00168796
195     13.7535     0.29413  0.00168215
196     13.5807    0.294015  0.00167748
197     12.9512    0.293838  0.00167837
198      14.489    0.293817     0.00167
199     15.3518    0.293883  0.00166291
200     16.5517    0.294069  0.00166497
