1     1.98404   0.0396808           0
2      1.7328   0.0371684   0.0025124
3      1.6938   0.0360709  0.00181892
4     1.83012   0.0362038  0.00129302
5     1.67476   0.0356621  0.00113868
6     1.77072   0.0356208 0.000930646
7     1.96876   0.0361571 0.000952002
8     1.64776   0.0357569 0.000916475
9     1.43856   0.0349807   0.0011206
10     1.83528   0.0351532  0.00101703
11      1.5752   0.0348215 0.000977926
12     1.60744   0.0345987 0.000920084
13     1.58304   0.0343727 0.000876008
14     1.59636   0.0341981 0.000829624
15      1.6238   0.0340833 0.000780824
16     1.91012   0.0343407 0.000774438
17     1.68384   0.0343016 0.000728505
18     1.93368   0.0345445 0.000728522
19     1.96396   0.0347937 0.000732785
20     1.75568   0.0348097 0.000695365
21     1.58084   0.0346577 0.000678674
22      1.6084   0.0345445 0.000656912
23     1.57916   0.0344158  0.00064077
24     1.69204   0.0343918 0.000613958
25     1.83792   0.0344865 0.000596448
26     1.63096   0.0344146 0.000577531
27      1.7062   0.0344039 0.000555834
28     1.37864   0.0341599  0.00058856
29     1.64204   0.0341144 0.000569721
30     1.89924   0.0342434 0.000565321
31     1.75684   0.0342723  0.00054754
32     2.03444   0.0344728 0.000566806
33     1.53864   0.0343607 0.000560687
34     1.44988   0.0342029 0.000566355
35      1.6268   0.0341553 0.000551994
36     1.75784   0.0341831 0.000537163
37     2.06412    0.034375 0.000556562
38     1.79132   0.0344132 0.000543063
39     1.73624   0.0344212 0.000529015
40     1.66712   0.0343942 0.000516325
41     1.60732   0.0343394  0.00050655
42     1.90532   0.0344291 0.000502413
43     1.71328   0.0344253 0.000490605
44     1.77988   0.0344519 0.000480065
45     1.71512   0.0344486 0.000469287
46       1.871   0.0345132 0.000463495
47     1.82572   0.0345558 0.000455521
48     1.61748   0.0345098 0.000448292
49     1.59308   0.0344558 0.000442362
50     1.78284   0.0344798 0.000434089
51     1.81192   0.0345143 0.000426888
52     1.61584    0.034472 0.000420726
53     1.86424   0.0345251 0.000416109
54     1.91192   0.0345938 0.000414081
55     1.88088   0.0346488 0.000410183
56     1.77012   0.0346623 0.000403017
57     1.38824   0.0345413 0.000413964
58       1.752   0.0345499 0.000406855
59     1.95936   0.0346285 0.000407551
60     1.93048   0.0346948 0.000406157
61     1.86564   0.0347377 0.000401743
62     1.46336   0.0346495  0.00040494
63     1.67224   0.0346304 0.000398919
64     1.68132   0.0346147 0.000392949
65     1.79632   0.0346349 0.000387383
66     1.80356   0.0346566 0.000382088
67     1.63508   0.0346275 0.000377472
68     1.61832   0.0345942 0.000373363
69     1.83432   0.0346245  0.00036916
70       1.334    0.034511 0.000381137
71     1.91096   0.0345633 0.000379344
72     1.65992   0.0345443 0.000374518
73     1.73824   0.0345473 0.000369364
74      1.8164   0.0345714 0.000365132
75     1.90668   0.0346189 0.000363349
76     1.99532   0.0346885 0.000365224
77     1.90036   0.0347316 0.000363017
78     1.68332   0.0347179 0.000358593
79     1.87644   0.0347535 0.000355808
80     1.87296   0.0347873 0.000352957
81     1.53324   0.0347364 0.000352268
82     1.94348   0.0347868 0.000351577
83      1.7708   0.0347944 0.000347398
84     1.44188   0.0347235 0.000350487
85     1.72124     0.03472 0.000346357
86     1.89324   0.0347565 0.000344253
87     1.89068   0.0347917 0.000342083
88      1.6426   0.0347696 0.000338891
89     1.78356   0.0347798 0.000335214
90     1.85152   0.0348048 0.000332411
91     1.62192   0.0347788 0.000329765
92     2.01292   0.0348383 0.000331554
93     2.00136   0.0348941 0.000332682
94     1.91988   0.0349314 0.000331227
95     1.72364   0.0349266 0.000327758
96     1.96452    0.034972 0.000327496
97     1.92168   0.0350077 0.000326061
98     1.64188   0.0349856 0.000323475
99     1.74456   0.0349846 0.000320192
100     1.61916   0.0349586  0.00031804
101     1.93924   0.0349965 0.000317146
102     1.51132   0.0349497 0.000317485
103     1.59264   0.0349196 0.000315822
104     1.44624    0.034862 0.000318037
105     1.93076   0.0348977 0.000317016
106     1.62488   0.0348751 0.000314826
107     1.75436   0.0348771 0.000311876
108     1.88672   0.0349035 0.000310105
109     1.72576      0.0349 0.000307268
110      2.0034    0.034947 0.000308065
111     1.93088     0.03498 0.000307063
112       1.972   0.0350198 0.000306904
113     1.65596    0.035003  0.00030464
114     1.92632   0.0350339 0.000303534
115     1.86636   0.0350539 0.000301543
116      1.6802   0.0350414 0.000299193
117     1.92484   0.0350709 0.000298092
118     1.93328   0.0351014  0.00029712
119     1.90784   0.0351271  0.00029573
120     1.94076   0.0351578 0.000294861
121     1.65116   0.0351401 0.000292946
122      1.8964    0.035163 0.000291432
123     1.36636   0.0350993  0.00029599
124     1.87596   0.0351188 0.000294241
125     1.49892   0.0350777  0.00029476
126     1.77732   0.0350814 0.000292435
127     1.87208      0.0351 0.000290718
128     1.88812   0.0351208 0.000289187
129      1.6688   0.0351073 0.000287255
130     1.60904   0.0350848 0.000285924
131     1.83336   0.0350968  0.00028399
132     1.77184   0.0350994 0.000281842
133     1.72084   0.0350943 0.000279762
134     1.49476   0.0350555 0.000280364
135     1.57932   0.0350298 0.000279464
136     1.86096   0.0350459 0.000277868
137     1.86276    0.035062 0.000276303
138     1.81948   0.0350716 0.000274463
139      1.9976   0.0351067 0.000274734
140     1.42688   0.0350598 0.000276771
141     1.60808   0.0350393 0.000275568
142     1.25576   0.0349694 0.000282405
143     1.78064   0.0349739 0.000280459
144     1.72432   0.0349705 0.000278526
145       1.907   0.0349923  0.00027746
146     1.90704   0.0350139 0.000276396
147     2.05724   0.0350556  0.00027766
148     1.45616   0.0350155 0.000278675
149     1.64972    0.035002 0.000277131
150     1.37796   0.0349523 0.000279713
151     1.86212   0.0349675 0.000278268
152     1.70432   0.0349617 0.000276492
153     1.98816   0.0349931 0.000276466
154     1.80376   0.0350001 0.000274754
155     1.48388   0.0349658 0.000275127
156      1.5024   0.0349343  0.00027517
157     1.54392   0.0349084 0.000274629
158     1.76188   0.0349105 0.000272894
159      1.9314   0.0349339 0.000272178
160     1.85344   0.0349472   0.0002708
161     1.50216   0.0349168 0.000270831
162     1.59328   0.0348979 0.000269813
163     1.63836   0.0348849 0.000268471
164     1.50608   0.0348558 0.000268405
165     1.67184   0.0348472 0.000266912
166       1.817   0.0348562 0.000265451
167      1.6794   0.0348486 0.000263966
168      1.8022   0.0348557 0.000262487
169      1.4374   0.0348196  0.00026342
170     1.50432   0.0347918 0.000263342
171     1.66308   0.0347828  0.00026195
172     1.98984    0.034812 0.000262049
173     1.86152   0.0348259 0.000260905
174     2.00292    0.034856 0.000261138
175     1.49336   0.0348275 0.000261202
176     1.58944   0.0348102 0.000260287
177       1.634   0.0347982 0.000259092
178     1.70612   0.0347944  0.00025766
179     1.72484   0.0347927 0.000256222
180     1.42752   0.0347581 0.000257144
181     1.54764    0.034737 0.000256582
182     1.82832   0.0347471 0.000255366
183     1.60452   0.0347326 0.000254382
184     1.57008   0.0347145 0.000253642
185     1.50184   0.0346892 0.000253531
186     1.69988   0.0346855 0.000252192
187     1.73444   0.0346855  0.00025084
188     1.70824   0.0346827 0.000249517
189      1.6954   0.0346786 0.000248227
190     1.66576   0.0346714 0.000247022
191     1.76268   0.0346745 0.000245744
192     1.98644   0.0347008 0.000245874
193      1.7756    0.034705 0.000244633
194     1.65108   0.0346963 0.000243523
195     1.70072   0.0346928 0.000242296
196      1.7394   0.0346933 0.000241057
197       1.648   0.0346845 0.000239992
198     1.87156   0.0346984  0.00023918
199     1.43608   0.0346684 0.000239862
200       1.914   0.0346864 0.000239342
1     1.96284   0.0392568           0
2     1.74508   0.0370792   0.0021776
3     1.71504   0.0361531  0.00156153
4     1.81164    0.036173  0.00110435
5      1.6762   0.0356432   0.0010062
6     1.76852   0.0355977 0.000822816
7     1.97508   0.0361554 0.000891411
8     1.62672   0.0357028 0.000894893
9     1.43208   0.0349182  0.00111285
10      1.8326   0.0350916  0.00101035
11     1.58368   0.0347809 0.000965275
12     1.61836   0.0345797 0.000903837
13      1.5888   0.0343641 0.000858926
14      1.5888   0.0341792 0.000816416
15      1.6354   0.0340811 0.000766344
16     1.90256   0.0343292 0.000758579
17     1.68484    0.034292 0.000713531
18      1.9288     0.03453 0.000713582
19      1.9624   0.0347784 0.000719207
20     1.75408   0.0347935 0.000682468
21      1.5876   0.0346487 0.000665118
22     1.59156   0.0345206 0.000646967
23     1.57504   0.0343893 0.000631988
24     1.68212   0.0343582 0.000605882
25     1.85816   0.0344704 0.000591873
26     1.61716   0.0343886 0.000574509
27      1.7012   0.0343751 0.000552987
28     1.40396   0.0341502 0.000578369
29     1.65164   0.0341117 0.000559397
30     1.87396   0.0342239 0.000551964
31      1.7652   0.0342588 0.000534997
32      2.0346   0.0344598 0.000555652
33     1.54692   0.0343531 0.000549021
34     1.43356    0.034186  0.00055823
35     1.61152   0.0341301 0.000544918
36      1.7584    0.034159  0.00053035
37     2.04356   0.0343404 0.000546788
38     1.77172   0.0343692 0.000532983
39     1.75164   0.0343862 0.000519415
40        1.67   0.0343615 0.000506863
41     1.61056   0.0343091 0.000497121
42     1.89096   0.0343926 0.000492286
43     1.68756   0.0343777 0.000480933
44     1.77252   0.0344021 0.000470507
45     1.72372   0.0344037 0.000459936
46     1.83128    0.034452 0.000452412
47     1.84008    0.034502 0.000445495
48     1.61644   0.0344567 0.000438459
49     1.57544   0.0343966 0.000433611
50     1.75392   0.0344102  0.00042507
51     1.80128   0.0344419 0.000417854
52      1.6206   0.0344028 0.000411595
53      1.8596   0.0344555 0.000407169
54     1.92804   0.0345315 0.000406726
55     1.86932   0.0345834 0.000402623
56     1.74892   0.0345905 0.000395431
57     1.41352   0.0344796 0.000403947
58     1.75688   0.0344909 0.000397083
59     1.94868   0.0345669 0.000397621
60      1.9284   0.0346336 0.000396585
61     1.85496    0.034674 0.000392118
62     1.46252   0.0345865 0.000395536
63     1.67508   0.0345693 0.000389588
64     1.68124   0.0345545 0.000383736
65       1.825   0.0345845  0.00037897
66     1.80536   0.0346076 0.000373897
67     1.64244   0.0345813 0.000369208
68     1.60568    0.034545 0.000365544
69     1.81344     0.03457 0.000361072
70     1.32704   0.0344553 0.000373905
71     1.92812   0.0345131 0.000373113
72     1.65312    0.034493 0.000368446
73       1.761   0.0345029   0.0003635
74     1.81956   0.0345285 0.000359461
75     1.92384   0.0345811 0.000358522
76     1.98452   0.0346483 0.000360104
77      1.9034   0.0346927 0.000358161
78     1.65308   0.0346718 0.000354157
79     1.87072   0.0347066 0.000351364
80     1.85076   0.0347354 0.000348143
81       1.563   0.0346925 0.000346485
82     1.94168    0.034743 0.000345939
83     1.75132   0.0347464 0.000341763
84      1.4268   0.0346725 0.000345669
85     1.73916   0.0346738  0.00034158
86      1.8918   0.0347106 0.000339582
87     1.89292   0.0347467   0.0003376
88     1.66232   0.0347297 0.000334177
89      1.7626   0.0347356 0.000330453
90     1.82152   0.0347544 0.000327303
91       1.624   0.0347294  0.00032465
92     2.00188   0.0347871 0.000326244
93     2.00208   0.0348436 0.000327626
94     1.91352   0.0348801 0.000326165
95     1.76032   0.0348835 0.000322732
96     1.95732   0.0349279 0.000322425
97      1.9136   0.0349624 0.000320941
98     1.61648   0.0349355 0.000318783
99     1.73888   0.0349339 0.000315551
100     1.59196    0.034903 0.000313908
101     1.94644   0.0349428  0.00031333
102       1.511   0.0348965 0.000313679
103     1.59032   0.0348665 0.000312065
104      1.4326   0.0348068 0.000314773
105     1.90812   0.0348387 0.000313395
106      1.6262   0.0348169 0.000311191
107      1.7662   0.0348216 0.000308306
108     1.86024   0.0348437 0.000306234
109     1.69668   0.0348353 0.000303526
110     2.02548   0.0348869 0.000305146
111     1.93728   0.0349217 0.000304376
112     1.94768   0.0349577 0.000303786
113     1.66888   0.0349437 0.000301411
114     1.93628   0.0349769 0.000300591
115      1.8804   0.0349998 0.000298843
116     1.65232   0.0349829 0.000296734
117     1.94492   0.0350164 0.000296084
118     1.90516   0.0350425 0.000294727
119     1.87456   0.0350631 0.000292964
120     1.93016   0.0350926 0.000292006
121     1.65052   0.0350754 0.000290094
122     1.91712   0.0351022 0.000288949
123     1.39968   0.0350444  0.00029236
124     1.89216    0.035067  0.00029087
125       1.493   0.0350253 0.000291525
126     1.77384   0.0350289 0.000289224
127      1.8736   0.0350481 0.000287582
128      1.8854   0.0350689 0.000286082
129     1.68276    0.035058 0.000284067
130     1.61704   0.0350371 0.000282647
131     1.82836   0.0350487 0.000280724
132     1.77648   0.0350524 0.000278613
133     1.69924   0.0350443 0.000276627
134     1.49972   0.0350067 0.000277129
135     1.60304   0.0349848 0.000275933
136     1.84284   0.0349986 0.000274242
137     1.83624   0.0350112 0.000272525
138     1.81888   0.0350211 0.000270724
139     1.99284   0.0350559 0.000271011
140       1.443   0.0350116 0.000272684
141     1.61376   0.0349922 0.000271438
142      1.2788   0.0349259 0.000277557
143     1.79816   0.0349332 0.000275705
144      1.7596    0.034935 0.000273789
145     1.87664   0.0349529 0.000272484
146      1.9126   0.0349755 0.000271553
147     2.04776   0.0350162  0.00027275
148     1.46396   0.0349774  0.00027366
149      1.6476   0.0349638 0.000272157
150     1.37664   0.0349143 0.000274838
151      1.8966   0.0349343 0.000273742
152     1.68048   0.0349255 0.000272075
153     1.97876   0.0349559 0.000271994
154     1.76872   0.0349586 0.000270236
155     1.49428   0.0349259 0.000270474
156     1.50548    0.034895 0.000270502
157     1.53104   0.0348678 0.000270149
158     1.77568   0.0348719 0.000268465
159     1.94268   0.0348969 0.000267944
160     1.82428   0.0349069 0.000266449
161     1.50568   0.0348771 0.000266458
162     1.58644   0.0348577  0.00026552
163     1.64152   0.0348452 0.000264179
164     1.51832   0.0348179 0.000263979
165     1.69524   0.0348124 0.000262433
166     1.80024   0.0348196 0.000260946
167     1.67816    0.034812 0.000259488
168     1.81164   0.0348205 0.000258077
169     1.43592   0.0347844 0.000259074
170     1.51256   0.0347577 0.000258923
171     1.63388   0.0347456 0.000257691
172      1.9984   0.0347759 0.000257982
173     1.87612   0.0347918 0.000256977
174      2.0006   0.0348218 0.000257251
175     1.48172   0.0347922 0.000257489
176     1.59872   0.0347762 0.000256522
177        1.65   0.0347661 0.000255266
178     1.69856   0.0347617 0.000253867
179     1.71184   0.0347587 0.000252462
180     1.44372    0.034726 0.000253175
181     1.56572   0.0347072 0.000252477
182     1.82436    0.034717 0.000251276
183      1.5978   0.0347019 0.000250354
184     1.57268   0.0346842 0.000249615
185     1.52044   0.0346611 0.000249335
186     1.69128   0.0346566 0.000248032
187     1.73704   0.0346571 0.000246702
188     1.73472   0.0346573 0.000245387
189     1.69724   0.0346535 0.000244114
190     1.65452   0.0346453 0.000242965
191     1.73696   0.0346458  0.00024169
192     2.00316    0.034674 0.000242078
193      1.8044   0.0346813 0.000240932
194     1.64596   0.0346722 0.000239859
195     1.68172   0.0346669 0.000238685
196     1.75996   0.0346696 0.000237479
197     1.65132   0.0346613 0.000236418
198      1.8514   0.0346732 0.000235525
199      1.4464   0.0346444  0.00023611
200     1.89532   0.0346607 0.000235492
