11.2351           0
10.893    0.342039
10.9191    0.199196
10.957    0.145862
10.9858    0.116584
10.9731   0.0960326
11.079    0.133426
11.0051    0.137167
10.9807    0.123409
10.9371    0.118655
10.9623    0.110245
10.9733    0.101237
11.0058   0.0986186
11.0328   0.0952211
11.0418   0.0891034
11.03   0.0841783
11.0876   0.0978033
11.0932   0.0923825
11.1001   0.0876567
11.0966   0.0832341
11.0877   0.0796684
11.1047   0.0778314
11.0985   0.0746209
11.1229    0.075487
11.1154   0.0727976
11.1138   0.0699581
11.1215   0.0677497
11.124   0.0653344
11.1165   0.0634846
11.1111   0.0615708
11.117   0.0598369
11.1132     0.05806
11.1262   0.0577617
11.1346   0.0566674
11.1412   0.0554161
11.1447   0.0539711
11.1552   0.0535268
11.1535   0.0521277
11.1376   0.0531932
11.1316   0.0522006
11.1357   0.0510772
11.1292   0.0502674
11.1216   0.0496614
11.1179   0.0486612
11.1061   0.0490062
11.1204   0.0499962
11.1258   0.0492192
11.1181   0.0487909
11.1251   0.0482913
11.1204   0.0475427
11.1195   0.0466113
11.1251   0.0460543
11.1342   0.0460772
11.1456   0.0466299
11.1445   0.0457876
11.1642    0.049106
11.1712   0.0487404
11.1827   0.0492493
11.1891    0.048837
11.1836   0.0483387
11.188   0.0477435
11.1946   0.0474284
11.1951   0.0466729
11.1952   0.0459378
11.191   0.0454123
11.201   0.0458055
11.1961   0.0453785
11.1956   0.0447085
11.1898   0.0444365
11.1987   0.0446915
11.1956   0.0441655
11.1943    0.043568
11.1945   0.0429676
11.1976   0.0424963
11.1964    0.041945
11.1913   0.0416952
11.1997    0.041993
11.2038   0.0416521
11.2078   0.0413123
11.204    0.040962
11.2029   0.0404697
11.1968   0.0404392
11.2017   0.0402496
11.2006   0.0397824
11.1973   0.0394502
11.2032   0.0394318
11.1965   0.0395398
11.205   0.0399918
11.2158   0.0410009
11.2062    0.041662
11.2053   0.0412125
11.2085    0.040887
11.2101   0.0404773
11.2129   0.0401454
11.2087   0.0399491
11.2118   0.0396523
11.2153   0.0394025
11.2149   0.0390005
11.2078   0.0392477
11.2094   0.0388842
11.2063   0.0386192
11.2072   0.0382497
11.2143   0.0385314
11.2105   0.0383506
11.214   0.0381434
11.2163   0.0378552
11.2159   0.0375026
11.2169   0.0371679
11.2215   0.0371137
11.2225   0.0367883
11.2164   0.0369603
11.2058   0.0381264
11.2052   0.0377936
11.2045   0.0374665
11.2022   0.0372087
11.2043    0.036945
11.2057   0.0366534
11.2008   0.0366715
11.2   0.0363699
11.1986    0.036093
11.2008   0.0358622
11.2005   0.0355684
11.1919   0.0363128
11.1909    0.036032
11.1874   0.0359178
11.1902   0.0357406
11.1903   0.0354585
11.1873    0.035308
11.185   0.0351135
11.186   0.0348586
11.1853   0.0345987
11.1875   0.0344032
11.1861   0.0341737
11.1878   0.0339624
11.1892   0.0337374
11.1965    0.034291
11.1994   0.0341596
11.1982   0.0339318
11.1974   0.0336977
11.198   0.0334624
11.1965   0.0332562
11.1959   0.0330274
11.1957   0.0327961
11.1965   0.0325762
11.2025   0.0329003
11.2023   0.0326748
11.2022   0.0324518
11.2058   0.0324378
11.2035   0.0323065
11.2041   0.0320967
11.2063   0.0319607
11.2022    0.032012
11.203   0.0318102
11.205   0.0316693
11.2031   0.0315226
11.2041   0.0313378
11.2032   0.0311516
11.2045     0.03098
11.2027   0.0308384
11.2041   0.0306795
11.2065   0.0305856
11.2127   0.0310109
11.212   0.0308273
11.2086   0.0308302
11.2109   0.0307274
11.2077   0.0307019
11.2093   0.0305577
11.2105   0.0304002
11.2061   0.0305495
11.2065   0.0303721
11.2093    0.030328
11.2109   0.0301919
11.2113    0.030019
11.2106   0.0298536
11.2117   0.0297037
11.2112   0.0295387
11.2103   0.0293853
11.211   0.0292278
11.2141   0.0292277
11.2134   0.0290726
11.2106   0.0290498
11.2112   0.0288966
11.2144   0.0289129
11.2156   0.0287795
11.2143   0.0286508
11.2128   0.0285378
11.2108   0.0284525
11.2079   0.0284494
11.212    0.028597
11.2121   0.0284463
11.2129   0.0283078
11.2124   0.0281647
11.2134   0.0280365
11.2172   0.0281459
11.2129   0.0283255
11.2158   0.0283294
11.2163   0.0281901
11.214   0.0281464
11.2122    0.028064
11.2125    0.027925
11.2597           0
10.8912    0.368464
10.9234    0.215153
10.9588    0.156195
10.9854    0.123888
10.9735    0.101859
11.0784    0.135707
11.0037    0.139264
10.9806    0.124969
10.9366     0.12014
10.9611      0.1114
10.972    0.102282
11.0056   0.0998925
11.0324   0.0963066
11.0408   0.0900419
11.0296   0.0849645
11.0881   0.0989842
11.0934   0.0934721
11.0999   0.0886514
11.0962   0.0841819
11.0868   0.0806198
11.104    0.078768
11.098   0.0755071
11.1223   0.0762796
11.1146   0.0735772
11.1136   0.0706966
11.1216   0.0684902
11.124   0.0660419
11.1169   0.0641106
11.111   0.0622206
11.1166   0.0604374
11.1127    0.058647
11.126   0.0583906
11.1344   0.0572648
11.1406   0.0559458
11.1443   0.0544942
11.1548   0.0540403
11.1532    0.052624
11.1371   0.0537141
11.1313   0.0526764
11.1351   0.0515132
11.1291   0.0506296
11.1217   0.0499898
11.118   0.0489784
11.1062   0.0493226
11.1204   0.0502992
11.1258   0.0495155
11.1182   0.0490689
11.1255   0.0486019
11.1208   0.0478504
11.1197   0.0469142
11.1252    0.046328
11.1341   0.0463079
11.1453   0.0468102
11.144   0.0459699
11.1636   0.0491926
11.1706   0.0488353
11.1822   0.0493627
11.1885   0.0489229
11.1828   0.0484307
11.1871   0.0478227
11.1937   0.0475051
11.1941   0.0467467
11.1941   0.0460105
11.1899   0.0454847
11.1999   0.0458874
11.1952   0.0454438
11.1948   0.0447724
11.189   0.0444941
11.1981   0.0447814
11.195   0.0442557
11.1935   0.0436613
11.1937   0.0430596
11.1968   0.0425837
11.1955   0.0420311
11.1905   0.0417755
11.199   0.0420876
11.203   0.0417359
11.207   0.0413986
11.2032   0.0410544
11.2019   0.0405627
11.1957   0.0405419
11.2006   0.0403461
11.1995   0.0398797
11.1961   0.0395544
11.202   0.0395399
11.1954   0.0396423
11.2039    0.040106
11.2149   0.0411409
11.2053   0.0417835
11.2044   0.0413328
11.2076   0.0410066
11.2092   0.0405945
11.2122   0.0402732
11.2079   0.0400744
11.2111   0.0397808
11.2147   0.0395305
11.2142   0.0391271
11.2071   0.0393787
11.2087    0.039016
11.2057   0.0387503
11.2065   0.0383772
11.2134   0.0386357
11.2097   0.0384438
11.2133   0.0382494
11.2158   0.0379636
11.2151   0.0376129
11.216   0.0372753
11.2205   0.0372049
11.2216   0.0368812
11.2155   0.0370542
11.205   0.0382018
11.2044   0.0378672
11.2039   0.0375372
11.2015   0.0372869
11.2035   0.0370213
11.2049   0.0367314
11.2   0.0367578
11.1992   0.0364562
11.1978   0.0361758
11.2001   0.0359482
11.1998   0.0356533
11.1912   0.0364112
11.1902   0.0361305
11.1866   0.0360121
11.1894   0.0358323
11.1895   0.0355492
11.1865   0.0354004
11.1841   0.0352066
11.1852   0.0349518
11.1846   0.0346898
11.1867   0.0344933
11.1853   0.0342607
11.187   0.0340465
11.1885   0.0338243
11.196   0.0344071
11.1989   0.0342751
11.1977    0.034046
11.1969   0.0338098
11.1975    0.033574
11.1961   0.0333651
11.1955   0.0331345
11.1953   0.0329032
11.1961   0.0326839
11.2022   0.0330305
11.202   0.0328042
11.2019   0.0325805
11.2056   0.0325708
11.2032   0.0324374
11.2038   0.0322258
11.206   0.0320891
11.202   0.0321351
11.2027   0.0319326
11.2048   0.0317924
11.2029   0.0316442
11.2039    0.031457
11.2029   0.0312721
11.2041   0.0310996
11.2023   0.0309558
11.2038    0.030798
11.2063   0.0307068
11.2124   0.0311213
11.2118   0.0309366
11.2083   0.0309447
11.2105   0.0308357
11.2074   0.0308053
11.209   0.0306613
11.2101   0.0304997
11.2057   0.0306478
11.206   0.0304691
11.2089   0.0304296
11.2104   0.0302899
11.2108   0.0301167
11.2102   0.0299492
11.2114    0.029802
11.2109    0.029636
11.2101   0.0294794
11.2108   0.0293213
11.214   0.0293325
11.2133    0.029177
11.2105   0.0291526
11.2111   0.0289974
11.2142   0.0290069
11.2153   0.0288689
11.2141   0.0287375
11.2126   0.0286218
11.2106   0.0285374
11.2076   0.0285404
11.2118   0.0286947
11.212   0.0285439
11.2128    0.028407
11.2123   0.0282641
11.2134   0.0281379
11.2172   0.0282503
11.2128   0.0284371
11.2157   0.0284387
11.2163   0.0282997
11.214   0.0282509
11.2122   0.0281661
11.2125    0.028027
