1    0.360324    0.360324           0
2     0.35678    0.358552  0.00177202
3    0.356615    0.357907  0.00120986
4    0.361319     0.35876   0.0012081
5    0.359836    0.358975 0.000960255
6    0.355239    0.358352  0.00100121
7    0.353837    0.357707    0.001064
8    0.359219    0.357896 0.000940623
9    0.361335    0.358278 0.000913299
10    0.362094     0.35866 0.000901618
11    0.362401       0.359 0.000883621
12    0.362221    0.359268 0.000850128
13    0.360393    0.359355 0.000786778
14    0.349908     0.35868 0.000992928
15    0.356352    0.358525 0.000937304
16    0.358194    0.358504 0.000877012
17    0.356898     0.35841 0.000829213
18    0.354156    0.358173 0.000816728
19    0.355515    0.358033 0.000785117
20    0.356133    0.357938 0.000750863
21    0.357905    0.357937 0.000714215
22    0.355707    0.357836 0.000688477
23    0.358537    0.357866  0.00065857
24    0.358075    0.357875 0.000630592
25    0.361577    0.358023 0.000622707
26    0.363264    0.358224 0.000631321
27    0.355047    0.358107  0.00061878
28    0.353361    0.357937 0.000619888
29    0.357802    0.357933 0.000598149
30    0.357448    0.357916 0.000578093
31     0.35241    0.357739 0.000586669
32    0.359648    0.357798 0.000571165
33    0.353679    0.357674 0.000567488
34    0.358596    0.357701 0.000551212
35    0.357895    0.357706 0.000535261
36    0.360326    0.357779 0.000525245
37    0.360544    0.357854  0.00051629
38    0.362046    0.357964 0.000514487
39    0.360325    0.358025 0.000504765
40    0.363927    0.358172 0.000513635
41    0.355814    0.358115 0.000504241
42    0.360443     0.35817 0.000495201
43    0.354253    0.358079 0.000492054
44    0.360585    0.358136 0.000484101
45    0.357654    0.358125 0.000473342
46     0.35797    0.358122  0.00046295
47    0.357686    0.358113 0.000453088
48    0.354564    0.358039 0.000449666
49    0.357281    0.358023 0.000440666
50    0.357184    0.358006 0.000432088
51    0.360989    0.358065  0.00042755
52    0.355747     0.35802 0.000421609
53     0.36254    0.358106 0.000422278
54     0.36008    0.358142 0.000415994
55    0.358751    0.358153  0.00040851
56     0.35404     0.35808 0.000407819
57    0.357954    0.358078 0.000400607
58    0.363806    0.358176  0.00040584
59    0.358164    0.358176 0.000398902
60    0.356674    0.358151 0.000392995
61    0.361112      0.3582 0.000389535
62    0.355621    0.358158  0.00038545
63    0.352781    0.358073 0.000388767
64    0.355477    0.358032 0.000384787
65    0.359379    0.358053 0.000379387
66    0.361316    0.358102 0.000376852
67    0.358824    0.358113 0.000371341
68    0.359944     0.35814 0.000366828
69    0.356056     0.35811 0.000362733
70    0.359894    0.358135  0.00035842
71    0.363635    0.358213 0.000361728
72    0.360953    0.358251 0.000358694
73    0.356262    0.358224 0.000354794
74    0.355945    0.358193 0.000351318
75    0.358207    0.358193 0.000346602
76    0.353109    0.358126 0.000348492
77    0.361055    0.358164 0.000346033
78    0.360003    0.358188 0.000342381
79    0.354632    0.358143 0.000341003
80    0.356477    0.358122 0.000337357
81     0.35805    0.358121 0.000333167
82    0.357711    0.358116 0.000329117
83    0.360704    0.358147  0.00032662
84    0.357539     0.35814 0.000322789
85    0.355767    0.358112 0.000320188
86    0.361056    0.358146 0.000318289
87    0.356618    0.358129   0.0003151
88    0.355218    0.358096  0.00031325
89    0.357148    0.358085 0.000309893
90    0.357205    0.358075 0.000306586
91    0.355066    0.358042 0.000304997
92    0.359339    0.358056 0.000301992
93    0.364038    0.358121 0.000305575
94    0.361041    0.358152 0.000303899
95    0.357609    0.358146 0.000300737
96    0.358144    0.358146 0.000297588
97    0.360591    0.358171  0.00029558
98    0.360886    0.358199 0.000293857
99    0.361659    0.358234 0.000292966
100    0.356843     0.35822 0.000290354
101     0.35638    0.358202 0.000288042
102    0.359521    0.358215 0.000285497
103    0.353957    0.358173 0.000285718
104     0.35647    0.358157  0.00028343
105    0.355595    0.358132 0.000281777
106     0.35468      0.3581 0.000280999
107    0.365842    0.358172 0.000287612
108    0.361496    0.358203 0.000286594
109    0.361865    0.358237 0.000285932
110    0.360032    0.358253 0.000283791
111    0.356116    0.358234  0.00028188
112    0.355767    0.358212 0.000280219
113    0.357628    0.358206 0.000277776
114    0.359232    0.358215 0.000275476
115    0.356916    0.358204 0.000273304
116    0.357762      0.3582 0.000270964
117    0.358431    0.358202 0.000268646
118    0.360902    0.358225  0.00026734
119    0.352514    0.358177 0.000269394
120    0.353475    0.358138 0.000269999
121    0.359678    0.358151  0.00026806
122    0.362332    0.358185 0.000268054
123    0.355378    0.358162 0.000266843
124    0.362498    0.358197 0.000266983
125    0.362129    0.358229   0.0002667
126    0.357107     0.35822 0.000264724
127    0.359383    0.358229 0.000262791
128    0.355441    0.358207 0.000261638
129    0.358083    0.358206 0.000259604
130    0.356552    0.358193 0.000257913
131    0.359886    0.358206 0.000256263
132    0.357636    0.358202 0.000254351
133    0.354782    0.358176 0.000253737
134    0.359277    0.358185  0.00025197
135    0.351724    0.358137 0.000254635
136    0.353679    0.358104 0.000254872
137    0.351778    0.358058 0.000257183
138    0.363134    0.358094 0.000257949
139    0.352558    0.358055 0.000259166
140    0.359929    0.358068 0.000257656
141    0.359575    0.358079 0.000256045
142    0.356009    0.358064 0.000254653
143    0.359758    0.358076 0.000253144
144    0.359906    0.358089 0.000251701
145    0.363703    0.358127  0.00025294
146    0.357556    0.358124 0.000251232
147    0.355309    0.358104 0.000250251
148    0.363468    0.358141 0.000251182
149    0.360284    0.358155 0.000249905
150    0.355274    0.358136 0.000248975
151    0.358956    0.358141 0.000247381
152    0.355834    0.358126 0.000246216
153    0.361274    0.358147 0.000245466
154    0.359827    0.358158  0.00024411
155    0.353069    0.358125 0.000244742
156    0.358028    0.358124 0.000243169
157    0.358006    0.358123 0.000241616
158    0.356723    0.358114 0.000240246
159    0.354791    0.358094 0.000239643
160    0.353035    0.358062  0.00024023
161    0.362198    0.358088 0.000240111
162    0.355966    0.358075 0.000238984
163    0.353426    0.358046 0.000239219
164    0.359045    0.358052 0.000237834
165    0.353578    0.358025 0.000237938
166     0.35722     0.35802  0.00023655
167    0.354065    0.357996 0.000236319
168    0.356862     0.35799 0.000235005
169    0.354972    0.357972 0.000234292
170    0.352881    0.357942 0.000234827
171    0.359239    0.357949 0.000233573
172    0.354091    0.357927 0.000233292
173    0.357693    0.357926 0.000231944
174    0.358331    0.357928 0.000230619
175    0.363062    0.357957 0.000231166
176    0.357033    0.357952 0.000229909
177      0.3593     0.35796 0.000228733
178    0.352259    0.357928 0.000229688
179    0.359983    0.357939  0.00022869
180    0.363819    0.357972  0.00022975
181    0.355747     0.35796 0.000228807
182    0.354406     0.35794 0.000228383
183    0.358132    0.357941 0.000227134
184    0.354447    0.357922 0.000226693
185    0.348596    0.357872 0.000231031
186    0.357936    0.357872 0.000229786
187    0.359635    0.357881 0.000228748
188    0.360719    0.357897 0.000228028
189    0.356811    0.357891 0.000226891
190    0.358217    0.357893 0.000225701
191    0.355327    0.357879 0.000224917
192    0.356797    0.357873 0.000223814
193    0.356501    0.357866 0.000222765
194    0.362847    0.357892 0.000223096
195    0.356099    0.357883 0.000222139
196    0.360458    0.357896 0.000221393
197    0.358942    0.357901  0.00022033
198    0.356244    0.357893 0.000219374
199    0.355947    0.357883 0.000218488
200    0.363223     0.35791 0.000219027
1     0.36239     0.36239           0
2    0.358522    0.360456  0.00193423
3    0.356412    0.359108  0.00175041
4     0.36019    0.359378  0.00126695
5    0.358667    0.359236 0.000991638
6    0.358795    0.359163 0.000813005
7    0.356082    0.358723  0.00081597
8     0.35952    0.358822 0.000713655
9    0.362103    0.359187 0.000727351
10    0.360684    0.359337 0.000667568
11    0.362175    0.359595 0.000656659
12     0.36343    0.359914 0.000679321
13    0.358969    0.359841 0.000629101
14    0.351415     0.35924  0.00083756
15    0.357079    0.359096 0.000792916
16    0.359036    0.359092 0.000741714
17    0.357314    0.358987 0.000704527
18    0.356032    0.358823 0.000684226
19     0.35367    0.358552 0.000701734
20    0.358425    0.358545 0.000665754
21     0.35672    0.358459 0.000639195
22    0.354207    0.358265 0.000639361
23    0.356681    0.358196 0.000614801
24    0.359307    0.358243 0.000590443
25    0.361598    0.358377 0.000582014
26    0.361731    0.358506  0.00057387
27    0.354152    0.358345 0.000575274
28     0.35527    0.358235 0.000565117
29    0.359923    0.358293  0.00054838
30    0.359468    0.358332  0.00053123
31    0.353255    0.358168 0.000539275
32    0.359296    0.358204 0.000523339
33    0.357124    0.358171 0.000508287
34    0.359389    0.358207 0.000494411
35    0.358854    0.358225 0.000480433
36    0.359365    0.358257  0.00046797
37    0.362254    0.358365 0.000467791
38    0.362269    0.358468 0.000466762
39    0.355614    0.358395 0.000460489
40    0.361879    0.358482 0.000457205
41    0.355291    0.358404 0.000452654
42    0.360544    0.358455 0.000444675
43    0.354478    0.358362 0.000443949
44    0.358114    0.358357 0.000433778
45    0.356998    0.358326 0.000425103
46    0.358524    0.358331 0.000415781
47    0.358431    0.358333 0.000406844
48    0.355226    0.358268 0.000403502
49    0.357154    0.358245 0.000395835
50    0.352053    0.358122 0.000407129
51    0.362193    0.358201 0.000406972
52    0.355417    0.358148 0.000402646
53    0.361446     0.35821 0.000399848
54    0.362475    0.358289 0.000400244
55    0.360046    0.358321 0.000394196
56    0.355357    0.358268 0.000390696
57    0.356188    0.358232 0.000385512
58     0.36158    0.358289 0.000383181
59    0.362764    0.358365 0.000384191
60    0.357753    0.358355 0.000377871
61     0.35921    0.358369 0.000371889
62    0.355529    0.358323 0.000368697
63    0.356189    0.358289 0.000364376
64    0.355214    0.358241 0.000361843
65    0.361246    0.358287  0.00035922
66    0.359471    0.358305  0.00035419
67     0.35552    0.358264 0.000351331
68      0.3584    0.358266 0.000346132
69    0.354644    0.358213 0.000345093
70     0.35982    0.358236 0.000340901
71    0.363222    0.358307 0.000343323
72    0.362275    0.358362 0.000342979
73    0.357383    0.358348 0.000338514
74    0.355037    0.358304 0.000336892
75    0.360239    0.358329  0.00033337
76    0.353524    0.358266 0.000334975
77    0.360967    0.358301 0.000332452
78    0.357755    0.358294 0.000328237
79    0.355141    0.358254 0.000326505
80    0.360723    0.358285 0.000323872
81     0.35755    0.358276 0.000319977
82    0.355301     0.35824 0.000318127
83     0.35809    0.358238 0.000314276
84    0.360862    0.358269  0.00031208
85    0.357578    0.358261 0.000308494
86     0.35853    0.358264 0.000304902
87    0.357212    0.358252 0.000301619
88    0.354925    0.358214  0.00030056
89    0.352626    0.358152 0.000303725
90    0.359619    0.358168 0.000300773
91    0.356885    0.358154 0.000297783
92    0.355494    0.358125 0.000295944
93    0.364825    0.358197 0.000301479
94    0.358958    0.358205 0.000298364
95    0.356709    0.358189 0.000295627
96    0.356355     0.35817 0.000293154
97    0.357073    0.358159 0.000290337
98    0.359137    0.358169 0.000287532
99     0.35783    0.358165 0.000284634
100    0.357012    0.358154 0.000282009
101    0.356661    0.358139 0.000279594
102    0.358901    0.358146  0.00027694
103    0.351455    0.358082 0.000281828
104    0.354779     0.35805 0.000280905
105      0.3568    0.358038 0.000278471
106    0.353224    0.357992 0.000279545
107     0.36788    0.358085 0.000291931
108    0.361104    0.358113 0.000290563
109    0.361392    0.358143 0.000289453
110    0.361289    0.358172 0.000288232
111    0.354446    0.358138 0.000287589
112    0.355052     0.35811 0.000286339
113    0.355694    0.358089 0.000284598
114    0.357898    0.358087 0.000282096
115    0.355028    0.358061 0.000280894
116    0.357947     0.35806 0.000278464
117    0.357244    0.358053 0.000276162
118    0.358263    0.358055 0.000273817
119    0.357453     0.35805 0.000271553
120    0.353068    0.358008 0.000272462
121    0.360515    0.358029 0.000270994
122    0.362241    0.358063 0.000270972
123    0.356975    0.358054 0.000268906
124    0.362481     0.35809 0.000269107
125     0.36259    0.358126 0.000269361
126    0.354629    0.358098 0.000268652
127    0.360864     0.35812 0.000267416
128    0.358243    0.358121 0.000265321
129    0.361451    0.358147 0.000264518
130    0.357504    0.358142 0.000262522
131     0.36051     0.35816 0.000261137
132    0.357634    0.358156 0.000259182
133     0.35403    0.358125 0.000259089
134    0.359478    0.358135 0.000257347
135    0.354855    0.358111 0.000256587
136     0.35599    0.358095  0.00025517
137    0.352499    0.358054 0.000256573
138    0.364696    0.358102 0.000259214
139    0.354283    0.358075 0.000258805
140     0.35905    0.358082 0.000257044
141    0.360867    0.358102 0.000255978
142    0.353927    0.358072 0.000255863
143    0.357441    0.358068 0.000254106
144    0.357512    0.358064 0.000252365
145    0.363643    0.358103 0.000253555
146     0.35556    0.358085 0.000252414
147    0.355877     0.35807  0.00025114
148    0.362113    0.358097 0.000250929
149     0.35954    0.358107 0.000249427
150    0.356683    0.358098  0.00024794
151    0.360248    0.358112 0.000246704
152    0.354644    0.358089 0.000246136
153    0.359975    0.358101 0.000244832
154    0.359611    0.358111 0.000243435
155    0.353683    0.358083 0.000243541
156     0.35999    0.358095 0.000242283
157    0.360053    0.358107 0.000241058
158    0.356007    0.358094 0.000239896
159    0.354184    0.358069 0.000239647
160    0.355051    0.358051 0.000238891
161    0.361851    0.358074 0.000238573
162     0.35679    0.358066 0.000237228
163    0.355231    0.358049 0.000236409
164    0.358463    0.358051 0.000234977
165    0.353874    0.358026 0.000234917
166    0.356966     0.35802 0.000233585
167    0.354676       0.358 0.000233044
168     0.35512    0.357982 0.000232285
169    0.354877    0.357964 0.000231637
170    0.355026    0.357947 0.000230918
171    0.356502    0.357938 0.000229719
172    0.353466    0.357912 0.000229855
173    0.359055    0.357919 0.000228618
174    0.358885    0.357925 0.000227368
175    0.365266    0.357966 0.000229925
176    0.356037    0.357955 0.000228877
177    0.356829    0.357949 0.000227669
178    0.354546     0.35793 0.000227193
179    0.361997    0.357953  0.00022706
180    0.363214    0.357982 0.000227679
181    0.358566    0.357985  0.00022644
182    0.353876    0.357963 0.000226322
183    0.359313     0.35797 0.000225203
184    0.354648    0.357952 0.000224702
185    0.351175    0.357915 0.000226466
186    0.360223    0.357928 0.000225586
187    0.357081    0.357923 0.000224422
188    0.357392     0.35792 0.000223243
189    0.360402    0.357933 0.000222447
190    0.358059    0.357934 0.000221274
191    0.354419    0.357916  0.00022088
192    0.357634    0.357914 0.000219732
193    0.362144    0.357936 0.000219686
194    0.361492    0.357955 0.000219318
195    0.357279    0.357951 0.000218218
196     0.36071    0.357965 0.000217558
197    0.356401    0.357957 0.000216596
198    0.355809    0.357946 0.000215772
199    0.354638     0.35793 0.000215328
200    0.365564    0.357968 0.000217623
