1     -0.5674     -0.5674           0
2    -0.56953   -0.568465   0.0010648
3   -0.568883   -0.568604 0.000630384
4   -0.567763   -0.568394 0.000492853
5   -0.568485   -0.568412 0.000382194
6   -0.567816   -0.568313 0.000327496
7   -0.568083    -0.56828 0.000278722
8   -0.568525   -0.568311 0.000243312
9   -0.569786   -0.568474 0.000270008
10   -0.569373   -0.568564 0.000257669
11   -0.567749    -0.56849 0.000244578
12   -0.568058   -0.568454 0.000226159
13   -0.569077   -0.568502 0.000213479
14   -0.566872   -0.568386 0.000229388
15   -0.568782   -0.568412 0.000215181
16   -0.568432   -0.568413 0.000201287
17   -0.568494   -0.568418 0.000189137
18   -0.569163   -0.568459 0.000183062
19   -0.567722   -0.568421  0.00017746
20   -0.568691   -0.568434 0.000168896
21   -0.569946   -0.568506 0.000176038
22   -0.567805   -0.568474 0.000170846
23   -0.568928   -0.568494 0.000164437
24   -0.566925   -0.568429 0.000170473
25    -0.56791   -0.568408 0.000164821
26   -0.566754   -0.568344 0.000170659
27   -0.569064   -0.568371 0.000166366
28    -0.56919     -0.5684 0.000162964
29   -0.567861   -0.568382  0.00015834
30   -0.567496   -0.568352 0.000155794
31    -0.56853   -0.568358 0.000150793
32   -0.568688   -0.568368 0.000146369
33   -0.569555   -0.568404 0.000146354
34   -0.569296    -0.56843 0.000144387
35   -0.568938   -0.568445 0.000140948
36   -0.568408   -0.568444 0.000136981
37   -0.568672    -0.56845  0.00013337
38   -0.568363   -0.568448 0.000129833
39   -0.569062   -0.568463 0.000127439
40   -0.568104   -0.568454 0.000124537
41   -0.568246   -0.568449 0.000121567
42   -0.568598   -0.568453  0.00011869
43   -0.567858   -0.568439 0.000116721
44   -0.569709   -0.568468 0.000117632
45   -0.568755   -0.568474 0.000115165
46    -0.56801   -0.568464 0.000113086
47   -0.568656   -0.568468 0.000110729
48   -0.569515    -0.56849  0.00011057
49   -0.567986    -0.56848 0.000108779
50   -0.569064   -0.568491 0.000107219
51   -0.568821   -0.568498 0.000105294
52   -0.567534   -0.568479 0.000104899
53    -0.56747    -0.56846 0.000104647
54   -0.567894    -0.56845 0.000103224
55   -0.567619   -0.568435  0.00010245
56   -0.567869   -0.568425  0.00010111
57   -0.568048   -0.568418 9.95398e-05
58   -0.568515    -0.56842 9.78228e-05
59   -0.567698   -0.568408 9.69265e-05
60   -0.568083   -0.568402 9.54505e-05
61   -0.568558   -0.568405 9.39077e-05
62   -0.569552   -0.568423 9.42158e-05
63    -0.56756   -0.568409 9.37152e-05
64   -0.568501   -0.568411 9.22504e-05
65   -0.567318   -0.568394 9.23622e-05
66    -0.56877     -0.5684 9.11298e-05
67   -0.569024   -0.568409 9.02416e-05
68   -0.568704   -0.568413 8.90103e-05
69    -0.56921   -0.568425 8.84665e-05
70   -0.566195   -0.568393 9.28299e-05
71   -0.568773   -0.568398 9.16692e-05
72   -0.568022   -0.568393 9.05378e-05
73   -0.566666    -0.56837 9.23722e-05
74   -0.569171    -0.56838  9.1757e-05
75   -0.568253   -0.568379 9.05413e-05
76   -0.568053   -0.568374 8.94449e-05
77   -0.568987   -0.568382 8.86336e-05
78   -0.568123   -0.568379  8.7553e-05
79   -0.567669    -0.56837  8.6904e-05
80   -0.568546   -0.568372 8.58388e-05
81   -0.567829   -0.568366 8.50376e-05
82   -0.568219   -0.568364 8.40131e-05
83   -0.568326   -0.568363 8.29959e-05
84   -0.569288   -0.568374 8.27375e-05
85   -0.568869    -0.56838  8.1965e-05
86    -0.56848   -0.568381 8.10147e-05
87   -0.569485   -0.568394 8.10763e-05
88   -0.568282   -0.568393 8.01599e-05
89   -0.568453   -0.568393  7.9257e-05
90   -0.567139   -0.568379 7.96007e-05
91    -0.56869   -0.568383 7.87949e-05
92   -0.568926   -0.568389 7.81573e-05
93   -0.567822   -0.568383 7.75518e-05
94   -0.568739   -0.568386 7.68161e-05
95   -0.568403   -0.568387 7.60034e-05
96   -0.568573   -0.568389 7.52325e-05
97    -0.56773   -0.568382 7.47622e-05
98   -0.570051   -0.568399 7.59309e-05
99   -0.569493    -0.56841  7.5968e-05
100   -0.568432    -0.56841 7.52048e-05
101   -0.569419    -0.56842 7.51238e-05
102   -0.568872   -0.568425 7.45155e-05
103   -0.568826   -0.568428 7.38912e-05
104   -0.569381   -0.568438  7.3748e-05
105   -0.569133   -0.568444 7.33417e-05
106    -0.56828   -0.568443 7.26631e-05
107   -0.567838   -0.568437 7.22019e-05
108   -0.566808   -0.568422 7.31033e-05
109   -0.569482   -0.568432  7.3079e-05
110   -0.568022   -0.568428 7.25071e-05
111   -0.568358   -0.568427 7.18537e-05
112   -0.567934   -0.568423 7.13451e-05
113   -0.568152    -0.56842 7.07515e-05
114   -0.566917   -0.568407 7.13578e-05
115   -0.569123   -0.568414  7.1008e-05
116   -0.566509   -0.568397 7.22829e-05
117   -0.568499   -0.568398 7.16678e-05
118   -0.567982   -0.568394 7.11451e-05
119   -0.568314   -0.568394 7.05479e-05
120   -0.569166     -0.5684 7.02532e-05
121   -0.567808   -0.568395 6.98419e-05
122   -0.567877   -0.568391 6.93973e-05
123   -0.569824   -0.568403 6.98097e-05
124   -0.568365   -0.568402 6.92451e-05
125   -0.568544   -0.568404 6.86983e-05
126   -0.566782   -0.568391 6.93548e-05
127    -0.56867   -0.568393 6.88417e-05
128   -0.568226   -0.568392 6.83143e-05
129   -0.567498   -0.568385  6.8136e-05
130   -0.568158   -0.568383 6.76322e-05
131   -0.569219   -0.568389 6.74169e-05
132   -0.567414   -0.568382 6.73106e-05
133   -0.567192   -0.568373 6.73991e-05
134   -0.567611   -0.568367 6.71353e-05
135   -0.567602   -0.568362 6.68771e-05
136   -0.569221   -0.568368 6.66835e-05
137   -0.568877   -0.568372 6.62991e-05
138   -0.567274   -0.568364 6.62961e-05
139   -0.568669   -0.568366  6.5854e-05
140   -0.568789   -0.568369 6.54517e-05
141   -0.568237   -0.568368 6.49926e-05
142    -0.56867    -0.56837 6.45684e-05
143   -0.568718   -0.568373 6.41615e-05
144   -0.570005   -0.568384 6.47149e-05
145   -0.568278   -0.568383 6.42711e-05
146    -0.56887   -0.568386 6.39166e-05
147   -0.568629   -0.568388 6.35017e-05
148   -0.568728    -0.56839  6.3113e-05
149   -0.569496   -0.568398 6.31256e-05
150   -0.567661   -0.568393 6.28955e-05
151   -0.567779   -0.568389 6.26097e-05
152   -0.568026   -0.568386 6.22423e-05
153   -0.568474   -0.568387 6.18368e-05
154   -0.569482   -0.568394 6.18437e-05
155   -0.567906   -0.568391 6.15242e-05
156   -0.569126   -0.568396 6.13101e-05
157   -0.567662   -0.568391 6.10971e-05
158   -0.568547   -0.568392 6.07172e-05
159   -0.567267   -0.568385 6.07475e-05
160   -0.568834   -0.568388 6.04317e-05
161   -0.567758   -0.568384 6.01823e-05
162   -0.569787   -0.568393 6.04337e-05
163   -0.569218   -0.568398 6.02747e-05
164   -0.569234   -0.568403 6.01226e-05
165   -0.568459   -0.568403 5.97581e-05
166   -0.567442   -0.568397 5.96787e-05
167   -0.568712   -0.568399 5.93502e-05
168   -0.570085   -0.568409 5.98431e-05
169   -0.569613   -0.568416 5.99128e-05
170   -0.568446   -0.568416 5.95595e-05
171   -0.568355   -0.568416 5.92113e-05
172   -0.568045   -0.568414 5.89056e-05
173   -0.568579   -0.568415 5.85719e-05
174   -0.568365   -0.568415  5.8235e-05
175   -0.565627   -0.568399 6.00521e-05
176   -0.567973   -0.568396  5.9759e-05
177   -0.568526   -0.568397 5.94249e-05
178   -0.566315   -0.568385 6.02364e-05
179   -0.567506    -0.56838 6.01002e-05
180   -0.567654   -0.568376 5.99013e-05
181   -0.568269   -0.568376 5.95724e-05
182   -0.568426   -0.568376 5.92448e-05
183    -0.56852   -0.568377 5.89255e-05
184   -0.569042    -0.56838 5.87156e-05
185   -0.569102   -0.568384 5.85276e-05
186    -0.56808   -0.568383 5.82351e-05
187   -0.569782    -0.56839 5.84045e-05
188   -0.568995   -0.568393 5.81821e-05
189   -0.567634   -0.568389 5.80128e-05
190   -0.567667   -0.568386 5.78317e-05
191   -0.568635   -0.568387  5.7543e-05
192   -0.568522   -0.568388 5.72468e-05
193   -0.566912    -0.56838 5.74603e-05
194   -0.566862   -0.568372 5.76961e-05
195   -0.567056   -0.568365 5.77949e-05
196   -0.569342    -0.56837  5.7715e-05
197   -0.567758   -0.568367 5.75052e-05
198   -0.569682   -0.568374 5.75978e-05
199   -0.568074   -0.568372 5.73275e-05
200   -0.568016   -0.568371  5.7068e-05
1   -0.567485   -0.567485           0
2   -0.569384   -0.568434   0.0009496
3   -0.569267   -0.568712 0.000614526
4   -0.568109   -0.568561 0.000459958
5    -0.56872   -0.568593 0.000357695
6   -0.567717   -0.568447 0.000326529
7   -0.568144   -0.568404  0.00027934
8   -0.568688   -0.568439 0.000244512
9   -0.570016   -0.568614 0.000277841
10   -0.569483   -0.568701 0.000263257
11   -0.566976   -0.568544 0.000285138
12   -0.568605   -0.568549 0.000260343
13   -0.568973   -0.568582 0.000241684
14   -0.566973   -0.568467 0.000251554
15   -0.568296   -0.568456 0.000234461
16    -0.56872   -0.568472  0.00021994
17    -0.56843    -0.56847 0.000206612
18   -0.569254   -0.568513 0.000199614
19    -0.56787   -0.568479 0.000191824
20   -0.568646   -0.568488 0.000182171
21   -0.570067   -0.568563 0.000188897
22   -0.568032   -0.568539 0.000181716
23   -0.569101   -0.568563 0.000175346
24   -0.567155   -0.568505 0.000177839
25   -0.568552   -0.568507 0.000170587
26    -0.56717   -0.568455 0.000171772
27   -0.569318   -0.568487 0.000168352
28   -0.569597   -0.568527 0.000166999
29    -0.56748   -0.568491  0.00016513
30   -0.567397   -0.568454 0.000163645
31   -0.568586   -0.568458 0.000158335
32    -0.56908   -0.568478 0.000154533
33   -0.568485   -0.568478 0.000149777
34    -0.56909   -0.568496 0.000146414
35   -0.569747   -0.568532 0.000146594
36   -0.568259   -0.568524 0.000142665
37   -0.568387   -0.568521 0.000138805
38   -0.568597   -0.568523 0.000135118
39   -0.568971   -0.568534  0.00013211
40   -0.568418   -0.568531 0.000128797
41   -0.568088    -0.56852 0.000126081
42   -0.568446   -0.568519 0.000123055
43   -0.567586   -0.568497 0.000122102
44   -0.569365   -0.568517 0.000120915
45    -0.56871   -0.568521 0.000118276
46   -0.568493    -0.56852 0.000115678
47   -0.568589   -0.568522 0.000113199
48   -0.569723   -0.568547 0.000113607
49   -0.567947   -0.568535 0.000111935
50     -0.5698    -0.56856 0.000112556
51   -0.568733   -0.568563 0.000110379
52   -0.567406   -0.568541 0.000110498
53   -0.567749   -0.568526 0.000109419
54   -0.567666    -0.56851  0.00010855
55   -0.567438   -0.568491 0.000108325
56   -0.567494   -0.568473  0.00010785
57   -0.567741    -0.56846 0.000106717
58   -0.569074   -0.568471 0.000105393
59   -0.567139   -0.568448  0.00010602
60    -0.56845   -0.568448 0.000104238
61   -0.568674   -0.568452 0.000102582
62    -0.56985   -0.568474 0.000103402
63   -0.567805   -0.568464 0.000102301
64   -0.568554   -0.568465   0.0001007
65   -0.567542   -0.568451 0.000100149
66   -0.568947   -0.568458 9.89065e-05
67    -0.56904   -0.568467 9.78051e-05
68   -0.569288   -0.568479 9.71094e-05
69    -0.56925    -0.56849 9.63409e-05
70   -0.566485   -0.568462 9.91827e-05
71    -0.56935   -0.568474 9.85738e-05
72   -0.568053   -0.568468 9.73711e-05
73    -0.56679   -0.568445 9.87405e-05
74   -0.568645   -0.568448 9.74343e-05
75   -0.568234   -0.568445 9.61689e-05
76   -0.568189   -0.568442 9.49551e-05
77   -0.568222   -0.568439 9.37571e-05
78    -0.56899   -0.568446 9.28169e-05
79   -0.567742   -0.568437 9.20663e-05
80   -0.569245   -0.568447 9.14671e-05
81   -0.567118   -0.568431 9.18084e-05
82    -0.56801   -0.568426 9.08272e-05
83   -0.567701   -0.568417 9.01503e-05
84   -0.568939   -0.568423 8.92873e-05
85    -0.56859   -0.568425 8.82526e-05
86   -0.568286   -0.568423 8.72352e-05
87   -0.569547   -0.568436 8.71887e-05
88   -0.567381   -0.568424  8.7023e-05
89   -0.568862   -0.568429 8.61802e-05
90   -0.567662   -0.568421 8.56423e-05
91   -0.568384    -0.56842 8.46969e-05
92   -0.569422   -0.568431 8.44763e-05
93    -0.56799   -0.568427 8.36974e-05
94   -0.568574   -0.568428 8.28171e-05
95   -0.567845   -0.568422 8.21705e-05
96   -0.568158   -0.568419 8.13564e-05
97   -0.567771   -0.568413   8.079e-05
98   -0.569278   -0.568421  8.0448e-05
99   -0.569814   -0.568435 8.08648e-05
100   -0.568307   -0.568434 8.00623e-05
101   -0.569216   -0.568442 7.96427e-05
102   -0.568824   -0.568446  7.8947e-05
103    -0.56861   -0.568447 7.81929e-05
104   -0.568598   -0.568449 7.74511e-05
105   -0.569914   -0.568463 7.79682e-05
106   -0.568107   -0.568459 7.73019e-05
107    -0.56755   -0.568451 7.70458e-05
108   -0.567208   -0.568439 7.71917e-05
109   -0.569459   -0.568449 7.70504e-05
110   -0.567709   -0.568442 7.66425e-05
111   -0.568778   -0.568445  7.6009e-05
112   -0.567523   -0.568437 7.57756e-05
113   -0.568238   -0.568435 7.51225e-05
114   -0.566872   -0.568421 7.57124e-05
115   -0.569408    -0.56843   7.554e-05
116   -0.567069   -0.568418 7.57996e-05
117    -0.56823   -0.568417  7.5166e-05
118   -0.568314   -0.568416 7.45314e-05
119   -0.567584   -0.568409 7.42322e-05
120   -0.568891   -0.568413 7.37207e-05
121   -0.567422   -0.568404 7.35656e-05
122    -0.56805   -0.568402 7.30181e-05
123   -0.569454    -0.56841  7.2926e-05
124   -0.568613   -0.568412  7.2354e-05
125    -0.56927   -0.568419 7.21008e-05
126   -0.567174   -0.568409 7.22047e-05
127   -0.568616    -0.56841 7.16525e-05
128   -0.568213   -0.568409 7.11073e-05
129     -0.5678   -0.568404 7.07116e-05
130   -0.568198   -0.568403 7.01834e-05
131   -0.568803   -0.568406 6.97127e-05
132    -0.56765     -0.5684 6.94192e-05
133   -0.567606   -0.568394 6.91531e-05
134   -0.566923   -0.568383 6.95072e-05
135   -0.567219   -0.568374 6.95268e-05
136   -0.568978   -0.568379 6.91561e-05
137    -0.56904   -0.568384 6.88189e-05
138   -0.567646   -0.568378  6.8527e-05
139   -0.569248   -0.568385 6.83193e-05
140   -0.568469   -0.568385 6.78323e-05
141     -0.5686   -0.568387 6.73667e-05
142   -0.568853    -0.56839 6.69711e-05
143    -0.56896   -0.568394 6.66205e-05
144   -0.569994   -0.568405 6.70825e-05
145   -0.568288   -0.568404 6.66231e-05
146   -0.568573   -0.568405 6.61753e-05
147   -0.568834   -0.568408 6.57881e-05
148   -0.568232   -0.568407  6.5353e-05
149   -0.569819   -0.568417 6.56011e-05
150   -0.567462    -0.56841  6.5472e-05
151   -0.567923   -0.568407 6.51169e-05
152   -0.567099   -0.568398 6.52567e-05
153   -0.568448   -0.568399 6.48296e-05
154    -0.57028   -0.568411 6.55556e-05
155   -0.567866   -0.568407 6.52262e-05
156   -0.568902   -0.568411 6.48844e-05
157   -0.568013   -0.568408 6.45196e-05
158   -0.567898   -0.568405 6.41912e-05
159    -0.56745   -0.568399 6.40685e-05
160    -0.56847   -0.568399 6.36684e-05
161   -0.568042   -0.568397 6.33107e-05
162   -0.569464   -0.568404 6.32625e-05
163   -0.568346   -0.568403 6.28742e-05
164      -0.569   -0.568407 6.25955e-05
165   -0.567778   -0.568403 6.23317e-05
166   -0.567835     -0.5684 6.20495e-05
167   -0.568475     -0.5684 6.16785e-05
168   -0.570059    -0.56841 6.21005e-05
169   -0.569013   -0.568414 6.18349e-05
170   -0.568565   -0.568414 6.14765e-05
171   -0.568448   -0.568415 6.11163e-05
172   -0.568626   -0.568416 6.07723e-05
173   -0.568302   -0.568415 6.04235e-05
174   -0.567664   -0.568411 6.02302e-05
175   -0.565138   -0.568392 6.27382e-05
176   -0.567467   -0.568387 6.26017e-05
177    -0.56912   -0.568391 6.23846e-05
178   -0.566456    -0.56838 6.29785e-05
179   -0.567058   -0.568373 6.30601e-05
180   -0.567301   -0.568367 6.29909e-05
181   -0.568037   -0.568365 6.26685e-05
182   -0.568954   -0.568368 6.24071e-05
183   -0.568685    -0.56837 6.20892e-05
184   -0.569718   -0.568377 6.21842e-05
185   -0.569002   -0.568381 6.19391e-05
186   -0.568133   -0.568379 6.16196e-05
187   -0.570254   -0.568389  6.2104e-05
188    -0.56865   -0.568391 6.17883e-05
189   -0.567754   -0.568387 6.15529e-05
190    -0.56776   -0.568384  6.1317e-05
191   -0.569224   -0.568388 6.11535e-05
192   -0.568221   -0.568388 6.08404e-05
193     -0.5664   -0.568377 6.13943e-05
194   -0.566565   -0.568368 6.17874e-05
195    -0.56717   -0.568362 6.17762e-05
196   -0.569277   -0.568367 6.16372e-05
197   -0.568363   -0.568366 6.13236e-05
198   -0.569928   -0.568374 6.15206e-05
199   -0.568811   -0.568377 6.12501e-05
200   -0.567674   -0.568373 6.10443e-05
