1    -0.69224    -0.69224           0
2   -0.693757   -0.692998   0.0007584
3   -0.692037   -0.692678 0.000542646
4   -0.691456   -0.692372 0.000490451
5   -0.692304   -0.692359 0.000380148
6   -0.690794   -0.692098 0.000405446
7   -0.692464    -0.69215 0.000346633
8    -0.69248   -0.692191 0.000303011
9   -0.693571   -0.692345 0.000308085
10   -0.691451   -0.692255 0.000289684
11   -0.692909   -0.692315 0.000268678
12   -0.691186   -0.692221 0.000262699
13   -0.692006   -0.692204  0.00024221
14   -0.690744     -0.6921 0.000247311
15    -0.69224   -0.692109 0.000230424
16   -0.691578   -0.692076 0.000218088
17   -0.691454   -0.692039 0.000208095
18   -0.692755   -0.692079 0.000200183
19    -0.69181   -0.692065 0.000189885
20   -0.692403   -0.692082 0.000180933
21   -0.692304   -0.692092 0.000172426
22    -0.69212   -0.692094 0.000164407
23   -0.693184   -0.692141 0.000164092
24   -0.690523   -0.692074 0.000170959
25    -0.69047    -0.69201 0.000176074
26   -0.691278   -0.691981 0.000171488
27   -0.689768   -0.691899 0.000184257
28   -0.691986   -0.691903 0.000177581
29   -0.690614   -0.691858 0.000177012
30   -0.690387   -0.691809   0.0001779
31   -0.692506   -0.691832 0.000173526
32   -0.692464   -0.691851 0.000169175
33    -0.69349   -0.691901 0.000171318
34   -0.691186    -0.69188  0.00016753
35    -0.69084    -0.69185 0.000165364
36   -0.690842   -0.691822 0.000163129
37   -0.690494   -0.691786 0.000162667
38   -0.693893   -0.691842 0.000167752
39   -0.691059   -0.691822 0.000164622
40   -0.692914   -0.691849 0.000162759
41    -0.68973   -0.691797 0.000166944
42    -0.69021    -0.69176 0.000167249
43   -0.691752   -0.691759 0.000163313
44   -0.691234   -0.691747 0.000160005
45   -0.691035   -0.691732 0.000157208
46   -0.691198    -0.69172 0.000154188
47   -0.690947   -0.691704 0.000151765
48   -0.691312   -0.691695 0.000148794
49   -0.691986   -0.691701 0.000145846
50   -0.690374   -0.691675 0.000145342
51   -0.691038   -0.691662 0.000143009
52   -0.689013   -0.691611 0.000149202
53   -0.692502   -0.691628 0.000147322
54   -0.693269   -0.691659 0.000147726
55   -0.690867   -0.691644 0.000145727
56   -0.692147   -0.691653 0.000143383
57   -0.690672   -0.691636 0.000141893
58   -0.691821   -0.691639 0.000139462
59   -0.691584   -0.691638 0.000137081
60   -0.691397   -0.691634 0.000134837
61   -0.690686   -0.691619 0.000133515
62   -0.691414   -0.691615 0.000131385
63   -0.691909    -0.69162 0.000129367
64   -0.692322   -0.691631   0.0001278
65    -0.69073   -0.691617 0.000126581
66   -0.693066   -0.691639 0.000126565
67   -0.691152   -0.691632 0.000124874
68    -0.69149    -0.69163 0.000123041
69   -0.692029   -0.691635 0.000121383
70   -0.691064   -0.691627 0.000119915
71   -0.690317   -0.691609 0.000119646
72   -0.691856   -0.691612 0.000118022
73   -0.692552   -0.691625 0.000117104
74   -0.691014   -0.691617 0.000115805
75   -0.690309   -0.691599 0.000115574
76   -0.692662   -0.691613 0.000114898
77    -0.69124   -0.691609   0.0001135
78   -0.692746   -0.691623 0.000112979
79   -0.692064   -0.691629  0.00011168
80   -0.691229   -0.691624 0.000110388
81   -0.692634   -0.691636 0.000109727
82    -0.69019   -0.691619 0.000109806
83   -0.693763   -0.691644  0.00011151
84   -0.689776   -0.691622 0.000112397
85   -0.691213   -0.691617 0.000111171
86   -0.692005   -0.691622 0.000109963
87   -0.689562   -0.691598 0.000111242
88   -0.693813   -0.691623 0.000112813
89   -0.689832   -0.691603  0.00011334
90   -0.691189   -0.691599 0.000112168
91   -0.692131   -0.691604 0.000111083
92   -0.691382   -0.691602 0.000109895
93   -0.692326    -0.69161 0.000108986
94    -0.69199   -0.691614 0.000107896
95   -0.691904   -0.691617 0.000106798
96    -0.69188    -0.69162 0.000105715
97   -0.692296   -0.691627 0.000104852
98   -0.691128   -0.691622 0.000103901
99   -0.691587   -0.691621 0.000102847
100   -0.691066   -0.691616 0.000101965
101   -0.692685   -0.691626 0.000101504
102   -0.692504   -0.691635 0.000100871
103   -0.691802   -0.691636 9.99003e-05
104   -0.691178   -0.691632 9.90334e-05
105   -0.694584    -0.69166 0.000102035
106   -0.690491   -0.691649 0.000101668
107   -0.692269   -0.691655  0.00010088
108   -0.692763   -0.691665 0.000100467
109   -0.692368   -0.691672 9.97493e-05
110    -0.69192   -0.691674 9.88641e-05
111   -0.691254    -0.69167 9.80422e-05
112   -0.691534   -0.691669 9.71705e-05
113   -0.692944    -0.69168 9.69655e-05
114   -0.692853    -0.69169   9.666e-05
115   -0.692467   -0.691697 9.60536e-05
116   -0.690624   -0.691688 9.56704e-05
117   -0.693928   -0.691707 9.67621e-05
118   -0.691931   -0.691709 9.59574e-05
119    -0.69289   -0.691719 9.56634e-05
120   -0.691901    -0.69172  9.4875e-05
121   -0.690918   -0.691714 9.43208e-05
122   -0.692694   -0.691722 9.38892e-05
123   -0.690944   -0.691716 9.33372e-05
124   -0.692206   -0.691719  9.2666e-05
125   -0.690147   -0.691707 9.27783e-05
126   -0.690429   -0.691697 9.25963e-05
127   -0.690552   -0.691688 9.23055e-05
128   -0.692582   -0.691695 9.18479e-05
129   -0.692738   -0.691703 9.14909e-05
130   -0.692157   -0.691706 9.08516e-05
131   -0.690646   -0.691698 9.05177e-05
132   -0.691208   -0.691695 8.99061e-05
133   -0.693787    -0.69171 9.06042e-05
134   -0.691469   -0.691708 8.99436e-05
135   -0.691898    -0.69171 8.92859e-05
136   -0.691949   -0.691712 8.86443e-05
137    -0.68963   -0.691696 8.92966e-05
138   -0.691283   -0.691693 8.86977e-05
139   -0.691747   -0.691694 8.80581e-05
140   -0.691147    -0.69169  8.7514e-05
141   -0.692179   -0.691693 8.69604e-05
142   -0.690694   -0.691686  8.6632e-05
143   -0.692093   -0.691689  8.6071e-05
144   -0.692886   -0.691698 8.58746e-05
145   -0.691406   -0.691695 8.53039e-05
146   -0.691691   -0.691695 8.47176e-05
147   -0.691843   -0.691696 8.41453e-05
148   -0.692518   -0.691702 8.37592e-05
149   -0.691866   -0.691703 8.32024e-05
150   -0.691816   -0.691704 8.26492e-05
151   -0.694445   -0.691722 8.40828e-05
152   -0.691411    -0.69172 8.35528e-05
153   -0.691883   -0.691721 8.30117e-05
154   -0.692587   -0.691727 8.26625e-05
155   -0.691762   -0.691727 8.21278e-05
156   -0.690701    -0.69172 8.18643e-05
157   -0.691118   -0.691716 8.14315e-05
158   -0.691568   -0.691716 8.09199e-05
159    -0.69139   -0.691713 8.04354e-05
160   -0.689438   -0.691699  8.1186e-05
161   -0.692878   -0.691707 8.10119e-05
162    -0.69196   -0.691708 8.05255e-05
163    -0.69055   -0.691701 8.03445e-05
164   -0.691538     -0.6917 7.98593e-05
165   -0.690413   -0.691692 7.97563e-05
166   -0.690942   -0.691688  7.9403e-05
167   -0.693661     -0.6917 7.98055e-05
168   -0.693269   -0.691709 7.98771e-05
169   -0.691443   -0.691707 7.94186e-05
170   -0.691978   -0.691709  7.8966e-05
171   -0.690358   -0.691701 7.88992e-05
172   -0.691272   -0.691699 7.84788e-05
173   -0.691466   -0.691697 7.80354e-05
174   -0.693378   -0.691707 7.81844e-05
175   -0.692606   -0.691712 7.79061e-05
176   -0.690984   -0.691708 7.75726e-05
177   -0.692563   -0.691713 7.72843e-05
178   -0.691627   -0.691712 7.68504e-05
179   -0.691243    -0.69171 7.64647e-05
180   -0.691382   -0.691708 7.60605e-05
181    -0.69091   -0.691703 7.57673e-05
182   -0.691309   -0.691701  7.5381e-05
183   -0.691331   -0.691699 7.49952e-05
184   -0.690413   -0.691692 7.49134e-05
185    -0.69187   -0.691693 7.45136e-05
186   -0.692267   -0.691696 7.41762e-05
187   -0.692365     -0.6917  7.3865e-05
188   -0.692074   -0.691702 7.34979e-05
189   -0.691554   -0.691701 7.31122e-05
190   -0.693203   -0.691709 7.31549e-05
191   -0.691314   -0.691707 7.28003e-05
192   -0.693765   -0.691718 7.32091e-05
193   -0.693402   -0.691726 7.33496e-05
194   -0.691998   -0.691728  7.2984e-05
195   -0.690688   -0.691722 7.28043e-05
196    -0.69272   -0.691727 7.26105e-05
197   -0.692834   -0.691733 7.24589e-05
198   -0.692184   -0.691735 7.21279e-05
199   -0.690581    -0.69173 7.19987e-05
200   -0.690421   -0.691723  7.1936e-05
1   -0.691979   -0.691979           0
2   -0.693387   -0.692683    0.000704
3   -0.692446   -0.692604 0.000414048
4   -0.691637   -0.692362  0.00037976
5   -0.692734   -0.692437 0.000303423
6   -0.691213   -0.692233 0.000320926
7   -0.692509   -0.692272 0.000274082
8   -0.692293   -0.692275 0.000237376
9   -0.693485   -0.692409 0.000248799
10   -0.691339   -0.692302 0.000246923
11   -0.692869   -0.692354 0.000229212
12   -0.691434   -0.692277 0.000222848
13    -0.69196   -0.692253 0.000206436
14   -0.690395    -0.69212 0.000232661
15   -0.692157   -0.692122  0.00021661
16   -0.691317   -0.692072 0.000208783
17   -0.691272   -0.692025 0.000201685
18   -0.693098   -0.692085 0.000199269
19   -0.691859   -0.692073 0.000188862
20   -0.692558   -0.692097 0.000180808
21   -0.692386   -0.692111 0.000172531
22   -0.691758   -0.692095  0.00016528
23   -0.693053   -0.692136 0.000163331
24   -0.690443   -0.692066 0.000171556
25   -0.690922    -0.69202 0.000170798
26   -0.691419   -0.691997 0.000165717
27   -0.689387     -0.6919 0.000186469
28   -0.692168    -0.69191  0.00017994
29      -0.691   -0.691879 0.000176437
30   -0.690298   -0.691826 0.000178414
31   -0.692438   -0.691846  0.00017369
32   -0.692358   -0.691862 0.000168937
33   -0.693035   -0.691897 0.000167555
34   -0.690867   -0.691867 0.000165351
35   -0.690803   -0.691836 0.000163408
36   -0.690978   -0.691813 0.000160586
37   -0.690752   -0.691784 0.000158795
38   -0.694315   -0.691851 0.000168302
39    -0.69088   -0.691826 0.000165808
40   -0.692922   -0.691853 0.000163916
41   -0.689784   -0.691803 0.000167644
42    -0.69029   -0.691767 0.000167523
43   -0.691414   -0.691758 0.000163786
44   -0.691026   -0.691742 0.000160884
45   -0.691075   -0.691727 0.000157964
46   -0.691323   -0.691718 0.000154741
47    -0.69099   -0.691703 0.000152203
48   -0.690966   -0.691687 0.000149786
49   -0.692192   -0.691698 0.000147058
50   -0.690074   -0.691665 0.000147703
51   -0.690925   -0.691651 0.000145503
52   -0.689403   -0.691607  0.00014908
53   -0.692557   -0.691625 0.000147333
54   -0.693421   -0.691659 0.000148353
55   -0.690717   -0.691641 0.000146634
56   -0.692117    -0.69165 0.000144242
57   -0.690782   -0.691635 0.000142504
58   -0.691813   -0.691638 0.000140059
59   -0.691672   -0.691638 0.000137666
60   -0.691486   -0.691636 0.000135376
61   -0.690837   -0.691623 0.000133781
62    -0.69164   -0.691623 0.000131606
63   -0.691744   -0.691625 0.000129514
64    -0.69237   -0.691637 0.000128004
65   -0.690757   -0.691623 0.000126744
66   -0.693002   -0.691644 0.000126545
67   -0.691419   -0.691641 0.000124687
68   -0.691835   -0.691643 0.000122873
69   -0.692093    -0.69165 0.000121254
70   -0.691035   -0.691641 0.000119832
71   -0.690549   -0.691626 0.000119129
72   -0.691726   -0.691627 0.000117472
73    -0.69247   -0.691639 0.000116426
74   -0.691082   -0.691631 0.000115088
75   -0.690062    -0.69161 0.000115454
76   -0.692907   -0.691627 0.000115196
77   -0.690736   -0.691616 0.000114277
78    -0.69275    -0.69163 0.000113737
79   -0.691944   -0.691634 0.000112358
80   -0.690941   -0.691626 0.000111283
81   -0.692094   -0.691631 0.000110053
82    -0.69051   -0.691618 0.000109559
83   -0.693419   -0.691639 0.000110385
84   -0.690061   -0.691621 0.000110671
85   -0.690874   -0.691612 0.000109714
86   -0.692381   -0.691621 0.000108798
87   -0.689339   -0.691595 0.000110692
88   -0.693835    -0.69162  0.00011235
89   -0.690178   -0.691604 0.000112257
90   -0.691512   -0.691603 0.000111007
91   -0.692112   -0.691608 0.000109923
92   -0.691453   -0.691607 0.000108735
93   -0.692309   -0.691614 0.000107824
94    -0.69188   -0.691617 0.000106708
95   -0.692005   -0.691621 0.000105658
96   -0.691818   -0.691623 0.000104571
97   -0.691701   -0.691624 0.000103491
98   -0.691402   -0.691622 0.000102454
99   -0.691728   -0.691623  0.00010142
100   -0.691176   -0.691618   0.0001005
101   -0.692208   -0.691624 9.96711e-05
102   -0.693061   -0.691638  9.9689e-05
103   -0.691894   -0.691641 9.87477e-05
104   -0.691074   -0.691635 9.79456e-05
105   -0.694381   -0.691661  0.00010047
106    -0.69052   -0.691651 0.000100099
107    -0.69232   -0.691657 9.93561e-05
108   -0.692725   -0.691667 9.89272e-05
109   -0.692187   -0.691672 9.81316e-05
110   -0.691763   -0.691672  9.7239e-05
111    -0.69067   -0.691663 9.67809e-05
112   -0.691603   -0.691663 9.59144e-05
113   -0.693122   -0.691676 9.59344e-05
114   -0.692712   -0.691685 9.55226e-05
115   -0.692272    -0.69169 9.48258e-05
116   -0.690718   -0.691682 9.43772e-05
117   -0.693414   -0.691696 9.47319e-05
118   -0.691538   -0.691695 9.39353e-05
119   -0.693371   -0.691709 9.42016e-05
120   -0.691797    -0.69171 9.34161e-05
121   -0.691158   -0.691705 9.27529e-05
122   -0.692563   -0.691712 9.22579e-05
123   -0.690714   -0.691704 9.18643e-05
124   -0.692211   -0.691708 9.12121e-05
125   -0.690232   -0.691697 9.12471e-05
126   -0.690389   -0.691686  9.1113e-05
127   -0.690925    -0.69168 9.05913e-05
128   -0.692442   -0.691686 9.00775e-05
129    -0.69219    -0.69169 8.94619e-05
130   -0.692213   -0.691694 8.88621e-05
131    -0.69075   -0.691687 8.84749e-05
132   -0.691301   -0.691684 8.78508e-05
133   -0.693674   -0.691699 8.84619e-05
134   -0.691131   -0.691695 8.79014e-05
135   -0.691669   -0.691694  8.7248e-05
136   -0.692336   -0.691699 8.67325e-05
137   -0.690032   -0.691687 8.69528e-05
138   -0.691726   -0.691687 8.63209e-05
139    -0.69168   -0.691687 8.56977e-05
140   -0.691259   -0.691684 8.51383e-05
141    -0.69197   -0.691686 8.45565e-05
142   -0.690579   -0.691678 8.43201e-05
143   -0.692194   -0.691682 8.38058e-05
144   -0.693222   -0.691693 8.39065e-05
145   -0.691488   -0.691691 8.33378e-05
146   -0.691795   -0.691692 8.27681e-05
147   -0.692251   -0.691696 8.22911e-05
148   -0.691926   -0.691697  8.1748e-05
149   -0.692317   -0.691701 8.13039e-05
150   -0.691701   -0.691701   8.076e-05
151   -0.694232   -0.691718 8.19551e-05
152   -0.691298   -0.691715 8.14612e-05
153   -0.691786   -0.691716 8.09283e-05
154   -0.692694   -0.691722 8.06517e-05
155   -0.691678   -0.691722 8.01302e-05
156    -0.69049   -0.691714 8.00059e-05
157   -0.691392   -0.691712 7.95211e-05
158   -0.691976   -0.691714 7.90339e-05
159   -0.691467   -0.691712 7.85505e-05
160   -0.689331   -0.691697 7.94639e-05
161   -0.692274   -0.691701 7.90499e-05
162   -0.691784   -0.691701 7.85621e-05
163   -0.690267   -0.691693 7.85728e-05
164   -0.691669   -0.691692 7.80924e-05
165   -0.690211   -0.691683 7.81351e-05
166   -0.691254   -0.691681 7.77059e-05
167   -0.693504   -0.691692 7.80069e-05
168   -0.693315   -0.691701  7.8141e-05
169   -0.691474     -0.6917 7.76889e-05
170   -0.691534   -0.691699 7.72367e-05
171   -0.690858   -0.691694 7.69413e-05
172   -0.691613   -0.691694 7.64941e-05
173   -0.691824   -0.691695 7.60544e-05
174   -0.693523   -0.691705 7.63429e-05
175   -0.692469   -0.691709 7.60308e-05
176   -0.691069   -0.691706 7.56851e-05
177    -0.69263   -0.691711 7.54374e-05
178   -0.692008   -0.691713 7.50309e-05
179   -0.691197    -0.69171 7.46662e-05
180   -0.691294   -0.691707 7.42861e-05
181   -0.690694   -0.691702 7.40863e-05
182   -0.691422     -0.6917 7.36941e-05
183   -0.691344   -0.691698 7.33161e-05
184   -0.690376   -0.691691 7.32699e-05
185   -0.692429   -0.691695 7.29817e-05
186    -0.69197   -0.691697 7.26033e-05
187   -0.692517   -0.691701 7.23471e-05
188   -0.692034   -0.691703  7.1983e-05
189   -0.691386   -0.691701 7.16208e-05
190   -0.693077   -0.691708 7.16098e-05
191   -0.691402   -0.691707  7.1252e-05
192   -0.693542   -0.691716 7.15218e-05
193    -0.69343   -0.691725 7.17024e-05
194   -0.691979   -0.691726 7.13439e-05
195   -0.691002   -0.691723 7.10743e-05
196   -0.692984   -0.691729  7.1003e-05
197   -0.693382   -0.691738 7.11383e-05
198   -0.692086   -0.691739 7.08001e-05
199   -0.690707   -0.691734 7.06341e-05
200    -0.69049   -0.691728  7.0555e-05
