1.73479           0
1.72269   0.0120924
1.72717  0.00829467
1.72765  0.00588427
1.7246  0.00548293
1.72017  0.00629723
1.72291  0.00598726
1.72237  0.00521291
1.72604  0.00587892
1.72598   0.0052586
1.73045  0.00652847
1.72882  0.00617799
1.72626  0.00623543
1.72869  0.00626667
1.73049  0.00610444
1.73168  0.00583295
1.73243  0.00552953
1.73276  0.00522404
1.73548   0.0056375
1.73759  0.00575061
1.73749  0.00547089
1.73879  0.00537723
1.7392  0.00515396
1.73735  0.00526959
1.73825  0.00513495
1.73976  0.00515787
1.73976  0.00496317
1.73941  0.00479568
1.73997  0.00466119
1.73857  0.00471522
1.73871  0.00456279
1.7389  0.00442183
1.74049  0.00457231
1.7408  0.00444609
1.73937  0.00454804
1.73882  0.00445374
1.73805  0.00439938
1.73782  0.00428789
1.73765  0.00418026
1.73836  0.00413621
1.73776  0.00407801
1.73822  0.00400633
1.73891  0.00397206
1.7381  0.00396478
1.73795  0.00387837
1.7385  0.00383252
1.73809  0.00377265
1.738  0.00369444
1.73819  0.00362323
1.73808  0.00355165
1.7378  0.00349202
1.73698   0.0035232
1.73709  0.00345785
1.73739  0.00340662
1.73769  0.00335753
1.73751  0.00330171
1.73727  0.00325258
1.73742  0.00319975
1.73779  0.00316642
1.73779   0.0031132
1.73816   0.0030844
1.73845  0.00304838
1.73851  0.00300006
1.7389  0.00297889
1.73865  0.00294334
1.7391  0.00293373
1.73848   0.0029572
1.73805  0.00294467
1.73819  0.00290504
1.73851   0.0028814
1.73875  0.00285063
1.739  0.00282158
1.73903  0.00278287
1.73883  0.00275258
1.73852  0.00273249
1.73828  0.00270689
1.73834  0.00267215
1.73826  0.00263909
1.73836  0.00260754
1.73874  0.00260275
1.73843  0.00258872
1.73822  0.00256613
1.73839  0.00254105
1.73797  0.00254641
1.73754  0.00255176
1.73746  0.00252328
1.73795  0.00254225
1.73828  0.00253477
1.73809  0.00251341
1.73794   0.0024901
1.73786  0.00246384
1.7377  0.00244238
1.73761  0.00241742
1.7376  0.00239157
1.73727  0.00239041
1.73733  0.00236614
1.73762  0.00235961
1.73763  0.00233545
1.73763  0.00231174
1.73757  0.00228938
1.73748  0.00226825
1.73765  0.00225242
1.73788  0.00224167
1.73756  0.00224191
1.73773  0.00222668
1.73772  0.00220559
1.73763  0.00218704
1.73737  0.00218147
1.73751   0.0021657
1.7376  0.00214792
1.73706  0.00219613
1.73727  0.00218596
1.73713  0.00217086
1.73715  0.00215187
1.737   0.0021385
1.73703  0.00212019
1.73728  0.00211714
1.73711  0.00210603
1.73723  0.00209186
1.73703  0.00208409
1.73684  0.00207622
1.73663  0.00206927
1.7366  0.00205256
1.73659  0.00203599
1.73653  0.00202052
1.73644  0.00200625
1.73677   0.0020169
1.73688  0.00200404
1.73703  0.00199403
1.73691  0.00198235
1.73682  0.00196922
1.73662  0.00196375
1.73688   0.0019651
1.73682  0.00195105
1.73676  0.00193751
1.7366  0.00192997
1.73663  0.00191603
1.73667  0.00190251
1.73662  0.00188953
1.73672  0.00187909
1.73674  0.00186581
1.73666  0.00185442
1.73655  0.00184494
1.73662  0.00183343
1.73666  0.00182137
1.73649  0.00181685
1.73646  0.00180474
1.73642  0.00179292
1.7365  0.00178242
1.73651  0.00177054
1.73628  0.00177405
1.73613  0.00176841
1.73613  0.00175682
1.7361  0.00174576
1.73608  0.00173451
1.73604  0.00172384
1.73599  0.00171369
1.73582  0.00171097
1.73618  0.00173796
1.73622  0.00172754
1.73639  0.00172466
1.73643  0.00171447
1.73641  0.00170405
1.73644  0.00169401
1.73652  0.00168539
1.73643  0.00167748
1.73643   0.0016674
1.7365   0.0016591
1.73667  0.00165796
1.73662   0.0016489
1.73659  0.00163952
1.73653  0.00163105
1.73649  0.00162229
1.73657  0.00161534
1.7364  0.00161551
1.73652  0.00161062
1.73657  0.00160222
1.73636  0.00160714
1.73662  0.00161928
1.7364  0.00162451
1.73644  0.00161592
1.73671  0.00162939
1.73667  0.00162093
1.73675  0.00161423
1.7368  0.00160635
1.73679  0.00159773
1.73696  0.00159809
1.73675  0.00160417
1.73658   0.0016042
1.73655  0.00159613
1.73663  0.00159006
1.7366  0.00158207
1.73669  0.00157673
1.73663  0.00157002
1.73658   0.0015627
1.73655   0.0015549
1.73669  0.00155332
1.73707  0.00158929
1.73693  0.00158674
1.73681  0.00158379
1.73778           0
1.72624   0.0115425
1.73044  0.00788021
1.72948  0.00565358
1.72448  0.00665147
1.72169  0.00610647
1.72365  0.00552058
1.7225  0.00491612
1.72583  0.00546677
1.72564  0.00489329
1.72977  0.00605512
1.72863   0.0056445
1.72679  0.00550853
1.72898  0.00555002
1.73063  0.00542212
1.73181   0.0052087
1.73266  0.00496592
1.73306  0.00469887
1.73574  0.00518837
1.73762  0.00527108
1.73767  0.00501408
1.73865  0.00487866
1.73901  0.00467582
1.73704  0.00489058
1.73824  0.00484101
1.73983  0.00491494
1.73986  0.00472952
1.73943  0.00457798
1.73981  0.00443427
1.73851  0.00447719
1.73866  0.00433299
1.73908  0.00421611
1.74074  0.00440882
1.74093  0.00428151
1.73961  0.00436252
1.73886  0.00430407
1.73818  0.00424257
1.73777  0.00414893
1.73758  0.00404553
1.73809  0.00397553
1.73743  0.00393418
1.73781  0.00385876
1.73835  0.00380568
1.73757  0.00379874
1.73735  0.00371964
1.73805  0.00370344
1.73755   0.0036572
1.73741  0.00358291
1.73765    0.003517
1.73738  0.00345673
1.73709   0.0034006
1.73632   0.0034224
1.73643  0.00335909
1.73676  0.00331324
1.7371  0.00326961
1.73702  0.00321164
1.73688  0.00315808
1.7371  0.00311108
1.73742  0.00307434
1.73742  0.00302267
1.73778  0.00299481
1.73798  0.00295283
1.73811  0.00290855
1.73841  0.00287756
1.73811  0.00284887
1.73845  0.00282708
1.7379  0.00283959
1.73745  0.00283251
1.73762  0.00279629
1.73793  0.00277266
1.73829  0.00275689
1.73848  0.00272501
1.73847  0.00268744
1.73834  0.00265401
1.73799  0.00264096
1.73777  0.00261523
1.7378  0.00258118
1.73762  0.00255441
1.73786  0.00253292
1.73818  0.00252259
1.73788  0.00251011
1.73767  0.00248829
1.73782  0.00246277
1.73733  0.00248223
1.73689  0.00249207
1.73673  0.00246784
1.73722  0.00248815
1.73763  0.00249345
1.73754  0.00246697
1.73736  0.00244568
1.73735  0.00241868
1.73721  0.00239665
1.73708  0.00237428
1.73708   0.0023489
1.73673  0.00235094
1.7368  0.00232736
1.73707  0.00231886
1.73712  0.00229573
1.73718  0.00227323
1.7371  0.00225179
1.73706  0.00222975
1.73726  0.00221685
1.73746  0.00220422
1.73714  0.00220688
1.73734  0.00219459
1.7374  0.00217482
1.73729  0.00215719
1.73699  0.00215812
1.73707  0.00213952
1.73723  0.00212599
1.73673  0.00216513
1.73696  0.00215849
1.73688  0.00214066
1.7369  0.00212183
1.73682  0.00210458
1.7369  0.00208769
1.73713  0.00208267
1.73698  0.00207022
1.73706  0.00205416
1.73686  0.00204622
1.73669  0.00203667
1.73647  0.00203211
1.73644  0.00201565
1.73649  0.00199984
1.7364  0.00198595
1.73631  0.00197204
1.73664  0.00198432
1.73675  0.00197155
1.73695  0.00196683
1.73688  0.00195284
1.7368  0.00193943
1.73665  0.00193046
1.7369  0.00193189
1.73688  0.00191753
1.73682  0.00190442
1.73667  0.00189617
1.73666  0.00188231
1.73676  0.00187125
1.73671  0.00185827
1.73676   0.0018456
1.73674  0.00183256
1.73665  0.00182173
1.73651  0.00181451
1.7366  0.00180393
1.73659  0.00179146
1.7364  0.00178969
1.73641   0.0017775
1.73638  0.00176573
1.73646   0.0017559
1.73651   0.0017449
1.7363  0.00174564
1.73613   0.0017427
1.73617  0.00173163
1.73616  0.00172037
1.73617  0.00170925
1.73607  0.00170104
1.73601  0.00169117
1.73587  0.00168675
1.73626  0.00172114
1.73626  0.00171035
1.73647  0.00171329
1.73652  0.00170343
1.73655  0.00169321
1.73655  0.00168285
1.73662  0.00167382
1.73656  0.00166472
1.73655  0.00165476
1.73667  0.00164926
1.7368    0.001645
1.73673   0.0016368
1.73672  0.00162725
1.73665  0.00161921
1.73661  0.00161043
1.73673  0.00160588
1.7366  0.00160227
1.73673  0.00159888
1.73679  0.00159076
1.73663  0.00158932
1.73687  0.00159892
1.73666  0.00160427
1.7367  0.00159575
1.73695  0.00160729
1.73691  0.00159896
1.73702  0.00159423
1.73709  0.00158711
1.73708  0.00157862
1.73723  0.00157738
1.73703   0.0015815
1.73686  0.00158237
1.73682  0.00157465
1.73692  0.00157006
1.73686  0.00156314
1.73698  0.00155945
1.73692  0.00155227
1.73687  0.00154532
1.73686  0.00153745
1.73701  0.00153717
1.73736  0.00156941
1.73725  0.00156569
1.73711  0.00156414
