1   -0.881298   -0.881298           0
2   -0.879539   -0.880418   0.0008792
3   -0.881173    -0.88067  0.00056648
4   -0.880701   -0.880678 0.000400637
5   -0.879629   -0.880468 0.000374573
6   -0.880149   -0.880415 0.000310426
7   -0.885824   -0.881187 0.000816084
8   -0.880494   -0.881101 0.000712039
9   -0.881856   -0.881185  0.00063354
10   -0.881965   -0.881263    0.000572
11    -0.88152   -0.881286 0.000517922
12   -0.877718   -0.880989 0.000558506
13   -0.880186   -0.880927 0.000517452
14   -0.881438   -0.880964 0.000480458
15    -0.88219   -0.881045 0.000454699
16   -0.878206   -0.880868 0.000460858
17   -0.881224   -0.880889 0.000433407
18    -0.87655   -0.880648 0.000474408
19   -0.881499   -0.880693 0.000450977
20   -0.878819   -0.880599 0.000437969
21   -0.883157   -0.880721 0.000434032
22   -0.877307   -0.880566 0.000441966
23   -0.882578   -0.880653 0.000431278
24   -0.884669    -0.88082  0.00044553
25   -0.883875   -0.880943 0.000444464
26   -0.881354   -0.880958  0.00042732
27   -0.880458    -0.88094 0.000411607
28   -0.881594   -0.880963 0.000397321
29    -0.88032   -0.880941 0.000384016
30    -0.88149   -0.880959 0.000371445
31   -0.882222      -0.881 0.000361566
32   -0.882694   -0.881053 0.000354067
33    -0.87992   -0.881019 0.000344883
34   -0.882597   -0.881065  0.00033779
35   -0.883334    -0.88113 0.000334344
36   -0.883987   -0.881209 0.000334477
37   -0.881349   -0.881213 0.000325333
38    -0.88131   -0.881216 0.000316667
39   -0.881936   -0.881234 0.000308993
40   -0.883176   -0.881283 0.000305057
41   -0.881181    -0.88128 0.000297533
42   -0.879363   -0.881235 0.000293928
43   -0.881787   -0.881247 0.000287299
44   -0.881058   -0.881243 0.000280727
45   -0.879952   -0.881214 0.000275913
46    -0.88097   -0.881209 0.000269901
47   -0.882955   -0.881246 0.000266696
48   -0.882872    -0.88128 0.000263269
49   -0.880811    -0.88127 0.000258018
50   -0.881845   -0.881282 0.000253065
51   -0.881638   -0.881289 0.000248152
52   -0.881288   -0.881289 0.000243333
53   -0.880363   -0.881271 0.000239336
54   -0.882021   -0.881285 0.000235272
55   -0.882747   -0.881312 0.000232479
56   -0.882342    -0.88133  0.00022903
57   -0.885312     -0.8814 0.000235571
58   -0.881939   -0.881409  0.00023166
59   -0.879766   -0.881382 0.000229397
60   -0.881669   -0.881386 0.000225592
61   -0.881174   -0.881383  0.00022189
62   -0.882211   -0.881396  0.00021869
63    -0.88196   -0.881405 0.000215377
64   -0.883032   -0.881431 0.000213503
65    -0.88453   -0.881478 0.000215532
66   -0.884213    -0.88152 0.000216247
67   -0.879475   -0.881489  0.00021517
68   -0.882982   -0.881511 0.000213117
69   -0.883365   -0.881538 0.000211716
70   -0.880661   -0.881526 0.000209046
71   -0.880832   -0.881516 0.000206312
72   -0.878398   -0.881472 0.000207983
73   -0.880181   -0.881455 0.000205876
74   -0.881203   -0.881451 0.000203103
75   -0.882286   -0.881463 0.000200686
76   -0.879498   -0.881437 0.000199708
77   -0.884146   -0.881472 0.000200213
78   -0.881555   -0.881473 0.000197632
79   -0.881554   -0.881474 0.000195117
80   -0.880051   -0.881456 0.000193482
81   -0.880448   -0.881444 0.000191483
82    -0.88049   -0.881432 0.000189491
83   -0.884435   -0.881468 0.000190659
84   -0.880891   -0.881461 0.000188501
85   -0.881226   -0.881459 0.000186291
86    -0.88227   -0.881468 0.000184353
87   -0.880894   -0.881461 0.000182341
88   -0.883174   -0.881481 0.000181305
89   -0.882195   -0.881489 0.000179436
90   -0.881062   -0.881484 0.000177495
91    -0.88067   -0.881475 0.000175761
92   -0.879979   -0.881459 0.000174599
93    -0.88077   -0.881452  0.00017287
94   -0.883227    -0.88147 0.000172061
95   -0.880027   -0.881455 0.000170917
96    -0.87881   -0.881428 0.000171358
97   -0.883154   -0.881446 0.000170513
98   -0.880195   -0.881433 0.000169246
99   -0.879456   -0.881413 0.000168713
100   -0.879358   -0.881392 0.000168276
101   -0.880086   -0.881379 0.000167103
102    -0.88107   -0.881376 0.000165484
103   -0.881854   -0.881381 0.000163935
104   -0.880472   -0.881372 0.000162587
105   -0.882638   -0.881384 0.000161482
106   -0.884002   -0.881409 0.000161846
107   -0.881997   -0.881414  0.00016042
108   -0.883944   -0.881438 0.000160644
109   -0.881302   -0.881437 0.000159168
110   -0.879605    -0.88142 0.000158592
111   -0.880411   -0.881411 0.000157419
112    -0.87996   -0.881398 0.000156544
113   -0.880822   -0.881393 0.000155236
114   -0.884394   -0.881419 0.000156104
115   -0.881122   -0.881417 0.000154762
116   -0.879867   -0.881403 0.000154002
117   -0.882966   -0.881417 0.000153264
118   -0.881109   -0.881414 0.000151982
119   -0.882771   -0.881425  0.00015113
120   -0.879264   -0.881407 0.000150944
121   -0.880664   -0.881401 0.000149817
122   -0.880568   -0.881394 0.000148741
123    -0.88027   -0.881385 0.000147809
124   -0.879714   -0.881372 0.000147231
125   -0.881595   -0.881374 0.000146059
126   -0.881256   -0.881373 0.000144899
127   -0.877566   -0.881343 0.000146844
128   -0.883971   -0.881363 0.000147132
129   -0.881422   -0.881364 0.000145988
130   -0.879011   -0.881346 0.000145987
131   -0.884326   -0.881368 0.000146644
132   -0.879325   -0.881353  0.00014635
133   -0.878957   -0.881335 0.000146359
134   -0.883358    -0.88135 0.000146045
135   -0.882742    -0.88136 0.000145326
136   -0.882002   -0.881365  0.00014433
137   -0.881696   -0.881367 0.000143293
138   -0.882368   -0.881375 0.000142436
139    -0.88232   -0.881381 0.000141571
140   -0.882178   -0.881387 0.000140671
141   -0.881453   -0.881388 0.000139671
142    -0.87783   -0.881363 0.000140928
143   -0.882046   -0.881367  0.00014002
144   -0.877658   -0.881342 0.000141411
145   -0.879115   -0.881326 0.000141269
146   -0.883573   -0.881342  0.00014114
147   -0.883941   -0.881359 0.000141287
148   -0.882494   -0.881367 0.000140539
149   -0.881566   -0.881368 0.000139599
150   -0.883522   -0.881383 0.000139406
151   -0.881062    -0.88138 0.000138496
152   -0.882398   -0.881387 0.000137745
153   -0.882878   -0.881397 0.000137188
154   -0.883704   -0.881412 0.000137115
155    -0.88353   -0.881426 0.000136911
156   -0.881707   -0.881427 0.000136043
157   -0.879502   -0.881415 0.000135728
158   -0.880598    -0.88141 0.000134965
159   -0.884256   -0.881428 0.000135303
160   -0.882755   -0.881436 0.000134711
161   -0.882627   -0.881444 0.000134075
162   -0.879674   -0.881433 0.000133692
163    -0.88067   -0.881428 0.000132952
164    -0.88067   -0.881423  0.00013222
165   -0.880755   -0.881419 0.000131478
166   -0.880546   -0.881414  0.00013079
167   -0.883493   -0.881426 0.000130599
168    -0.88339   -0.881438 0.000130344
169   -0.881806    -0.88144 0.000129589
170   -0.881315    -0.88144 0.000128827
171    -0.88261   -0.881446 0.000128254
172   -0.879658   -0.881436 0.000127929
173    -0.88104   -0.881434 0.000127208
174    -0.88072    -0.88143 0.000126542
175   -0.884859   -0.881449 0.000127333
176   -0.881907   -0.881452 0.000126635
177   -0.881086    -0.88145 0.000125934
178    -0.88317   -0.881459 0.000125597
179   -0.882853   -0.881467 0.000125136
180    -0.88196    -0.88147 0.000124468
181   -0.877339   -0.881447 0.000125865
182   -0.880866   -0.881444 0.000125213
183   -0.882891   -0.881452 0.000124777
184   -0.882349   -0.881457 0.000124193
185   -0.879928   -0.881448 0.000123796
186   -0.881635   -0.881449 0.000123133
187   -0.880456   -0.881444 0.000122588
188   -0.879766   -0.881435  0.00012226
189   -0.880109   -0.881428 0.000121814
190   -0.876933   -0.881405 0.000123459
191   -0.883051   -0.881413 0.000123113
192   -0.878622   -0.881399  0.00012333
193   -0.882648   -0.881405  0.00012286
194   -0.885018   -0.881424 0.000123635
195   -0.880125   -0.881417  0.00012318
196   -0.880822   -0.881414 0.000122587
197   -0.881112   -0.881413 0.000121973
198   -0.882842    -0.88142  0.00012157
199   -0.883981   -0.881433  0.00012164
200   -0.882997    -0.88144 0.000121283
1   -0.881464   -0.881464           0
2   -0.879354   -0.880409   0.0010552
3   -0.881254   -0.880691 0.000671266
4   -0.880723   -0.880699 0.000474726
5   -0.879675   -0.880494 0.000420867
6   -0.880093   -0.880427 0.000350084
7   -0.885813   -0.881197 0.000824303
8   -0.880341    -0.88109 0.000721837
9   -0.881917   -0.881182 0.000643201
10   -0.882026   -0.881266 0.000581456
11   -0.881477   -0.881285 0.000526296
12   -0.877802   -0.880995  0.00056133
13   -0.880147    -0.88093 0.000520449
14   -0.881354    -0.88096 0.000482793
15   -0.882246   -0.881046 0.000457566
16   -0.878115   -0.880862 0.000465554
17   -0.881104   -0.880877 0.000437543
18   -0.876645   -0.880642 0.000474813
19   -0.881326   -0.880678 0.000450572
20   -0.878651   -0.880576 0.000439294
21    -0.88325   -0.880704 0.000436813
22   -0.877238   -0.880546 0.000445274
23    -0.88255   -0.880633 0.000434306
24    -0.88469   -0.880802 0.000448854
25   -0.883789   -0.880922 0.000446792
26    -0.88136   -0.880939 0.000429595
27   -0.880571   -0.880925 0.000413601
28   -0.881544   -0.880947 0.000399169
29    -0.88031   -0.880925 0.000385784
30   -0.881389   -0.880941 0.000373023
31    -0.88228   -0.880984 0.000363367
32   -0.882638   -0.881036 0.000355608
33   -0.879933   -0.881002  0.00034628
34   -0.882592   -0.881049  0.00033918
35   -0.883435   -0.881117  0.00033633
36   -0.883947   -0.881196 0.000336175
37   -0.881382   -0.881201 0.000327002
38   -0.881461   -0.881208 0.000318354
39    -0.88191   -0.881226 0.000310607
40    -0.88316   -0.881274 0.000306581
41    -0.88103   -0.881268 0.000299069
42   -0.879334   -0.881222  0.00029547
43    -0.88189   -0.881237 0.000288934
44   -0.881046   -0.881233 0.000282324
45    -0.87992   -0.881204 0.000277518
46   -0.881042     -0.8812 0.000271441
47    -0.88293   -0.881237 0.000268138
48   -0.882757   -0.881269 0.000264395
49    -0.88092   -0.881262 0.000259041
50   -0.881934   -0.881275 0.000254163
51    -0.88171   -0.881284 0.000249276
52   -0.881192   -0.881282 0.000244442
53   -0.880478   -0.881267 0.000240264
54   -0.882003    -0.88128 0.000236167
55   -0.882754   -0.881307 0.000233375
56   -0.882424   -0.881327 0.000230036
57   -0.885301   -0.881397 0.000236473
58   -0.881829   -0.881404  0.00023248
59   -0.879813   -0.881377 0.000230092
60   -0.881686   -0.881383 0.000226284
61   -0.881226    -0.88138 0.000222558
62   -0.882237   -0.881394 0.000219375
63   -0.881782     -0.8814 0.000215953
64   -0.882973   -0.881425 0.000213968
65   -0.884574   -0.881473 0.000216152
66   -0.884206   -0.881514 0.000216844
67   -0.879333   -0.881482 0.000216051
68   -0.883024   -0.881504 0.000214054
69   -0.883352   -0.881531 0.000212622
70   -0.880755    -0.88152 0.000209856
71   -0.880794    -0.88151 0.000207132
72   -0.878445   -0.881467 0.000208624
73   -0.880266   -0.881451 0.000206404
74   -0.881227   -0.881448 0.000203618
75   -0.882312   -0.881459 0.000201215
76   -0.879566   -0.881435 0.000200106
77   -0.883904   -0.881467 0.000200078
78   -0.881538   -0.881467 0.000197498
79   -0.881686    -0.88147 0.000195002
80   -0.880134   -0.881454 0.000193271
81    -0.88037    -0.88144 0.000191339
82   -0.880451   -0.881428 0.000189376
83   -0.884499   -0.881465 0.000190704
84   -0.880861   -0.881458 0.000188557
85   -0.881229   -0.881455 0.000186345
86   -0.882426   -0.881467 0.000184511
87   -0.880765   -0.881458 0.000182556
88   -0.883269   -0.881479 0.000181638
89    -0.88209   -0.881486 0.000179717
90   -0.881034   -0.881481  0.00017778
91   -0.880629   -0.881471 0.000176065
92   -0.879904   -0.881454 0.000174972
93   -0.880845   -0.881448 0.000173204
94   -0.883182   -0.881466 0.000172342
95    -0.87989    -0.88145 0.000171325
96   -0.878646   -0.881421 0.000172027
97   -0.883138   -0.881438 0.000171162
98   -0.880115   -0.881425 0.000169944
99   -0.879456   -0.881405  0.00016939
100   -0.879426   -0.881385 0.000168851
101    -0.87996   -0.881371 0.000167766
102   -0.881184   -0.881369 0.000166123
103   -0.881944   -0.881375 0.000164597
104   -0.880632   -0.881368 0.000163163
105   -0.882482   -0.881378 0.000161949
106   -0.883898   -0.881402 0.000162165
107   -0.881888   -0.881406 0.000160707
108   -0.884173   -0.881432 0.000161259
109   -0.881402   -0.881432 0.000159773
110    -0.87961   -0.881415 0.000159178
111   -0.880334   -0.881406 0.000158038
112   -0.880075   -0.881394  0.00015707
113   -0.880686   -0.881387   0.0001558
114   -0.884202   -0.881412 0.000156388
115   -0.881018   -0.881409  0.00015506
116   -0.879851   -0.881395 0.000154303
117   -0.882942   -0.881408 0.000153549
118   -0.881101   -0.881406 0.000152264
119   -0.882682   -0.881417 0.000151359
120   -0.879307   -0.881399 0.000151119
121   -0.880696   -0.881393 0.000149977
122   -0.880515   -0.881386 0.000148917
123   -0.880357   -0.881378 0.000147938
124   -0.879536   -0.881363 0.000147489
125   -0.881539   -0.881364 0.000146312
126   -0.881422   -0.881365 0.000145146
127   -0.877656   -0.881335  0.00014693
128   -0.883805   -0.881355 0.000147049
129   -0.881573   -0.881356 0.000145914
130   -0.879069   -0.881339 0.000145853
131   -0.884256   -0.881361 0.000146438
132   -0.879355   -0.881346 0.000146117
133   -0.879051   -0.881329 0.000146037
134   -0.883168   -0.881342 0.000145592
135   -0.882856   -0.881354 0.000144943
136   -0.882117   -0.881359 0.000143983
137   -0.881587   -0.881361 0.000142938
138   -0.882306   -0.881368 0.000142063
139   -0.882298   -0.881374 0.000141196
140   -0.882099    -0.88138  0.00014028
141   -0.881474    -0.88138 0.000139283
142   -0.877643   -0.881354  0.00014078
143   -0.881952   -0.881358 0.000139855
144   -0.877621   -0.881332 0.000141284
145   -0.879006   -0.881316  0.00014122
146   -0.883731   -0.881333 0.000141222
147    -0.88397   -0.881351 0.000141401
148   -0.882555   -0.881359 0.000140678
149   -0.881752   -0.881361 0.000139755
150   -0.883411   -0.881375 0.000139491
151   -0.881107   -0.881373 0.000138576
152   -0.882432    -0.88138 0.000137837
153   -0.882746   -0.881389 0.000137224
154   -0.883656   -0.881404 0.000137122
155   -0.883421   -0.881417 0.000136855
156   -0.881582   -0.881418 0.000135979
157   -0.879493   -0.881406 0.000135665
158   -0.880618   -0.881401 0.000134896
159   -0.884238   -0.881419 0.000135228
160   -0.882744   -0.881427 0.000134635
161   -0.882763   -0.881435 0.000134053
162   -0.879882   -0.881426 0.000133568
163   -0.880586    -0.88142 0.000132846
164   -0.880696   -0.881416 0.000132107
165   -0.880672   -0.881411 0.000131382
166   -0.880579   -0.881406 0.000130684
167   -0.883379   -0.881418 0.000130435
168   -0.883389    -0.88143 0.000130186
169   -0.881778   -0.881432  0.00012943
170   -0.881186   -0.881431 0.000128674
171   -0.882685   -0.881438  0.00012813
172   -0.879555   -0.881427 0.000127852
173   -0.881106   -0.881425 0.000127124
174    -0.88077   -0.881421 0.000126448
175   -0.884925   -0.881441 0.000127307
176   -0.881859   -0.881444 0.000126604
177    -0.88115   -0.881442 0.000125898
178     -0.8832   -0.881452 0.000125577
179   -0.882984   -0.881461 0.000125167
180    -0.88192   -0.881463 0.000124496
181   -0.877362    -0.88144 0.000125862
182   -0.880782   -0.881437 0.000125221
183   -0.882957   -0.881445 0.000124812
184   -0.882254   -0.881449 0.000124209
185    -0.87995   -0.881441 0.000123802
186   -0.881598   -0.881442 0.000123137
187   -0.880171   -0.881435 0.000122665
188   -0.879744   -0.881426 0.000122342
189   -0.880054   -0.881419  0.00012191
190   -0.876947   -0.881396 0.000123529
191   -0.883234   -0.881405 0.000123257
192   -0.878635   -0.881391 0.000123459
193   -0.882629   -0.881397 0.000122985
194   -0.884955   -0.881416 0.000123717
195   -0.880157   -0.881409  0.00012325
196   -0.880874   -0.881406  0.00012265
197   -0.881261   -0.881406 0.000122028
198   -0.882787   -0.881413  0.00012161
199   -0.883962   -0.881425 0.000121674
200    -0.88301   -0.881433 0.000121323
