1    0.398428    0.398428           0
2     0.39323    0.395829  0.00259893
3    0.399191     0.39695  0.00187271
4    0.393221    0.396017  0.00161943
5    0.398752    0.396564  0.00136848
6    0.394666    0.396248  0.00116129
7    0.401571    0.397008  0.00124155
8    0.406974    0.398254  0.00164553
9    0.395084    0.397902  0.00149336
10    0.397921    0.397904   0.0013357
11    0.396721    0.397796  0.00121296
12    0.402682    0.398203  0.00117975
13    0.397451    0.398145  0.00108675
14    0.390241    0.397581  0.00115372
15    0.396977    0.397541  0.00107481
16    0.398001    0.397569   0.0010058
17    0.389025    0.397067  0.00107017
18    0.404572    0.397484  0.00109173
19    0.396658     0.39744  0.00103359
20    0.394369    0.397287 0.000992505
21    0.401539    0.397489 0.000965534
22    0.399684    0.397589 0.000925988
23    0.398871    0.397645 0.000886565
24    0.402284    0.397838  0.00087055
25    0.403825    0.398077 0.000868663
26    0.400437    0.398168 0.000839503
27    0.402799     0.39834  0.00082582
28    0.389791    0.398034 0.000852336
29    0.403932    0.398238  0.00084719
30     0.39636    0.398175 0.000820854
31     0.39596    0.398104 0.000797142
32    0.395265    0.398015 0.000776911
33    0.394389    0.397905 0.000760975
34    0.395232    0.397826 0.000742429
35    0.388541    0.397561 0.000768168
36    0.400499    0.397643 0.000750971
37    0.392657    0.397508 0.000742719
38    0.403413    0.397663  0.00073942
39    0.399952    0.397722 0.000722599
40    0.401376    0.397813   0.0007102
41    0.399486    0.397854 0.000693862
42    0.399776      0.3979 0.000678685
43    0.400161    0.397953 0.000664797
44    0.397165    0.397935 0.000649758
45    0.403042    0.398048 0.000645214
46    0.404939    0.398198 0.000648566
47    0.398091    0.398196 0.000634621
48    0.396757    0.398166 0.000621982
49    0.405762    0.398321 0.000628572
50    0.393999    0.398234 0.000621907
51     0.39341     0.39814 0.000616887
52    0.395492    0.398089 0.000607046
53    0.401972    0.398162 0.000599972
54    0.393132    0.398069 0.000596079
55    0.392346    0.397965 0.000594321
56    0.398035    0.397966 0.000583613
57      0.3961    0.397933 0.000574217
58     0.39144    0.397821  0.00057523
59    0.401857     0.39789 0.000569517
60    0.392413    0.397799 0.000567337
61    0.400882    0.397849 0.000560244
62    0.389529    0.397715 0.000567234
63    0.396729    0.397699 0.000558377
64    0.393226    0.397629 0.000554011
65     0.39092    0.397526 0.000555102
66    0.400156    0.397566 0.000548077
67    0.391469    0.397475 0.000547451
68    0.399827     0.39751 0.000540449
69    0.394643    0.397468 0.000534176
70    0.395032    0.397433 0.000527639
71    0.401196    0.397486 0.000522847
72    0.393848    0.397436 0.000518005
73    0.393433    0.397381 0.000513794
74    0.390034    0.397282 0.000516436
75    0.397641    0.397286 0.000509526
76    0.395141    0.397258 0.000503569
77    0.403814    0.397343 0.000504227
78    0.400539    0.397384 0.000499405
79    0.400314    0.397421 0.000494435
80    0.395138    0.397393 0.000489048
81    0.394028    0.397351 0.000484756
82    0.391859    0.397284 0.000483471
83    0.391921     0.39722 0.000481961
84    0.398133    0.397231 0.000476313
85    0.397904    0.397238 0.000470743
86    0.397684    0.397244 0.000465265
87    0.399755    0.397273 0.000460792
88     0.39392    0.397234 0.000457116
89    0.396308    0.397224  0.00045207
90    0.400665    0.397262  0.00044865
91    0.400303    0.397296 0.000444949
92     0.39833    0.397307  0.00044023
93    0.397306    0.397307  0.00043547
94    0.398017    0.397314 0.000430879
95     0.39829    0.397325 0.000426443
96    0.392838    0.397278 0.000424558
97    0.400526    0.397311  0.00042149
98    0.402191    0.397361 0.000420128
99    0.397724    0.397365 0.000415879
100    0.397579    0.397367 0.000411705
101    0.391257    0.397307 0.000412073
102    0.405243    0.397384 0.000415366
103    0.396047    0.397371 0.000411518
104    0.392695    0.397326 0.000410015
105    0.395916    0.397313 0.000406314
106    0.395919      0.3973 0.000402677
107    0.398316    0.397309 0.000399009
108    0.396472    0.397302 0.000395373
109    0.400647    0.397332 0.000392929
110    0.401516     0.39737 0.000391194
111    0.395812    0.397356 0.000387908
112    0.397381    0.397356 0.000384429
113      0.4006    0.397385 0.000382092
114     0.40499    0.397452 0.000384555
115    0.393419    0.397417 0.000382806
116    0.397207    0.397415 0.000379495
117    0.394707    0.397392 0.000376949
118    0.398429    0.397401 0.000373844
119    0.389172    0.397331 0.000377084
120    0.390981    0.397279 0.000377655
121    0.398473    0.397288 0.000374651
122    0.397635    0.397291 0.000371578
123    0.393902    0.397264 0.000369574
124    0.402315    0.397304 0.000368837
125    0.402349    0.397345 0.000368094
126    0.399652    0.397363  0.00036562
127    0.400064    0.397384 0.000363352
128     0.39814     0.39739  0.00036055
129    0.397551    0.397392 0.000357747
130    0.403429    0.397438  0.00035801
131    0.393158    0.397405 0.000356765
132     0.40177    0.397438 0.000355593
133    0.398807    0.397449 0.000353059
134    0.395075    0.397431 0.000350862
135    0.397879    0.397434 0.000348269
136    0.394871    0.397415 0.000346212
137    0.399196    0.397428 0.000343921
138    0.402612    0.397466  0.00034348
139    0.394726    0.397446 0.000341569
140    0.396432    0.397439 0.000339198
141    0.394185    0.397416 0.000337573
142    0.401143    0.397442 0.000336214
143    0.393585    0.397415 0.000334942
144    0.407147    0.397483 0.000339404
145    0.405748     0.39754 0.000341841
146    0.395167    0.397524  0.00033988
147    0.397208    0.397521 0.000337567
148    0.394652    0.397502 0.000335838
149    0.400269    0.397521 0.000334093
150    0.389528    0.397467  0.00033611
151    0.397021    0.397464 0.000333889
152    0.397857    0.397467 0.000331696
153    0.393507    0.397441 0.000330535
154    0.393971    0.397419 0.000329154
155    0.387893    0.397357 0.000332748
156    0.392768    0.397328 0.000331914
157    0.396592    0.397323 0.000329826
158    0.395479    0.397311  0.00032794
159    0.392598    0.397282 0.000327217
160    0.399363    0.397295 0.000325425
161    0.396005    0.397287 0.000323497
162    0.403764    0.397327 0.000323971
163    0.397332    0.397327 0.000321977
164    0.388367    0.397272 0.000324637
165    0.399453    0.397285 0.000322935
166    0.401972    0.397313 0.000322223
167    0.395451    0.397302 0.000320482
168    0.389118    0.397254 0.000322271
169    0.398985    0.397264 0.000320523
170    0.390968    0.397227 0.000320777
171    0.405395    0.397275 0.000322453
172    0.395791    0.397266 0.000320689
173    0.398582    0.397274 0.000318921
174    0.403888    0.397312 0.000319353
175    0.403072    0.397345 0.000319224
176    0.396127    0.397338 0.000317481
177      0.4022    0.397365 0.000316875
178     0.40029    0.397381 0.000315518
179    0.395278     0.39737  0.00031397
180    0.405666    0.397416 0.000315604
181    0.396352     0.39741 0.000313911
182    0.396156    0.397403 0.000312258
183    0.391225    0.397369 0.000312376
184    0.389303    0.397325 0.000313752
185     0.39256      0.3973 0.000313113
186    0.402078    0.397325 0.000312483
187    0.403853     0.39736 0.000312761
188    0.394876    0.397347 0.000311374
189    0.398649    0.397354 0.000309799
190    0.391879    0.397325 0.000309508
191    0.395731    0.397317 0.000307996
192     0.39016     0.39728 0.000308647
193    0.396939    0.397278 0.000307049
194    0.400185    0.397293 0.000305829
195    0.402347    0.397319 0.000305359
196    0.401644    0.397341 0.000304597
197    0.395617    0.397332 0.000303174
198     0.38931    0.397291 0.000304348
199    0.399338    0.397302 0.000302989
200    0.401497    0.397323 0.000302199
1    0.399157    0.399157           0
2    0.391243      0.3952  0.00395721
3    0.398524    0.396308   0.0025392
4    0.395224    0.396037  0.00181584
5    0.397955    0.396421  0.00145794
6    0.398804    0.396818  0.00125493
7    0.403429    0.397762   0.0014202
8    0.409543    0.399235  0.00191868
9    0.398057    0.399104  0.00169717
10    0.398379    0.399032  0.00151973
11     0.39828    0.398963  0.00137634
12    0.399263    0.398988  0.00125667
13    0.399291    0.399012   0.0011562
14    0.387509     0.39819  0.00134941
15    0.396662    0.398088  0.00126035
16    0.398764     0.39813  0.00117971
17    0.393566    0.397862   0.0011402
18    0.404318     0.39822  0.00113325
19    0.400901    0.398362   0.0010812
20    0.392689    0.398078  0.00106421
21     0.40097    0.398216  0.00102159
22    0.396724    0.398148 0.000976407
23    0.399393    0.398202 0.000934557
24    0.404423    0.398461 0.000931557
25    0.402546    0.398625 0.000908338
26    0.396868    0.398557 0.000875313
27    0.404308     0.39877 0.000868784
28    0.391735    0.398519  0.00087407
29    0.402131    0.398643 0.000852541
30    0.397783    0.398615 0.000824132
31    0.395219    0.398505 0.000804594
32    0.395918    0.398424 0.000783229
33    0.395368    0.398332 0.000764753
34     0.39678    0.398286 0.000743321
35    0.388811    0.398015 0.000770873
36    0.398921     0.39804 0.000749576
37     0.39339    0.397915 0.000739791
38    0.401905     0.39802 0.000727675
39    0.397257       0.398 0.000709041
40    0.397724    0.397993 0.000691122
41    0.399183    0.398022 0.000674679
42     0.39929    0.398053 0.000659111
43    0.400396    0.398107 0.000645904
44    0.395924    0.398057 0.000633001
45    0.404383    0.398198 0.000634538
46    0.405347    0.398353 0.000639754
47     0.39816    0.398349 0.000626008
48    0.397291    0.398327 0.000613223
49    0.405709    0.398478 0.000619183
50    0.393477    0.398378 0.000614863
51    0.396215    0.398335 0.000604177
52      0.3908    0.398191  0.00060991
53    0.402543    0.398273 0.000603902
54    0.392902    0.398173   0.0006009
55    0.394492    0.398106 0.000593658
56    0.399144    0.398125 0.000583255
57     0.39613     0.39809 0.000573999
58     0.39427    0.398024 0.000567848
59    0.401145    0.398077 0.000560641
60    0.392543    0.397985  0.00055888
61    0.400456    0.398025 0.000551133
62    0.390739    0.397908 0.000554761
63    0.397933    0.397908 0.000545884
64    0.390228    0.397788 0.000550524
65    0.392996    0.397714  0.00054698
66    0.399714    0.397745  0.00053948
67    0.392579    0.397668  0.00053693
68    0.399372    0.397693 0.000529569
69    0.395956    0.397667 0.000522444
70    0.398428    0.397678 0.000515041
71    0.398256    0.397686 0.000507801
72    0.396599    0.397671 0.000500926
73    0.393482    0.397614 0.000497339
74    0.388369    0.397489 0.000506231
75    0.396487    0.397476 0.000499615
76    0.394027     0.39743 0.000495081
77    0.404064    0.397516 0.000496147
78    0.397978    0.397522 0.000489781
79    0.398649    0.397537 0.000483752
80    0.395921    0.397516 0.000478093
81    0.394377    0.397478 0.000473742
82    0.391344    0.397403 0.000473869
83    0.395944    0.397385 0.000468455
84    0.398755    0.397402 0.000463131
85    0.400564    0.397439  0.00045916
86    0.392223    0.397378 0.000457824
87    0.399516    0.397403 0.000453198
88     0.39649    0.397392 0.000448139
89    0.393911    0.397353 0.000444798
90    0.398925    0.397371 0.000440175
91    0.400456    0.397405 0.000436629
92    0.398332    0.397415 0.000431975
93    0.398724    0.397429 0.000427536
94    0.393491    0.397387 0.000425033
95     0.40073    0.397422 0.000422005
96    0.393635    0.397383 0.000419445
97    0.400303    0.397413 0.000416189
98    0.397326    0.397412 0.000411921
99    0.394606    0.397383 0.000408722
100     0.39708     0.39738 0.000404626
101    0.392702    0.397334 0.000403269
102     0.40475    0.397407 0.000405862
103    0.393324    0.397367 0.000403852
104    0.394687    0.397341 0.000400779
105    0.395032    0.397319 0.000397552
106    0.397286    0.397319 0.000393784
107    0.398621    0.397331 0.000390276
108    0.400624    0.397362 0.000387846
109    0.400322    0.397389  0.00038523
110    0.404351    0.397452 0.000386923
111    0.393317    0.397415 0.000385228
112    0.396443    0.397406 0.000381871
113    0.401116    0.397439 0.000379898
114    0.403335    0.397491 0.000380087
115    0.395789    0.397476 0.000377058
116    0.394915    0.397454 0.000374445
117    0.395121    0.397434 0.000371766
118    0.396994     0.39743 0.000368621
119    0.390594    0.397373 0.000369997
120    0.391646    0.397325 0.000369992
121    0.401376    0.397359 0.000368446
122    0.397601    0.397361 0.000365418
123    0.390884    0.397308  0.00036624
124    0.402269    0.397348 0.000365472
125    0.400156     0.39737 0.000363231
126    0.396647    0.397365 0.000360383
127    0.403024    0.397409   0.0003603
128    0.398299    0.397416 0.000357541
129    0.396348    0.397408 0.000354856
130    0.402345    0.397446 0.000354157
131    0.392563    0.397409 0.000353415
132     0.40138    0.397439 0.000352015
133    0.399097    0.397451 0.000349581
134    0.397493    0.397451 0.000346963
135    0.397153    0.397449  0.00034439
136    0.396224     0.39744 0.000341967
137    0.397555    0.397441 0.000339463
138     0.40254    0.397478 0.000339013
139    0.395441    0.397463 0.000336884
140    0.398132    0.397468 0.000334504
141    0.395094    0.397451 0.000332549
142    0.401397    0.397479 0.000331366
143    0.394262    0.397457 0.000329809
144     0.40647    0.397519 0.000333438
145     0.40535    0.397573 0.000335506
146    0.397868    0.397575 0.000333206
147    0.399013    0.397585 0.000331076
148    0.395511    0.397571  0.00032913
149    0.398237    0.397575 0.000326944
150    0.392431    0.397541 0.000326563
151    0.397359     0.39754 0.000324395
152    0.396763    0.397535 0.000322294
153     0.39662    0.397529 0.000320237
154    0.393972    0.397506 0.000318988
155    0.389194    0.397452 0.000321428
156    0.392913    0.397423 0.000320684
157    0.396277    0.397416 0.000318718
158    0.397139    0.397414 0.000316699
159    0.390784    0.397372 0.000317452
160    0.395923    0.397363 0.000315591
161    0.397703    0.397365 0.000313632
162    0.402862    0.397399 0.000313531
163    0.400838     0.39742 0.000312315
164    0.388555    0.397366 0.000315077
165    0.398992    0.397376 0.000313317
166    0.401507    0.397401 0.000312416
167     0.39705    0.397399 0.000310547
168    0.389668    0.397353 0.000312104
169    0.397548    0.397354 0.000310254
170    0.393979    0.397334 0.000309062
171    0.403461     0.39737 0.000309331
172    0.395943    0.397362 0.000307639
173    0.398202    0.397367 0.000305894
174    0.403599    0.397402 0.000306233
175    0.402739    0.397433 0.000306002
176    0.397117    0.397431 0.000304263
177    0.402857    0.397462 0.000304089
178    0.402972    0.397493 0.000303956
179    0.396697    0.397488 0.000302286
180    0.406843     0.39754 0.000305061
181    0.401179     0.39756 0.000304036
182    0.398637    0.397566 0.000302419
183    0.395426    0.397555 0.000300989
184    0.391633    0.397522 0.000301074
185    0.390364    0.397484 0.000301932
186    0.401581    0.397506 0.000301111
187    0.403745    0.397539  0.00030135
188    0.395882     0.39753 0.000299872
189    0.400983    0.397549  0.00029884
190    0.390912    0.397514 0.000299308
191    0.394123    0.397496 0.000298266
192    0.394897    0.397482 0.000297017
193    0.402043    0.397506 0.000296417
194    0.400425    0.397521 0.000295269
195    0.404204    0.397555 0.000295743
196    0.399331    0.397564  0.00029437
197     0.39673     0.39756 0.000292902
198    0.389636     0.39752 0.000294155
199    0.398879    0.397527 0.000292753
200    0.403106    0.397555 0.000292618
