4.75222           0
4.72093   0.0312837
4.71017   0.0210253
4.6767   0.0366212
4.63501   0.0504312
4.62206   0.0431639
4.62314   0.0364962
4.63654   0.0343269
4.65533   0.0356297
4.63602   0.0372606
4.6393   0.0338633
4.62238   0.0352435
4.6315   0.0336788
4.63588    0.031487
4.6429   0.0301414
4.64874   0.0287934
4.65716   0.0283258
4.65817   0.0267247
4.65413   0.0255989
4.66194   0.0255089
4.65845   0.0245128
4.66324   0.0238572
4.66401   0.0228093
4.65981   0.0222386
4.65896   0.0213471
4.6582   0.0205238
4.65741    0.019765
4.65639    0.019073
4.65656   0.0184044
4.65433   0.0179198
4.66138   0.0187117
4.66154   0.0181182
4.66432   0.0177804
4.66034   0.0177033
4.66382    0.017538
4.65968   0.0175403
4.65929    0.017064
4.65873   0.0166182
4.65687   0.0162933
4.66215   0.0167337
4.66292   0.0163386
4.66511   0.0160951
4.66413   0.0157467
4.66398   0.0153854
4.66305   0.0150682
4.66568   0.0149691
4.66691    0.014699
4.66431   0.0146224
4.66419   0.0143214
4.66241   0.0141451
4.66338   0.0138989
4.66276   0.0136431
4.66558   0.0136787
4.66887   0.0138192
4.66919   0.0135694
4.67007    0.013354
4.66867   0.0131919
4.67013   0.0130447
4.67297   0.0131313
4.67408   0.0129584
4.67351   0.0127568
4.67259   0.0125835
4.67285   0.0123849
4.67352   0.0122082
4.67154    0.012181
4.67252   0.0120349
4.67051   0.0120219
4.67061   0.0118442
4.67008   0.0116832
4.67237   0.0117408
4.67223   0.0115752
4.67344   0.0114773
4.67305   0.0113256
4.67215   0.0112077
4.66953   0.0113634
4.66779   0.0113478
4.66746   0.0112043
4.66704   0.0110679
4.6697   0.0112473
4.66977   0.0111061
4.66998   0.0109702
4.66886   0.0108933
4.66954   0.0107827
4.66859   0.0106962
4.66709   0.0106761
4.66758   0.0105626
4.66713   0.0104499
4.66662    0.010343
4.6655   0.0102871
4.66525   0.0101753
4.66569   0.0100726
4.66436   0.0100509
4.66612   0.0100967
4.66635  0.00999131
4.66683  0.00989738
4.66764  0.00982649
4.66878  0.00979232
4.6673  0.00980504
4.66633  0.00975365
4.66583  0.00966844
4.66586  0.00957227
4.66721  0.00957346
4.66791  0.00950564
4.6673  0.00943337
4.66714   0.0093445
4.66736  0.00925871
4.66684  0.00918653
4.669  0.00935352
4.66943  0.00927723
4.66906  0.00920005
4.66852  0.00913296
4.66802   0.0090646
4.66676  0.00907272
4.66683  0.00899308
4.66589  0.00896373
4.66681  0.00893311
4.66852  0.00902036
4.66837  0.00894483
4.66803  0.00887569
4.66796  0.00880173
4.66739  0.00874698
4.66662  0.00870886
4.6657  0.00868679
4.66538  0.00862249
4.66547  0.00855366
4.66567   0.0084879
4.66566  0.00842081
4.66611  0.00836688
4.66731   0.0083877
4.66666  0.00834816
4.66665  0.00828419
4.66666  0.00822121
4.66776  0.00823304
4.66675  0.00823347
4.66546  0.00827416
4.66651  0.00828061
4.66582  0.00824918
4.66571  0.00818989
4.66498  0.00816343
4.66406   0.0081576
4.66438  0.00810592
4.66504  0.00807548
4.66592  0.00806669
4.66616  0.00801412
4.66576  0.00796869
4.66495  0.00795511
4.66516  0.00790351
4.66527  0.00785083
4.66477  0.00781425
4.66539  0.00778707
4.66621  0.00777771
4.66616  0.00772648
4.66696  0.00771739
4.6668  0.00766894
4.66726  0.00763339
4.66634  0.00764002
4.6654   0.0076496
4.66469  0.00763409
4.66522   0.0076045
4.66535  0.00755804
4.66631  0.00757137
4.66702  0.00755807
4.66641  0.00753662
4.66702  0.00751538
4.66757  0.00748999
4.66655  0.00751466
4.6667  0.00747109
4.66682   0.0074275
4.66687  0.00738362
4.66735  0.00735561
4.66725  0.00731317
4.6673  0.00727066
4.66702  0.00723394
4.66816  0.00728339
4.66841  0.00724597
4.66877  0.00721361
4.66871  0.00717298
4.66946   0.0071715
4.66899  0.00714661
4.6684  0.00713167
4.66781  0.00711661
4.66785  0.00707753
4.66866  0.00708464
4.66903   0.0070559
4.66912  0.00701823
4.66974  0.00700775
4.66984  0.00697091
4.66855  0.00705189
4.6683  0.00701892
4.66874   0.0069957
4.66908  0.00696687
4.66934  0.00693549
4.6699  0.00692251
4.6703  0.00689797
4.66925  0.00694235
4.66899   0.0069115
4.66883  0.00687832
4.66849  0.00685187
4.66817  0.00682499
4.66785  0.00679823
4.7555           0
4.72144   0.0340609
4.71342   0.0212391
4.6818   0.0350005
4.63832   0.0512388
4.62647   0.0434824
4.62513   0.0367738
4.63849   0.0345366
4.65611   0.0351875
4.63709   0.0367762
4.64016   0.0334071
4.62419   0.0344259
4.6332   0.0329231
4.63754   0.0307887
4.64421   0.0294281
4.64951   0.0280342
4.65849   0.0278221
4.65839   0.0262311
4.65444   0.0251255
4.66217   0.0250594
4.65868   0.0240907
4.66391   0.0235568
4.66402   0.0225096
4.65973   0.0219751
4.65895    0.021092
4.65872   0.0202659
4.65822   0.0195073
4.65725   0.0188228
4.65723   0.0181621
4.65494   0.0176953
4.66152   0.0183378
4.66165   0.0177559
4.66472   0.0174805
4.66075   0.0174173
4.66406   0.0172329
4.65964   0.0173187
4.65966   0.0168441
4.65933   0.0163981
4.65711   0.0161255
4.66232   0.0165582
4.66311   0.0161685
4.66551   0.0159601
4.66433   0.0156287
4.66425   0.0152696
4.66313   0.0149683
4.66587   0.0148934
4.66719   0.0146326
4.66456   0.0145645
4.6646   0.0142642
4.66285   0.0140853
4.66364   0.0138287
4.66282   0.0135851
4.66551   0.0135949
4.66877   0.0137353
4.66893   0.0134841
4.66976   0.0132672
4.66847   0.0130961
4.67005   0.0129654
4.67278   0.0130318
4.67386   0.0128582
4.67318   0.0126638
4.67218   0.0124982
4.67247   0.0123017
4.67306   0.0121221
4.67098   0.0121139
4.67191   0.0119655
4.67019   0.0119102
4.67032   0.0117344
4.66976   0.0115768
4.6722   0.0116678
4.67203   0.0115035
4.67304   0.0113872
4.67279   0.0112329
4.67186   0.0111189
4.66919   0.0112893
4.66754   0.0112619
4.66726   0.0111181
4.66688   0.0109812
4.66964   0.0111852
4.6697   0.0110447
4.66986   0.0109086
4.66879   0.0108283
4.66944   0.0107168
4.66845   0.0106342
4.66681   0.0106362
4.66729   0.0105228
4.66675   0.0104149
4.66636   0.0103033
4.66531   0.0102409
4.66504   0.0101301
4.6656   0.0100337
4.66434   0.0100027
4.66616   0.0100598
4.66642   0.0099555
4.66687  0.00986037
4.66767  0.00979052
4.66876   0.0097503
4.66737  0.00975011
4.66638  0.00970183
4.66587  0.00961796
4.66584  0.00952229
4.66734  0.00954573
4.66803    0.009478
4.66737   0.0094097
4.6672  0.00932117
4.66741  0.00923528
4.66698  0.00915894
4.66911  0.00932113
4.66947  0.00924226
4.66908  0.00916624
4.66847  0.00910375
4.66801   0.0090339
4.66681  0.00903324
4.66696  0.00895496
4.66606  0.00892291
4.667  0.00889577
4.66863  0.00896944
4.66844  0.00889529
4.66807  0.00882763
4.66807  0.00875376
4.6675  0.00869961
4.66683  0.00865449
4.66596  0.00862705
4.66575  0.00855984
4.66576  0.00849109
4.66597  0.00842618
4.66589  0.00835994
4.66626  0.00830258
4.66735  0.00830925
4.66665    0.008275
4.66662  0.00821164
4.66668  0.00814946
4.66782    0.008167
4.66673  0.00817851
4.6655  0.00821052
4.66661  0.00822543
4.66593  0.00819306
4.66583  0.00813411
4.66501  0.00811693
4.66406  0.00811456
4.66439  0.00806335
4.66508  0.00803618
4.66592  0.00802373
4.66614  0.00797089
4.66574  0.00792577
4.66494  0.00791212
4.66524  0.00786382
4.66539  0.00781209
4.66492  0.00777399
4.66554  0.00774692
4.66634  0.00773707
4.66631  0.00768606
4.66705  0.00767094
4.66692  0.00762195
4.66735  0.00758453
4.6664  0.00759484
4.66542  0.00760942
4.66477  0.00758972
4.66533    0.007563
4.66544  0.00751635
4.66637  0.00752734
4.66707  0.00751352
4.66652  0.00748763
4.66715  0.00746867
4.66764  0.00743932
4.66661  0.00746597
4.6668  0.00742347
4.667  0.00738198
4.66709  0.00733873
4.66758  0.00731203
4.6675  0.00726962
4.66761  0.00722814
4.66738  0.00718994
4.66856  0.00724485
4.66881  0.00720763
4.66915  0.00717484
4.66913  0.00713425
4.66992  0.00713785
4.66944  0.00711344
4.66875  0.00710753
4.66815  0.00709366
4.6682  0.00705472
4.66896  0.00705752
4.66932  0.00702843
4.66948  0.00699217
4.67009  0.00698109
4.67015  0.00694392
4.66886  0.00702633
4.6686  0.00699395
4.66904  0.00697058
4.6694  0.00694343
4.66961  0.00691049
4.67016  0.00689669
4.67062  0.00687624
4.66957  0.00692138
4.66936  0.00688921
4.66918  0.00685643
4.66878   0.0068335
4.66846   0.0068066
4.66814  0.00677999
