1   -0.664528   -0.664528           0
2   -0.664786   -0.664657   0.0001288
3   -0.663957   -0.664423 0.000244896
4   -0.664179   -0.664362  0.00018362
5   -0.665256   -0.664541 0.000228409
6   -0.663454    -0.66436 0.000259971
7   -0.664234   -0.664342 0.000220456
8   -0.663797   -0.664274 0.000202717
9   -0.664211   -0.664267 0.000178915
10   -0.665869   -0.664427 0.000226431
11   -0.664478   -0.664432 0.000204868
12   -0.663414   -0.664347 0.000205335
13   -0.664379   -0.664349 0.000188897
14   -0.663832   -0.664312 0.000178748
15   -0.663384   -0.664251 0.000177544
16   -0.664942   -0.664294 0.000171614
17   -0.663949   -0.664274 0.000162476
18   -0.663499    -0.66423 0.000159109
19   -0.664022    -0.66422   0.0001509
20   -0.664832    -0.66425 0.000146395
21    -0.66497   -0.664284 0.000143402
22   -0.664552   -0.664297 0.000137268
23   -0.664664   -0.664313 0.000132133
24   -0.663355   -0.664273 0.000132648
25   -0.663467    -0.66424 0.000131247
26   -0.663846   -0.664225 0.000127006
27   -0.664203   -0.664224 0.000122214
28   -0.664653    -0.66424 0.000118758
29    -0.66392   -0.664229 0.000115119
30   -0.662618   -0.664175 0.000123504
31   -0.663325   -0.664148 0.000122561
32   -0.662834   -0.664107 0.000125573
33   -0.663712   -0.664095 0.000122294
34   -0.666442   -0.664164 0.000137263
35   -0.664682   -0.664178 0.000134103
36   -0.666363   -0.664239 0.000143762
37   -0.662736   -0.664198 0.000145605
38   -0.664085   -0.664195 0.000141753
39   -0.663109   -0.664168 0.000140854
40   -0.663397   -0.664148 0.000138633
41    -0.66479   -0.664164 0.000136114
42    -0.66169   -0.664105 0.000145312
43   -0.663926   -0.664101 0.000141953
44   -0.664098   -0.664101  0.00013869
45   -0.664549   -0.664111 0.000135938
46   -0.663707   -0.664102 0.000133239
47   -0.663851   -0.664097 0.000130482
48   -0.665696    -0.66413 0.000132009
49   -0.663398   -0.664115 0.000130146
50   -0.664267   -0.664118 0.000127553
51   -0.664517   -0.664126 0.000125271
52    -0.66308   -0.664106 0.000124474
53   -0.663923   -0.664102 0.000122152
54   -0.665008   -0.664119 0.000121036
55   -0.663765   -0.664113 0.000118989
56   -0.662994   -0.664093 0.000118542
57   -0.664029   -0.664092 0.000116449
58   -0.663979    -0.66409  0.00011444
59   -0.663443   -0.664079 0.000113016
60   -0.662778   -0.664057 0.000113213
61   -0.663334   -0.664045  0.00011197
62   -0.664798   -0.664057 0.000110817
63   -0.664275   -0.664061 0.000109099
64   -0.663795   -0.664057 0.000107461
65   -0.664331   -0.664061 0.000105879
66   -0.665192   -0.664078 0.000105661
67   -0.664382   -0.664083 0.000104172
68   -0.663211    -0.66407 0.000103425
69   -0.664408   -0.664075 0.000102033
70   -0.662722   -0.664055 0.000102406
71   -0.665064    -0.66407 0.000101948
72   -0.663194   -0.664057 0.000101255
73   -0.664032   -0.664057 9.98591e-05
74   -0.663611   -0.664051 9.86845e-05
75   -0.663616   -0.664045 9.75324e-05
76   -0.665328   -0.664062 9.77095e-05
77   -0.664704    -0.66407 9.67919e-05
78   -0.664907   -0.664081 9.61433e-05
79   -0.663318   -0.664071 9.54083e-05
80   -0.664786    -0.66408 9.46301e-05
81   -0.664142   -0.664081 9.34577e-05
82   -0.663264   -0.664071 9.28473e-05
83   -0.664322   -0.664074 9.17714e-05
84   -0.664318   -0.664077 9.07189e-05
85   -0.663408   -0.664069 8.99902e-05
86    -0.66516   -0.664082 8.98375e-05
87   -0.664842   -0.664091 8.92271e-05
88   -0.663458   -0.664083 8.85002e-05
89   -0.663443   -0.664076 8.77954e-05
90   -0.662405   -0.664058 8.87788e-05
91   -0.664454   -0.664062 8.79059e-05
92   -0.663637   -0.664057 8.70679e-05
93   -0.662053   -0.664036  8.8783e-05
94   -0.664682   -0.664043 8.81017e-05
95   -0.665266   -0.664056 8.81146e-05
96   -0.665142   -0.664067 8.79238e-05
97   -0.663184   -0.664058 8.74874e-05
98   -0.664888   -0.664066 8.70035e-05
99   -0.664366   -0.664069 8.61735e-05
100    -0.66563   -0.664085 8.67239e-05
101   -0.663939   -0.664084 8.58731e-05
102   -0.663974   -0.664082 8.50338e-05
103   -0.664214   -0.664084 8.42139e-05
104   -0.662557   -0.664069 8.46827e-05
105   -0.664546   -0.664074  8.3995e-05
106    -0.66292   -0.664063 8.39076e-05
107   -0.664226   -0.664064 8.31336e-05
108   -0.663931   -0.664063 8.23695e-05
109   -0.665278   -0.664074 8.23686e-05
110   -0.662739   -0.664062 8.25136e-05
111   -0.664506   -0.664066 8.18645e-05
112   -0.663238   -0.664059 8.14661e-05
113   -0.665208   -0.664069 8.13801e-05
114    -0.66151   -0.664046 8.37268e-05
115   -0.665045   -0.664055 8.34484e-05
116   -0.664563   -0.664059 8.28418e-05
117   -0.663336   -0.664053 8.23631e-05
118   -0.663848   -0.664051 8.16807e-05
119   -0.662557   -0.664039 8.19595e-05
120   -0.665835   -0.664054 8.26407e-05
121    -0.66427   -0.664056 8.19744e-05
122   -0.662667   -0.664044 8.20924e-05
123   -0.665389   -0.664055 8.21527e-05
124   -0.665165   -0.664064 8.19773e-05
125   -0.663677   -0.664061 8.13779e-05
126   -0.664174   -0.664062 8.07345e-05
127   -0.664854   -0.664068 8.03389e-05
128   -0.664706   -0.664073 7.98642e-05
129    -0.66517   -0.664082 7.96971e-05
130   -0.663632   -0.664078 7.91573e-05
131    -0.66388   -0.664077 7.85653e-05
132   -0.663099   -0.664069 7.83188e-05
133   -0.662254   -0.664056 7.89164e-05
134   -0.664962   -0.664062 7.86165e-05
135   -0.663984   -0.664062 7.80342e-05
136   -0.665061   -0.664069 7.78057e-05
137   -0.664555   -0.664073 7.73172e-05
138   -0.663824   -0.664071  7.6776e-05
139   -0.663032   -0.664063 7.65873e-05
140   -0.663755   -0.664061 7.60701e-05
141   -0.665088   -0.664069 7.58789e-05
142   -0.665206   -0.664077 7.57676e-05
143   -0.664272   -0.664078 7.52483e-05
144   -0.664736   -0.664083 7.48635e-05
145   -0.662272    -0.66407 7.53866e-05
146   -0.664678   -0.664074 7.49844e-05
147   -0.663626   -0.664071  7.4535e-05
148   -0.664325   -0.664073 7.40495e-05
149   -0.664032   -0.664073 7.35514e-05
150   -0.663746    -0.66407 7.30919e-05
151   -0.663995    -0.66407 7.26079e-05
152   -0.663309   -0.664065 7.23023e-05
153   -0.663226   -0.664059 7.20373e-05
154   -0.665504   -0.664069 7.21802e-05
155   -0.663118   -0.664063 7.19746e-05
156    -0.66531   -0.664071 7.19577e-05
157   -0.662886   -0.664063 7.18946e-05
158   -0.664264   -0.664064 7.14495e-05
159   -0.663912   -0.664063 7.10052e-05
160    -0.66359    -0.66406 7.06219e-05
161     -0.6618   -0.664046 7.15725e-05
162   -0.664973   -0.664052 7.13588e-05
163   -0.662446   -0.664042 7.16006e-05
164   -0.666379   -0.664057 7.25753e-05
165   -0.662574   -0.664048 7.26912e-05
166    -0.66252   -0.664038 7.28356e-05
167   -0.664054   -0.664038 7.23983e-05
168   -0.664358    -0.66404 7.19912e-05
169   -0.663917    -0.66404 7.15677e-05
170    -0.66313   -0.664034 7.13466e-05
171    -0.66496    -0.66404 7.11344e-05
172   -0.664307   -0.664041 7.07367e-05
173   -0.663685   -0.664039 7.03568e-05
174   -0.662613   -0.664031   7.043e-05
175   -0.662587   -0.664023 7.05107e-05
176   -0.663019   -0.664017 7.03404e-05
177   -0.664627    -0.66402 7.00268e-05
178   -0.663184   -0.664016 6.97907e-05
179   -0.663811   -0.664015 6.94091e-05
180   -0.664426   -0.664017 6.90602e-05
181   -0.665363   -0.664024 6.90792e-05
182   -0.663987   -0.664024 6.86989e-05
183    -0.66403   -0.664024 6.83224e-05
184   -0.666405   -0.664037 6.91709e-05
185   -0.664781   -0.664041 6.89133e-05
186   -0.663939   -0.664041  6.8544e-05
187   -0.664314   -0.664042 6.81921e-05
188   -0.664683   -0.664045 6.79141e-05
189   -0.663395   -0.664042 6.76414e-05
190   -0.664597   -0.664045 6.73477e-05
191   -0.664392   -0.664047 6.70188e-05
192   -0.663666   -0.664045 6.66984e-05
193   -0.664563   -0.664047 6.64063e-05
194   -0.664245   -0.664048 6.60709e-05
195   -0.663136   -0.664044 6.58976e-05
196    -0.66449   -0.664046 6.55999e-05
197    -0.66347   -0.664043 6.53315e-05
198   -0.663352    -0.66404 6.50944e-05
199   -0.662861   -0.664034 6.50368e-05
200   -0.663522   -0.664031 6.47614e-05
1   -0.664538   -0.664538           0
2   -0.664824   -0.664681   0.0001432
3   -0.663875   -0.664412 0.000280973
4   -0.664352   -0.664397 0.000199248
5   -0.665552   -0.664628 0.000277781
6   -0.663378    -0.66442 0.000308031
7   -0.664344   -0.664409 0.000260559
8   -0.663819   -0.664335 0.000237386
9   -0.664328   -0.664334 0.000209356
10   -0.665795    -0.66448 0.000237494
11   -0.663776   -0.664416 0.000224165
12   -0.663829   -0.664367 0.000210411
13   -0.664707   -0.664394 0.000195306
14   -0.663502    -0.66433 0.000191697
15   -0.663149   -0.664251  0.00019506
16      -0.665   -0.664298 0.000188368
17   -0.663955   -0.664278 0.000178086
18   -0.663581   -0.664239 0.000172309
19   -0.664114   -0.664233 0.000163122
20   -0.664838   -0.664263 0.000157688
21   -0.665136   -0.664304 0.000155649
22    -0.66475   -0.664325 0.000149783
23   -0.664584   -0.664336 0.000143567
24   -0.663544   -0.664303  0.00014136
25   -0.663475    -0.66427 0.000139571
26   -0.663858   -0.664254  0.00013503
27   -0.663955   -0.664243 0.000130403
28   -0.664952   -0.664268 0.000128186
29   -0.663445    -0.66424 0.000126904
30   -0.662301   -0.664175 0.000138595
31   -0.663422   -0.664151 0.000136232
32   -0.662789   -0.664108 0.000138604
33   -0.662773   -0.664068 0.000140302
34   -0.666365   -0.664135 0.000151956
35   -0.664816   -0.664155 0.000148826
36   -0.666179   -0.664211 0.000155179
37   -0.662557   -0.664166  0.00015741
38   -0.664014   -0.664162 0.000153264
39   -0.662696   -0.664125 0.000153945
40   -0.663517    -0.66411 0.000150815
41   -0.664541    -0.66412 0.000147466
42   -0.661581    -0.66406 0.000156097
43   -0.663934   -0.664057 0.000152451
44   -0.663438   -0.664043 0.000149607
45   -0.665101   -0.664066 0.000148123
46   -0.663822   -0.664061 0.000144964
47   -0.664424   -0.664069 0.000142057
48    -0.66531   -0.664095 0.000141452
49   -0.663131   -0.664075 0.000139923
50   -0.665027   -0.664094 0.000138412
51   -0.664699   -0.664106 0.000136189
52   -0.663286    -0.66409 0.000134471
53   -0.664387   -0.664096 0.000132029
54   -0.664821   -0.664109 0.000130255
55   -0.663995   -0.664107 0.000127881
56    -0.66315    -0.66409 0.000126733
57   -0.664112    -0.66409 0.000124491
58   -0.664227   -0.664093 0.000122348
59   -0.663099   -0.664076  0.00012143
60   -0.663064   -0.664059 0.000120574
61    -0.66351    -0.66405 0.000118921
62      -0.665   -0.664065 0.000117987
63   -0.664101   -0.664066   0.0001161
64   -0.663629   -0.664059 0.000114476
65    -0.66452   -0.664066 0.000112924
66   -0.665178   -0.664083 0.000112468
67   -0.664462   -0.664089 0.000110921
68   -0.663558   -0.664081 0.000109555
69   -0.664898   -0.664093 0.000108603
70   -0.662822   -0.664074 0.000108568
71    -0.66528   -0.664091 0.000108366
72   -0.663208   -0.664079 0.000107552
73   -0.664011   -0.664078 0.000106073
74   -0.663691   -0.664073  0.00010476
75   -0.663299   -0.664063 0.000103868
76   -0.665208   -0.664078 0.000103594
77   -0.664458   -0.664083 0.000102359
78   -0.665216   -0.664097 0.000102077
79   -0.663042   -0.664084 0.000101659
80    -0.66483   -0.664093 0.000100813
81   -0.664046   -0.664093 9.95622e-05
82    -0.66332   -0.664083 9.87909e-05
83   -0.663312   -0.664074 9.80347e-05
84   -0.664029   -0.664073 9.68621e-05
85   -0.663381   -0.664065 9.60619e-05
86   -0.664829   -0.664074 9.53526e-05
87   -0.664931   -0.664084 9.47637e-05
88   -0.663467   -0.664077 9.39425e-05
89   -0.664106   -0.664077 9.28815e-05
90   -0.662758   -0.664063 9.30054e-05
91   -0.664642   -0.664069 9.21975e-05
92   -0.663584   -0.664064 9.13421e-05
93   -0.662053   -0.664042 9.29059e-05
94   -0.664402   -0.664046 9.19917e-05
95   -0.664805   -0.664054 9.13681e-05
96   -0.664934   -0.664063 9.08754e-05
97   -0.663181   -0.664054 9.03924e-05
98   -0.664574   -0.664059 8.96228e-05
99   -0.664702   -0.664066 8.89504e-05
100   -0.665077   -0.664076 8.86349e-05
101   -0.663814   -0.664073 8.77911e-05
102   -0.663688    -0.66407 8.70082e-05
103   -0.663795   -0.664067 8.62004e-05
104   -0.662451   -0.664051 8.67696e-05
105   -0.664654   -0.664057  8.6131e-05
106   -0.662762   -0.664045 8.61855e-05
107   -0.663795   -0.664043 8.54081e-05
108   -0.663925   -0.664041 8.46206e-05
109   -0.665554   -0.664055 8.49807e-05
110   -0.662955   -0.664045 8.47965e-05
111   -0.664786   -0.664052 8.42933e-05
112   -0.663118   -0.664044 8.39521e-05
113    -0.66529   -0.664055 8.39333e-05
114   -0.660808   -0.664026 8.79334e-05
115   -0.665261   -0.664037 8.78241e-05
116    -0.66444    -0.66404  8.7133e-05
117   -0.662976   -0.664031 8.68628e-05
118    -0.66411   -0.664032 8.61261e-05
119   -0.662608    -0.66402 8.62336e-05
120   -0.665739   -0.664034 8.67038e-05
121   -0.663618   -0.664031 8.60532e-05
122   -0.662125   -0.664015 8.67632e-05
123   -0.665171   -0.664025 8.65665e-05
124   -0.664966   -0.664032 8.62008e-05
125   -0.664205   -0.664034 8.55196e-05
126   -0.664419   -0.664037 8.48933e-05
127   -0.664963   -0.664044 8.45375e-05
128   -0.664245   -0.664046 8.38892e-05
129   -0.665011   -0.664053 8.35722e-05
130   -0.663566   -0.664049 8.30113e-05
131   -0.663933   -0.664048   8.238e-05
132     -0.6632   -0.664042 8.20058e-05
133    -0.66272   -0.664032 8.19916e-05
134   -0.665051    -0.66404 8.17321e-05
135    -0.66365   -0.664037 8.11758e-05
136   -0.665269   -0.664046 8.10844e-05
137   -0.664659    -0.66405 8.06148e-05
138   -0.663901   -0.664049 8.00358e-05
139   -0.663272   -0.664044 7.96544e-05
140   -0.663627   -0.664041 7.91393e-05
141   -0.665013   -0.664048  7.8878e-05
142   -0.665283   -0.664056 7.88024e-05
143   -0.664096   -0.664057 7.82499e-05
144   -0.664696   -0.664061 7.78314e-05
145   -0.662411    -0.66405 7.81257e-05
146   -0.664635   -0.664054 7.76924e-05
147   -0.663813   -0.664052 7.71794e-05
148   -0.663946   -0.664051 7.66595e-05
149   -0.664042   -0.664051 7.61433e-05
150   -0.663464   -0.664047 7.57352e-05
151   -0.663539   -0.664044 7.53072e-05
152   -0.662995   -0.664037 7.51276e-05
153   -0.663251   -0.664032 7.48115e-05
154   -0.665541   -0.664042 7.49672e-05
155   -0.663091   -0.664036 7.47339e-05
156    -0.66553   -0.664045 7.48684e-05
157    -0.66287   -0.664038 7.47654e-05
158   -0.664027   -0.664038 7.42907e-05
159   -0.663627   -0.664035 7.38671e-05
160   -0.663443   -0.664031 7.34971e-05
161   -0.661696   -0.664017 7.44655e-05
162   -0.664749   -0.664021 7.41422e-05
163   -0.662227    -0.66401 7.45035e-05
164   -0.665989   -0.664022 7.50241e-05
165   -0.662058    -0.66401 7.55128e-05
166   -0.662786   -0.664003 7.54183e-05
167   -0.663832   -0.664002 7.49724e-05
168   -0.664251   -0.664004 7.45395e-05
169   -0.663341      -0.664 7.42008e-05
170   -0.662802   -0.663993 7.40989e-05
171   -0.665114   -0.663999 7.39555e-05
172   -0.664814   -0.664004 7.36769e-05
173   -0.663515   -0.664001 7.33042e-05
174   -0.663141   -0.663996 7.30492e-05
175   -0.662434   -0.663987 7.31773e-05
176   -0.663166   -0.663982 7.29096e-05
177   -0.665403   -0.663991 7.29395e-05
178   -0.663469   -0.663988 7.25878e-05
179   -0.664069   -0.663988 7.21825e-05
180   -0.664166   -0.663989 7.17873e-05
181   -0.665104   -0.663995 7.16548e-05
182    -0.66399   -0.663995   7.126e-05
183   -0.664024   -0.663995 7.08697e-05
184    -0.66649   -0.664009 7.17753e-05
185    -0.66512   -0.664015 7.16384e-05
186   -0.663675   -0.664013 7.12756e-05
187   -0.664595   -0.664016 7.09618e-05
188   -0.664782    -0.66402 7.07009e-05
189    -0.66341   -0.664017    7.04e-05
190   -0.664557    -0.66402 7.00861e-05
191   -0.664725   -0.664024 6.98158e-05
192    -0.66325    -0.66402 6.95681e-05
193   -0.664381   -0.664021  6.9232e-05
194   -0.663702    -0.66402 6.88939e-05
195   -0.663125   -0.664015 6.86931e-05
196   -0.664658   -0.664018 6.84203e-05
197   -0.663742   -0.664017 6.80865e-05
198   -0.663728   -0.664016 6.77575e-05
199    -0.66316   -0.664011 6.75531e-05
200   -0.663189   -0.664007 6.73402e-05
