1     45.6057    0.912114           0
2     46.2145    0.918202   0.0060876
3     45.4855    0.915371  0.00451275
4     42.5939    0.899498   0.0161908
5     46.4999    0.905598   0.0139462
6     45.4566    0.906187   0.0114022
7     46.3261    0.909092    0.010065
8     42.3613    0.901359   0.0116525
9     45.7028     0.90277   0.0103729
10      45.747    0.903987  0.00935728
11     42.0212    0.898208   0.0102484
12     46.6664    0.901135  0.00980254
13      43.672    0.899004  0.00926527
14     42.1724    0.895036  0.00945141
15     39.0684    0.887458   0.0116122
16     47.1274    0.890901   0.0113949
17     44.0898    0.890366    0.010717
18     45.1501    0.891068   0.0101284
19     46.8885    0.893526  0.00989084
20     43.6787    0.892528  0.00943616
21     42.7507    0.890742  0.00915163
22     43.4543    0.889757  0.00878108
23     43.1182    0.888566  0.00847471
24      46.509      0.8903  0.00829712
25     34.5558    0.882333   0.0112611
26      45.474    0.883377   0.0108696
27      44.974    0.883973   0.0104763
28     43.8428    0.883719   0.0100984
29     44.6058    0.884009  0.00974826
30      43.909    0.883815  0.00941971
31     46.6341    0.885391  0.00924615
32     41.0619    0.883386  0.00917427
33     40.4616    0.881139  0.00917146
34     45.7878    0.882157  0.00895569
35     44.2763    0.882253  0.00869658
36     46.8648    0.883782  0.00858875
37     45.2036    0.884331  0.00837138
38     47.9678    0.886305  0.00838389
39     43.4183    0.885845  0.00817904
40     44.0173    0.885708  0.00797312
41     44.1396    0.885637  0.00777655
42     47.5468    0.887191  0.00774676
43     39.9542    0.885142  0.00783705
44     39.8464    0.883137  0.00791499
45     47.1002    0.884446  0.00784691
46     44.7521    0.884676  0.00767789
47     45.8788    0.885376  0.00754529
48      37.832    0.882694  0.00785826
49     43.7966    0.882556  0.00769746
50     39.6758    0.880775  0.00774933
51     42.4406    0.880148  0.00762167
52     39.2426    0.878316  0.00769507
53     43.6344     0.87821  0.00754924
54     47.2508    0.879447  0.00751071
55     42.2796    0.878831  0.00739854
56     42.0288    0.878148  0.00729726
57     47.5837    0.879438  0.00728324
58     44.4546    0.879604   0.0071585
59      45.871    0.880245  0.00706525
60     44.6052    0.880443  0.00694931
61     46.2605    0.881177  0.00687373
62       42.75    0.880755  0.00677512
63     45.1893     0.88112  0.00667673
64     47.2302    0.882112  0.00664602
65     44.3812    0.882197  0.00654352
66     44.2106    0.882228  0.00644369
67      43.982    0.882189   0.0063469
68     46.6698    0.882942  0.00629805
69     42.1863    0.882374  0.00623207
70     45.9352    0.882893  0.00616428
71     46.0018    0.883416  0.00609932
72      40.968    0.882526  0.00607946
73     40.9691    0.881661  0.00605767
74     46.3021    0.882261  0.00600528
75      42.261    0.881767  0.00594521
76     42.7975    0.881427  0.00587629
77     46.0629    0.881945   0.0058225
78      45.869    0.882399  0.00576529
79     43.1894    0.882163  0.00569672
80     43.6779    0.882056  0.00562609
81     45.6942    0.882449  0.00557007
82     46.1906    0.882953   0.0055248
83     42.7386    0.882614  0.00546839
84     42.2099    0.882156  0.00542221
85     46.7754    0.882784  0.00539468
86     43.1117    0.882545  0.00533694
87     43.7076    0.882449  0.00527612
88      45.731    0.882814  0.00522862
89     45.1782    0.883047  0.00517479
90     43.0088    0.882793  0.00512327
91     41.0415    0.882112  0.00511221
92     45.5108    0.882418  0.00506556
93     43.9484    0.882381  0.00501093
94     45.8266    0.882744  0.00497063
95     47.7588    0.883506  0.00497678
96     46.1316    0.883914   0.0049415
97     46.2001    0.884327  0.00490772
98     48.3552    0.885172  0.00493028
99     45.3313    0.885389  0.00488503
100     47.0748     0.88595  0.00486838
101      38.148    0.884732  0.00497138
102     44.4506    0.884774  0.00492258
103     46.5984    0.885232  0.00489604
104     47.4229     0.88584   0.0048867
105     47.0229     0.88636   0.0048678
106     43.6075    0.886226  0.00482353
107     42.2724    0.885845  0.00479341
108     47.0448    0.886355   0.0047761
109     46.6062    0.886775  0.00475067
110     46.5458    0.887176  0.00472436
111     36.6095     0.88578  0.00488538
112     40.7665    0.885151  0.00488225
113     42.6839    0.884872  0.00484686
114     44.8808    0.884984  0.00480546
115     46.0011    0.885289  0.00477322
116     47.0174    0.885763  0.00475564
117     46.3065    0.886108  0.00472743
118     43.1155    0.885907  0.00469153
119      46.389    0.886258  0.00466523
120     47.9702    0.886868  0.00466617
121     46.1204    0.887162  0.00463676
122     42.7662    0.886901  0.00460599
123     47.4088    0.887399  0.00459548
124     44.9679    0.887495  0.00455928
125     46.8266    0.887888  0.00453964
126     42.5416    0.887594  0.00451306
127     47.0101    0.888008  0.00449651
128     45.3572    0.888157  0.00446375
129     42.9079    0.887925  0.00443511
130     43.0368    0.887716  0.00440583
131     44.9948    0.887809  0.00437305
132     44.1742    0.887776  0.00433992
133     44.9488     0.88786  0.00430799
134     40.8558    0.887332  0.00430819
135     46.5274    0.887652  0.00428812
136     39.7576    0.886972  0.00431048
137     41.9802    0.886626  0.00429284
138      42.882    0.886416   0.0042668
139     46.9328    0.886792  0.00425263
140      46.162    0.887052  0.00423016
141     42.2835    0.886759  0.00421029
142     43.5204    0.886644  0.00418212
143     47.0321    0.887021  0.00416991
144     45.0904    0.887124  0.00414212
145     44.5727    0.887154  0.00411357
146     46.5177     0.88745    0.004096
147     43.0378    0.887268  0.00407209
148     46.3677    0.887539  0.00405354
149     43.4321    0.887412  0.00402824
150     40.8206    0.886939  0.00402919
151     45.1524    0.887046  0.00400384
152     45.7762    0.887233  0.00398182
153     44.6508    0.887271  0.00395589
154     47.1795    0.887637   0.0039471
155     35.6922    0.886515  0.00407869
156     46.9117    0.886847    0.004066
157     45.4275    0.886985  0.00404239
158     45.4441    0.887124  0.00401911
159     44.9516    0.887199  0.00399445
160     46.5063    0.887467  0.00397847
161     47.8151    0.887894  0.00397673
162     45.7661    0.888064  0.00395573
163     47.3016    0.888419  0.00394744
164     46.8312    0.888713  0.00393429
165     46.4038    0.888952  0.00391764
166      47.453    0.889314  0.00391077
167     43.9626    0.889254  0.00388775
168     45.1954    0.889341  0.00386552
169     47.8348    0.889739   0.0038632
170     43.6401     0.88964   0.0038417
171     40.9782     0.88923  0.00384109
172     45.5649    0.889358  0.00382085
173     46.7593    0.889623  0.00380792
174      43.415    0.889501  0.00378796
175     42.5126    0.889276  0.00377292
176     42.9346    0.889103  0.00375544
177     47.0626    0.889397  0.00374577
178      46.884    0.889668  0.00373453
179     42.1751    0.889411  0.00372256
180     43.1278    0.889261  0.00370482
181     42.5564    0.889051  0.00369032
182     44.7269    0.889081  0.00367011
183     45.5483      0.8892  0.00365196
184     45.6522     0.88933  0.00363437
185      44.313    0.889313   0.0036147
186      44.149    0.889279  0.00359538
187     36.8174    0.888462  0.00366842
188     46.1993    0.888651  0.00365375
189      46.396    0.888858   0.0036403
190     47.3168    0.889161   0.0036337
191     45.9259    0.889315  0.00361789
192     46.6738    0.889545  0.00360634
193     44.5982    0.889557  0.00358763
194     41.5271    0.889253  0.00358203
195     43.4001    0.889144  0.00356528
196     46.4716    0.889349  0.00355299
197     43.0448    0.889205  0.00353786
198     43.6472    0.889123  0.00352091
199     41.3492    0.888811  0.00351706
200     46.2592    0.888992  0.00350415
1     45.7765     0.91553           0
2     46.2126    0.919891   0.0043616
3     45.4864    0.916503  0.00422134
4     42.5948    0.900352   0.0164251
5     46.4996     0.90628   0.0140361
6      45.454    0.906746   0.0114699
7      46.326    0.909571   0.0100971
8     42.3617    0.901779   0.0117124
9     45.7023    0.903142   0.0104189
10     45.7469    0.904322  0.00939328
11     42.0214    0.898513   0.0102922
12     46.6692    0.901419  0.00983459
13     43.6712    0.899266  0.00929927
14     42.1712    0.895277  0.00948856
15     39.0736     0.88769   0.0116444
16     47.1255    0.891116   0.0114185
17     44.0974    0.890577   0.0107393
18     45.1452    0.891261   0.0101483
19     46.8852    0.893706  0.00990565
20     43.6778    0.892698  0.00945118
21     42.7448    0.890898  0.00916832
22     43.4536    0.889906  0.00879777
23     43.1161    0.888707  0.00849168
24     46.5026     0.89043  0.00831067
25     34.5558    0.882457    0.011274
26     45.4724    0.883495   0.0108814
27     44.9744    0.884087   0.0104873
28     43.8464    0.883832   0.0101091
29      44.609     0.88412  0.00975851
30     43.9016    0.883917   0.0094298
31     46.6318    0.885488  0.00925495
32      41.064    0.883482  0.00918297
33     40.4634    0.881233  0.00918007
34     45.7918    0.882251  0.00896394
35     44.2815    0.882347   0.0087046
36     46.8645    0.883873  0.00859592
37     45.2052     0.88442  0.00837823
38     47.9697    0.886393  0.00839005
39     43.4187    0.885931  0.00818514
40     44.0172    0.885791  0.00797911
41     44.1396    0.885718  0.00778241
42     47.5444     0.88727  0.00775174
43     39.9586    0.885221  0.00784169
44     39.8502    0.883216   0.0079194
45      47.102    0.884523  0.00785101
46       44.75    0.884751  0.00768181
47     45.8775    0.885449  0.00754892
48      37.829    0.882764  0.00786255
49     43.7922    0.882623  0.00770171
50     39.6786    0.880842  0.00775343
51      42.439    0.880213  0.00762584
52     39.2434     0.87838  0.00769927
53     43.6423    0.878275  0.00755332
54     47.2475     0.87951  0.00751426
55     42.2721    0.878891  0.00740234
56     42.0282    0.878206   0.0073011
57     47.5863    0.879496  0.00728693
58     44.4511     0.87966  0.00716207
59     45.8692      0.8803  0.00706861
60     44.6019    0.880495  0.00695256
61     46.2597    0.881228  0.00687678
62     42.7573    0.880807  0.00677802
63      45.188    0.881172  0.00667951
64     47.2315    0.882163  0.00664867
65     44.3824    0.882248  0.00654613
66     44.2144    0.882279  0.00644625
67     43.9864    0.882241  0.00634943
68      46.676    0.882995  0.00630065
69     42.1873    0.882426  0.00623467
70     45.9301    0.882943  0.00616665
71     46.0016    0.883465  0.00610157
72     40.9668    0.882574  0.00608181
73     40.9722     0.88171  0.00605994
74     46.3028    0.882309  0.00600746
75     42.2627    0.881815  0.00594737
76     42.7988    0.881475  0.00587844
77      46.066    0.881992  0.00582462
78     45.8724    0.882447  0.00576741
79     43.1873     0.88221  0.00569885
80       43.68    0.882102  0.00562819
81     45.6948    0.882495  0.00557212
82     46.1952       0.883  0.00552686
83     42.7429    0.882661  0.00547039
84     42.2021    0.882201  0.00542439
85     46.7817     0.88283  0.00539693
86     43.1074    0.882589  0.00533922
87     43.7022    0.882491  0.00527841
88     45.7289    0.882856   0.0052308
89     45.1799    0.883089  0.00517695
90     43.0071    0.882834  0.00512545
91     41.0401    0.882152  0.00511444
92     45.5074    0.882456  0.00506769
93     43.9458    0.882418  0.00501305
94     45.8197     0.88278  0.00497258
95     47.7586    0.883542  0.00497863
96     46.1305    0.883949  0.00494327
97     46.1979    0.884361   0.0049094
98     48.3546    0.885205  0.00493184
99     45.3317    0.885422  0.00488656
100     47.0758    0.885983  0.00486986
101     38.1455    0.884764    0.004973
102     44.4482    0.884805  0.00492418
103     46.6036    0.885264  0.00489768
104     47.4212    0.885872  0.00488824
105     47.0248    0.886392  0.00486933
106     43.6096    0.886258  0.00482503
107     42.2752    0.885877  0.00479488
108     47.0474    0.886387  0.00477756
109     46.6087    0.886807  0.00475213
110     46.5473    0.887208   0.0047258
111     36.6139    0.885813  0.00488661
112     40.7622    0.885182   0.0048836
113     42.6844    0.884904  0.00484821
114     44.8846    0.885016   0.0048068
115     45.9999     0.88532  0.00477452
116      47.019    0.885795  0.00475692
117     46.3051    0.886139  0.00472865
118     43.1172    0.885938  0.00469274
119     46.3858    0.886289  0.00466637
120     47.9649    0.886897  0.00466714
121     46.1234    0.887191  0.00463774
122     42.7688     0.88693  0.00460695
123     47.4094    0.887428   0.0045964
124     44.9652    0.887524  0.00456019
125     46.8258    0.887916  0.00454051
126     42.5389    0.887621  0.00451396
127     47.0142    0.888036  0.00449744
128     45.3575    0.888185  0.00446466
129     42.9091    0.887953  0.00443602
130     43.0413    0.887744   0.0044067
131     44.9926    0.887836  0.00437391
132     44.1732    0.887803  0.00434078
133     44.9561    0.887888  0.00430886
134      40.856     0.88736  0.00430906
135     46.5356    0.887681  0.00428906
136     39.7558    0.887001  0.00431147
137     41.9755    0.886654   0.0042939
138     42.8866    0.886445  0.00426782
139     46.9297     0.88682  0.00425359
140     46.1649     0.88708  0.00423112
141     42.2802    0.886786  0.00421129
142     43.5232    0.886671  0.00418311
143     47.0313    0.887049  0.00417086
144     45.0888    0.887151  0.00414305
145     44.5756    0.887181  0.00411449
146     46.5191    0.887477  0.00409691
147     43.0403    0.887295  0.00407299
148     46.3668    0.887566  0.00405441
149     43.4307    0.887439  0.00402912
150     40.8168    0.886965  0.00403014
151     45.1502    0.887071  0.00400477
152     45.7776    0.887258  0.00398275
153     44.6494    0.887296  0.00395681
154     47.1786    0.887661  0.00394798
155      35.692     0.88654  0.00407959
156     46.9098    0.886871  0.00406685
157     45.4273    0.887009  0.00404323
158     45.4434    0.887147  0.00401993
159     44.9528    0.887222  0.00399527
160     46.5041     0.88749  0.00397925
161     47.8138    0.887917  0.00397747
162     45.7604    0.888086  0.00395643
163     47.2992    0.888441  0.00394809
164     46.8337    0.888735  0.00393495
165     46.4053    0.888974   0.0039183
166     47.4531    0.889336  0.00391141
167     43.9553    0.889274   0.0038884
168     45.1932    0.889361  0.00386616
169     47.8336    0.889759   0.0038638
170     43.6433     0.88966  0.00384229
171     40.9821    0.889251  0.00384164
172     45.5633    0.889379  0.00382138
173     46.7588    0.889643  0.00380844
174     43.4151    0.889521  0.00378848
175     42.5117    0.889296  0.00377345
176     42.9359    0.889122  0.00375597
177      47.059    0.889417  0.00374625
178     46.8831    0.889688  0.00373499
179     42.1766     0.88943  0.00372301
180     43.1234     0.88928   0.0037053
181     42.5566    0.889069  0.00369079
182     44.7316      0.8891  0.00367058
183     45.5469    0.889219  0.00365242
184     45.6504    0.889348  0.00363482
185     44.3156    0.889332  0.00361515
186     44.1507    0.889298  0.00359582
187     36.8176     0.88848  0.00366887
188     46.1969    0.888669  0.00365417
189      46.395    0.888876  0.00364071
190     47.3136    0.889178  0.00363407
191      45.919    0.889331  0.00361823
192      46.673    0.889561  0.00360667
193     44.5982    0.889574  0.00358795
194     41.5287    0.889269  0.00358234
195     43.4042    0.889161  0.00356558
196     46.4724    0.889366  0.00355329
197     43.0458    0.889222  0.00353816
198     43.6515     0.88914  0.00352119
199     41.3481    0.888828  0.00351736
200     46.2636     0.88901  0.00350447
