1     4.07748   0.0815496           0
2     3.22068   0.0729816    0.008568
3     3.64368   0.0729456  0.00494687
4     3.34496    0.071434   0.0038106
5     3.39608   0.0707315  0.00303412
6     3.65528   0.0711272  0.00250875
7     3.36536   0.0705815  0.00218938
8     3.59884   0.0707559  0.00190407
9      2.9914   0.0695417  0.00207222
10      3.1088   0.0688051  0.00199445
11     2.55348   0.0671928  0.00241954
12     3.81516    0.067952  0.00233556
13     3.46804   0.0680604  0.00215114
14     2.97628   0.0674507  0.00208278
15     2.75912   0.0666329  0.00210441
16     3.84776    0.067278  0.00207151
17     3.17288   0.0670533  0.00195878
18     4.00928   0.0677828  0.00198565
19     3.45396   0.0678511  0.00187947
20     3.35912   0.0678176  0.00178334
21      3.1072   0.0675475  0.00171767
22     3.04644   0.0672466  0.00166514
23     2.80744   0.0667641  0.00166265
24     3.20524   0.0666533  0.00159572
25     3.47568   0.0667677  0.00153483
26      3.3168   0.0667511  0.00147471
27     3.17828   0.0666331  0.00142394
28     2.99188   0.0663904  0.00139344
29      3.1226   0.0662546  0.00135137
30     3.02572   0.0660633   0.0013195
31     3.20564   0.0660004  0.00127777
32       3.703   0.0662522  0.00126257
33     3.16164   0.0661607  0.00122713
34      2.8834   0.0659109  0.00121642
35      3.2358   0.0658768  0.00118164
36     3.40788   0.0659402   0.0011501
37     3.69152   0.0661534  0.00113873
38     3.30316    0.066151  0.00110836
39     3.55448   0.0662777  0.00108697
40      3.2802   0.0662608  0.00105958
41       3.219   0.0662149  0.00103443
42     3.56108   0.0663342  0.00101651
43     3.16692   0.0662645 0.000995034
44     3.06844   0.0661532 0.000978503
45     3.10312   0.0660623 0.000960821
46      3.5906   0.0661873 0.000947978
47      3.4058   0.0662283 0.000928497
48     3.38236   0.0662579 0.000909428
49     3.37888   0.0662848 0.000891082
50     3.24708    0.066258 0.000873491
51       3.435   0.0663059 0.000857531
52     3.57376   0.0664053 0.000846734
53     3.92348   0.0666329 0.000861231
54     3.65364   0.0667521 0.000853504
55     3.34312   0.0667542 0.000837845
56      3.6836   0.0668777  0.00083197
57     2.83292   0.0666984 0.000836678
58      3.1934   0.0666496 0.000823573
59     3.82876   0.0668178  0.00082679
60     3.50432   0.0668723 0.000814717
61     3.71612   0.0669944 0.000810504
62     2.68324   0.0667794 0.000825802
63     3.08068   0.0666974 0.000816715
64     3.19524   0.0666538 0.000805036
65       3.532   0.0667151 0.000794923
66       3.131   0.0666531 0.000785241
67      3.2498   0.0666284 0.000773828
68     3.45492   0.0666647 0.000763228
69     3.02244   0.0665746 0.000757461
70     2.66296   0.0663844 0.000770414
71     3.63276   0.0664727 0.000764604
72     2.96028   0.0663718 0.000760636
73     3.23424   0.0663487   0.0007505
74     3.39216   0.0663689 0.000740564
75     3.10648   0.0663123 0.000732806
76     3.57972   0.0663818 0.000726432
77      3.9688   0.0665506  0.00073653
78      3.2138   0.0665214  0.00072761
79     3.51632   0.0665696 0.000719954
80     3.40488   0.0665887 0.000711154
81     3.00044   0.0665075 0.000707002
82      3.5394   0.0665597 0.000700275
83     3.16216   0.0665197 0.000692939
84     2.49604   0.0663221 0.000712587
85     3.55336   0.0663779 0.000706363
86     3.49604   0.0664191 0.000699316
87     3.70832   0.0665082 0.000696943
88     3.04036   0.0664434 0.000692017
89       3.302   0.0664388 0.000684213
90     3.39664   0.0664554 0.000676771
91      3.3186   0.0664545 0.000669293
92     3.69628   0.0665357 0.000666941
93      3.9938   0.0666792 0.000675145
94     3.64196   0.0667447 0.000671131
95     3.24976   0.0667263 0.000664284
96     4.09532   0.0668844  0.00067608
97     3.49496   0.0669155 0.000669795
98     3.33764   0.0669138 0.000662927
99     3.47516     0.06694 0.000656718
100      3.1264   0.0668959 0.000651613
101     3.53788   0.0669341 0.000646261
102       3.345   0.0669338 0.000639894
103      3.3942    0.066943 0.000633718
104     2.79044   0.0668359 0.000636661
105     3.44036   0.0668547 0.000630848
106     3.37768   0.0668613 0.000624903
107     3.27876   0.0668493 0.000619152
108     3.34404   0.0668496 0.000613392
109     3.17428   0.0668187 0.000608522
110     3.92348   0.0669246 0.000612197
111     3.84668   0.0670148 0.000613321
112       3.877   0.0671088 0.000615042
113      3.3684   0.0671111 0.000609579
114     3.33696   0.0671078 0.000604217
115     3.28856   0.0670962 0.000599053
116     3.41344   0.0671063 0.000593952
117     3.63176   0.0671536 0.000590747
118     3.06436   0.0671038 0.000587825
119     3.54464   0.0671357 0.000583733
120     3.83488   0.0672154 0.000584307
121     3.28824   0.0672034 0.000579582
122       3.418   0.0672129  0.00057489
123     3.11604   0.0671731 0.000571582
124     3.42748   0.0671842 0.000567063
125     3.03956    0.067133 0.000564828
126     3.25132   0.0671163 0.000560577
127       3.665    0.067165 0.000558273
128     3.16316   0.0671345 0.000554732
129     3.19192    0.067109 0.000551008
130     3.24844   0.0670925 0.000547001
131     3.64264   0.0671365 0.000544587
132     3.26796    0.067123 0.000540614
133      3.7594   0.0671837 0.000539949
134     3.27352   0.0671709 0.000536057
135     2.96912   0.0671132  0.00053519
136     3.37528   0.0671161 0.000531248
137      3.9054   0.0671963 0.000533425
138     3.47728   0.0672133 0.000529819
139      3.5032   0.0672338 0.000526393
140     3.08416   0.0671942 0.000524121
141      3.4454   0.0672063 0.000520533
142     2.73316    0.067118 0.000524348
143     3.25504   0.0671039 0.000520859
144     3.53016   0.0671282   0.0005178
145     3.62128   0.0671647 0.000515513
146     3.76204   0.0672201 0.000514949
147     3.53196   0.0672433 0.000511963
148      3.4592   0.0672564 0.000508661
149     3.41356   0.0672632 0.000505281
150     2.98712   0.0672131   0.0005044
151     3.25664   0.0671993 0.000501238
152     3.29664    0.067191 0.000497999
153     3.31168   0.0671847 0.000494773
154     3.27756   0.0671741 0.000491664
155      3.0572   0.0671352 0.000490028
156     3.26348   0.0671233 0.000487024
157     3.62008   0.0671569 0.000485078
158      3.6804   0.0671977 0.000483725
159     3.59888   0.0672278 0.000481612
160     3.55892   0.0672525 0.000479229
161     3.16244   0.0672276 0.000476892
162     3.66448    0.067265 0.000475414
163     3.23224   0.0672489 0.000472761
164       3.346   0.0672469 0.000469874
165     3.34232   0.0672445 0.000467024
166     3.60512   0.0672738 0.000465124
167     3.23088   0.0672579 0.000462604
168     2.99368   0.0672139 0.000461938
169     3.50668   0.0672312 0.000459521
170     3.33756   0.0672284 0.000456819
171     3.44656   0.0672383 0.000454249
172     3.73564   0.0672818 0.000453686
173     3.59584   0.0673086 0.000451851
174     3.83048    0.067362 0.000452416
175     3.33408   0.0673581  0.00044984
176     3.08544    0.067326 0.000448427
177     2.87412   0.0672704 0.000449341
178     3.76072   0.0673151 0.000449033
179      3.4484   0.0673243 0.000446613
180     2.94672   0.0672777 0.000446564
181       3.204     0.06726 0.000444441
182     3.44008   0.0672685 0.000442073
183     2.95712   0.0672241 0.000441888
184     3.37596   0.0672257 0.000439483
185     3.24224   0.0672128  0.00043729
186     3.04904   0.0671793 0.000436221
187     3.12296   0.0671541 0.000434616
188     3.14868   0.0671318 0.000432869
189     3.20388   0.0671157 0.000430876
190     3.10532   0.0670893 0.000429412
191     3.26516     0.06708 0.000427261
192     3.87816   0.0671346 0.000428522
193     3.33016   0.0671318 0.000426305
194     3.37516   0.0671337 0.000424106
195     3.70964   0.0671699 0.000423476
196     3.35668   0.0671697  0.00042131
197     3.23084   0.0671568 0.000419366
198      3.4556   0.0671666 0.000417359
199     3.03004   0.0671337 0.000416565
200     3.74872   0.0671729 0.000416327
1     4.07468   0.0814936           0
2     3.21728   0.0729196    0.008574
3     3.64824   0.0729347  0.00495022
4     3.33904   0.0713962  0.00382351
5      3.4064   0.0707426  0.00303295
6     3.67076    0.071188  0.00251614
7     3.35616   0.0706073  0.00220438
8     3.58328   0.0707396  0.00191363
9     2.97216   0.0694844  0.00210324
10      3.1248   0.0687856  0.00200681
11     2.56152   0.0671897  0.00241703
12     3.82792   0.0679704  0.00234049
13      3.4592   0.0680638  0.00215496
14     2.97552   0.0674528  0.00208655
15     2.74664   0.0666181  0.00211421
16     3.84924   0.0672661  0.00208109
17        3.18   0.0670504   0.0019667
18      3.9974   0.0677669  0.00198786
19     3.46176   0.0678442  0.00188191
20     3.34572   0.0677977  0.00178594
21     3.11904   0.0675398  0.00171824
22     3.04168   0.0672349   0.0016664
23     2.81088   0.0667559  0.00166279
24     3.20044   0.0666415  0.00159611
25     3.48656   0.0667651  0.00153592
26     3.29776   0.0667339  0.00147599
27     3.17568   0.0666146  0.00142527
28      2.9972   0.0663764  0.00139393
29     3.11496   0.0662358  0.00135234
30     3.02224   0.0660428  0.00132066
31       3.205   0.0659801  0.00127889
32     3.69908   0.0662302  0.00126327
33     3.16984   0.0661443   0.0012274
34     2.87784   0.0658917  0.00121725
35     3.23332   0.0658567  0.00118247
36     3.40944   0.0659215  0.00115098
37     3.67804    0.066128  0.00113832
38     3.26636   0.0661069  0.00110816
39     3.56132   0.0662382  0.00108733
40     3.26944   0.0662169  0.00106001
41     3.21244   0.0661689  0.00103495
42      3.5564    0.066287  0.00101688
43     3.15712   0.0662139 0.000995641
44     3.06876   0.0661039 0.000978946
45     3.10996   0.0660171  0.00096087
46     3.57332   0.0661356 0.000947187
47     3.40768   0.0661785 0.000927809
48     3.37644   0.0662066 0.000908709
49     3.37188   0.0662318 0.000890325
50     3.24636   0.0662057 0.000872727
51     3.43956   0.0662564 0.000856945
52     3.56164   0.0663521 0.000845736
53     3.90584   0.0665741 0.000858808
54     3.66296   0.0666979 0.000851798
55     3.34452   0.0667014 0.000836175
56      3.6718   0.0668216 0.000829868
57     2.85952   0.0666526 0.000832506
58     3.19432    0.066605 0.000819416
59      3.8146   0.0667691 0.000821973
60     3.50184   0.0668236  0.00080999
61      3.6868   0.0669369  0.00080462
62     2.67128    0.066719 0.000820988
63     3.06392   0.0666326 0.000812454
64     3.20388   0.0665927 0.000800654
65     3.53876   0.0666571 0.000790862
66     3.11776   0.0665919  0.00078151
67     3.24952    0.066568 0.000770128
68     3.45208   0.0666044  0.00075959
69     3.02772   0.0665167 0.000753618
70      2.6482   0.0663231 0.000767593
71     3.64364   0.0664153 0.000762307
72     2.94184   0.0663101 0.000758979
73     3.23272   0.0662874 0.000748853
74     3.41172   0.0663137 0.000739132
75     3.10736   0.0662581 0.000731324
76     3.58172   0.0663289 0.000725096
77      3.9614   0.0664964 0.000734963
78     3.19976   0.0664643 0.000726188
79      3.5172   0.0665134 0.000718617
80     3.39424   0.0665306 0.000709784
81     3.01684   0.0664541 0.000705125
82       3.563   0.0665127 0.000698935
83     3.16464   0.0664739 0.000691551
84     2.49216   0.0662759 0.000711375
85     3.56132   0.0663342 0.000705365
86      3.4876   0.0663739 0.000698246
87     3.70372   0.0664624 0.000695826
88      3.0524   0.0664009  0.00069062
89     3.29812    0.066396 0.000682834
90     3.39008   0.0664116 0.000675385
91     3.33232   0.0664142 0.000667927
92     3.67864    0.066492 0.000665193
93     3.99216   0.0666356 0.000673481
94     3.63028   0.0666991 0.000669298
95     3.27292    0.066686 0.000662344
96     4.08152   0.0668417 0.000673642
97     3.49136   0.0668725 0.000667371
98     3.32704   0.0668691 0.000660535
99     3.47664    0.066896 0.000654382
100     3.10468    0.066848 0.000649583
101     3.54248   0.0668876 0.000644338
102     3.34876   0.0668884 0.000637991
103     3.40616   0.0669004  0.00063188
104     2.79252   0.0667942 0.000634731
105     3.42932   0.0668112 0.000628888
106     3.39428   0.0668214 0.000623009
107     3.30104   0.0668139 0.000617205
108     3.32436   0.0668109 0.000611471
109     3.14684   0.0667753 0.000606877
110     3.93132   0.0668831 0.000610909
111     3.85236   0.0669746 0.000612267
112     3.87332   0.0670683 0.000613964
113     3.37404    0.067072 0.000608517
114     3.34124   0.0670698  0.00060316
115     3.28716   0.0670583 0.000598003
116     3.40788   0.0670677 0.000592901
117     3.63576    0.067116  0.00058979
118      3.0532   0.0670647 0.000587016
119     3.53792   0.0670958 0.000582889
120     3.82612   0.0671743 0.000583325
121     3.28504   0.0671621 0.000578612
122     3.44176   0.0671758 0.000574013
123     3.16056   0.0671436 0.000570239
124     3.44916   0.0671584 0.000565816
125       3.015   0.0671036 0.000563947
126     3.23244   0.0670841 0.000559792
127     3.64704   0.0671302 0.000557278
128     3.16072   0.0670996 0.000553753
129     3.18908   0.0670739 0.000550046
130     3.25776   0.0670591 0.000545998
131       3.651   0.0671046 0.000543721
132     3.27548   0.0670926 0.000539721
133      3.7466   0.0671515 0.000538881
134        3.26   0.0671369 0.000535043
135     2.96288   0.0670786 0.000534262
136     3.35828   0.0670792  0.00053032
137     3.89172   0.0671577 0.000532256
138     3.46888   0.0671738  0.00052863
139     3.48632   0.0671922 0.000525134
140     3.10116   0.0671552 0.000522675
141     3.47184   0.0671714 0.000519208
142     2.74436   0.0670849 0.000522746
143     3.23708   0.0670685 0.000519336
144     3.54228   0.0670948 0.000516384
145     3.60052   0.0671287 0.000513929
146      3.7628   0.0671843 0.000513424
147     3.54672   0.0672098 0.000510557
148     3.47468   0.0672253  0.00050733
149     3.39948   0.0672304  0.00050394
150     2.98992   0.0671809 0.000503015
151     3.28136   0.0671706 0.000499779
152     3.29432   0.0671621 0.000496552
153     3.30212   0.0671548  0.00049335
154     3.25868   0.0671419 0.000490305
155     3.07012   0.0671049 0.000488536
156     3.26604   0.0670935 0.000485529
157      3.6068   0.0671256 0.000483495
158     3.69228   0.0671681 0.000482304
159     3.59548   0.0671979 0.000480188
160      3.5598   0.0672229 0.000477831
161     3.19176   0.0672019  0.00047532
162     3.68228   0.0672417 0.000474048
163     3.22256   0.0672245 0.000471442
164       3.367   0.0672252 0.000468559
165     3.34224   0.0672229 0.000465717
166     3.59068   0.0672506 0.000463728
167      3.2218   0.0672337 0.000461251
168      2.9974   0.0671904 0.000460543
169      3.5132   0.0672086 0.000458171
170     3.35092   0.0672074 0.000455469
171     3.42348   0.0672148 0.000452858
172     3.74124   0.0672591 0.000452386
173     3.58976   0.0672853 0.000450528
174       3.829   0.0673387 0.000451105
175     3.31832   0.0673331 0.000448554
176     3.11264   0.0673043 0.000446931
177      2.8824   0.0672497 0.000447735
178     3.78208   0.0672969 0.000447702
179      3.4442   0.0673057 0.000445282
180     2.93536    0.067258 0.000445371
181      3.2136   0.0672415  0.00044321
182     3.44996   0.0672511 0.000440874
183      2.9578   0.0672069 0.000440684
184     3.38596   0.0672097 0.000438291
185     3.27136      0.0672 0.000436022
186     3.05248    0.067167 0.000434931
187     3.12816   0.0671424 0.000433299
188      3.1714   0.0671226  0.00043144
189     3.20392   0.0671065 0.000429454
190      3.1028   0.0670799 0.000428013
191      3.2604   0.0670701 0.000425879
192     3.89464   0.0671265 0.000427389
193     3.35168    0.067126 0.000425169
194     3.36476   0.0671269 0.000422973
195     3.70328   0.0671625   0.0004223
196     3.37044   0.0671637 0.000420142
197     3.23524   0.0671512  0.00041819
198     3.42248   0.0671578 0.000416124
199     3.04192    0.067126 0.000415244
200     3.73988   0.0671644 0.000414939
