15.3233           0
15.5496    0.226347
15.5332    0.131705
15.4786    0.107978
15.394    0.118987
15.3247    0.119315
15.323    0.100854
15.408    0.121886
15.2162    0.219895
15.1545     0.20614
15.1638    0.186697
15.166    0.170443
15.1547     0.15719
15.1559    0.145534
15.1532     0.13551
15.1388    0.127577
15.1411    0.119859
15.1129    0.116481
15.1279    0.111197
15.1476    0.107315
15.1361    0.102714
15.1434   0.0982001
15.1395   0.0939134
15.1269   0.0907974
15.1236     0.08715
15.1441   0.0862018
15.1575   0.0840263
15.135   0.0840556
15.1369   0.0811281
15.1335   0.0784518
15.1507    0.077807
15.1469   0.0754327
15.1792    0.079956
15.2098   0.0833828
15.1928    0.082743
15.1785   0.0816656
15.186   0.0797746
15.1728   0.0787552
15.1953   0.0799525
15.2074    0.078865
15.1917   0.0785044
15.1732   0.0788174
15.176    0.077011
15.1754   0.0752423
15.1941   0.0758945
15.1897   0.0743556
15.1836   0.0730157
15.1862   0.0715263
15.1884   0.0700863
15.1901   0.0686915
15.1921   0.0673604
15.191    0.066062
15.1899   0.0648119
15.1799   0.0643846
15.1826   0.0632612
15.1832   0.0621235
15.1891    0.061312
15.1873    0.060271
15.1768   0.0601707
15.1762   0.0591625
15.1687    0.058663
15.1649   0.0578389
15.1675   0.0569746
15.1636   0.0562134
15.1766   0.0568447
15.1815    0.056197
15.1908   0.0561188
15.185   0.0555895
15.1745   0.0557696
15.1768   0.0550123
15.1744   0.0542839
15.1704   0.0536711
15.1777   0.0534253
15.1783   0.0527025
15.1843   0.0523354
15.1885   0.0518123
15.1833   0.0513934
15.1768   0.0511538
15.1821   0.0507871
15.1788   0.0502564
15.1788   0.0496322
15.176   0.0490995
15.1762   0.0485046
15.172   0.0481056
15.1693   0.0476106
15.1643    0.047329
15.1566    0.047399
15.1648   0.0475572
15.1652   0.0470215
15.1721   0.0470121
15.1751   0.0465864
15.1752   0.0460775
15.1782   0.0456754
15.1792   0.0451975
15.189   0.0457935
15.189    0.045314
15.195   0.0452419
15.1976   0.0448517
15.1973   0.0443975
15.1971   0.0439517
15.1981   0.0435251
15.1959   0.0431483
15.1963   0.0427292
15.1942   0.0423722
15.2006   0.0424626
15.1958   0.0423315
15.1877   0.0427192
15.1885   0.0423295
15.188    0.041943
15.192   0.0417564
15.2033    0.042885
15.1973   0.0429179
15.1997    0.042602
15.2014   0.0422631
15.2063   0.0421808
15.199   0.0424514
15.1987   0.0420883
15.2037   0.0420348
15.2048   0.0416928
15.2126   0.0420844
15.2156     0.04184
15.2138    0.041532
15.2136   0.0411939
15.2157   0.0409172
15.2107   0.0409015
15.211   0.0405773
15.2116   0.0402609
15.2139   0.0400072
15.2095   0.0399333
15.2049   0.0398919
15.2076   0.0396759
15.2093   0.0394101
15.2035    0.039528
15.209   0.0396075
15.209    0.039313
15.2108   0.0390636
15.2135   0.0388672
15.2196   0.0390738
15.2222   0.0388731
15.2179   0.0388318
15.2152   0.0386494
15.2094   0.0388027
15.2088   0.0385365
15.2054   0.0384115
15.2039   0.0381769
15.2087   0.0382207
15.2024   0.0384818
15.2032     0.03823
15.2041   0.0379821
15.2041    0.037728
15.2044   0.0374782
15.2021   0.0372982
15.2052    0.037178
15.2022   0.0370538
15.1991   0.0369416
15.1969   0.0367747
15.1966   0.0365405
15.1919   0.0366135
15.1915   0.0363845
15.1935   0.0362095
15.1952   0.0360237
15.1988   0.0359897
15.2007   0.0358173
15.2077   0.0362737
15.2089   0.0360753
15.2072   0.0358975
15.2146     0.03644
15.2124    0.036294
15.2085   0.0362857
15.2093   0.0360812
15.2069    0.035954
15.2061   0.0357516
15.2036   0.0356352
15.2051     0.03546
15.2058   0.0352639
15.2047   0.0350787
15.2037   0.0348945
15.2011   0.0347936
15.2014   0.0345997
15.2047   0.0345632
15.2066   0.0344278
15.206    0.034245
15.2045   0.0340902
15.2045   0.0339045
15.2035   0.0337363
15.2008   0.0336623
15.2035   0.0335889
15.2044   0.0334212
15.2014   0.0333792
15.203   0.0332436
15.2024   0.0330758
15.2022   0.0329036
15.2037   0.0327689
15.2075   0.0328214
15.2069   0.0326586
15.2059    0.032506
15.2062   0.0323414
15.2078    0.032217
15.2098   0.0321208
15.2096   0.0319607
15.335           0
15.551    0.215963
15.5391    0.125252
15.4824    0.105154
15.3981    0.117219
15.3266    0.119444
15.326    0.100951
15.4101    0.121318
15.217    0.220698
15.1547    0.207018
15.1627    0.187425
15.1631    0.171096
15.1534    0.157686
15.1543    0.145991
15.1541     0.13591
15.1396    0.127958
15.1417    0.120214
15.1132    0.116857
15.128    0.111516
15.1481    0.107693
15.1365     0.10309
15.1434   0.0985354
15.139   0.0942567
15.1274   0.0909866
15.1258   0.0872867
15.1463   0.0863286
15.1598   0.0841681
15.1374   0.0841552
15.1399   0.0812402
15.1364   0.0785629
15.1538   0.0779573
15.15     0.07558
15.1819   0.0799289
15.2126   0.0833727
15.1959   0.0826577
15.1823   0.0814739
15.1908   0.0797014
15.1773   0.0787389
15.1997   0.0798937
15.2115   0.0787612
15.1955   0.0784631
15.1766   0.0788748
15.1796   0.0770751
15.1792   0.0753041
15.1978   0.0759358
15.1929   0.0744314
15.1868   0.0730829
15.1891   0.0715815
15.1914   0.0701417
15.1932   0.0687485
15.1951   0.0674145
15.1936   0.0661219
15.1925    0.064872
15.1825   0.0644395
15.1852   0.0633163
15.1854   0.0621756
15.1914   0.0613678
15.1898   0.0603233
15.1792   0.0602272
15.1784   0.0592202
15.1708   0.0587304
15.1669   0.0579082
15.1697    0.057052
15.1659   0.0562832
15.1789   0.0569164
15.1837   0.0562534
15.193   0.0561744
15.1877   0.0555914
15.1772   0.0557793
15.1794   0.0550199
15.177   0.0542911
15.1728   0.0536973
15.1798   0.0534168
15.1805   0.0526946
15.1865   0.0523355
15.1904   0.0517899
15.1852   0.0513833
15.1787   0.0511378
15.1841   0.0507777
15.1806   0.0502627
15.1804   0.0496384
15.1777   0.0491064
15.1777   0.0485112
15.1734    0.048117
15.1706   0.0476286
15.1658   0.0473229
15.1582   0.0473828
15.1663   0.0475428
15.1668   0.0470079
15.1738   0.0469974
15.1768   0.0465804
15.1768   0.0460713
15.1798   0.0456663
15.1808   0.0451908
15.1907   0.0457847
15.1907   0.0453053
15.1967   0.0452398
15.1993   0.0448478
15.1991    0.044393
15.199    0.043947
15.1999     0.04352
15.1977   0.0431449
15.1981   0.0427258
15.196   0.0423647
15.2027   0.0424842
15.1976   0.0423889
15.1893   0.0427955
15.1904   0.0424114
15.1899   0.0420243
15.1941   0.0418569
15.2054   0.0429887
15.1996   0.0429973
15.2018   0.0426706
15.2037   0.0423359
15.2085   0.0422479
15.2012   0.0425242
15.2009   0.0421604
15.2059   0.0421102
15.2071   0.0417695
15.2147   0.0421267
15.2177    0.041882
15.2161   0.0415698
15.2156   0.0412331
15.2177   0.0409556
15.2128    0.040928
15.2133   0.0406045
15.2139   0.0402883
15.2158   0.0400178
15.2114   0.0399449
15.2067   0.0399136
15.2095   0.0397075
15.2111    0.039438
15.2054    0.039565
15.2108   0.0396387
15.2108    0.039344
15.2126   0.0390943
15.215   0.0388856
15.2211   0.0390699
15.2236   0.0388692
15.2192   0.0388435
15.2166   0.0386518
15.2108   0.0388098
15.21   0.0385461
15.2067   0.0384242
15.2052   0.0381863
15.21   0.0382295
15.2036   0.0385117
15.2045   0.0382614
15.2053    0.038012
15.2053   0.0377578
15.2056   0.0375086
15.2034   0.0373285
15.2063   0.0372013
15.2034   0.0370729
15.2004   0.0369536
15.1981    0.036787
15.1979   0.0365526
15.1934   0.0366015
15.1931   0.0363718
15.195   0.0361916
15.1966   0.0360039
15.2002   0.0359586
15.202   0.0357827
15.2089   0.0362346
15.2102   0.0360369
15.2086    0.035856
15.2161   0.0364273
15.2139   0.0362782
15.2099   0.0362788
15.2107   0.0360736
15.2082   0.0359483
15.2077   0.0357434
15.2051   0.0356299
15.2066    0.035455
15.2072   0.0352582
15.2061   0.0350745
15.2052   0.0348894
15.2026   0.0347884
15.2028   0.0345942
15.2061    0.034558
15.2079   0.0344153
15.2071   0.0342345
15.2055   0.0340843
15.2058   0.0338994
15.2048   0.0337293
15.2021   0.0336605
15.2048   0.0335892
15.2057    0.033422
15.2027   0.0333755
15.2044   0.0332409
15.2038   0.0330724
15.2036      0.0329
15.2051   0.0327609
15.209   0.0328236
15.2084   0.0326605
15.2074   0.0325087
15.2076   0.0323441
15.2092   0.0322208
15.2112    0.032123
15.2111   0.0319625
