1    0.438662    0.438662           0
2    0.431462    0.435062  0.00359998
3    0.412697    0.427607  0.00773924
4     0.43246     0.42882  0.00560531
5    0.430025    0.429061  0.00434854
6    0.426717    0.428671    0.003572
7    0.419412    0.427348  0.00329593
8     0.43045    0.427736  0.00288057
9    0.425357    0.427471  0.00255414
10    0.432134    0.427938  0.00233159
11    0.401199    0.425507  0.00321815
12    0.421826      0.4252  0.00295373
13     0.42808    0.425422  0.00272606
14    0.439868    0.426454  0.00272664
15    0.432342    0.426846  0.00256854
16    0.417803    0.426281  0.00246823
17    0.428497    0.426411  0.00232216
18    0.414541    0.425752  0.00228651
19    0.462937    0.427709  0.00291687
20    0.436181    0.428133  0.00279942
21    0.429856    0.428215  0.00266405
22     0.41926    0.427808  0.00257247
23    0.415609    0.427277  0.00251465
24    0.467505    0.428953  0.00293361
25    0.418256    0.428525  0.00284617
26      0.4444    0.429136  0.00280184
27    0.442158    0.429618  0.00273887
28    0.442126    0.430065  0.00267678
29    0.405593    0.429221  0.00271719
30    0.425286     0.42909  0.00262833
31    0.430149    0.429124  0.00254236
32    0.436326    0.429349  0.00247189
33    0.430549    0.429386  0.00239609
34    0.446397    0.429886  0.00237778
35    0.418746    0.429568  0.00233069
36    0.420825    0.429325    0.002278
37    0.432772    0.429418  0.00221754
38    0.423403     0.42926  0.00216419
39    0.435268    0.429414  0.00211359
40    0.413324    0.429011  0.00209897
41    0.432461    0.429096  0.00204887
42     0.42379    0.428969  0.00200348
43    0.428161     0.42895  0.00195642
44    0.425111    0.428863  0.00191343
45    0.424228     0.42876  0.00187326
46     0.43247    0.428841  0.00183386
47    0.462194    0.429551  0.00192964
48     0.43888    0.429745  0.00189898
49    0.438115    0.429916  0.00186765
50    0.423632     0.42979  0.00183423
51    0.427087    0.429737  0.00179868
52    0.417946     0.42951  0.00177827
53     0.45669    0.430023  0.00181821
54    0.428325    0.429992   0.0017845
55    0.422443    0.429854  0.00175712
56    0.444354    0.430113  0.00174478
57    0.424958    0.430023  0.00171628
58    0.445829    0.430295  0.00170831
59    0.446495     0.43057  0.00170141
60    0.416911    0.430342  0.00168823
61    0.439525    0.430493  0.00166713
62    0.449725    0.430803   0.0016691
63     0.41986    0.430629  0.00165155
64    0.413666    0.430364  0.00164701
65    0.442845    0.430556   0.0016328
66    0.432811     0.43059  0.00160823
67    0.426113    0.430524  0.00158546
68     0.44289    0.430705  0.00157252
69    0.415688    0.430488  0.00156477
70    0.439548    0.430617  0.00154768
71     0.42687    0.430564  0.00152664
72     0.45005    0.430835  0.00152942
73    0.430897    0.430836  0.00150832
74    0.447822    0.431066   0.0015054
75    0.433261    0.431095  0.00148548
76    0.426517    0.431035  0.00146704
77    0.427259    0.430986   0.0014487
78    0.423921    0.430895  0.00143287
79    0.449716    0.431133  0.00143454
80    0.422482    0.431025  0.00142061
81    0.435394    0.431079    0.001404
82    0.397599    0.430671  0.00144563
83    0.454121    0.430953  0.00145578
84    0.448732    0.431165  0.00145384
85    0.414452    0.430968  0.00145002
86    0.426908    0.430921  0.00143384
87    0.409076     0.43067  0.00143934
88    0.456103    0.430959  0.00145194
89    0.428235    0.430928  0.00143586
90    0.429969    0.430918  0.00141986
91    0.425177    0.430855  0.00140558
92    0.432437    0.430872  0.00139033
93     0.43392    0.430905  0.00137569
94    0.442767    0.431031  0.00136681
95    0.415881    0.430871  0.00136172
96    0.419924    0.430757  0.00135228
97    0.394421    0.430383   0.0013897
98    0.406795    0.430142  0.00139635
99    0.400204     0.42984  0.00141487
100    0.426352    0.429805  0.00140108
101    0.428431    0.429791  0.00138721
102    0.396084    0.429461  0.00141273
103    0.437302    0.429537  0.00140102
104    0.458931    0.429819  0.00141598
105     0.43102    0.429831  0.00140247
106    0.443742    0.429962  0.00139537
107    0.424771    0.429914  0.00138311
108    0.411009    0.429739  0.00138138
109    0.426124    0.429705  0.00136905
110    0.447978    0.429871  0.00136668
111    0.406582    0.429662  0.00137047
112    0.416315    0.429542   0.0013634
113    0.421774    0.429474  0.00135302
114    0.431933    0.429495  0.00134128
115    0.436489    0.429556  0.00133095
116    0.417545    0.429453  0.00132349
117    0.437161    0.429518  0.00131378
118     0.43818    0.429592  0.00130466
119    0.428158     0.42958  0.00129371
120    0.416932    0.429474  0.00128721
121    0.433605    0.429509  0.00127698
122     0.44394    0.429627  0.00127198
123    0.438845    0.429702  0.00126382
124    0.427037     0.42968  0.00125377
125    0.420368    0.429606  0.00124593
126    0.396983    0.429347  0.00126283
127    0.434342    0.429386  0.00125346
128    0.409733    0.429233  0.00125307
129    0.443735    0.429345  0.00124839
130    0.418794    0.429264  0.00124141
131    0.431263    0.429279  0.00123199
132    0.415336    0.429174  0.00122718
133    0.393922    0.428909  0.00124642
134    0.413026     0.42879  0.00124275
135    0.411164    0.428659   0.0012404
136    0.441109    0.428751  0.00123465
137     0.42781    0.428744  0.00122562
138    0.416234    0.428653  0.00122008
139    0.434641    0.428697  0.00121203
140    0.431873    0.428719  0.00120356
141    0.432648    0.428747  0.00119532
142    0.451671    0.428909   0.0011978
143    0.409505    0.428773  0.00119711
144    0.440016    0.428851  0.00119133
145    0.429729    0.428857   0.0011831
146    0.436116    0.428907  0.00117602
147     0.42878    0.428906  0.00116799
148    0.436913     0.42896  0.00116133
149    0.408893    0.428825  0.00116135
150    0.430853    0.428839  0.00115366
151    0.435198    0.428881  0.00114677
152    0.412651    0.428774  0.00114419
153    0.404412    0.428615  0.00114779
154    0.431855    0.428636   0.0011405
155    0.422596    0.428597  0.00113379
156     0.43769    0.428655  0.00112801
157    0.446292    0.428768  0.00112642
158    0.427551     0.42876  0.00111929
159    0.440261    0.428832  0.00111458
160    0.432116    0.428853  0.00110778
161    0.423989    0.428823  0.00110129
162    0.414948    0.428737  0.00109782
163    0.468517    0.428981  0.00111802
164    0.419417    0.428923  0.00111272
165    0.438399     0.42898  0.00110744
166    0.438675    0.429038   0.0011023
167     0.42563    0.429018  0.00109587
168    0.421293    0.428972   0.0010903
169    0.419963    0.428919  0.00108514
170    0.405596    0.428782  0.00108742
171    0.425423    0.428762  0.00108122
172    0.435988    0.428804  0.00107574
173    0.428447    0.428802   0.0010695
174    0.442343     0.42888  0.00106618
175    0.435444    0.428917  0.00106074
176    0.406262    0.428788  0.00106252
177    0.423686     0.42876  0.00105689
178    0.416009    0.428688  0.00105338
179     0.42344    0.428659  0.00104789
180    0.437585    0.428708  0.00104323
181    0.419921     0.42866  0.00103858
182    0.425111     0.42864  0.00103304
183    0.430619    0.428651  0.00102744
184    0.436989    0.428696  0.00102285
185     0.45096    0.428817   0.0010244
186    0.431732    0.428832  0.00101899
187    0.455589    0.428975  0.00102358
188    0.430002    0.428981  0.00101814
189    0.430145    0.428987  0.00101275
190    0.396475    0.428816  0.00102184
191    0.457896    0.428968  0.00102781
192    0.452923    0.429093  0.00103003
193     0.41856    0.429038  0.00102613
194    0.402112      0.4289  0.00103022
195    0.433264    0.428922  0.00102517
196    0.459395    0.429077  0.00103171
197    0.427697     0.42907  0.00102648
198    0.430591    0.429078  0.00102131
199    0.431047    0.429088  0.00101621
200    0.436963    0.429127  0.00101189
1    0.437926    0.437926           0
2     0.43115    0.434538  0.00338815
3    0.412818    0.427298  0.00749969
4    0.431484    0.428344  0.00540537
5    0.429338    0.428543  0.00419169
6    0.426903     0.42827   0.0034334
7    0.419881    0.427071  0.00313945
8    0.430765    0.427533  0.00275777
9    0.425469    0.427304  0.00244291
10    0.435146    0.428088  0.00232149
11    0.402595     0.42577  0.00312738
12    0.420672    0.425346  0.00288633
13    0.430765    0.425762  0.00268756
14    0.437176    0.426578  0.00261836
15      0.4327    0.426986  0.00247149
16    0.416133    0.426308  0.00240932
17    0.428857    0.426458  0.00226813
18    0.415282    0.425837  0.00222672
19    0.463738    0.427831  0.00290096
20    0.438839    0.428382  0.00280659
21    0.426667      0.4283  0.00267085
22    0.421744    0.428002  0.00256393
23    0.417334    0.427538  0.00249344
24    0.467747    0.429214   0.0029165
25    0.417827    0.428758  0.00283425
26     0.44384    0.429338  0.00278416
27     0.44072     0.42976  0.00271202
28      0.4411    0.430165  0.00264457
29    0.405005    0.429297   0.0026952
30    0.426945    0.429219  0.00260499
31    0.429174    0.429217  0.00251956
32    0.435688     0.42942  0.00244792
33    0.429797    0.429431  0.00237261
34    0.444848    0.429885    0.002346
35    0.419803    0.429596  0.00229613
36    0.420219    0.429336  0.00224659
37     0.43041    0.429365  0.00218522
38    0.423967    0.429223  0.00213167
39    0.434054    0.429347  0.00207999
40    0.414843    0.428984  0.00205949
41    0.432533    0.429071   0.0020105
42    0.423067    0.428928  0.00196724
43    0.426313    0.428867  0.00192191
44    0.424657    0.428771  0.00188016
45    0.424246    0.428671  0.00184065
46     0.43209    0.428745  0.00180173
47    0.461478    0.429442  0.00189555
48    0.439626    0.429654  0.00186773
49    0.436996    0.429804  0.00183534
50    0.422554    0.429659   0.0018041
51    0.426672      0.4296  0.00176934
52    0.416994    0.429358  0.00175184
53    0.457834    0.429895   0.0018005
54    0.428555     0.42987  0.00176702
55    0.422385    0.429734  0.00173992
56    0.444219    0.429993  0.00172804
57    0.424582    0.429898   0.0017001
58    0.447451      0.4302  0.00169773
59    0.446452    0.430476  0.00169128
60    0.416948     0.43025  0.00167807
61    0.439469    0.430402  0.00165724
62    0.448776    0.430698  0.00165701
63    0.419017    0.430512    0.001641
64    0.413073     0.43024  0.00163798
65    0.442651    0.430431  0.00162385
66     0.43101     0.43044  0.00159908
67    0.426238    0.430377  0.00157628
68    0.441696    0.430543  0.00156182
69    0.415663    0.430328  0.00155406
70     0.43917    0.430454   0.0015369
71    0.426967    0.430405  0.00151589
72    0.447809    0.430647  0.00151411
73     0.43139    0.430657  0.00149326
74       0.447    0.430878  0.00148941
75    0.434422    0.430925  0.00147017
76    0.426092    0.430861  0.00145209
77     0.42962    0.430845   0.0014332
78     0.42445    0.430763  0.00141708
79    0.447323    0.430973  0.00141464
80    0.423025    0.430874  0.00140038
81    0.434387    0.430917  0.00138366
82    0.398585    0.430523  0.00142242
83    0.453356    0.430798  0.00143186
84    0.450908    0.431037  0.00143482
85    0.414883    0.430847  0.00143052
86    0.424291    0.430771  0.00141585
87    0.409317    0.430524  0.00142104
88    0.457196    0.430827  0.00143712
89    0.428198    0.430798  0.00142119
90    0.429174     0.43078  0.00140542
91    0.427444    0.430743  0.00139038
92    0.431116    0.430747  0.00137519
93    0.431568    0.430756  0.00136035
94    0.442885    0.430885  0.00135197
95     0.41713     0.43074  0.00134548
96    0.419318    0.430621  0.00133669
97    0.394211    0.430246  0.00137506
98    0.406638    0.430005  0.00138212
99    0.400049    0.429702  0.00140115
100    0.429466      0.4297  0.00138707
101    0.426977    0.429673  0.00137353
102    0.395787    0.429341  0.00139999
103    0.438428    0.429429  0.00138913
104    0.460908    0.429732  0.00140862
105    0.430384    0.429738  0.00139515
106    0.443916    0.429872  0.00138838
107    0.423807    0.429815  0.00137651
108    0.413411    0.429663  0.00137214
109    0.426252    0.429632  0.00135985
110    0.448595    0.429804  0.00135842
111    0.406906    0.429598  0.00136184
112    0.414718    0.429465  0.00135615
113     0.42253    0.429404  0.00134549
114    0.432955    0.429435    0.001334
115    0.435725     0.42949  0.00132348
116    0.417421    0.429386  0.00131614
117    0.438938    0.429467   0.0013074
118    0.440499    0.429561  0.00129964
119    0.427539    0.429544  0.00128878
120    0.416084    0.429432  0.00128291
121    0.433159    0.429462  0.00127264
122     0.44438    0.429585  0.00126807
123    0.436468    0.429641  0.00125896
124    0.426959    0.429619  0.00124896
125    0.420747    0.429548  0.00124096
126    0.397884    0.429297  0.00125645
127    0.431947    0.429318   0.0012467
128    0.408192    0.429152  0.00124788
129    0.443377    0.429263  0.00124307
130    0.418597    0.429181   0.0012362
131    0.431261    0.429197  0.00122683
132    0.417174    0.429106   0.0012209
133    0.395357    0.428852  0.00123797
134    0.414812    0.428747  0.00123315
135    0.410724    0.428613  0.00123124
136    0.439875    0.428696  0.00122496
137    0.429509    0.428702    0.001216
138     0.41729     0.42862  0.00120999
139     0.43758    0.428684  0.00120298
140    0.431818    0.428706  0.00119456
141    0.432702    0.428735   0.0011864
142    0.452465    0.428902  0.00118981
143    0.408626     0.42876  0.00118994
144    0.438992    0.428831  0.00118378
145    0.431576     0.42885  0.00117574
146    0.434363    0.428888  0.00116827
147     0.42959    0.428893  0.00116031
148     0.43803    0.428954  0.00115409
149    0.406481    0.428803   0.0011562
150    0.431648    0.428822  0.00114862
151    0.435117    0.428864  0.00114175
152     0.41263    0.428757  0.00113923
153    0.404053    0.428596  0.00114322
154     0.43161    0.428615  0.00113594
155    0.423407    0.428582  0.00112909
156    0.440375    0.428657  0.00112437
157    0.447064    0.428775  0.00112332
158    0.426012    0.428757  0.00111633
159    0.440928    0.428834  0.00111192
160     0.43271    0.428858  0.00110522
161     0.42134    0.428811  0.00109932
162    0.415439    0.428729  0.00109563
163    0.467963    0.428969  0.00111518
164    0.420415    0.428917  0.00110958
165    0.438421    0.428975  0.00110434
166    0.435892    0.429017  0.00109846
167    0.426037    0.428999    0.001092
168    0.420204    0.428946  0.00108675
169    0.420054    0.428894  0.00108158
170    0.405328    0.428755   0.0010841
171    0.426765    0.428743   0.0010778
172    0.434406    0.428776  0.00107202
173    0.428766    0.428776  0.00106581
174    0.441509    0.428849  0.00106219
175    0.433491    0.428876  0.00105643
176    0.406971    0.428752  0.00105776
177     0.42511    0.428731  0.00105197
178    0.416567    0.428663  0.00104827
179     0.42443    0.428639  0.00104267
180    0.436005     0.42868  0.00103767
181    0.420459    0.428635  0.00103292
182    0.425026    0.428615  0.00102742
183    0.430414    0.428625  0.00102184
184    0.436374    0.428667  0.00101714
185    0.450079    0.428782  0.00101823
186     0.43103    0.428794  0.00101281
187    0.456582    0.428943  0.00101828
188    0.431369    0.428956  0.00101293
189    0.433902    0.428982   0.0010079
190    0.395835    0.428808  0.00101764
191    0.455353    0.428947   0.0010218
192    0.451985    0.429067  0.00102352
193    0.419637    0.429018  0.00101937
194    0.404786    0.428893  0.00102177
195    0.432725    0.428913  0.00101671
196    0.457877     0.42906  0.00102224
197     0.42737    0.429052  0.00101708
198    0.430925    0.429061  0.00101197
199    0.432154    0.429077  0.00100699
200    0.437033    0.429117  0.00100273
