5.75787           0
5.60358    0.154288
5.60234   0.0890868
5.60818   0.0632636
5.60715   0.0490146
5.60047   0.0405734
5.59087   0.0356098
5.61005   0.0363183
5.59982   0.0336235
5.59129   0.0312595
5.60824   0.0329658
5.60288   0.0305684
5.60471   0.0281784
5.60441   0.0260899
5.60127   0.0244901
5.59119   0.0250288
5.58303   0.0248856
5.59118   0.0248375
5.59097   0.0234949
5.59092   0.0222893
5.59478   0.0215487
5.59065   0.0209556
5.59942   0.0218593
5.59889   0.0209355
5.59379   0.0207179
5.59486   0.0199337
5.59703   0.0193043
5.5981   0.0186324
5.59749   0.0179884
5.60143   0.0178176
5.60235   0.0172579
5.60077    0.016784
5.59849   0.0164265
5.60024   0.0160313
5.59768   0.0157751
5.6011   0.0157076
5.60005   0.0153132
5.60247   0.0150995
5.60594   0.0151125
5.60208   0.0152273
5.6047   0.0150791
5.60759   0.0149977
5.60663   0.0146764
5.60874   0.0144934
5.61124   0.0143874
5.61714   0.0152551
5.6149   0.0150938
5.6163   0.0148422
5.61672   0.0145422
5.61896   0.0144235
5.62015   0.0141883
5.61759   0.0141465
5.6159     0.01398
5.6113   0.0144694
5.60933   0.0143396
5.61182   0.0143003
5.61077   0.0140869
5.60911   0.0139406
5.60804   0.0137444
5.60591   0.0136794
5.60896    0.013795
5.60722   0.0136816
5.60965   0.0136795
5.6098   0.0134649
5.61349   0.0137598
5.61591   0.0137637
5.61418   0.0136671
5.61495   0.0134869
5.61331   0.0133905
5.61212   0.0132518
5.61483   0.0133423
5.61212   0.0134313
5.61236   0.0132483
5.6098   0.0133167
5.61094   0.0131874
5.61184   0.0130439
5.61316   0.0129406
5.61353   0.0127789
5.61167   0.0127515
5.61066   0.0126319
5.60874   0.0126213
5.60682   0.0126135
5.60834   0.0125525
5.60615   0.0125935
5.60814   0.0126022
5.6079   0.0124571
5.60778   0.0123136
5.60785   0.0121731
5.60806   0.0120373
5.60861   0.0119158
5.60804   0.0117978
5.60774   0.0116728
5.6054    0.011781
5.60589   0.0116653
5.60628   0.0115483
5.60591   0.0114334
5.60348   0.0115723
5.60253   0.0114933
5.60176   0.0114023
5.60096   0.0113162
5.60031   0.0112225
5.60188   0.0112221
5.59978    0.011308
5.59845   0.0112778
5.59747   0.0112124
5.59792   0.0111149
5.59818   0.0110138
5.59777    0.010919
5.59786   0.0108187
5.59769   0.0107214
5.59942   0.0107644
5.59982   0.0106755
5.60029   0.0105909
5.6016   0.0105794
5.60336   0.0106325
5.60173   0.0106648
5.60123   0.0105853
5.60081   0.0105036
5.59998   0.0104477
5.59876   0.0104321
5.59884   0.0103459
5.59949   0.0102809
5.60086   0.0102894
5.60094   0.0102063
5.60039   0.0101391
5.59985   0.0100728
5.60015  0.00999783
5.5986   0.0100396
5.59902  0.00997008
5.59892  0.00989354
5.59958  0.00983984
5.60023  0.00978631
5.59915  0.00977216
5.59977  0.00971907
5.60146  0.00979287
5.60171  0.00972379
5.60213  0.00966168
5.60287  0.00962032
5.60392  0.00960769
5.6053  0.00963925
5.60358  0.00972394
5.60348  0.00965583
5.60302  0.00959914
5.60354  0.00954675
5.60381  0.00948461
5.60358  0.00942246
5.6041    0.009373
5.60561  0.00943087
5.60668  0.00942857
5.60698  0.00937019
5.60625  0.00933672
5.60698  0.00930391
5.60634  0.00926483
5.60609  0.00920786
5.60428  0.00932649
5.60435  0.00926679
5.60405  0.00921254
5.60322  0.00919176
5.60232  0.00917773
5.60266  0.00912642
5.60198  0.00909489
5.6024  0.00904859
5.60347  0.00905554
5.60416  0.00902667
5.6043  0.00897289
5.60306  0.00900468
5.60234  0.00897918
5.60203  0.00893097
5.60267  0.00890076
5.60257  0.00884878
5.60203  0.00881358
5.60212  0.00876265
5.60235  0.00871508
5.60141  0.00871612
5.60136  0.00866629
5.60107  0.00862193
5.60085  0.00857595
5.60164  0.00856439
5.60159  0.00851656
5.60249  0.00851696
5.60269  0.00847221
5.60282  0.00842651
5.60225  0.00840013
5.60253  0.00835917
5.60296  0.00832495
5.60286  0.00828071
5.60326  0.00824598
5.60421  0.00825731
5.604   0.0082162
5.60416  0.00817448
5.6041   0.0081318
5.60339  0.00812075
5.60399  0.00810122
5.60411  0.00806028
5.6041  0.00801885
5.60429  0.00798005
5.60367   0.0079638
5.60353  0.00792461
5.60318  0.00789252
5.603  0.00785518
5.76185           0
5.61112    0.150729
5.60383    0.087328
5.60871   0.0619422
5.60316   0.0482996
5.59702   0.0399113
5.586   0.0354863
5.60709   0.0372718
5.59618   0.0346339
5.58689   0.0323398
5.60479   0.0342918
5.59927   0.0317869
5.60103    0.029293
5.60033   0.0271292
5.59772   0.0253908
5.58791   0.0256967
5.5792   0.0256595
5.58741   0.0255477
5.58788   0.0241701
5.58772   0.0229303
5.59202   0.0222318
5.58793   0.0215896
5.59632   0.0222705
5.59568   0.0213318
5.59094   0.0210027
5.59193   0.0202029
5.59434   0.0195887
5.59534   0.0189025
5.59479   0.0182473
5.59936   0.0182126
5.60064   0.0176615
5.59891   0.0171881
5.59666   0.0168095
5.59872   0.0164363
5.59649   0.0161145
5.59947   0.0159417
5.59824   0.0155533
5.60066     0.01533
5.60371   0.0152415
5.59967   0.0153956
5.60255   0.0152884
5.60549   0.0152071
5.60496   0.0148587
5.60718   0.0146867
5.6098   0.0145929
5.61595   0.0155422
5.61378    0.015362
5.61513   0.0150992
5.61558   0.0147945
5.618   0.0146961
5.61933   0.0144664
5.6167   0.0144273
5.61512   0.0142398
5.61055   0.0147041
5.60867   0.0145553
5.61112   0.0145016
5.6101   0.0142814
5.60863   0.0141096
5.6076   0.0139071
5.60541    0.013847
5.60852    0.013969
5.60675   0.0138557
5.60912   0.0138384
5.60936   0.0136225
5.61302   0.0139022
5.61527   0.0138738
5.61351   0.0137776
5.61453   0.0136114
5.61299   0.0135003
5.61195   0.0133467
5.61469   0.0134398
5.61213   0.0134967
5.61215   0.0133106
5.60982   0.0133348
5.61085   0.0131963
5.61161   0.0130438
5.61296   0.0129435
5.61329   0.0127808
5.61142   0.0127562
5.61051   0.0126279
5.60835   0.0126577
5.6063   0.0126699
5.60791   0.0126204
5.60568   0.0126669
5.60772   0.0126813
5.60757   0.0125339
5.60744   0.0123896
5.60773   0.0122514
5.60793   0.0121145
5.60833   0.0119861
5.6078   0.0118655
5.60745   0.0117411
5.60507    0.011855
5.60555    0.011738
5.60595   0.0116206
5.60544   0.0115103
5.60293    0.011664
5.60194   0.0115866
5.60114   0.0114967
5.6004   0.0114056
5.59988   0.0113039
5.60154   0.0113149
5.59953   0.0113835
5.59812   0.0113616
5.59719   0.0112909
5.59777   0.0111987
5.598    0.011096
5.59772   0.0109965
5.59781   0.0108955
5.59785   0.0107961
5.5996   0.0108395
5.60013   0.0107553
5.60062   0.0106712
5.60189   0.0106531
5.60356   0.0106909
5.60198   0.0107147
5.60149   0.0106344
5.60107   0.0105523
5.60026    0.010494
5.59906   0.0104756
5.59925   0.0103904
5.59994   0.0103282
5.60126   0.0103283
5.60128   0.0102447
5.60076   0.0101755
5.60029   0.0101053
5.60061   0.0100304
5.59896   0.0100873
5.59927   0.0100135
5.59909  0.00993782
5.59991  0.00989624
5.6006  0.00984495
5.59951  0.00983067
5.59999  0.00976878
5.60173  0.00984996
5.60193  0.00977938
5.60235  0.00971697
5.60306  0.00967232
5.6041  0.00965832
5.60543  0.00968038
5.60373  0.00975952
5.60365   0.0096909
5.60316  0.00963534
5.60366   0.0095813
5.604  0.00952092
5.60366  0.00946148
5.60419  0.00941176
5.60561  0.00945576
5.60669  0.00945379
5.60698  0.00939504
5.60617  0.00936829
5.60686  0.00933254
5.60623  0.00929304
5.60606  0.00923407
5.60409  0.00938253
5.60407  0.00932221
5.60378  0.00926742
5.60294  0.00924611
5.602  0.00923643
5.6023  0.00918339
5.60165  0.00914884
5.60216  0.00910647
5.60316  0.00910496
5.60387  0.00907705
5.604  0.00902289
5.60289  0.00903675
5.60233  0.00899982
5.6021  0.00894925
5.6027  0.00891684
5.60252  0.00886616
5.60195  0.00883238
5.60202  0.00878116
5.60238  0.00873754
5.60138   0.0087439
5.60137  0.00869381
5.60108  0.00864911
5.60088  0.00860242
5.60164   0.0085881
5.60157  0.00854034
5.60243  0.00853654
5.6026  0.00849096
5.60271   0.0084449
5.60215  0.00841731
5.6024  0.00837529
5.60293  0.00834632
5.60285  0.00830168
5.60332  0.00827032
5.60418  0.00827134
5.60398  0.00822977
5.60403  0.00818649
5.60399  0.00814364
5.60336  0.00812509
5.60395  0.00810413
5.60416  0.00806493
5.60409  0.00802372
5.60428  0.00798482
5.60362   0.0079713
5.60352  0.00793162
5.60319  0.00789831
5.60305  0.00786009
