2.11148           0
2.11213 0.000653292
2.10168   0.0104577
2.09813  0.00820422
2.10328  0.00818152
2.10496  0.00688819
2.10629  0.00597016
2.10821  0.00551727
2.10757  0.00490768
2.1064  0.00454358
2.10728  0.00420259
2.11079   0.0051993
2.10742  0.00584691
2.10755  0.00541481
2.10936  0.00535297
2.10935  0.00500726
2.10934  0.00470351
2.10976  0.00445454
2.1108  0.00434163
2.10975  0.00425177
2.11133  0.00434181
2.11307  0.00449186
2.11118  0.00468974
2.10889  0.00503942
2.11001  0.00496086
2.10816  0.00511323
2.1088  0.00496221
2.10831  0.00480755
2.10751  0.00470612
2.10575  0.00487594
2.10621  0.00473833
2.10767  0.00481603
2.10791  0.00467358
2.10952  0.00481266
2.10895  0.00470829
2.1074  0.00482883
2.10754  0.00469838
2.10781  0.00458105
2.10741  0.00447931
2.10803  0.00440903
2.10679  0.00447466
2.10608   0.0044246
2.10565  0.00434166
2.10674  0.00437938
2.10675  0.00428098
2.10642  0.00420001
2.10687  0.00413413
2.10757  0.00410704
2.10795  0.00404091
2.10727  0.00401847
2.10725  0.00393891
2.1075  0.00387037
2.10623  0.00400495
2.10604  0.00393424
2.1064  0.00387807
2.10602  0.00382653
2.10625  0.00376597
2.10618   0.0037012
2.10617  0.00363795
2.10677  0.00362752
2.10663  0.00357038
2.10638  0.00352167
2.10663  0.00347475
2.1065  0.00342243
2.10585  0.00343107
2.10543  0.00340539
2.10532  0.00335607
2.10536   0.0033067
2.10504  0.00327446
2.10477  0.00323829
2.10562   0.0033027
2.10596  0.00327418
2.10594  0.00322908
2.10632    0.003208
2.1067  0.00318772
2.10684  0.00314838
2.10685  0.00310723
2.10629  0.00311647
2.10667  0.00310018
2.10714  0.00309677
2.10737  0.00306697
2.10766  0.00304319
2.10759   0.0030073
2.10776  0.00297632
2.10772  0.00294136
2.10757  0.00291066
2.10803  0.00291302
2.10807  0.00288006
2.10818  0.00284974
2.10793  0.00282979
2.10787  0.00279905
2.10759  0.00278231
2.10699  0.00281683
2.10712  0.00278965
2.10695  0.00276566
2.10687  0.00273772
2.10698  0.00271152
2.10735  0.00270919
2.10662  0.00277904
2.10686  0.00276137
2.10665   0.0027424
2.10655  0.00271702
2.10642  0.00269356
2.10676  0.00268859
2.1074  0.00273931
2.10746  0.00271392
2.10751  0.00268903
2.10736  0.00266851
2.10759  0.00265392
2.10786  0.00264365
2.10787  0.00261976
2.10772  0.00260078
2.10756  0.00258263
2.10706  0.00260822
2.10768  0.00265826
2.10753  0.00263975
2.10731  0.00262583
2.10762  0.00262216
2.10754  0.00260132
2.10757   0.0025797
2.10748  0.00255974
2.10734  0.00254297
2.10732  0.00252227
2.10729  0.00250198
2.10741  0.00248476
2.10741  0.00246497
2.10745  0.00244585
2.10736  0.00242835
2.10733   0.0024097
2.10712  0.00239997
2.10748  0.00240851
2.10755  0.00239117
2.10734  0.00238204
2.10751  0.00237039
2.10707  0.00239486
2.10714   0.0023785
2.10704   0.0023632
2.10735   0.0023654
2.10729  0.00234897
2.10744  0.00233699
2.10745  0.00232039
2.10742  0.00230419
2.10728  0.00229221
2.10716  0.00227961
2.10722   0.0022647
2.10737  0.00225378
2.10738  0.00223843
2.10709  0.00224268
2.10711   0.0022277
2.10717  0.00221358
2.10722  0.00219943
2.1075  0.00220339
2.10718  0.00221322
2.10732  0.00220333
2.10715   0.0021956
2.10728  0.00218544
2.10714  0.00217607
2.10719  0.00216298
2.10724  0.00214982
2.10722  0.00213643
2.10726  0.00212359
2.10745  0.00211826
2.10754  0.00210723
2.1075   0.0020947
2.10737  0.00208579
2.10733  0.00207358
2.10742  0.00206276
2.10769  0.00206885
2.1078  0.00205966
2.10783  0.00204767
2.10792  0.00203754
2.10783  0.00202768
2.10791  0.00201784
2.10778  0.00201051
2.10756  0.00201095
2.10769  0.00200354
2.10797  0.00201155
2.10771  0.00201657
2.10761  0.00200788
2.10732  0.00201792
2.10733  0.00200675
2.10715  0.00200326
2.10722  0.00199348
2.10748  0.00199911
2.10762  0.00199335
2.10772  0.00198534
2.10771  0.00197471
2.10767  0.00196479
2.10778  0.00195772
2.10798  0.00195787
2.10809  0.00195059
2.1082  0.00194357
2.10828  0.00193489
2.10834    0.001926
2.10831  0.00191633
2.10843  0.00191007
2.10871   0.0019211
2.10863   0.0019128
2.10878  0.00190908
2.10879  0.00189954
2.10428           0
2.10853   0.0042432
2.0979   0.0109071
2.09555  0.00806086
2.10106   0.0083275
2.10237  0.00692308
2.10474  0.00631369
2.10795  0.00634054
2.10755    0.005606
2.10617  0.00520112
2.10712  0.00479876
2.1097  0.00508858
2.10614  0.00588163
2.10637  0.00545015
2.10792  0.00530388
2.10807  0.00496374
2.10831  0.00466878
2.10854   0.0044079
2.1096  0.00430105
2.10893  0.00413454
2.11025  0.00414837
2.11148  0.00414076
2.11  0.00422473
2.10767  0.00466843
2.10882  0.00462426
2.10665  0.00494292
2.10715  0.00478188
2.10659  0.00464101
2.10591  0.00453053
2.10447  0.00460633
2.10494  0.00447986
2.10604  0.00447514
2.10659  0.00437169
2.10818  0.00453165
2.10751   0.0044514
2.10629  0.00449561
2.10649  0.00437697
2.10665  0.00426325
2.10623  0.00417372
2.10702  0.00414467
2.10576   0.0042338
2.10492  0.00421777
2.10474  0.00412216
2.10576  0.00415475
2.10566  0.00406263
2.1055  0.00397671
2.10604  0.00392922
2.10677  0.00391411
2.10728  0.00386717
2.10654  0.00386004
2.10652  0.00378365
2.1067  0.00371479
2.10566  0.00379162
2.1055  0.00372419
2.10576  0.00366523
2.10533   0.0036249
2.10548  0.00356402
2.10531  0.00350622
2.10538    0.003447
2.10597   0.0034407
2.10577  0.00338969
2.10572  0.00333494
2.10595  0.00328906
2.10589  0.00323776
2.10535   0.0032333
2.10496  0.00320716
2.1049  0.00315956
2.10487  0.00311284
2.10447  0.00309419
2.10419  0.00306218
2.10514  0.00316292
2.10544  0.00313338
2.10547  0.00309033
2.10572  0.00305835
2.10604  0.00303429
2.10623  0.00300005
2.10611  0.00296313
2.10553  0.00298206
2.10584  0.00296036
2.10621  0.00294658
2.10638  0.00291509
2.10667  0.00289379
2.10648  0.00286539
2.10673  0.00284182
2.10658   0.0028119
2.10641  0.00278445
2.10694  0.00280373
2.10691  0.00277182
2.10698  0.00274127
2.10674  0.00272103
2.10676  0.00269101
2.10651  0.00267324
2.10605   0.0026841
2.10609  0.00265576
2.1058  0.00264365
2.10579  0.00261599
2.10601  0.00259829
2.10643  0.00260622
2.10569  0.00268429
2.10594  0.00266926
2.10574  0.00265044
2.10561  0.00262756
2.10551  0.00260386
2.10599  0.00262278
2.10662  0.00267212
2.10657  0.00264716
2.10661  0.00262252
2.10651  0.00259981
2.10676  0.00258752
2.10707  0.00258311
2.10712  0.00256017
2.10694  0.00254372
2.10681  0.00252454
2.10618     0.00258
2.1068  0.00263298
2.10662  0.00261695
2.10639  0.00260418
2.10672  0.00260331
2.10662  0.00258343
2.10668  0.00256258
2.1067  0.00254136
2.10659  0.00252272
2.10656  0.00250227
2.10645  0.00248444
2.10661  0.00246947
2.10658  0.00245003
2.10661  0.00243096
2.10644  0.00241812
2.10642  0.00239942
2.10618  0.00239245
2.10652  0.00239809
2.10651  0.00237986
2.10629  0.00237222
2.10645  0.00235969
2.10593  0.00239938
2.10594   0.0023817
2.10586  0.00236541
2.10609  0.00235859
2.10597  0.00234457
2.10615  0.00233493
2.10616  0.00231835
2.10612  0.00230236
2.106  0.00228919
2.10597  0.00227353
2.106   0.0022581
2.10618  0.00224915
2.10614  0.00223404
2.10582   0.0022416
2.10584  0.00222656
2.10585  0.00221169
2.10588  0.00219727
2.10613  0.00219657
2.10589  0.00219568
2.10606  0.00218827
2.10593   0.0021778
2.10605  0.00216697
2.10589  0.00215892
2.10594  0.00214563
2.10594  0.00213209
2.10594  0.00211874
2.10598  0.00210594
2.10615  0.00209953
2.10627  0.00208997
2.10623  0.00207748
2.10617  0.00206575
2.10619  0.00205332
2.10631  0.00204451
2.10655  0.00204675
2.10659  0.00203494
2.10665  0.00202401
2.10669  0.00201243
2.10658  0.00200385
2.1067  0.00199585
2.10656   0.0019892
2.10639  0.00198449
2.10652  0.00197753
2.10677  0.00198211
2.10655  0.00198322
2.10646  0.00197426
2.10619  0.00198254
2.10618  0.00197156
2.106  0.00196963
2.10613  0.00196317
2.10636  0.00196701
2.10645  0.00195838
2.10648  0.00194801
2.1065  0.00193768
2.10645  0.00192792
2.10664  0.00192677
2.10682  0.00192444
2.10685  0.00191473
2.107  0.00191059
2.1071  0.00190289
2.10712  0.00189322
2.10711   0.0018835
2.10718  0.00187502
2.10745  0.00188535
2.10735  0.00187852
2.10747   0.0018731
2.10748  0.00186372
