1.46176           0
1.44895   0.0128079
1.45352  0.00869528
1.45584  0.00657021
1.45666  0.00515552
1.45604  0.00425574
1.4585  0.00435756
1.45741   0.0039281
1.45967  0.00413947
1.4606  0.00381543
1.46393  0.00480175
1.46516  0.00455209
1.4648  0.00420288
1.46638  0.00419983
1.4674  0.00404088
1.46937  0.00426185
1.46898  0.00402209
1.46934  0.00380928
1.47091  0.00392909
1.47084  0.00372815
1.47132   0.0035783
1.47184  0.00345142
1.47182  0.00329798
1.46958  0.00387344
1.46984  0.00372437
1.47179  0.00407553
1.47166  0.00392398
1.47183   0.0037852
1.47224  0.00367566
1.4716  0.00360938
1.47141   0.0034958
1.47181  0.00340854
1.47269   0.0034174
1.47261  0.00331622
1.47166  0.00335866
1.47146   0.0032701
1.47072   0.0032665
1.47113   0.0032062
1.47069  0.00315433
1.47163  0.00321594
1.47118  0.00316896
1.4715  0.00310958
1.47208  0.00309146
1.47172  0.00304218
1.47132  0.00300086
1.47143  0.00293711
1.47103  0.00290139
1.47106  0.00284044
1.47092  0.00278536
1.47098   0.0027298
1.47094  0.00267615
1.47072  0.00263338
1.47081  0.00258499
1.47087  0.00253732
1.47114  0.00250535
1.47092  0.00247038
1.47036  0.00248905
1.47044  0.00244716
1.47072  0.00242162
1.47062  0.00238311
1.47065  0.00234383
1.47102  0.00233616
1.47099  0.00229903
1.47119  0.00227191
1.47101  0.00224381
1.47115  0.00221383
1.47065  0.00223762
1.47036  0.00222365
1.47025  0.00219399
1.4705  0.00217737
1.47072  0.00215796
1.47082  0.00213018
1.47047  0.00213019
1.47014  0.00212673
1.46973  0.00213776
1.46959  0.00211429
1.46963  0.00208699
1.46944  0.00206865
1.46964  0.00205169
1.47005  0.00206711
1.46962  0.00208503
1.4692  0.00210285
1.46937  0.00208469
1.46884  0.00212835
1.46856  0.00212065
1.46873  0.00210213
1.46927  0.00214712
1.46944  0.00212997
1.46903  0.00214691
1.46865  0.00215609
1.46851  0.00213683
1.46847   0.0021139
1.46852  0.00209163
1.46856  0.00206964
1.46842   0.0020522
1.46854  0.00203429
1.46866  0.00201662
1.46861   0.0019967
1.46849  0.00197967
1.46844  0.00196047
1.46833  0.00194412
1.46854  0.00193669
1.46869  0.00192365
1.4686  0.00190738
1.46855  0.00188976
1.4686   0.0018726
1.46848    0.001859
1.46829  0.00185108
1.46835  0.00183498
1.46864  0.00184035
1.46821  0.00187415
1.46843  0.00187107
1.46836  0.00185584
1.46849  0.00184431
1.46835  0.00183391
1.46836  0.00181807
1.46857  0.00181456
1.4684  0.00180729
1.46857  0.00180034
1.4685  0.00178658
1.46838  0.00177633
1.46823  0.00176771
1.46819  0.00175381
1.46829   0.0017426
1.46824  0.00172922
1.4681  0.00172138
1.46821  0.00171143
1.46824  0.00169828
1.46837  0.00169021
1.46821  0.00168503
1.46831  0.00167497
1.46819  0.00166642
1.46834  0.00166057
1.46827  0.00164964
1.46825  0.00163751
1.46818  0.00162705
1.46823  0.00161606
1.46814  0.00160674
1.46816  0.00159518
1.46828  0.00158904
1.46824  0.00157846
1.46807  0.00157574
1.46803  0.00156523
1.46804  0.00155436
1.46802  0.00154381
1.46781  0.00154716
1.4677  0.00154072
1.46766  0.00153076
1.46773  0.00152197
1.46775  0.00151197
1.46767  0.00150407
1.46749  0.00150472
1.46748  0.00149489
1.46741  0.00148697
1.46734  0.00147887
1.46728  0.00147083
1.46731  0.00146186
1.46718  0.00145872
1.46742  0.00146935
1.46758  0.00146958
1.46777  0.00147263
1.46773  0.00146413
1.46772  0.00145518
1.46771  0.00144629
1.46769  0.00143769
1.46762   0.0014305
1.46757  0.00142286
1.46749  0.00141662
1.46775   0.0014307
1.46772  0.00142256
1.4676  0.00141935
1.46756  0.00141141
1.4675  0.00140489
1.46745  0.00139753
1.46733  0.00139491
1.46735  0.00138714
1.46731  0.00137992
1.46715   0.0013813
1.46733  0.00138491
1.46723  0.00138093
1.46727  0.00137416
1.46745  0.00137805
1.46743  0.00137062
1.46747  0.00136368
1.46755  0.00135836
1.46756   0.0013511
1.46774  0.00135551
1.46752  0.00136542
1.46743  0.00136107
1.46738   0.0013549
1.46739  0.00134783
1.46736  0.00134107
1.46739  0.00133436
1.46739  0.00132746
1.46742  0.00132106
1.46737  0.00131562
1.46747  0.00131312
1.46769  0.00132514
1.46762   0.0013205
1.46758  0.00131453
1.4652           0
1.45361   0.0115944
1.45801  0.00801233
1.45868  0.00570511
1.45819  0.00444697
1.45866  0.00366185
1.46052  0.00360786
1.45874  0.00359566
1.46064  0.00370107
1.46086  0.00331706
1.46401  0.00435524
1.46559  0.00427661
1.46557  0.00393397
1.46712  0.00395924
1.46796  0.00377968
1.47004  0.00410218
1.46952  0.00388831
1.46968  0.00366967
1.47134  0.00384786
1.47112  0.00365732
1.47172   0.0035315
1.47183  0.00336895
1.47172  0.00322103
1.46933  0.00390353
1.46992  0.00379011
1.47193  0.00415765
1.47191  0.00400073
1.47195  0.00385538
1.47226  0.00373278
1.47172  0.00364596
1.47166  0.00352686
1.47231  0.00347577
1.47315  0.00347293
1.47307  0.00337024
1.47221  0.00338374
1.47186  0.00330739
1.47114   0.0032953
1.47136  0.00321518
1.47097  0.00315586
1.4717  0.00316105
1.47113  0.00313577
1.47136  0.00306889
1.47182  0.00303209
1.47147  0.00298341
1.47098  0.00295656
1.47118  0.00289861
1.47078  0.00286495
1.47083  0.00280511
1.47076   0.0027482
1.4707  0.00269346
1.4706  0.00264169
1.47041  0.00259736
1.4705  0.00254939
1.47063  0.00250519
1.47094  0.00247854
1.47075  0.00244132
1.47031  0.00243937
1.47036  0.00239763
1.47057  0.00236613
1.47051  0.00232733
1.47053  0.00228897
1.47086  0.00227547
1.4709   0.0022394
1.47104  0.00220874
1.47088  0.00218067
1.47099  0.00215041
1.47052  0.00216934
1.47027   0.0021519
1.47017  0.00212282
1.47034  0.00209878
1.47065  0.00209296
1.47071  0.00206442
1.47032  0.00207311
1.47006  0.00206061
1.46959  0.00208691
1.46941  0.00206715
1.4694  0.00204015
1.46912  0.00203317
1.46945  0.00203471
1.46984  0.00204634
1.46944  0.00205998
1.469  0.00208253
1.46915  0.00206278
1.46852    0.002134
1.46824  0.00212755
1.46836  0.00210656
1.4688  0.00212726
1.4691  0.00212413
1.46878  0.00212366
1.46835  0.00214371
1.46822  0.00212445
1.46816  0.00210186
1.46813  0.00207944
1.46815  0.00205728
1.46801  0.00204021
1.46811   0.0020215
1.46822  0.00200344
1.46818  0.00198317
1.46812  0.00196407
1.46803   0.0019463
1.46798  0.00192756
1.46824   0.0019252
1.46833  0.00190871
1.46824   0.0018924
1.46824   0.0018743
1.46834  0.00185917
1.46827  0.00184325
1.46804  0.00184032
1.46808  0.00182374
1.46839  0.00183476
1.468  0.00186064
1.46825  0.00186068
1.46823  0.00184424
1.46833  0.00183077
1.46825  0.00181666
1.46832  0.00180228
1.46854  0.00180037
1.46839  0.00179124
1.46854  0.00178235
1.46851  0.00176757
1.46843  0.00175472
1.46829  0.00174636
1.46825  0.00173254
1.46843   0.0017277
1.46835  0.00171566
1.4682  0.00170825
1.46832  0.00169909
1.46835  0.00168602
1.46852  0.00168106
1.46838  0.00167353
1.46848  0.00166357
1.4684   0.0016532
1.46856  0.00164874
1.46852  0.00163686
1.46847  0.00162528
1.4684  0.00161523
1.46844  0.00160391
1.4684  0.00159265
1.46841  0.00158119
1.4685  0.00157267
1.46844  0.00156273
1.46825  0.00156315
1.46819  0.00155329
1.46823  0.00154284
1.46817  0.00153319
1.46796  0.00153778
1.46788    0.001529
1.46787  0.00151868
1.46794  0.00150989
1.46802   0.0015021
1.46796  0.00149349
1.46775  0.00149845
1.46778  0.00148893
1.46773  0.00148012
1.46767  0.00147179
1.46756  0.00146591
1.46762  0.00145757
1.4675  0.00145299
1.46774  0.00146403
1.46787   0.0014604
1.46811  0.00147132
1.46805  0.00146352
1.46805  0.00145452
1.46802  0.00144616
1.468  0.00143744
1.46795  0.00142966
1.46789  0.00142255
1.46784   0.0014147
1.46808  0.00142642
1.46802  0.00141954
1.4679  0.00141579
1.4679  0.00140755
1.46784   0.0014006
1.46781  0.00139273
1.46771  0.00138859
1.46777  0.00138179
1.46772  0.00137462
1.46758  0.00137421
1.46774  0.00137609
1.46763   0.0013731
1.46768  0.00136649
1.46783  0.00136732
1.46784  0.00135983
1.46788  0.00135305
1.46796  0.00134817
1.46796   0.0013409
1.46811  0.00134195
1.4679  0.00135147
1.46781  0.00134716
1.46775  0.00134119
1.46778  0.00133449
1.46772    0.001329
1.46776  0.00132254
1.46776   0.0013157
1.46778   0.0013092
1.46772  0.00130381
1.46782  0.00130085
1.46803  0.00131087
1.46799  0.00130499
1.46791  0.00130057
