1     6.38012    0.127602           0
2     4.64384     0.11024   0.0173628
3      5.9294    0.113022   0.0104035
4     5.64376    0.112986  0.00735648
5     5.55284      0.1126  0.00571135
6     5.76636    0.113054   0.0046854
7        5.35    0.112189  0.00405324
8     4.85248    0.110297  0.00398787
9      5.3796    0.109996  0.00352979
10     5.97464    0.110946  0.00329687
11     4.68852    0.109385  0.00336617
12     6.18756    0.110582  0.00329787
13     5.73952    0.110906  0.00305082
14     4.68912    0.109683  0.00307795
15     4.56712     0.10846  0.00311538
16     6.41844    0.109704   0.0031687
17     5.13116    0.109288  0.00300548
18     6.56244    0.110508   0.0030851
19      5.1396    0.110102  0.00294633
20     5.45636    0.110053  0.00279556
21     5.39116    0.109947  0.00266122
22     5.38884    0.109848  0.00253929
23     4.80332    0.109249  0.00249927
24     4.84628    0.108735  0.00244734
25      5.0588    0.108433   0.0023668
26     5.12888    0.108208  0.00228508
27     5.56936    0.108326  0.00220197
28     5.82056    0.108614  0.00214143
29     5.88328    0.108926   0.0020897
30       5.711    0.109103  0.00202654
31     5.67084    0.109242  0.00196501
32      5.8388    0.109478  0.00191713
33      5.0536    0.109223   0.0018755
34      4.6496    0.108745  0.00188109
35      5.2074    0.108614  0.00183127
36     6.05132    0.108959  0.00181276
37     5.95376    0.109232  0.00178416
38     6.28276    0.109664  0.00178955
39     5.89412    0.109875  0.00175575
40     4.95528    0.109606  0.00173234
41     5.48184    0.109607  0.00168956
42     5.86636     0.10979  0.00165906
43     5.21872    0.109665  0.00162491
44     5.78676    0.109803  0.00159353
45     5.36728    0.109748  0.00155867
46     5.20544    0.109625  0.00152933
47      5.3124    0.109553  0.00149817
48      5.8224    0.109697  0.00147364
49     5.70564    0.109787  0.00144606
50      5.5208      0.1098   0.0014169
51     6.04204    0.110016  0.00140561
52      6.0666    0.110234  0.00139539
53     6.44448    0.110586  0.00141334
54     5.27644    0.110492  0.00139008
55     5.93288    0.110641  0.00137262
56     5.49624    0.110628  0.00134795
57     4.60912    0.110304  0.00136306
58     5.58052    0.110327  0.00133954
59      6.3846    0.110621  0.00134914
60     5.83508    0.110722  0.00133033
61      5.0264    0.110555  0.00131897
62     4.62648    0.110265   0.0013297
63     5.12496    0.110141  0.00131421
64     5.19996    0.110045  0.00129707
65     5.86896    0.110158  0.00128193
66     5.38724    0.110122  0.00126289
67     5.49732    0.110119   0.0012439
68     5.62748    0.110155  0.00122599
69      5.1962    0.110064  0.00121147
70     5.03232     0.10993  0.00120159
71     6.09064    0.110097  0.00119631
72     5.20248    0.110013  0.00118256
73     5.56672    0.110031  0.00116639
74     5.68716    0.110082  0.00115162
75       4.776    0.109887  0.00115263
76     5.44652    0.109875  0.00113743
77     5.83664    0.109964  0.00112609
78       5.982    0.110088  0.00111846
79     6.18492     0.11026  0.00111757
80     5.76092    0.110322  0.00110525
81     5.29756    0.110268  0.00109285
82     5.91848    0.110367  0.00108395
83     4.98316    0.110238  0.00107855
84     4.67888     0.11004  0.00108394
85     5.73864    0.110095  0.00107255
86      6.1374    0.110243  0.00107017
87     5.95212    0.110344  0.00106262
88     4.97432     0.11022   0.0010577
89      5.4244    0.110201  0.00104593
90      5.8832    0.110284  0.00103756
91     5.19736    0.110214  0.00102846
92      6.0948    0.110341  0.00102511
93      6.2874    0.110507  0.00102747
94     5.99568    0.110607   0.0010214
95      5.1748    0.110532  0.00101336
96     6.84764    0.110807  0.00103983
97     6.09192    0.110921  0.00103532
98     6.04288    0.111022   0.0010297
99     5.41516    0.110995  0.00101962
100     5.44988    0.110975  0.00100957
101     5.56136    0.110977 0.000999525
102     5.89528    0.111045 0.000992005
103      5.5636    0.111048 0.000982329
104     5.59168    0.111055 0.000972867
105     5.53108    0.111051 0.000963566
106     5.32828    0.111009  0.00095537
107     5.86032    0.111067  0.00094817
108     6.04916    0.111158 0.000943827
109      5.8018    0.111203 0.000936198
110     6.54952    0.111383 0.000944928
111     6.11356    0.111481 0.000941501
112     5.70756    0.111505 0.000933361
113     4.99436    0.111402  0.00093076
114     5.01264    0.111304 0.000927729
115     5.22908    0.111246 0.000921482
116      5.8596    0.111297 0.000914941
117     5.89364    0.111353 0.000908827
118      5.5738    0.111354 0.000901093
119     5.65436    0.111369 0.000893607
120     5.35336    0.111333 0.000886854
121     4.81052    0.111208  0.00088833
122     6.36268     0.11134 0.000890781
123     6.07764    0.111423 0.000887402
124     4.99744     0.11133 0.000885067
125      4.7972    0.111207 0.000886544
126     5.27432    0.111162 0.000880651
127     5.47936    0.111149 0.000873778
128     5.76832    0.111182  0.00086755
129     5.30024    0.111142 0.000861734
130      5.6188    0.111152 0.000855132
131     5.79236    0.111187 0.000849336
132     5.77424     0.11122 0.000843505
133      5.3634     0.11119 0.000837666
134     5.00784    0.111108 0.000835459
135     5.34844    0.111077 0.000829814
136     5.79488    0.111113 0.000824452
137      6.5716    0.111261 0.000831743
138      5.3246    0.111226 0.000826417
139     5.92712    0.111279 0.000822136
140     5.48016    0.111267  0.00081633
141     6.25888    0.111366 0.000816502
142     4.67756     0.11124 0.000820381
143      5.5216    0.111235 0.000814643
144     5.41936    0.111215 0.000809208
145     6.51656    0.111347  0.00081435
146     6.21488    0.111435 0.000813603
147     6.13116    0.111512 0.000811626
148     5.42144    0.111491 0.000806392
149     6.04376    0.111554 0.000803435
150     5.38952    0.111529 0.000798455
151     5.82028    0.111561 0.000793807
152     5.55164    0.111557 0.000788575
153     5.75448     0.11158 0.000783744
154     5.44028    0.111562 0.000778846
155      5.0262    0.111491 0.000777075
156     5.89988    0.111533 0.000773204
157     5.82948    0.111565 0.000768938
158       5.399    0.111542 0.000764393
159       6.119    0.111611 0.000762622
160     5.88208    0.111648 0.000758777
161      5.5002    0.111638 0.000754119
162     5.93092    0.111681 0.000750687
163     5.48592    0.111669 0.000746164
164       5.607    0.111672 0.000741606
165     5.26748    0.111634 0.000738093
166     5.42296    0.111615 0.000733883
167      5.5982    0.111617 0.000729478
168     5.01044    0.111549 0.000728295
169     5.43812    0.111532 0.000724161
170      4.9066    0.111453 0.000724191
171     5.63312    0.111461 0.000719978
172     5.62184    0.111466 0.000715803
173     5.05872    0.111407 0.000714135
174     6.17156    0.111476 0.000713374
175     4.87544    0.111396 0.000713762
176     4.96148    0.111327 0.000713054
177     5.33744    0.111301 0.000709486
178     5.87004    0.111335  0.00070632
179     5.44156    0.111321 0.000702503
180      5.4432    0.111308 0.000698722
181     5.23224    0.111271 0.000695826
182     5.72336    0.111288 0.000692215
183      4.7282    0.111197 0.000694461
184     5.91004    0.111235 0.000691725
185      4.9598     0.11117 0.000691047
186     4.54428    0.111061 0.000695919
187     5.65296    0.111072  0.00069227
188     5.32804    0.111048 0.000688996
189     5.03188    0.110993 0.000687551
190     5.51996    0.110989  0.00068393
191        5.13    0.110946 0.000681756
192       6.165     0.11101 0.000681241
193     5.59276    0.111014 0.000677717
194     4.62512    0.110919 0.000680933
195     5.27696    0.110891 0.000677994
196     5.64752    0.110902 0.000674608
197      5.0388     0.11085  0.00067314
198     5.37016    0.110833 0.000669958
199     4.64464    0.110743 0.000672651
200     6.64848    0.110854 0.000678444
1     6.38152     0.12763           0
2     4.66412    0.110456    0.017174
3     5.92764    0.113155   0.0102761
4     5.63904    0.113062  0.00726693
5      5.5476     0.11264  0.00564473
6     5.78232    0.113141  0.00463606
7     5.35184    0.112269  0.00401405
8     4.84636    0.110351  0.00397014
9     5.38376    0.110054  0.00351394
10     5.98244    0.111013  0.00328616
11     4.70304    0.109472  0.00334821
12      6.1914    0.110668  0.00328227
13     5.73328    0.110976  0.00303486
14     4.67516    0.109728  0.00307445
15     4.57176    0.108508  0.00311114
16      6.4176    0.109749  0.00316345
17     5.11984    0.109316  0.00300285
18     6.54948     0.11052  0.00307653
19     5.14628    0.110121  0.00293743
20     5.43572     0.11005  0.00278757
21     5.40044    0.109953  0.00265329
22      5.3712    0.109838  0.00253243
23     4.80028    0.109237  0.00249343
24     4.84512    0.108723  0.00244197
25     5.07352    0.108433  0.00236015
26     5.12608    0.108205  0.00227893
27     5.56128    0.108317  0.00219575
28     5.82468    0.108609  0.00213594
29     5.89864    0.108932  0.00208611
30       5.697    0.109099  0.00202227
31     5.65972    0.109231  0.00196041
32     5.83236    0.109463  0.00191225
33      5.0536    0.109209  0.00187076
34     4.65868    0.108737  0.00187518
35     5.19576    0.108599  0.00182602
36     6.05164    0.108945  0.00180787
37     5.94836    0.109215  0.00177907
38     6.24436    0.109628  0.00178006
39      5.8992    0.109842    0.001747
40     4.96068    0.109576  0.00172337
41      5.4692    0.109572  0.00168082
42     5.86968    0.109758  0.00165085
43     5.21804    0.109632  0.00161688
44     5.79428    0.109775  0.00158609
45       5.378    0.109725  0.00155122
46      5.1918    0.109597  0.00152252
47     5.31336    0.109526  0.00149145
48     5.81356    0.109667   0.0014668
49     5.69644    0.109754  0.00143918
50     5.52392    0.109768  0.00141018
51      6.0486    0.109988   0.0013996
52     6.06224    0.110205  0.00138939
53     6.43776    0.110555  0.00140715
54     5.27396    0.110461  0.00138404
55     5.93832    0.110612  0.00136701
56     5.48572    0.110596  0.00134247
57     4.63228    0.110281  0.00135579
58     5.57316    0.110301  0.00133236
59       6.389    0.110597  0.00134268
60       5.821    0.110694  0.00132367
61     5.01716    0.110525   0.0013128
62     4.62408    0.110234  0.00132384
63     5.12424    0.110111  0.00130845
64     5.21796    0.110021  0.00129097
65     5.86368    0.110132  0.00127585
66     5.37944    0.110094  0.00125696
67      5.4974    0.110092  0.00123806
68     5.63744    0.110131  0.00122034
69     5.20816    0.110044  0.00120563
70     5.02068    0.109907  0.00119622
71     6.09352    0.110075  0.00119123
72     5.20264    0.109992  0.00117754
73       5.571    0.110011  0.00116147
74     5.70964    0.110068  0.00114706
75     4.78644    0.109876  0.00114769
76     5.43408    0.109861   0.0011326
77     5.83104    0.109948  0.00112124
78     5.97756    0.110072   0.0011136
79     6.18448    0.110244  0.00111284
80      5.7664    0.110308  0.00110068
81     5.30468    0.110256  0.00108825
82     5.93668    0.110359  0.00107986
83     4.99236    0.110232  0.00107426
84     4.66796    0.110031  0.00108023
85     5.74936     0.11009  0.00106904
86     6.13188    0.110236  0.00106656
87     5.93696    0.110333  0.00105875
88      4.9838    0.110212  0.00105364
89       5.418    0.110191  0.00104194
90     5.88292    0.110274  0.00103363
91     5.20292    0.110206  0.00102449
92     6.08984    0.110332  0.00102109
93     6.28712    0.110498  0.00102356
94       5.983    0.110595  0.00101729
95      5.2048    0.110527  0.00100885
96     6.83096    0.110799  0.00103462
97      6.0826    0.110911     0.00103
98     6.03792    0.111011  0.00102437
99      5.4058    0.110982  0.00101439
100     5.42912    0.110958  0.00100448
101     5.56892    0.110962 0.000994498
102     5.89768     0.11103 0.000987083
103      5.5648    0.111033 0.000977456
104     5.59652    0.111042  0.00096805
105     5.54276     0.11104 0.000958788
106     5.33468    0.110999 0.000950584
107     5.87412    0.111059 0.000943606
108      6.0354    0.111149 0.000939087
109     5.79952    0.111193 0.000931492
110     6.55744    0.111375 0.000940644
111     6.12616    0.111475 0.000937527
112     5.69364    0.111497 0.000929365
113     5.00328    0.111395 0.000926642
114     5.00712    0.111297 0.000923767
115     5.23772     0.11124 0.000917464
116     5.84172    0.111288 0.000910798
117     5.90164    0.111346 0.000904819
118      5.5692    0.111346 0.000897118
119     5.64044    0.111358 0.000889632
120      5.3456    0.111321 0.000882965
121      4.7976    0.111194 0.000884802
122      6.3778    0.111328 0.000887709
123     6.09232    0.111414 0.000884605
124     5.01332    0.111324 0.000882035
125     4.78416    0.111199 0.000883852
126     5.27416    0.111153 0.000877982
127     5.46688    0.111139 0.000871159
128     5.77884    0.111174 0.000865021
129     5.30392    0.111134 0.000859198
130     5.63064    0.111146 0.000852639
131     5.79316    0.111182 0.000846871
132      5.7634    0.111213 0.000841001
133      5.3534    0.111181 0.000835235
134     5.01496      0.1111 0.000832947
135     5.35084     0.11107 0.000827307
136     5.78508    0.111104 0.000821907
137     6.56948    0.111252 0.000829213
138     5.32732    0.111218 0.000823888
139     5.90084    0.111267 0.000819401
140      5.4916    0.111257 0.000813591
141     6.28408    0.111359 0.000814253
142     4.69412    0.111236 0.000817813
143      5.5064    0.111228  0.00081211
144     5.43436    0.111211 0.000806644
145     6.49704     0.11134  0.00081141
146     6.21872    0.111429 0.000810764
147     6.15052    0.111508 0.000809074
148      5.4362    0.111489 0.000803809
149     6.03116     0.11155 0.000800746
150     5.38116    0.111524 0.000795821
151     5.84164    0.111559 0.000791314
152     5.54104    0.111554 0.000786106
153     5.74812    0.111577 0.000781269
154     5.43132    0.111558 0.000776415
155      5.0176    0.111485  0.00077477
156       5.919    0.111529 0.000771055
157     5.81012    0.111559 0.000766707
158     5.38992    0.111535  0.00076221
159     6.12396    0.111604 0.000760522
160     5.89208    0.111643 0.000756759
161     5.51352    0.111635 0.000752092
162     5.95216     0.11168 0.000748833
163     5.47596    0.111667 0.000744343
164     5.61444    0.111671   0.0007398
165     5.25976    0.111632 0.000736349
166     5.41376    0.111611 0.000732179
167     5.58556    0.111612 0.000727782
168     5.00996    0.111544  0.00072662
169     5.44344    0.111528 0.000722481
170     4.93016    0.111452 0.000722231
171     5.63396    0.111459 0.000718031
172     5.63244    0.111466 0.000713878
173     5.06232    0.111407 0.000712194
174     6.18776    0.111478 0.000711636
175     4.86316    0.111397 0.000712205
176     4.98096     0.11133 0.000711302
177     5.33552    0.111304 0.000707753
178     5.87548    0.111339 0.000704629
179     5.43764    0.111324  0.00070083
180      5.4272    0.111309 0.000697097
181     5.24584    0.111274 0.000694134
182     5.73404    0.111292 0.000690563
183       4.718      0.1112 0.000692984
184     5.92308    0.111239 0.000690337
185     4.96836    0.111175 0.000689587
186     4.53556    0.111065 0.000694638
187     5.65132    0.111076 0.000690993
188     5.33984    0.111053 0.000687685
189     5.03736    0.110998 0.000686206
190     5.52904    0.110996 0.000682589
191       5.124    0.110952 0.000680468
192     6.18224    0.111018 0.000680135
193       5.627    0.111026 0.000676648
194     4.60704    0.110928 0.000680153
195     5.27196      0.1109 0.000677241
196     5.65608    0.110911 0.000673872
197       5.033    0.110859 0.000672459
198     5.36632    0.110841 0.000669292
199     4.62928     0.11075  0.00067221
200     6.63796     0.11086 0.000677833
