1     7.45036    0.149007           0
2     5.91736    0.133677     0.01533
3     7.52708    0.139299   0.0104851
4     7.16212    0.140285  0.00747935
5     6.82808     0.13954  0.00584113
6     6.83056    0.139052  0.00479418
7     6.53664    0.137863  0.00422252
8     6.21704    0.136173  0.00402858
9     6.31048    0.135066  0.00372135
10      7.0798    0.135719  0.00339193
11     6.12436    0.134516  0.00329549
12        7.15    0.135223  0.00309032
13     7.00696    0.135601  0.00286772
14     5.80792    0.134213  0.00299628
15     5.74104     0.13292   0.0030744
16     7.83276    0.134403  0.00323591
17     6.66016    0.134333  0.00304043
18     8.06264    0.135828  0.00323323
19      6.6358    0.135664  0.00306272
20      6.8192      0.1357  0.00290577
21       7.247     0.13614  0.00279874
22      6.4442    0.135811   0.0026888
23     5.63612    0.134807  0.00275838
24      5.7104    0.133948  0.00277691
25     6.36056    0.133679  0.00267712
26     5.94696    0.133112  0.00263383
27       6.993    0.133362   0.0025467
28     6.90868    0.133534  0.00246007
29     6.98092    0.133744  0.00238298
30     6.93288    0.133907  0.00230799
31     6.91292    0.134048  0.00223671
32      6.8858    0.134162  0.00216872
33     6.48292    0.134026   0.0021064
34      6.3874    0.133841  0.00205183
35     6.94364    0.133985  0.00199752
36     7.14832    0.134234  0.00195721
37      7.1474     0.13447  0.00191809
38     7.13892    0.134689  0.00187969
39      7.0098     0.13483   0.0018363
40     6.33432    0.134626  0.00180134
41     6.80096     0.13466  0.00175719
42     7.21584     0.13489  0.00173018
43      6.7322    0.134884  0.00168948
44     6.72016    0.134873  0.00165067
45     6.40284    0.134722  0.00162067
46     6.47836     0.13461    0.001589
47     6.81336    0.134645  0.00155522
48     6.29936    0.134465  0.00153313
49     6.78064    0.134488  0.00150169
50     6.34888    0.134338    0.001479
51     7.44696    0.134624  0.00147771
52     7.10488    0.134768  0.00145612
53     7.83792    0.135183  0.00148743
54     6.70824    0.135164  0.00145974
55     7.27608    0.135352  0.00144528
56     6.35636    0.135206  0.00142682
57     5.93992    0.134918  0.00143081
58      6.1626    0.134717  0.00142024
59     7.69532    0.135042  0.00143335
60     7.55516     0.13531  0.00143446
61     5.73884    0.134973  0.00145035
62     5.72376    0.134642  0.00146457
63     6.09924    0.134441  0.00145507
64     6.23288    0.134289  0.00144029
65     6.80808    0.134317  0.00141825
66      6.7184    0.134318   0.0013966
67     6.75064    0.134328  0.00137563
68     6.55732    0.134282  0.00135606
69     7.10268    0.134394    0.001341
70     6.19312    0.134244  0.00133024
71     7.10972    0.134356  0.00131614
72     6.53008    0.134304  0.00129878
73     6.68792    0.134296  0.00128089
74     7.09092    0.134398  0.00126754
75     6.23732    0.134269  0.00125713
76     6.87352    0.134311   0.0012412
77     7.53428    0.134524  0.00124329
78     6.84108    0.134553   0.0012276
79     7.32436    0.134704  0.00122134
80     6.66936    0.134688  0.00120609
81     6.76232    0.134695  0.00119113
82     6.91092    0.134738   0.0011773
83      6.2164    0.134612  0.00116977
84      5.9306    0.134422  0.00117135
85     6.93488    0.134472  0.00115858
86     7.60276    0.134677  0.00116314
87     7.23376    0.134792  0.00115542
88      6.3086    0.134694  0.00114641
89     6.98388     0.13475  0.00113484
90     7.17292    0.134846  0.00112632
91      6.5328      0.1348  0.00111483
92     7.05088    0.134868  0.00110471
93     8.26572    0.135195  0.00114075
94     7.28256    0.135307  0.00113402
95     6.29464    0.135208  0.00112639
96     8.20192    0.135508  0.00115434
97      7.1266     0.13558  0.00114468
98     7.37712    0.135702  0.00113949
99     6.60792    0.135667  0.00112849
100     6.83312    0.135676  0.00111719
101     6.75848    0.135671  0.00110609
102     6.63496    0.135642  0.00109558
103     6.50664    0.135589  0.00108621
104       7.557    0.135738  0.00108605
105     6.58456      0.1357  0.00107635
106     6.73648    0.135691  0.00106619
107      6.9916    0.135729  0.00105689
108     6.87428    0.135746  0.00104718
109      7.5654    0.135888  0.00104731
110     8.09044    0.136124  0.00106416
111       7.127    0.136182  0.00105611
112     7.66296    0.136334  0.00105769
113      6.7454    0.136322  0.00104836
114      6.6922      0.1363  0.00103935
115     6.12948    0.136181  0.00103715
116     6.92596    0.136201  0.00102837
117     7.12528    0.136255  0.00102096
118     6.29304    0.136167   0.0010161
119     6.75012    0.136157  0.00100757
120      6.7474    0.136147 0.000999191
121      5.9894    0.136012  0.00100008
122      7.1494    0.136069 0.000993495
123     7.03484    0.136106 0.000986103
124     6.73224    0.136095 0.000978189
125     6.30092    0.136014 0.000973674
126       5.748    0.135847 0.000980262
127     6.39012    0.135784 0.000974574
128       6.457    0.135732 0.000968322
129     6.60632    0.135704 0.000961193
130     6.98192    0.135734 0.000954251
131     6.54608    0.135697  0.00094765
132     6.91984    0.135718 0.000940666
133     6.62932    0.135694 0.000933864
134       6.061    0.135586 0.000933141
135     6.41148    0.135532 0.000927805
136      6.7394    0.135526 0.000920974
137      8.2998    0.135749 0.000940891
138      6.4346    0.135698 0.000935446
139     6.94972    0.135721 0.000928995
140     6.59296    0.135694 0.000922748
141     7.06368    0.135733 0.000917034
142     5.62144    0.135569 0.000925225
143     6.92288    0.135589 0.000918954
144     6.35816    0.135531 0.000914425
145     7.67572    0.135655 0.000916527
146     7.07216    0.135694  0.00091109
147     7.25256    0.135758 0.000907107
148     6.77092    0.135756  0.00090096
149     7.41448     0.13584 0.000898838
150     6.67764    0.135825 0.000892956
151     6.83332     0.13583  0.00088704
152     6.94796    0.135851 0.000881425
153     6.85028    0.135858 0.000875678
154     7.26968     0.13592 0.000872174
155     6.01832     0.13582 0.000872319
156     6.71712     0.13581 0.000866761
157     7.10764    0.135851  0.00086217
158     7.27856    0.135912 0.000858902
159     7.39288    0.135988 0.000856783
160      7.5184    0.136077 0.000856142
161     6.76044    0.136072 0.000850825
162     7.03268      0.1361 0.000846029
163     7.10448    0.136137 0.000841625
164     6.61848    0.136114 0.000836793
165     6.50748    0.136078 0.000832491
166     6.25752    0.136012 0.000830076
167     7.25096    0.136066 0.000826851
168     6.06748    0.135978 0.000826569
169     6.99252    0.136001 0.000821983
170     6.50248    0.135966 0.000817883
171      6.9864    0.135988 0.000813384
172     7.48584    0.136068 0.000812571
173     5.98772    0.135974 0.000813345
174     6.91268    0.135987 0.000808763
175     6.61996    0.135966  0.00080439
176     5.88708    0.135863 0.000806482
177     5.75076    0.135745 0.000810516
178     6.89588    0.135757 0.000806042
179     6.61652    0.135738 0.000801755
180     6.56356    0.135713 0.000797675
181     6.49456    0.135681 0.000793907
182     7.16936    0.135724 0.000790668
183     6.08552    0.135647 0.000790055
184     7.75916    0.135753  0.00079289
185     6.24936    0.135695 0.000790737
186     5.39248    0.135545 0.000800596
187     6.87096    0.135555 0.000796366
188     7.15284    0.135595 0.000793123
189     6.50916    0.135567 0.000789435
190     6.61304    0.135549 0.000785462
191      6.4146    0.135511 0.000782262
192     7.20444    0.135556 0.000779459
193     6.48236    0.135525 0.000776014
194     5.98396    0.135444 0.000776312
195     6.47816    0.135413 0.000772909
196     6.73188    0.135409 0.000768966
197     6.17952    0.135349 0.000767401
198     6.29868    0.135302 0.000764983
199     6.43908    0.135269 0.000761834
200      8.6124    0.135454 0.000780239
1     7.46212    0.149242           0
2      5.9334    0.133955   0.0152872
3      7.5162    0.139411   0.0103764
4       7.155    0.140334  0.00739496
5     6.82292    0.139559  0.00578031
6     6.84388    0.139112  0.00474071
7     6.54044    0.137926  0.00417852
8     6.20464    0.136196  0.00401058
9     6.32228    0.135113  0.00369922
10     7.08348    0.135769  0.00337302
11     6.13952    0.134589  0.00327119
12     7.14728    0.135285   0.0030663
13     7.00308    0.135653  0.00284442
14      5.8058    0.134257  0.00298031
15     5.74788    0.132971  0.00305833
16     7.83832    0.134458   0.0032243
17      6.6694    0.134395  0.00302935
18      8.0488    0.135872  0.00321528
19     6.64192    0.135712  0.00304554
20     6.81628    0.135743  0.00288942
21       7.254    0.136187  0.00278412
22     6.43272    0.135845  0.00267654
23     5.62608    0.134831  0.00275123
24     5.70276    0.133965  0.00277269
25      6.3618    0.133696  0.00267306
26      5.9576    0.133137  0.00262841
27     6.98708    0.133381  0.00254099
28     6.90864    0.133552  0.00245453
29     6.99336     0.13377  0.00237837
30      6.9166    0.133922  0.00230275
31      6.9012    0.134055  0.00223116
32     6.88488    0.134168  0.00216331
33     6.48384    0.134032  0.00210114
34     6.39308    0.133851  0.00204647
35     6.92196    0.133982  0.00199146
36     7.14092    0.134227  0.00195085
37      7.1436    0.134461  0.00191173
38     7.11312    0.134666  0.00187203
39     7.01412     0.13481  0.00182907
40     6.33856    0.134609  0.00179405
41     6.78784    0.134637  0.00174997
42      7.2276    0.134873  0.00172404
43     6.72416    0.134864  0.00168349
44     6.72684    0.134857   0.0016448
45     6.41316     0.13471   0.0016145
46     6.47356    0.134596  0.00158311
47      6.8142    0.134632  0.00154948
48     6.30444    0.134454  0.00152726
49      6.7684    0.134473  0.00149588
50     6.35144    0.134324   0.0014732
51     7.44112    0.134608  0.00147174
52     7.09272    0.134748  0.00144988
53      7.8316    0.135161  0.00148098
54      6.7044    0.135141  0.00145343
55     7.28064    0.135331  0.00143941
56     6.34116    0.135179  0.00142162
57     5.95896    0.134899  0.00142439
58     6.15636    0.134696  0.00141425
59     7.69428    0.135021  0.00142762
60      7.5418    0.135284  0.00142816
61     5.73452    0.134947  0.00144456
62      5.7224    0.134616  0.00145902
63     6.11192     0.13442  0.00144906
64      6.2482    0.134272  0.00143387
65      6.8114    0.134302  0.00141196
66     6.71988    0.134304   0.0013904
67     6.74152    0.134311  0.00136951
68      6.5612    0.134266  0.00134998
69     7.10732     0.13438  0.00133517
70     6.17488    0.134225  0.00132511
71      7.1124    0.134338  0.00131119
72      6.5244    0.134284  0.00129396
73     6.68964    0.134278  0.00127613
74     7.11584    0.134386  0.00126344
75      6.2354    0.134257  0.00125314
76      6.8658    0.134297   0.0012372
77     7.53036    0.134509  0.00123926
78     6.83956    0.134538  0.00122362
79     7.32732     0.13469  0.00121756
80     6.66212    0.134672  0.00120238
81      6.7684    0.134681  0.00118747
82      6.9206    0.134726  0.00117378
83      6.2192    0.134602  0.00116623
84     5.92388     0.13441  0.00116814
85     6.94784    0.134463  0.00115556
86       7.595    0.134666   0.0011599
87     7.23292    0.134781  0.00115223
88     6.32348    0.134687  0.00114297
89     6.98396    0.134743  0.00113145
90     7.17852    0.134841   0.0011231
91      6.5362    0.134795  0.00111161
92      7.0482    0.134863   0.0011015
93     8.25892    0.135188  0.00113731
94      7.2686    0.135297  0.00113035
95     6.31444    0.135202   0.0011224
96     8.19684    0.135501  0.00115027
97     7.11768    0.135572  0.00114054
98     7.36628    0.135692   0.0011352
99     6.60764    0.135656  0.00112424
100      6.8144    0.135662  0.00111296
101      6.7644    0.135659  0.00110189
102     6.64176    0.135631  0.00109139
103     6.51808     0.13558  0.00108195
104     7.56528    0.135731  0.00108211
105     6.60324    0.135696  0.00107232
106      6.7342    0.135687   0.0010622
107     7.00108    0.135727  0.00105301
108      6.8636    0.135741  0.00104331
109     7.55996    0.135883  0.00104338
110     8.10228    0.136121  0.00106085
111      7.1392    0.136181  0.00105296
112     7.64612    0.136331  0.00105417
113     6.74432    0.136318  0.00104488
114     6.69036    0.136296  0.00103591
115      6.1346    0.136178  0.00103365
116     6.91456    0.136196  0.00102486
117     7.13396    0.136251  0.00101758
118      6.2746     0.13616  0.00101303
119      6.7382    0.136148  0.00100455
120      6.7388    0.136137 0.000996207
121       5.982       0.136 0.000997303
122     7.15988    0.136059 0.000990852
123      7.0452    0.136099 0.000983552
124     6.75036     0.13609 0.000975628
125      6.2878    0.136007 0.000971316
126     5.74972    0.135841 0.000977901
127     6.38104    0.135776 0.000972327
128      6.4778    0.135727 0.000965924
129     6.61472    0.135701 0.000958777
130     6.98568    0.135732 0.000951873
131     6.53812    0.135694 0.000945341
132      6.9118    0.135713 0.000938349
133      6.6224    0.135688 0.000931591
134     6.05684     0.13558 0.000930968
135     6.41644    0.135526 0.000925606
136     6.74204    0.135521 0.000918788
137     8.29564    0.135743 0.000938648
138      6.4466    0.135693 0.000933128
139     6.93512    0.135715 0.000926643
140     6.60108    0.135689 0.000920379
141     7.08684    0.135732 0.000914834
142      5.6348    0.135569  0.00092274
143     6.91392    0.135588 0.000916461
144     6.37396    0.135532 0.000911815
145       7.658    0.135654 0.000913629
146     7.08448    0.135695 0.000908291
147      7.2658     0.13576 0.000904462
148     6.77796    0.135759 0.000898331
149     7.40948    0.135842 0.000896173
150      6.6724    0.135827 0.000890322
151     6.84828    0.135834 0.000884438
152      6.9472    0.135855 0.000878839
153      6.8504    0.135862 0.000873108
154      7.2624    0.135923 0.000869559
155     6.00044     0.13582  0.00087001
156     6.73004    0.135813  0.00086445
157     7.08824     0.13585 0.000859763
158      7.2648     0.13591 0.000856393
159     7.40036    0.135986 0.000854384
160     7.52068    0.136076 0.000853803
161     6.77516    0.136073  0.00084849
162     7.05408    0.136104 0.000843803
163     7.10116     0.13614 0.000839396
164     6.61944    0.136117 0.000834576
165     6.49996     0.13608 0.000830331
166     6.23688    0.136012 0.000828137
167     7.24136    0.136065 0.000824854
168      6.0834    0.135979 0.000824396
169     6.99752    0.136002  0.00081984
170     6.51528    0.135969 0.000815692
171     6.97556     0.13599 0.000811172
172     7.48116    0.136069 0.000810328
173     5.99336    0.135975 0.000811056
174      6.9266     0.13599 0.000806515
175      6.6126    0.135969 0.000802177
176     5.89576    0.135866 0.000804175
177     5.75076    0.135748  0.00080825
178     6.89592     0.13576 0.000803789
179     6.62808    0.135743 0.000799485
180      6.5652    0.135718 0.000795414
181     6.50168    0.135686  0.00079163
182     7.18916    0.135731 0.000788525
183      6.0944    0.135655 0.000787844
184      7.7634    0.135762 0.000790767
185     6.25776    0.135705 0.000788568
186     5.39652    0.135555 0.000798405
187     6.86796    0.135565 0.000794183
188     7.16004    0.135606  0.00079099
189     6.50604    0.135576 0.000787329
190     6.61088    0.135559 0.000783374
191     6.40972     0.13552 0.000780215
192     7.21944    0.135566 0.000777514
193     6.50896    0.135539 0.000773978
194     5.96208    0.135455 0.000774547
195     6.46476    0.135423 0.000771212
196      6.7452     0.13542 0.000767272
197     6.17492     0.13536 0.000765762
198      6.3046    0.135313 0.000763321
199      6.4238    0.135279 0.000760253
200      8.5992    0.135462 0.000778387
