1    0.430922    0.430922           0
2    0.424086    0.427504  0.00341777
3    0.432838    0.429282  0.00265609
4    0.427452    0.428825  0.00193303
5    0.424479    0.427955  0.00173123
6    0.436728    0.429418  0.00203367
7    0.431919    0.429775  0.00175552
8    0.432133     0.43007  0.00154865
9    0.426734    0.429699  0.00141519
10    0.428518    0.429581  0.00127128
11    0.429121    0.429539  0.00115068
12    0.439046    0.430331  0.00131568
13    0.434126    0.430623  0.00124496
14    0.428041    0.430439  0.00116727
15    0.427989    0.430276  0.00109887
16    0.431789     0.43037  0.00103224
17    0.428036    0.430233 0.000979295
18    0.439522    0.430749  0.00105773
19    0.423113    0.430347  0.00107821
20    0.427287    0.430194  0.00103426
21    0.434576    0.430403  0.00100566
22    0.420732    0.429963  0.00105482
23    0.426651    0.429819  0.00101815
24    0.421797    0.429485  0.00103051
25    0.426699    0.429373 0.000994694
26    0.431257    0.429446 0.000958413
27    0.426667    0.429343 0.000927959
28    0.424648    0.429175 0.000909791
29     0.43449    0.429359 0.000896785
30     0.43074    0.429405   0.0008676
31    0.422959    0.429197 0.000864525
32    0.425562    0.429083 0.000844742
33    0.439544      0.4294 0.000877968
34    0.432813      0.4295  0.00085765
35    0.426846    0.429425 0.000836232
36    0.426495    0.429343 0.000816736
37    0.429249    0.429341  0.00079436
38    0.430258    0.429365 0.000773549
39    0.421964    0.429175 0.000776983
40    0.430971     0.42922 0.000758638
41     0.42742    0.429176 0.000741205
42    0.431299    0.429227 0.000725105
43    0.428104    0.429201 0.000708523
44    0.428813    0.429192 0.000692288
45    0.429163    0.429191  0.00067673
46    0.434543    0.429307 0.000672004
47    0.427022    0.429259 0.000659347
48    0.431206    0.429299 0.000646738
49    0.428864     0.42929 0.000633464
50    0.427295    0.429251 0.000621947
51    0.430393    0.429273 0.000610041
52     0.43585    0.429399 0.000611418
53     0.42449    0.429307 0.000606881
54    0.425556    0.429237 0.000599573
55    0.433001    0.429306 0.000592536
56    0.426469    0.429255  0.00058406
57    0.429932    0.429267 0.000573845
58    0.426635    0.429222 0.000565686
59     0.43832    0.429376 0.000577006
60    0.419237    0.429207 0.000591941
61    0.430792    0.429233 0.000582736
62    0.429734    0.429241 0.000573317
63    0.430673    0.429264 0.000564601
64     0.43087    0.429289 0.000556275
65    0.426441    0.429245   0.0005494
66     0.42078    0.429117 0.000556007
67     0.41923    0.428969 0.000567179
68    0.430709    0.428995 0.000559361
69     0.42481    0.428934 0.000554521
70    0.429189    0.428938 0.000546554
71    0.427943    0.428924 0.000538983
72    0.426329    0.428888 0.000532665
73    0.418528    0.428746  0.00054415
74    0.431703    0.428786 0.000538232
75    0.430756    0.428812 0.000531656
76    0.432179    0.428856 0.000526481
77    0.426191    0.428822 0.000520751
78    0.424469    0.428766 0.000517051
79    0.429878     0.42878 0.000510659
80    0.428614    0.428778 0.000504239
81    0.423099    0.428708 0.000502886
82    0.423664    0.428646  0.00050051
83     0.42425    0.428593 0.000497272
84    0.433476    0.428651 0.000494742
85    0.425775    0.428618 0.000490057
86    0.424049    0.428564  0.00048723
87    0.432264    0.428607  0.00048347
88    0.430168    0.428625 0.000478274
89     0.43157    0.428658 0.000474026
90    0.424116    0.428607 0.000471438
91    0.427599    0.428596  0.00046636
92    0.428787    0.428598 0.000461268
93    0.436573    0.428684 0.000464268
94    0.427295    0.428669  0.00045954
95    0.425464    0.428636 0.000455928
96    0.421999    0.428566  0.00045642
97    0.439572     0.42868 0.000465723
98    0.421193    0.428603 0.000467235
99    0.431002    0.428628 0.000463125
100    0.424384    0.428585  0.00046043
101    0.424018     0.42854 0.000458087
102    0.433776    0.428591 0.000456468
103    0.424846    0.428555 0.000453475
104    0.418786    0.428461 0.000458813
105    0.415675    0.428339 0.000470455
106    0.433665     0.42839 0.000468696
107    0.420967     0.42832 0.000469449
108    0.424151    0.428282 0.000466682
109    0.428803    0.428286 0.000462405
110    0.424547    0.428252 0.000459441
111    0.440044    0.428359 0.000467513
112    0.427633    0.428352 0.000463366
113    0.428385    0.428352 0.000459247
114    0.429884    0.428366 0.000455399
115    0.424233     0.42833  0.00045285
116    0.429724    0.428342  0.00044909
117    0.435973    0.428407 0.000449987
118    0.424569    0.428375 0.000447342
119    0.423705    0.428335 0.000445299
120    0.428564    0.428337 0.000441576
121    0.433712    0.428382 0.000440159
122    0.432897    0.428419 0.000438103
123    0.424705    0.428389 0.000435574
124    0.432616    0.428423  0.00043339
125    0.431978    0.428451 0.000430849
126    0.419197    0.428378  0.00043368
127    0.426153     0.42836 0.000430608
128    0.430552    0.428377 0.000427573
129    0.436361    0.428439 0.000428737
130     0.43323    0.428476 0.000427019
131    0.421022    0.428419  0.00042755
132    0.434713    0.428467  0.00042697
133    0.423637     0.42843   0.0004253
134    0.427622    0.428424 0.000422158
135    0.430044    0.428436 0.000419191
136    0.430312     0.42845 0.000416325
137    0.420629    0.428393   0.0004172
138    0.432814    0.428425 0.000415403
139    0.434065    0.428466 0.000414394
140    0.433872    0.428504 0.000413232
141    0.427703    0.428499 0.000410331
142    0.434933    0.428544 0.000409942
143    0.430085    0.428555 0.000407208
144    0.428149    0.428552  0.00040438
145    0.437356    0.428613 0.000406145
146    0.428985    0.428615 0.000403362
147    0.432119    0.428639 0.000401317
148    0.429417    0.428644 0.000398631
149     0.43209    0.428667 0.000396621
150    0.427841    0.428662 0.000394007
151    0.426647    0.428649 0.000391616
152    0.435483    0.428693 0.000391621
153    0.437149    0.428749 0.000392959
154     0.42753    0.428741 0.000390479
155    0.432972    0.428768 0.000388911
156    0.429853    0.428775 0.000386472
157    0.430183    0.428784 0.000384107
158    0.428927    0.428785  0.00038167
159    0.432682    0.428809 0.000380053
160    0.427466    0.428801 0.000377763
161    0.432865    0.428826 0.000376257
162    0.428173    0.428822 0.000373949
163    0.425546    0.428802 0.000372191
164    0.423819    0.428772  0.00037116
165    0.428782    0.428772 0.000368904
166    0.432708    0.428796 0.000367441
167    0.421762    0.428753 0.000367654
168    0.426486     0.42874 0.000365708
169    0.427769    0.428734 0.000363583
170    0.432701    0.428758 0.000362191
171    0.434453    0.428791 0.000361604
172    0.433585    0.428819 0.000360574
173    0.434877    0.428854  0.00036019
174    0.424522    0.428829 0.000358978
175    0.430629    0.428839 0.000357069
176    0.427517    0.428832 0.000355114
177    0.423101    0.428799 0.000354583
178    0.428091    0.428795 0.000352608
179    0.429222    0.428798  0.00035064
180    0.439942     0.42886 0.000354141
181    0.429746    0.428864 0.000352213
182     0.43113    0.428877 0.000350494
183    0.421582    0.428837 0.000350845
184    0.421632    0.428798 0.000351124
185    0.431283    0.428811 0.000349479
186    0.435163    0.428845 0.000349268
187    0.423133    0.428815 0.000348736
188    0.429853     0.42882  0.00034692
189    0.432089    0.428838 0.000345513
190    0.429708    0.428842  0.00034372
191    0.432751    0.428863 0.000342528
192    0.427367    0.428855 0.000340828
193    0.431029    0.428866 0.000339245
194    0.418242    0.428812 0.000341906
195    0.431883    0.428827 0.000340513
196    0.432354    0.428845 0.000339249
197    0.426481    0.428833 0.000337735
198     0.42855    0.428832 0.000336028
199     0.42571    0.428816 0.000334703
200    0.427298    0.428809 0.000333112
1    0.429313    0.429313           0
2    0.423432    0.426373   0.0029401
3    0.435689    0.429478  0.00353921
4    0.426823    0.428814  0.00258911
5    0.422334    0.427518  0.00238791
6    0.439795    0.429564  0.00282629
7    0.433621    0.430144  0.00245795
8     0.43393    0.430617  0.00218062
9    0.428108    0.430338  0.00194323
10    0.429112    0.430216   0.0017424
11    0.430721    0.430262  0.00157673
12    0.439288    0.431014  0.00162405
13    0.436939     0.43147  0.00156189
14    0.427842    0.431211  0.00146907
15    0.430596     0.43117  0.00136824
16    0.431013     0.43116  0.00127991
17    0.430794    0.431138  0.00120246
18    0.441174    0.431696  0.00126337
19    0.423423     0.43126  0.00127188
20    0.428523    0.431124  0.00121435
21    0.434022    0.431262  0.00116329
22    0.418302    0.430672  0.00125588
23    0.423563    0.430363  0.00123921
24    0.421782    0.430006  0.00123915
25    0.427305    0.429898  0.00119345
26     0.42892     0.42986  0.00114725
27    0.426815    0.429747  0.00110969
28    0.427147    0.429655  0.00107335
29    0.436071    0.429876  0.00105904
30    0.431255    0.429922  0.00102417
31     0.42317    0.429704  0.00101424
32     0.42455    0.429543 0.000995152
33    0.440187    0.429865  0.00101702
34    0.435893    0.430043  0.00100246
35    0.426872    0.429952   0.0009776
36    0.425031    0.429815 0.000959842
37        0.43     0.42982 0.000933554
38    0.429752    0.429819 0.000908656
39    0.420833    0.429588 0.000914545
40    0.431856    0.429645  0.00089319
41    0.427325    0.429588 0.000872969
42    0.432669    0.429662 0.000855081
43    0.429071    0.429648 0.000835072
44      0.4293     0.42964  0.00081591
45    0.432561    0.429705  0.00080021
46    0.434892    0.429818 0.000790703
47    0.427324    0.429765 0.000775514
48    0.429868    0.429767 0.000759189
49    0.428511    0.429741 0.000743976
50    0.428552    0.429717 0.000729332
51    0.430108    0.429725 0.000714929
52    0.432924    0.429787 0.000703739
53    0.425381    0.429703 0.000695319
54    0.426987    0.429653 0.000684172
55    0.432704    0.429709 0.000673904
56    0.427714    0.429673 0.000662719
57    0.429346    0.429667 0.000651013
58    0.426666    0.429616  0.00064178
59    0.441689     0.42982 0.000663171
60    0.422711    0.429702 0.000662701
61     0.43278    0.429752 0.000653698
62    0.431435    0.429779 0.000643641
63    0.432784    0.429827 0.000635135
64    0.429014    0.429814 0.000625261
65    0.430477    0.429824 0.000615651
66    0.421344    0.429696 0.000619719
67    0.420215    0.429554 0.000626588
68    0.431134    0.429578 0.000617742
69    0.420221    0.429442 0.000623644
70    0.427889     0.42942  0.00061507
71    0.425746    0.429368 0.000608549
72    0.425888     0.42932 0.000601981
73    0.418958    0.429178 0.000610408
74    0.429982    0.429189 0.000602201
75    0.431138    0.429215 0.000594686
76     0.42922    0.429215 0.000586809
77    0.427307     0.42919 0.000579667
78    0.423299    0.429115  0.00057715
79    0.427377    0.429093 0.000570222
80    0.425721     0.42905 0.000564624
81    0.424175     0.42899 0.000560848
82    0.424086     0.42893 0.000557185
83    0.424147    0.428873 0.000553439
84     0.43596    0.428957 0.000553282
85     0.42489    0.428909 0.000548824
86    0.422821    0.428838 0.000547005
87    0.434883    0.428908 0.000545127
88    0.433586    0.428961 0.000541512
89    0.430336    0.428977 0.000535616
90    0.424918    0.428931 0.000531548
91    0.430309    0.428947 0.000525892
92    0.425721    0.428912 0.000521325
93    0.436656    0.428995 0.000522369
94    0.427438    0.428978 0.000517048
95    0.423551    0.428921 0.000514756
96    0.421953    0.428849 0.000514512
97        0.44    0.428964 0.000521997
98    0.422823    0.428901 0.000520429
99    0.432778     0.42894 0.000516631
100    0.425694    0.428908 0.000512468
101    0.425138     0.42887  0.00050874
102    0.433271    0.428913 0.000505572
103    0.421982    0.428846 0.000505143
104    0.421668    0.428777 0.000505001
105    0.418733    0.428681 0.000509234
106    0.433324    0.428725 0.000506305
107    0.423542    0.428677 0.000503885
108    0.424737     0.42864 0.000500529
109    0.425721    0.428613 0.000496639
110    0.426147    0.428591 0.000492613
111    0.436274     0.42866 0.000493037
112    0.424119     0.42862 0.000490295
113    0.429375    0.428626 0.000485983
114    0.430825    0.428646 0.000482086
115    0.425248    0.428616 0.000478788
116    0.427525    0.428607 0.000474736
117     0.43478    0.428659 0.000473609
118    0.425681    0.428634 0.000470256
119    0.425104    0.428605 0.000467231
120    0.430813    0.428623 0.000463686
121    0.435881    0.428683 0.000463734
122    0.434166    0.428728 0.000462108
123     0.42656     0.42871 0.000458674
124    0.430232    0.428723 0.000455126
125    0.433566    0.428761  0.00045313
126    0.419363    0.428687 0.000455665
127    0.425061    0.428658 0.000452963
128    0.428988    0.428661 0.000449418
129    0.433569    0.428699 0.000447541
130    0.434828    0.428746 0.000446581
131    0.423942    0.428709 0.000444673
132    0.437496    0.428776 0.000446285
133     0.42313    0.428733 0.000444946
134    0.428419    0.428731 0.000441619
135    0.430201    0.428742 0.000438471
136    0.435136    0.428789 0.000437767
137    0.419269    0.428719 0.000440081
138    0.433552    0.428754 0.000438281
139    0.432031    0.428778 0.000435754
140    0.435458    0.428826 0.000435254
141     0.42995    0.428834  0.00043223
142    0.432952    0.428863 0.000430154
143    0.428188    0.428858 0.000427161
144    0.425268    0.428833 0.000424917
145    0.436001    0.428883 0.000424862
146    0.433054    0.428911 0.000422909
147    0.435218    0.428954 0.000422208
148    0.429451    0.428957 0.000419359
149     0.43436    0.428994  0.00041811
150    0.425699    0.428972 0.000415893
151    0.427748    0.428964 0.000413209
152    0.434387    0.428999  0.00041203
153    0.436184    0.429046 0.000412013
154    0.428205    0.429041 0.000409365
155    0.433073    0.429067 0.000407547
156    0.427476    0.429057 0.000405054
157    0.427007    0.429043 0.000402678
158    0.430956    0.429056 0.000400304
159    0.432404    0.429077 0.000398335
160    0.426657    0.429062 0.000396127
161    0.434755    0.429097 0.000395244
162    0.430601    0.429106 0.000392906
163    0.429095    0.429106 0.000390488
164    0.424018    0.429075 0.000389338
165    0.430131    0.429081 0.000387024
166    0.431469    0.429096 0.000384954
167    0.424308    0.429067 0.000383715
168     0.42811    0.429062 0.000381467
169    0.425823    0.429042 0.000379687
170    0.434749    0.429076 0.000378936
171    0.432598    0.429097 0.000377276
172    0.432291    0.429115 0.000375536
173    0.433951    0.429143 0.000374404
174      0.4244    0.429116 0.000373243
175    0.429816     0.42912 0.000371126
176     0.42824    0.429115 0.000369045
177    0.423374    0.429082 0.000368384
178    0.429859    0.429087 0.000366335
179    0.427889     0.42908 0.000364344
180    0.435881    0.429118 0.000364279
181     0.43262    0.429137 0.000362777
182     0.43392    0.429163 0.000361734
183    0.423022     0.42913 0.000361314
184    0.423184    0.429098 0.000360795
185    0.430484    0.429105 0.000358918
186    0.439313     0.42916 0.000361176
187    0.421652     0.42912 0.000361476
188    0.432169    0.429136 0.000359914
189    0.431785     0.42915 0.000358279
190    0.429583    0.429152 0.000356396
191    0.433875    0.429177 0.000355386
192     0.42941    0.429178 0.000353532
193     0.43242    0.429195 0.000352097
194    0.422742    0.429162 0.000351853
195     0.43202    0.429176 0.000350351
196    0.434831    0.429205  0.00034975
197    0.428139      0.4292 0.000348012
198    0.425372    0.429181  0.00034679
199    0.426026    0.429165 0.000345407
200    0.427824    0.429158  0.00034374
