1     7.91792    0.158358           0
2     7.94764    0.158656   0.0002972
3     7.93032    0.158639  0.00017237
4     8.91772    0.163568  0.00493031
5     9.05976    0.167093  0.00519745
6     8.55384    0.167757  0.00429532
7     8.65808    0.168529  0.00371139
8     9.10888    0.170235  0.00363887
9     9.53696    0.172514  0.00393561
10     8.66592    0.172594  0.00352104
11     8.71104    0.172742  0.00318833
12     7.90572    0.171523  0.00315548
13     9.43004    0.172837  0.00318606
14      7.8788    0.171747  0.00314468
15     7.90804    0.170841  0.00306445
16     9.04524     0.17147  0.00293472
17       8.183     0.17101  0.00279471
18     7.30176    0.169623  0.00297788
19     8.99948    0.170169  0.00286915
20     8.70768    0.170368   0.0027292
21     9.34644    0.171156  0.00271313
22     8.97868    0.171539  0.00261501
23     7.92424    0.170971  0.00256238
24      8.9794    0.171331  0.00247942
25      9.3162     0.17193  0.00245263
26     7.72212    0.171258  0.00245053
27     8.57636    0.171268  0.00235804
28     7.96644    0.170841  0.00231193
29     7.49548    0.170119  0.00234464
30     8.91516    0.170392  0.00228151
31      7.7774    0.169913  0.00225804
32      9.3638    0.170456  0.00225266
33     7.77472    0.170003   0.0022299
34       8.787    0.170171   0.0021699
35     7.88496    0.169815  0.00213691
36     9.02592    0.170112  0.00209788
37     9.33656    0.170561  0.00208924
38     7.72464    0.170139  0.00207702
39      8.5334    0.170152  0.00202311
40     9.11596    0.170456   0.0019952
41     8.12836    0.170264  0.00195542
42       8.239    0.170133  0.00191276
43     8.15068    0.169968  0.00187507
44        8.49    0.169964  0.00183196
45      7.9974    0.169741  0.00180457
46       8.716    0.169841  0.00176771
47     9.50048     0.17027  0.00178213
48     8.28192    0.170174  0.00174727
49     8.60968    0.170215  0.00171174
50     8.64768     0.17027  0.00167805
51     8.80816    0.170385  0.00164887
52     8.01684    0.170192  0.00162835
53     7.86024    0.169947  0.00161602
54     8.43908    0.169925  0.00158596
55     8.17208    0.169807  0.00156131
56     8.37384    0.169766  0.00153374
57     8.69744    0.169839  0.00150838
58     8.18912    0.169735  0.00148582
59       9.025    0.169917  0.00147178
60     7.86064    0.169705  0.00146245
61     8.38792    0.169674  0.00143863
62     9.29384    0.169935  0.00143916
63     8.07668    0.169802   0.0014224
64     9.18368    0.170018  0.00141668
65     7.93452    0.169844  0.00140556
66     8.40168    0.169817  0.00138437
67     7.74132    0.169593  0.00138178
68     8.78448    0.169682  0.00136426
69     8.81584    0.169779  0.00134778
70     8.41664    0.169758  0.00132854
71     7.94496    0.169605   0.0013186
72     8.54896    0.169624   0.0013003
73     8.85296    0.169726   0.0012864
74      7.8938    0.169566  0.00127896
75      8.9774    0.169699  0.00126879
76     9.46096    0.169956  0.00127806
77     7.90896    0.169803  0.00127059
78     8.19308    0.169727  0.00125651
79     9.58444    0.170005  0.00127127
80      8.4928    0.170003  0.00125528
81      8.0284    0.169886  0.00124515
82     8.77376    0.169954  0.00123175
83     8.58144    0.169975  0.00121699
84     8.52976    0.169982  0.00120244
85     7.92448    0.169847  0.00119587
86     8.96044    0.169956  0.00118689
87     8.47608    0.169951  0.00117318
88      7.6144     0.16975  0.00117701
89      8.6898    0.169795   0.0011646
90     8.40824    0.169777  0.00115173
91     8.06784    0.169685  0.00114275
92     7.81736     0.16954  0.00113952
93      8.0546    0.169449  0.00113086
94      8.7286    0.169504  0.00112009
95     9.49348    0.169718  0.00112878
96      8.9214    0.169809  0.00112064
97     9.35632    0.169987  0.00112331
98     7.78364    0.169841  0.00112134
99     7.47744    0.169636  0.00112872
100     8.42532    0.169625  0.00111743
101     8.45892     0.16962  0.00110632
102     9.27924    0.169777  0.00110655
103     7.98808     0.16968  0.00110006
104      8.2038    0.169626  0.00109076
105     8.49456    0.169628  0.00108033
106        9.17    0.169758  0.00107794
107     7.56268    0.169585  0.00108174
108     8.72312     0.16963  0.00107262
109     8.47608    0.169629  0.00106274
110     8.21068     0.16958  0.00105418
111      8.2302    0.169535   0.0010456
112     9.50532    0.169719  0.00105238
113     8.91164    0.169794  0.00104574
114     8.71192    0.169833  0.00103726
115       8.526    0.169839  0.00102822
116     8.45168    0.169832  0.00101934
117     9.23368    0.169959  0.00101852
118     8.29656    0.169925  0.00101043
119     8.65596    0.169952  0.00100226
120     7.80536    0.169837  0.00100055
121     8.55308    0.169847 0.000992296
122     8.16164    0.169793 0.000985621
123     8.38016    0.169775 0.000977737
124     8.28696    0.169742 0.000970366
125     8.00068    0.169664 0.000965713
126     7.95068     0.16958  0.00096174
127     8.04956    0.169512  0.00095653
128      8.6844    0.169545 0.000949589
129      9.1756    0.169653 0.000948399
130     9.11148     0.16975 0.000946035
131     8.11992    0.169694 0.000940462
132     9.00148    0.169772 0.000936589
133     7.90028    0.169684 0.000933721
134     8.16264    0.169636 0.000927968
135     9.11064    0.169729 0.000925768
136     8.60912    0.169747 0.000919113
137     9.04616    0.169828  0.00091602
138      8.3774    0.169812 0.000909508
139     9.16356    0.169909 0.000908118
140     8.58236    0.169921 0.000901693
141     8.72512    0.169954 0.000895865
142     8.93252    0.170015  0.00089164
143     9.46832     0.17015 0.000895665
144      8.8948    0.170204 0.000891048
145     7.57908    0.170075 0.000894153
146     9.26516     0.17018 0.000894112
147     7.71256    0.170071 0.000894595
148     8.37848    0.170055 0.000888691
149     7.73344    0.169951 0.000888726
150      8.5064    0.169952 0.000882782
151     8.58088    0.169963 0.000876985
152     8.15628    0.169918 0.000872357
153     9.20692    0.170011 0.000871606
154     8.47868    0.170009 0.000865933
155     9.12056    0.170089 0.000864041
156     7.97224     0.17002 0.000861191
157     7.84092    0.169936  0.00085981
158     7.79988    0.169848 0.000858894
159     8.34688     0.16983 0.000853671
160     7.79668    0.169743 0.000852753
161     9.16568    0.169827 0.000851622
162     9.45452    0.169946 0.000854661
163     8.04072     0.16989 0.000851247
164     7.76188    0.169801 0.000850745
165     8.87348    0.169847 0.000846849
166     8.13956    0.169805 0.000842805
167     8.02764    0.169749 0.000839573
168     9.03548    0.169815 0.000837106
169     7.97264    0.169753 0.000834394
170     8.24724    0.169725 0.000829953
171     9.27784    0.169818 0.000830264
172     8.28664    0.169794 0.000825764
173     8.67132    0.169815 0.000821246
174     8.22744    0.169785 0.000817073
175     8.59904    0.169797 0.000812487
176       8.972    0.169852 0.000809714
177     8.17592    0.169816 0.000805921
178     8.90128    0.169862 0.000802706
179      8.4004    0.169852 0.000798277
180     7.96524    0.169793 0.000795989
181     8.52012    0.169797 0.000791586
182     7.41116    0.169678 0.000796099
183      8.3474    0.169663 0.000791877
184     8.10532    0.169622 0.000788632
185     8.80492    0.169657 0.000785138
186     7.61772    0.169564 0.000786427
187     8.08708    0.169522 0.000783328
188     8.42904    0.169517 0.000779166
189     8.31908    0.169501  0.00077521
190       8.157    0.169467 0.000771846
191     8.87288    0.169509 0.000768933
192     9.74744    0.169641 0.000776308
193     8.42508    0.169636 0.000772298
194      8.2236    0.169609 0.000768768
195     8.49848    0.169611 0.000764818
196     8.83288    0.169647 0.000761754
197     9.49028    0.169749 0.000764755
198     9.55248    0.169857  0.00076845
199     8.56916    0.169864 0.000764617
200     9.03644    0.169919 0.000762721
1     7.85616    0.157123           0
2     7.94112    0.157973   0.0008496
3     7.91856    0.158106 0.000508176
4      8.9186    0.163172  0.00507933
5      9.0848    0.166877  0.00540416
6     8.55664    0.167586  0.00446913
7     8.67696    0.168437  0.00387166
8     9.11376    0.170166  0.00377287
9     9.53464    0.172447  0.00403397
10        8.67    0.172542  0.00360935
11     8.70736    0.172688  0.00326804
12     7.91564     0.17149  0.00321484
13     9.42308    0.172796  0.00323256
14     7.86532    0.171689  0.00319073
15     7.90556    0.170784  0.00310527
16     9.02656    0.171393  0.00296791
17     8.17956    0.170934  0.00282539
18     7.28612    0.169534  0.00300961
19           9    0.170085  0.00289961
20     8.69984     0.17028  0.00275776
21     9.33636    0.171063  0.00273757
22     8.97076    0.171443  0.00263763
23     7.91268     0.17087  0.00258476
24      8.9568    0.171214  0.00249858
25     9.31252    0.171816  0.00247087
26     7.72036    0.171146  0.00246655
27     8.57684     0.17116  0.00237348
28      7.9504    0.170726  0.00232796
29     7.48216    0.169999  0.00236097
30      8.9148    0.170276  0.00229762
31     7.77804    0.169801   0.0022724
32      9.3658    0.170349   0.0022673
33     7.76004     0.16989  0.00224495
34      8.8086    0.170074  0.00218574
35     7.87916    0.169717  0.00215217
36      9.0262    0.170018  0.00211297
37     9.33048    0.170466  0.00210342
38     7.74644    0.170057  0.00208775
39     8.51328    0.170063  0.00203352
40     9.11392    0.170368  0.00200542
41     8.13564    0.170181  0.00196479
42     8.23228    0.170049  0.00192196
43     8.15232    0.169887  0.00188379
44     8.49928    0.169889  0.00184048
45      8.0004    0.169669  0.00181246
46     8.72608    0.169775  0.00177576
47     9.48684    0.170199  0.00178872
48      8.2658    0.170098  0.00175401
49      8.5832     0.17013  0.00171814
50     8.64916    0.170187  0.00168439
51     8.80512    0.170303  0.00165511
52      7.9928    0.170102  0.00163535
53     7.85572    0.169857  0.00162281
54     8.43632    0.169836  0.00159261
55     8.15036    0.169712  0.00156831
56     8.36428    0.169668  0.00154066
57     8.71672     0.16975   0.0015156
58     8.19696     0.16965   0.0014926
59      9.0234    0.169833   0.0014785
60     7.86468    0.169624   0.0014686
61     8.38116    0.169592  0.00144469
62     9.29544    0.169855  0.00144537
63     8.08264    0.169725  0.00142818
64      9.1684    0.169938  0.00142176
65     7.95716    0.169772  0.00140954
66     8.40884    0.169748  0.00138823
67      7.7146    0.169517  0.00138667
68     8.76088    0.169601   0.0013687
69      8.8248    0.169701  0.00135241
70     8.40232    0.169677  0.00133316
71     7.94264    0.169525  0.00132306
72     8.53788    0.169542  0.00130467
73     8.84396    0.169642  0.00129059
74       7.913    0.169488  0.00128229
75      8.9964    0.169628  0.00127271
76      9.4466    0.169882  0.00128129
77     7.90788    0.169729  0.00127367
78     8.17916    0.169651   0.0012597
79     9.58076    0.169929  0.00127435
80     8.47304    0.169923  0.00125834
81     8.03092    0.169808    0.001248
82     8.78404    0.169879  0.00123477
83     8.58844    0.169902  0.00122001
84     8.54888    0.169915  0.00120547
85       7.907    0.169776  0.00119923
86       8.972    0.169889  0.00119052
87      8.4852    0.169887  0.00117676
88     7.62452    0.169689  0.00117999
89      8.6862    0.169734  0.00116753
90     8.41568    0.169719   0.0011546
91     8.06348    0.169626  0.00114561
92     7.81748    0.169481  0.00114224
93       8.065    0.169393  0.00113331
94     8.71772    0.169446  0.00112243
95     9.49256    0.169661  0.00113113
96     8.91128     0.16975  0.00112284
97     9.34856    0.169928  0.00112529
98     7.77384     0.16978  0.00112347
99     7.48756    0.169578  0.00113032
100     8.43048    0.169568    0.001119
101     8.47648    0.169568  0.00110786
102      9.2924    0.169728   0.0011085
103     8.01796    0.169637  0.00110145
104      8.2222    0.169587  0.00109195
105     8.50672    0.169592  0.00108151
106     9.16368    0.169721  0.00107901
107     7.56736    0.169549  0.00108258
108     8.72564    0.169595  0.00107349
109     8.48496    0.169596   0.0010636
110     8.20576    0.169546  0.00105506
111      8.2522    0.169506   0.0010463
112     9.51384    0.169691  0.00105337
113     8.91212    0.169767  0.00104675
114        8.71    0.169806  0.00103825
115     8.50792    0.169809  0.00102919
116     8.46312    0.169804  0.00102029
117     9.23468    0.169931  0.00101951
118      8.2648    0.169892  0.00101159
119     8.66324     0.16992  0.00100346
120     7.79856    0.169804  0.00100183
121     8.55896    0.169816 0.000993576
122      8.1626    0.169762 0.000986866
123     8.36956    0.169743    0.000979
124     8.27228    0.169708 0.000971691
125      8.0092    0.169632 0.000966892
126     7.97084    0.169551 0.000962608
127     8.07904    0.169488 0.000957058
128     8.65824    0.169517 0.000949986
129     9.17292    0.169625 0.000948768
130     9.14332    0.169727 0.000946936
131     8.13852    0.169673 0.000941179
132     9.00748    0.169753 0.000937387
133       7.913    0.169666 0.000934317
134     8.14808    0.169616 0.000928667
135       9.098    0.169708 0.000926287
136     8.59516    0.169724 0.000919592
137      9.0398    0.169805 0.000916426
138     8.38468    0.169789 0.000909889
139     9.16412    0.169886  0.00090852
140       8.596    0.169901 0.000902125
141      8.7168    0.169932 0.000896256
142      8.9394    0.169995 0.000892104
143     9.47892    0.170132 0.000896367
144     8.91332    0.170188 0.000891911
145     7.58316    0.170061 0.000894905
146     9.26204    0.170164 0.000894816
147     7.69124    0.170053 0.000895632
148      8.3938    0.170039 0.000889682
149     7.72792    0.169935 0.000889777
150     8.51844    0.169938  0.00088383
151      8.5912     0.16995 0.000878046
152      8.1762    0.169908 0.000873274
153     9.19588    0.169999 0.000872367
154     8.49932    0.169999 0.000866684
155       9.119    0.170079 0.000864771
156     7.97504    0.170011 0.000861881
157      7.8294    0.169926 0.000860631
158     7.80224    0.169838 0.000859668
159     8.35496    0.169821 0.000854418
160      7.8058    0.169735  0.00085337
161     9.16228    0.169819 0.000852195
162     9.45316    0.169938 0.000855209
163     8.03312    0.169881 0.000851849
164      7.7562    0.169791 0.000851407
165       8.869    0.169837  0.00084748
166      8.1488    0.169796 0.000843372
167      8.0264     0.16974 0.000840142
168      9.0334    0.169805 0.000837656
169     7.98292    0.169745 0.000834846
170     8.23756    0.169716  0.00083044
171     9.24692    0.169805 0.000830355
172       8.293    0.169782 0.000825832
173     8.69216    0.169805  0.00082138
174     8.23464    0.169776 0.000817174
175     8.60328    0.169789 0.000812597
176     8.99564    0.169847 0.000810012
177     8.18176    0.169811 0.000806186
178     8.92512     0.16986  0.00080313
179     8.38756    0.169849 0.000798717
180     7.97248    0.169791 0.000796366
181     8.53376    0.169796 0.000791969
182     7.40468    0.169676 0.000796581
183     8.33612     0.16966  0.00079238
184      8.1064    0.169619 0.000789125
185     8.81336    0.169655  0.00078567
186     7.60968    0.169561 0.000787053
187     8.05756    0.169516 0.000784124
188     8.44748    0.169513 0.000779948
189     8.33548    0.169499 0.000775952
190     8.14972    0.169464 0.000772616
191     8.88692    0.169508  0.00076978
192     9.72076    0.169637 0.000776671
193     8.44488    0.169634 0.000772646
194     8.23508    0.169608 0.000769073
195     8.47772    0.169608 0.000765119
196      8.8242    0.169643 0.000762014
197     9.48784    0.169745  0.00076498
198     9.54936    0.169852 0.000768631
199     8.58508    0.169862 0.000764815
200     9.02496    0.169915 0.000762838
