1    0.418452    0.418452           0
2    0.410172    0.414312  0.00414022
3    0.415406    0.414677  0.00241804
4    0.415278    0.414827  0.00171641
5    0.415513    0.414964  0.00133658
6    0.413225    0.414674  0.00112917
7     0.41754    0.415084  0.00103844
8    0.421039    0.415828  0.00116743
9    0.411935    0.415396  0.00111677
10    0.414997    0.415356 0.000999666
11     0.41538    0.415358 0.000904235
12    0.416078    0.415418 0.000827626
13    0.410266    0.415022 0.000858264
14     0.40508    0.414312  0.00106565
15    0.408038    0.413893  0.00107661
16    0.420164    0.414285  0.00108064
17    0.409759    0.414019  0.00104942
18     0.41223     0.41392 0.000994386
19    0.417471    0.414106 0.000958989
20    0.414092    0.414106 0.000909777
21    0.414692    0.414134  0.00086582
22    0.417871    0.414304 0.000842823
23    0.409295    0.414086 0.000834267
24    0.415574    0.414148 0.000801153
25    0.423368    0.414517 0.000852363
26     0.41824     0.41466  0.00083135
27    0.417672    0.414771 0.000807709
28    0.415963    0.414814 0.000779491
29     0.41047    0.414664 0.000766904
30    0.410643     0.41453 0.000752928
31    0.410869    0.414412 0.000737747
32     0.40872    0.414234 0.000736135
33    0.415432     0.41427 0.000714403
34    0.416908    0.414348   0.0006974
35    0.409784    0.414218 0.000689623
36    0.410836    0.414124 0.000676746
37    0.415368    0.414157  0.00065906
38    0.419869    0.414308 0.000658854
39    0.415871    0.414348 0.000642989
40    0.418195    0.414444 0.000634045
41    0.417463    0.414517 0.000622755
42    0.415789    0.414548 0.000608501
43    0.410717    0.414459 0.000600822
44    0.411255    0.414386 0.000591507
45    0.416571    0.414434 0.000580248
46    0.426401    0.414695 0.000624282
47    0.417036    0.414744 0.000612882
48    0.415686    0.414764 0.000600299
49    0.415428    0.414778 0.000588076
50    0.418013    0.414842 0.000579818
51    0.416174    0.414868 0.000568935
52    0.419919    0.414966  0.00056628
53    0.416412    0.414993 0.000556163
54    0.406106    0.414828 0.000570041
55    0.417624    0.414879 0.000561884
56     0.41996     0.41497  0.00055917
57    0.414501    0.414962 0.000549334
58    0.420338    0.415054 0.000547681
59     0.41606    0.415071 0.000538588
60    0.417882    0.415118 0.000531603
61    0.412741    0.415079 0.000524265
62    0.405149    0.414919 0.000540037
63    0.417207    0.414955 0.000532635
64    0.413576    0.414934 0.000524689
65    0.408978    0.414842 0.000524617
66    0.413049    0.414815 0.000517321
67    0.408184    0.414716 0.000519063
68    0.420636    0.414803  0.00051873
69    0.410141    0.414735 0.000515604
70    0.415327    0.414744 0.000508256
71    0.423981    0.414874 0.000517662
72    0.414784    0.414873 0.000510424
73    0.409767    0.414803 0.000508218
74     0.42103    0.414887 0.000508318
75    0.414091    0.414876 0.000501607
76     0.41652    0.414898 0.000495435
77    0.413885    0.414885 0.000489136
78    0.411367     0.41484 0.000484926
79    0.415632     0.41485 0.000478854
80    0.415016    0.414852 0.000472835
81    0.409056     0.41478 0.000472411
82    0.406179    0.414675 0.000478259
83    0.409943    0.414618  0.00047589
84    0.422651    0.414714 0.000479817
85    0.407164    0.414625 0.000482386
86    0.417105    0.414654 0.000477615
87    0.415103    0.414659 0.000472122
88    0.406948    0.414572 0.000474881
89    0.409647    0.414516 0.000472765
90    0.418472     0.41456 0.000469544
91    0.418634    0.414605 0.000466509
92    0.413716    0.414595 0.000461511
93    0.417782     0.41463 0.000457806
94    0.409303    0.414573 0.000456441
95    0.416838    0.414597  0.00045224
96    0.411236    0.414562 0.000448872
97    0.424183    0.414661  0.00045516
98    0.413397    0.414648 0.000450676
99    0.419186    0.414694 0.000448449
100    0.413029    0.414677 0.000444254
101    0.417687    0.414707 0.000440841
102    0.422882    0.414787 0.000443796
103    0.412039     0.41476 0.000440275
104    0.407036    0.414686 0.000442302
105    0.414615    0.414686 0.000438069
106    0.419048    0.414727 0.000435865
107    0.410084    0.414683 0.000433946
108    0.414496    0.414682 0.000429913
109    0.416415    0.414697 0.000426247
110    0.418466    0.414732 0.000423742
111    0.413718    0.414723 0.000420006
112    0.417561    0.414748  0.00041701
113    0.417672    0.414774 0.000414113
114    0.420525    0.414824 0.000413553
115    0.407274    0.414759 0.000415165
116    0.411411     0.41473 0.000412581
117    0.421656    0.414789 0.000413301
118    0.416075      0.4148 0.000409929
119    0.416617    0.414815 0.000406756
120    0.408469    0.414762 0.000406804
121    0.421305    0.414816 0.000407035
122    0.414462    0.414813 0.000403696
123     0.41337    0.414802 0.000400572
124    0.421608    0.414857 0.000401102
125    0.418616    0.414887 0.000399015
126    0.410196    0.414849 0.000397582
127    0.413881    0.414842 0.000394513
128    0.410924    0.414811 0.000392613
129    0.421312    0.414862 0.000392804
130    0.418188    0.414887  0.00039061
131    0.416613      0.4149 0.000387841
132     0.41476    0.414899 0.000384893
133    0.416717    0.414913 0.000382232
134    0.412179    0.414893 0.000379917
135     0.41407    0.414886 0.000377142
136     0.40984    0.414849 0.000376193
137    0.407148    0.414793 0.000377644
138     0.41844     0.41482 0.000375828
139    0.413795    0.414812 0.000373187
140    0.419237    0.414844 0.000371858
141    0.417101     0.41486 0.000369558
142    0.414148    0.414855  0.00036698
143    0.414737    0.414854 0.000364406
144    0.413059    0.414841 0.000362081
145    0.422198    0.414892 0.000363137
146    0.415039    0.414893 0.000360642
147    0.422725    0.414947 0.000362122
148    0.411463    0.414923 0.000360436
149    0.407614    0.414874 0.000361354
150    0.416985    0.414888 0.000359212
151    0.416299    0.414897 0.000356948
152    0.416796     0.41491 0.000354812
153     0.41942    0.414939 0.000353715
154    0.404218     0.41487 0.000358241
155    0.413195    0.414859 0.000356086
156    0.410286     0.41483 0.000355009
157    0.420633    0.414867 0.000354672
158    0.416659    0.414878 0.000352602
159    0.415374    0.414881 0.000350392
160    0.418823    0.414906 0.000349065
161    0.416753    0.414917  0.00034708
162    0.410939    0.414893 0.000345804
163    0.413437    0.414884 0.000343792
164    0.418753    0.414907 0.000342503
165    0.416484    0.414917 0.000340555
166    0.417284    0.414931 0.000338797
167    0.419108    0.414956  0.00033769
168    0.410951    0.414932 0.000336519
169    0.411042    0.414909 0.000335313
170    0.409564    0.414878 0.000334814
171    0.408435     0.41484 0.000334976
172    0.418219     0.41486 0.000333602
173    0.415085    0.414861  0.00033167
174    0.415457    0.414864 0.000329776
175    0.422568    0.414908 0.000330828
176    0.411682     0.41489 0.000329454
177    0.409745    0.414861 0.000328874
178    0.420751    0.414894 0.000328691
179    0.417053    0.414906 0.000327072
180    0.415584     0.41491 0.000325272
181    0.410066    0.414883 0.000324575
182    0.414511    0.414881 0.000322793
183    0.409995    0.414854 0.000322133
184    0.407104    0.414812 0.000323135
185    0.411102    0.414792 0.000322008
186    0.414714    0.414792 0.000320273
187    0.415301    0.414795 0.000318567
188    0.409676    0.414767 0.000318036
189    0.413883    0.414763 0.000316383
190     0.41088    0.414742 0.000315376
191    0.417913    0.414759  0.00031416
192    0.402792    0.414697 0.000318674
193    0.414324    0.414695 0.000317024
194    0.416222    0.414702 0.000315484
195    0.419882    0.414729 0.000314984
196    0.416935     0.41474 0.000313575
197    0.418675     0.41476 0.000312617
198    0.409696    0.414735 0.000312084
199    0.417948    0.414751 0.000310932
200    0.417276    0.414763 0.000309631
1    0.418072    0.418072           0
2    0.407973    0.413022  0.00504975
3    0.417832    0.414626  0.00332725
4    0.414005    0.414471  0.00235782
5    0.411872    0.413951  0.00189886
6    0.418303    0.414676  0.00171167
7    0.417673    0.415104  0.00150864
8    0.424997    0.416341  0.00179892
9    0.416013    0.416305  0.00158691
10    0.417722    0.416446  0.00142644
11    0.416916    0.416489  0.00129097
12    0.412546     0.41616  0.00122344
13    0.413374    0.415946  0.00114564
14      0.4064    0.415264   0.0012609
15    0.412565    0.415084  0.00118754
16    0.415983     0.41514  0.00111227
17    0.413496    0.415044  0.00104926
18    0.413575    0.414962 0.000992612
19     0.41906    0.415178 0.000963375
20    0.416632    0.415251 0.000916826
21    0.415684    0.415271  0.00087232
22    0.417932    0.415392 0.000840473
23    0.407411    0.415045 0.000874861
24    0.415694    0.415072 0.000838052
25    0.421849    0.415343 0.000848302
26     0.41584    0.415362 0.000815246
27    0.416347    0.415399 0.000785317
28    0.417684     0.41548 0.000761141
29    0.412539    0.415379 0.000741395
30    0.414288    0.415343 0.000717178
31    0.410182    0.415176 0.000713354
32    0.407994    0.414952 0.000726249
33    0.416946    0.415012 0.000706486
34    0.418145    0.415104  0.00069156
35    0.410233    0.414965 0.000685782
36    0.409148    0.414804 0.000685769
37    0.417145    0.414867 0.000669973
38    0.420452    0.415014 0.000668463
39    0.416908    0.415062 0.000652907
40    0.416837    0.415107 0.000637919
41    0.419497    0.415214 0.000631313
42    0.415551    0.415222 0.000616151
43    0.413935    0.415192 0.000602394
44    0.411007    0.415097 0.000596181
45    0.416874    0.415136 0.000584119
46    0.425999    0.415372 0.000618163
47    0.416091    0.415388 0.000605061
48    0.415167    0.415383 0.000592339
49    0.416171    0.415399 0.000580347
50    0.417125    0.415434 0.000569668
51    0.416903    0.415463 0.000559129
52    0.417536    0.415502 0.000549719
53     0.41774    0.415545 0.000540897
54    0.408011    0.415405 0.000548813
55     0.41539    0.415405 0.000538742
56     0.42137    0.415511 0.000539652
57    0.417005    0.415538 0.000530747
58    0.421139    0.415634 0.000530383
59    0.416905    0.415656  0.00052176
60    0.419604    0.415721 0.000517195
61    0.413947    0.415692 0.000509477
62    0.404929    0.415519 0.000530406
63    0.417923    0.415557 0.000523312
64    0.411513    0.415494 0.000518932
65    0.414581     0.41548 0.000511079
66    0.410579    0.415405 0.000508725
67    0.410347     0.41533  0.00050673
68    0.422515    0.415436 0.000510281
69    0.409656    0.415352  0.00050976
70    0.417996     0.41539 0.000503843
71    0.423513    0.415504 0.000509704
72    0.417877    0.415537 0.000503654
73     0.40886    0.415446 0.000505059
74    0.419964    0.415507 0.000501915
75    0.412544    0.415467  0.00049675
76    0.413997    0.415448 0.000490552
77    0.416047    0.415455 0.000484201
78    0.408872    0.415371 0.000485348
79    0.413766    0.415351 0.000479596
80    0.413219    0.415324 0.000474312
81    0.408966    0.415246 0.000474951
82     0.40828    0.415161 0.000476753
83     0.40974    0.415095  0.00047548
84    0.422372    0.415182 0.000477706
85    0.406605    0.415081 0.000482718
86    0.413204    0.415059 0.000477571
87    0.415095     0.41506  0.00047205
88     0.40977       0.415  0.00047051
89    0.410513    0.414949 0.000467917
90    0.419712    0.415002 0.000465705
91    0.420138    0.415059 0.000464005
92    0.410666    0.415011  0.00046141
93    0.417678    0.415039 0.000457321
94    0.405852    0.414942 0.000462867
95    0.416858    0.414962 0.000458413
96    0.411818    0.414929 0.000454793
97    0.424314    0.415026 0.000460361
98    0.413505     0.41501 0.000455904
99    0.417547    0.415036 0.000452002
100     0.41333    0.415019 0.000447784
101     0.41763    0.415045 0.000444081
102    0.420351    0.415097 0.000442773
103    0.409768    0.415045 0.000441495
104    0.409836    0.414995 0.000440089
105    0.414603    0.414991 0.000435893
106    0.419894    0.415038 0.000434232
107    0.412562    0.415014 0.000430777
108    0.415161    0.415016 0.000426771
109    0.416074    0.415025 0.000422949
110     0.42058    0.415076 0.000422118
111    0.410291    0.415033 0.000420513
112    0.416634    0.415047 0.000416987
113    0.418328    0.415076 0.000414298
114    0.419772    0.415117 0.000412709
115    0.408102    0.415056 0.000413628
116    0.409116    0.415005 0.000413231
117    0.423464    0.415077 0.000416015
118    0.415358     0.41508 0.000412481
119    0.419449    0.415117 0.000410645
120    0.410892    0.415081 0.000408727
121    0.420923     0.41513   0.0004082
122    0.414914    0.415128 0.000404844
123    0.413933    0.415118 0.000401657
124     0.42287    0.415181  0.00040328
125    0.417929    0.415203 0.000400644
126    0.409783     0.41516 0.000399773
127    0.412954    0.415142 0.000396993
128    0.412356     0.41512  0.00039448
129    0.420764    0.415164 0.000393848
130    0.419634    0.415199 0.000392316
131    0.418233    0.415222 0.000389998
132    0.417316    0.415238 0.000387357
133    0.413559    0.415225 0.000384641
134    0.412815    0.415207 0.000382183
135    0.414775    0.415204 0.000379355
136    0.415156    0.415203 0.000376556
137    0.404513    0.415125 0.000381855
138    0.419981    0.415161 0.000380708
139    0.412451    0.415141 0.000378461
140    0.419238     0.41517 0.000376886
141     0.41722    0.415185 0.000374485
142    0.412664    0.415167 0.000372262
143    0.413467    0.415155 0.000369841
144    0.412362    0.415136 0.000367776
145    0.423227    0.415192 0.000369468
146     0.41632    0.415199  0.00036701
147    0.422855    0.415252 0.000368207
148    0.409748    0.415214 0.000367596
149    0.407208    0.415161 0.000369053
150    0.415929    0.415166 0.000366621
151    0.416803    0.415177 0.000364346
152    0.415178    0.415177 0.000361941
153    0.421861     0.41522 0.000362212
154    0.403451    0.415144 0.000367878
155    0.414234    0.415138 0.000365544
156    0.410403    0.415108 0.000364459
157    0.417628    0.415124 0.000362486
158    0.415314    0.415125 0.000360187
159    0.416483    0.415133 0.000358016
160    0.414983    0.415132 0.000355773
161    0.415933    0.415137 0.000353591
162    0.413025    0.415124 0.000351643
163    0.416842    0.415135 0.000349638
164    0.417176    0.415147 0.000347722
165    0.417808    0.415164 0.000345985
166    0.415359    0.415165 0.000343896
167    0.422087    0.415206 0.000344334
168    0.411732    0.415185 0.000342903
169     0.41061    0.415158 0.000341941
170    0.413666     0.41515 0.000340037
171    0.407172    0.415103 0.000341247
172    0.416408    0.415111 0.000339342
173    0.412814    0.415097 0.000337636
174    0.415783    0.415101 0.000335713
175    0.421486    0.415138 0.000335777
176    0.412043     0.41512 0.000334327
177    0.411507      0.4151 0.000333059
178    0.419613    0.415125 0.000332152
179    0.419327    0.415149 0.000331124
180    0.415003    0.415148  0.00032928
181    0.414691    0.415145 0.000327466
182      0.4164    0.415152 0.000325735
183    0.410656    0.415128  0.00032488
184    0.408953    0.415094 0.000324848
185     0.40988    0.415066 0.000324314
186    0.417594    0.415079 0.000322852
187    0.415365    0.415081 0.000321124
188    0.410906    0.415059 0.000320182
189    0.413486     0.41505 0.000318592
190    0.411167     0.41503  0.00031757
191    0.418437    0.415048 0.000316406
192    0.406307    0.415002 0.000318029
193    0.418276    0.415019 0.000316831
194    0.414795    0.415018 0.000315196
195    0.420318    0.415045 0.000314751
196    0.416778    0.415054 0.000313266
197    0.416785    0.415063 0.000311795
198    0.407245    0.415023 0.000312719
199     0.41973    0.415047 0.000312041
200    0.416237    0.415053 0.000310534
