1.48154           0
1.48103  0.00050826
1.47698  0.00406215
1.47839      0.0032
1.47484  0.00433293
1.47415   0.0036038
1.47249  0.00347064
1.4739  0.00331966
1.47358  0.00294423
1.47319  0.00266342
1.47072  0.00344673
1.47225  0.00349995
1.46959  0.00417993
1.46909  0.00390123
1.46848  0.00368257
1.47011  0.00381038
1.47164  0.00389076
1.47213   0.0037005
1.4705  0.00385823
1.46934  0.00384151
1.46981  0.00368466
1.47011  0.00352614
1.46992  0.00337507
1.46946  0.00326305
1.46952  0.00313039
1.46983  0.00302277
1.46892  0.00304564
1.46846  0.00297158
1.46757  0.00300152
1.46639  0.00312946
1.46565  0.00311735
1.46578  0.00302141
1.46598  0.00293481
1.46536   0.0029124
1.46541  0.00282842
1.46564  0.00275807
1.4661  0.00272209
1.46704  0.00281134
1.46701  0.00273857
1.4674  0.00269763
1.46707  0.00265186
1.46666  0.00261908
1.466  0.00264244
1.46645  0.00262018
1.4664  0.00256174
1.46676  0.00253201
1.46692  0.00248229
1.46711  0.00243785
1.46762  0.00244106
1.4685  0.00254848
1.4685  0.00249801
1.46804  0.00249201
1.46833  0.00246124
1.46899  0.00250295
1.46948  0.00250567
1.46963  0.00246511
1.46925  0.00245113
1.46924  0.00240852
1.46954  0.00238562
1.46968   0.0023499
1.46965  0.00231119
1.46965  0.00227362
1.46967  0.00223742
1.46985  0.00220935
1.46997  0.00217851
1.47004  0.00214643
1.4701  0.00211478
1.47003  0.00208463
1.46974  0.00207397
1.46964  0.00204658
1.46958   0.0020184
1.46972  0.00199498
1.46928  0.00201631
1.46944  0.00199575
1.46948  0.00196925
1.46936   0.0019471
1.46937  0.00192169
1.46951  0.00190228
1.46929  0.00189171
1.46934  0.00186863
1.46952  0.00185449
1.4696  0.00183334
1.4694  0.00182129
1.46941  0.00179948
1.46945  0.00177865
1.46961  0.00176503
1.46941  0.00175594
1.46938  0.00173613
1.46942  0.00171707
1.46946  0.00169841
1.46954  0.00168139
1.46963  0.00166554
1.46948  0.00165463
1.46963   0.0016435
1.46958  0.00162685
1.46948  0.00161267
1.46967  0.00160708
1.46975  0.00159245
1.46992  0.00158554
1.47001  0.00157224
1.47008   0.0015581
1.47009  0.00154278
1.47001   0.0015297
1.47006  0.00151588
1.47007  0.00150143
1.46988  0.00149963
1.46981  0.00148747
1.46954  0.00149706
1.46938  0.00149207
1.46924  0.00148544
1.46896  0.00149742
1.46898  0.00148406
1.46883  0.00147768
1.46888  0.00146537
1.4689  0.00145276
1.46891  0.00144019
1.46898  0.00142946
1.4691  0.00142249
1.46886  0.00143115
1.46875  0.00142318
1.4688  0.00141214
1.46908  0.00142825
1.46926  0.00142831
1.46927  0.00141677
1.46922  0.00140624
1.46914   0.0013973
1.46902  0.00139115
1.46898  0.00138079
1.46901   0.0013703
1.46906  0.00136071
1.46884  0.00136895
1.4688  0.00135895
1.46862  0.00136083
1.46872  0.00135402
1.46868  0.00134458
1.46852  0.00134383
1.46855  0.00133424
1.46857  0.00132482
1.46866  0.00131778
1.46865  0.00130833
1.46851  0.00130693
1.4685  0.00129776
1.46854  0.00128922
1.46867  0.00128759
1.46886  0.00129239
1.46862    0.001307
1.46866  0.00129873
1.46862  0.00129044
1.4687  0.00128424
1.46875  0.00127684
1.46883  0.00127061
1.46872  0.00126675
1.46871  0.00125853
1.46886  0.00125909
1.4688  0.00125221
1.46882  0.00124429
1.46882  0.00123633
1.46899  0.00124094
1.46906  0.00123468
1.46886   0.0012431
1.46879  0.00123705
1.46884  0.00123045
1.46884  0.00122288
1.46886  0.00121552
1.46886  0.00120814
1.46877  0.00120382
1.46873  0.00119726
1.46875  0.00119025
1.46882   0.0011851
1.46878  0.00117861
1.46869  0.00117531
1.46867  0.00116869
1.46863  0.00116253
1.46873  0.00116035
1.46867  0.00115519
1.46886  0.00116382
1.46876  0.00116184
1.46867  0.00115843
1.46875    0.001155
1.46874  0.00114861
1.46873  0.00114239
1.46866  0.00113792
1.46871  0.00113253
1.46856  0.00113546
1.4684  0.00114148
1.46841  0.00113546
1.46833  0.00113256
1.4683  0.00112701
1.46823  0.00112293
1.46833  0.00112116
1.46838  0.00111651
1.46849  0.00111653
1.46839  0.00111569
1.46847  0.00111266
1.46845  0.00110714
1.46845  0.00110149
1.46845  0.00109588
1.46844  0.00109037
1.46834  0.00108977
1.4683  0.00108492
1.48162           0
1.47638  0.00523636
1.47382  0.00396096
1.47571  0.00337496
1.47509  0.00268662
1.47277   0.0031878
1.47119  0.00312455
1.47159  0.00273456
1.47163  0.00241198
1.47135  0.00217514
1.46868  0.00331844
1.46999  0.00330277
1.46732  0.00404621
1.467  0.00375958
1.46706  0.00350047
1.46864  0.00363463
1.47006  0.00369943
1.47053  0.00351859
1.46907  0.00363225
1.46819  0.00355643
1.46876    0.003431
1.46927  0.00331015
1.46933  0.00316355
1.46902  0.00304472
1.46943  0.00294916
1.46952  0.00283489
1.46829   0.0029944
1.46814  0.00288912
1.46721  0.00294057
1.46593  0.00311556
1.46523  0.00309377
1.46523  0.00299553
1.46543  0.00291082
1.46483  0.00288887
1.46495  0.00280806
1.46524  0.00274381
1.4656  0.00269335
1.46652  0.00277619
1.4667  0.00271005
1.46705   0.0026652
1.46685  0.00260754
1.46649  0.00256899
1.46567   0.0026387
1.46605   0.0026051
1.46594  0.00254879
1.46609  0.00249719
1.46639  0.00246124
1.46659  0.00241781
1.46692  0.00239184
1.46781  0.00250571
1.46781  0.00245609
1.46717  0.00249182
1.46729  0.00244701
1.46795  0.00249063
1.46837  0.00248069
1.46854  0.00244206
1.46814  0.00243257
1.46822  0.00239156
1.46849  0.00236634
1.4686  0.00232945
1.46862  0.00229098
1.46863  0.00225379
1.46877  0.00222218
1.46887  0.00218929
1.46907  0.00216449
1.46924  0.00213838
1.46907  0.00211332
1.46901  0.00208278
1.46872   0.0020726
1.46864  0.00204444
1.46862  0.00201555
1.46868   0.0019882
1.46835  0.00198726
1.4684  0.00196069
1.46834  0.00193521
1.46829  0.00191022
1.46824  0.00188586
1.46845  0.00187368
1.4683  0.00185585
1.46828  0.00183272
1.46851  0.00182461
1.46857  0.00180334
1.4684   0.0017894
1.46831  0.00177054
1.4683  0.00174959
1.46845  0.00173535
1.46826  0.00172621
1.46823  0.00170663
1.4683  0.00168865
1.46831  0.00166979
1.46846   0.0016582
1.4686  0.00164595
1.46847  0.00163322
1.46867  0.00162894
1.46861  0.00161286
1.46849  0.00160101
1.46858  0.00158742
1.4687  0.00157571
1.46889  0.00157072
1.46894  0.00155562
1.46899  0.00154096
1.4689  0.00152805
1.46883  0.00151488
1.4689  0.00150176
1.46891  0.00148741
1.46874  0.00148227
1.46862  0.00147328
1.46841  0.00147531
1.46826   0.0014688
1.46818  0.00145766
1.46787  0.00147762
1.46787  0.00146437
1.4678  0.00145339
1.46785  0.00144172
1.46798  0.00143508
1.468  0.00142275
1.46802   0.0014107
1.46821    0.001412
1.46805  0.00140936
1.46802  0.00139808
1.46811  0.00138944
1.46834  0.00139742
1.46852  0.00139741
1.46858  0.00138776
1.46864  0.00137786
1.46862  0.00136708
1.46854  0.00135859
1.46848  0.00134949
1.46843  0.00133968
1.46842   0.0013294
1.46819  0.00133942
1.46813  0.00133042
1.46785  0.00135004
1.46797  0.00134552
1.46794  0.00133586
1.4678  0.00133328
1.46785  0.00132439
1.46786  0.00131477
1.46797  0.00131051
1.46796  0.00130122
1.46786  0.00129564
1.4678  0.00128793
1.46783  0.00127932
1.46793   0.0012739
1.4681  0.00127688
1.46786   0.0012911
1.4679  0.00128316
1.46791  0.00127447
1.46799  0.00126859
1.46806   0.0012619
1.46818  0.00125969
1.46805  0.00125846
1.4681  0.00125104
1.46831  0.00126179
1.46827  0.00125456
1.46824  0.00124676
1.46821  0.00123916
1.4684  0.00124647
1.46845  0.00123944
1.46824  0.00124864
1.46819  0.00124188
1.46824  0.00123508
1.46826  0.00122756
1.46825  0.00122009
1.46824  0.00121268
1.46814  0.00120948
1.46811  0.00120277
1.46811   0.0011956
1.46817  0.00119018
1.46816  0.00118325
1.46815  0.00117633
1.46812  0.00117001
1.46804  0.00116595
1.46812  0.00116217
1.46808  0.00115617
1.46828  0.00116711
1.46813  0.00117041
1.46803  0.00116765
1.46805  0.00116123
1.46803    0.001155
1.46801  0.00114875
1.46793  0.00114493
1.46802  0.00114191
1.46787  0.00114508
1.46769  0.00115376
1.46768  0.00114762
1.46759  0.00114482
1.46757  0.00113888
1.46753  0.00113365
1.46762  0.00113122
1.46768  0.00112734
1.46782  0.00112931
1.4677  0.00112982
1.46775  0.00112527
1.46776   0.0011195
1.46773  0.00111414
1.46775  0.00110875
1.46774  0.00110325
1.46769  0.00109856
1.46768  0.00109315
