8.50215           0
8.36961    0.132533
8.42432     0.09406
8.4676   0.0793538
8.47495   0.0619053
8.46077   0.0524977
8.49879    0.058429
8.46669   0.0599213
8.47497     0.05349
8.45254   0.0528403
8.49911   0.0667319
8.48579   0.0623567
8.52641   0.0702879
8.54855   0.0687374
8.56259   0.0655122
8.58539   0.0653867
8.60252   0.0637628
8.5862   0.0622922
8.5663   0.0621894
8.57401   0.0594997
8.56835   0.0568779
8.55649   0.0555129
8.55847   0.0530814
8.56301   0.0510236
8.56287   0.0489403
8.55914   0.0471677
8.55917   0.0453871
8.56061   0.0437596
8.56963   0.0431769
8.57349    0.041891
8.57605   0.0405982
8.58579   0.0404962
8.592   0.0397395
8.59877   0.0391412
8.59953   0.0380141
8.59716   0.0370186
8.60546   0.0369483
8.62806    0.042472
8.61585   0.0431328
8.62242    0.042552
8.62358   0.0415172
8.62629   0.0406076
8.61973   0.0401921
8.6084   0.0408679
8.60677    0.039983
8.61745   0.0405361
8.61466   0.0397622
8.61031   0.0391673
8.61211    0.038402
8.61533   0.0377639
8.61876   0.0371745
8.61682   0.0365043
8.61938   0.0359005
8.62971   0.0367113
8.62433   0.0364364
8.63267   0.0367396
8.63399   0.0361135
8.63621   0.0355547
8.6382   0.0350034
8.638   0.0344157
8.64548   0.0346638
8.643   0.0341904
8.64387   0.0336546
8.64597   0.0331908
8.6454    0.032681
8.6449   0.0321859
8.64418   0.0317102
8.64179   0.0313316
8.6405   0.0309012
8.64748   0.0312457
8.64834   0.0308145
8.64985   0.0304211
8.64739    0.030102
8.64512   0.0297789
8.64792   0.0295115
8.64881   0.0291343
8.65647   0.0297552
8.65831   0.0294291
8.66065   0.0291481
8.65966   0.0287985
8.6587   0.0284571
8.65247   0.0287899
8.6556   0.0286128
8.65225    0.028468
8.64908   0.0283093
8.65642   0.0289257
8.65401   0.0286928
8.65731    0.028557
8.65822   0.0282488
8.65449   0.0281808
8.65407   0.0278726
8.65409    0.027568
8.65933   0.0277671
8.65833    0.027488
8.65668   0.0272474
8.66053   0.0272365
8.66264   0.0270367
8.66286   0.0267603
8.65679   0.0271747
8.65756   0.0269126
8.65684   0.0266547
8.66019   0.0266044
8.6639   0.0266044
8.66205   0.0264119
8.66098   0.0261813
8.66357   0.0260626
8.66039   0.0260136
8.65965    0.025782
8.66433   0.0259689
8.66594   0.0257824
8.66161   0.0259134
8.65717   0.0260633
8.65447   0.0259721
8.65209    0.025853
8.64951   0.0257564
8.65138   0.0256019
8.64958   0.0254462
8.6463   0.0254424
8.64625   0.0252277
8.6442   0.0251003
8.64264    0.024941
8.63939   0.0249484
8.6363   0.0249361
8.63506   0.0247657
8.63259   0.0246901
8.63432    0.024554
8.63291   0.0244002
8.63206   0.0242238
8.63184   0.0240363
8.63198    0.023851
8.63108   0.0236854
8.63172    0.023514
8.63244   0.0233477
8.63482   0.0232944
8.63235   0.0232523
8.63584   0.0233431
8.63403   0.0232429
8.63394    0.023074
8.63291   0.0229306
8.63278   0.0227667
8.63207   0.0226156
8.63074   0.0224954
8.63095   0.0223385
8.6298   0.0222122
8.6323   0.0221991
8.6334   0.0220738
8.63257   0.0219386
8.63525   0.0219546
8.63202   0.0220448
8.63369   0.0219605
8.63576   0.0219123
8.63547   0.0217695
8.63528   0.0216276
8.63534   0.0214868
8.63564   0.0213498
8.63697   0.0212541
8.63576   0.0211533
8.6346   0.0210509
8.6335   0.0209467
8.63457    0.020843
8.63679   0.0208316
8.63876   0.0207955
8.63826   0.0206736
8.63712   0.0205784
8.63618   0.0204748
8.63525   0.0203727
8.6361   0.0202684
8.63417   0.0202394
8.63289   0.0201599
8.63343   0.0200481
8.63407   0.0199407
8.63371   0.0198275
8.63352   0.0197135
8.63364   0.0196002
8.63455    0.019509
8.63536    0.019415
8.63585   0.0193111
8.63626   0.0192068
8.63718   0.0191212
8.63825   0.0190448
8.63678   0.0189964
8.63716   0.0188955
8.63926   0.0189087
8.64136   0.0189226
8.64102   0.0188231
8.64054   0.0187277
8.64068   0.0186279
8.63791   0.0187357
8.64083   0.0188641
8.64009    0.018779
8.64087   0.0186964
8.64036   0.0186057
8.64048   0.0185095
8.64256   0.0185311
8.63994   0.0186217
8.64032   0.0185304
8.64047   0.0184367
8.63951   0.0183683
8.63757   0.0183788
8.63653   0.0183162
8.52653           0
8.37134    0.155186
8.43107    0.107682
8.4732   0.0870207
8.47791   0.0675702
8.46464   0.0567452
8.50165   0.0605814
8.46814   0.0622563
8.47631   0.0555093
8.45356   0.0546111
8.50045   0.0681108
8.48665    0.063691
8.52802   0.0717257
8.5498   0.0698838
8.56376   0.0665402
8.58645   0.0662481
8.6041   0.0646835
8.58732   0.0632491
8.5674   0.0630565
8.57512    0.060316
8.56914   0.0576823
8.55796   0.0561245
8.55961   0.0536544
8.56418   0.0515731
8.56401   0.0494675
8.56045   0.0476595
8.56039   0.0458604
8.56148   0.0442058
8.56998   0.0434912
8.57354   0.0421672
8.57608   0.0408633
8.5857   0.0407195
8.59192   0.0399529
8.59879   0.0393651
8.5995   0.0382304
8.59732    0.037217
8.60596   0.0372137
8.62877   0.0428063
8.61654   0.0434527
8.62318   0.0428696
8.62395    0.041818
8.62709   0.0409315
8.62062   0.0404895
8.60915   0.0411867
8.60736   0.0403011
8.61827   0.0408976
8.61535   0.0401242
8.61121   0.0394965
8.61297   0.0387217
8.6161   0.0380682
8.61948   0.0374673
8.61747   0.0367943
8.61995   0.0361788
8.6302     0.03695
8.62455   0.0367094
8.63269   0.0369555
8.63395   0.0363234
8.63614    0.035759
8.63803   0.0351983
8.63775   0.0346078
8.6452   0.0348415
8.6427   0.0343657
8.64357   0.0338271
8.64559   0.0333556
8.6451   0.0328421
8.64444   0.0323475
8.64379   0.0318675
8.64158   0.0314732
8.64041   0.0310357
8.64775   0.0314573
8.64859   0.0310223
8.65017   0.0306293
8.64771    0.030307
8.64545   0.0299799
8.64808   0.0296941
8.64894   0.0293135
8.65668   0.0299483
8.65852   0.0296189
8.66084   0.0293336
8.65975   0.0289852
8.65881   0.0286404
8.65241   0.0290037
8.65555   0.0288237
8.65204   0.0286939
8.64876   0.0285435
8.65608    0.029144
8.65361   0.0289129
8.6569   0.0287714
8.65791   0.0284641
8.65421   0.0283876
8.65386   0.0280762
8.65379   0.0277694
8.659    0.027958
8.65801   0.0276765
8.65647   0.0274273
8.66041   0.0274254
8.66248   0.0272197
8.66283   0.0269428
8.65668   0.0273691
8.6574   0.0271035
8.6567   0.0268428
8.66009   0.0267945
8.66369   0.0267754
8.66187   0.0265788
8.66092   0.0263415
8.66356   0.0262243
8.66025   0.0261878
8.65943   0.0259573
8.66397    0.026117
8.66562   0.0259309
8.66135   0.0260483
8.65692   0.0261932
8.65431    0.026091
8.65205   0.0259595
8.64944   0.0258649
8.6513   0.0257085
8.64947   0.0255539
8.6461   0.0255587
8.64604   0.0253431
8.64403   0.0252115
8.64245   0.0250523
8.63931    0.025044
8.63617   0.0250366
8.63487   0.0248682
8.63237   0.0247946
8.63414    0.024661
8.63268   0.0245097
8.63187   0.0243308
8.6316    0.024143
8.63161   0.0239566
8.63078   0.0237876
8.63145   0.0236164
8.63222   0.0234509
8.63461   0.0233971
8.63215   0.0233527
8.63574    0.023456
8.63394   0.0233532
8.63385   0.0231835
8.63286   0.0230376
8.63271   0.0228729
8.63199   0.0227214
8.63071   0.0225973
8.63083    0.022439
8.62977   0.0223079
8.63237   0.0223057
8.63347   0.0221796
8.63268   0.0220423
8.6354   0.0220617
8.63225   0.0221384
8.63393   0.0220541
8.63595   0.0220003
8.63561   0.0218577
8.63534    0.021716
8.63542   0.0215746
8.63566   0.0214364
8.63699   0.0213397
8.63579   0.0212369
8.63469   0.0211307
8.63369   0.0210212
8.6347   0.0209138
8.63696   0.0209057
8.63893   0.0208696
8.63845   0.0207467
8.63733   0.0206506
8.63626   0.0205525
8.63526   0.0204528
8.63615   0.0203495
8.63421   0.0203208
8.63284   0.0202469
8.63334   0.0201338
8.63404   0.0200277
8.6336   0.0199156
8.63341    0.019801
8.63357   0.0196876
8.63449   0.0195962
8.6353   0.0195014
8.63586   0.0193989
8.63631    0.019295
8.63732   0.0192132
8.63839   0.0191362
8.63694   0.0190855
8.63726    0.018983
8.6393   0.0189888
8.64134   0.0189953
8.64106   0.0188943
8.6406   0.0187981
8.64073   0.0186978
8.63788   0.0188151
8.64078   0.0189395
8.64004   0.0188542
8.64094   0.0187771
8.64041   0.0186866
8.64058   0.0185904
8.64271   0.0186165
8.64009   0.0187063
8.64051   0.0186153
8.6407   0.0185216
8.63976    0.018452
8.63785   0.0184577
8.63681   0.0183944
