1    -0.78159    -0.78159           0
2    -0.78331    -0.78245     0.00086
3   -0.782878   -0.782593 0.000516611
4   -0.782616   -0.782599 0.000365344
5    -0.78471   -0.783021  0.00050837
6   -0.783125   -0.783038 0.000415442
7   -0.783178   -0.783058 0.000351675
8   -0.781614   -0.782878 0.000354022
9   -0.783014   -0.782893 0.000312587
10    -0.78096     -0.7827 0.000339901
11   -0.782552   -0.782686 0.000307745
12   -0.782078   -0.782636 0.000285461
13   -0.784054   -0.782745 0.000284364
14   -0.782094   -0.782698 0.000267337
15   -0.784414   -0.782813 0.000273914
16   -0.783779   -0.782873 0.000263247
17    -0.78356   -0.782914 0.000250557
18   -0.780189   -0.782762 0.000280566
19   -0.781117   -0.782676  0.00027916
20   -0.783747   -0.782729   0.0002702
21   -0.782227   -0.782705 0.000258121
22   -0.781875   -0.782667 0.000248983
23   -0.783874    -0.78272 0.000243623
24   -0.782589   -0.782714 0.000233315
25   -0.783056   -0.782728 0.000224204
26   -0.782286   -0.782711 0.000216078
27   -0.781126   -0.782652 0.000216046
28   -0.783733   -0.782691 0.000211733
29   -0.782934   -0.782699 0.000204474
30   -0.781504    -0.78266 0.000201519
31   -0.782925   -0.782668 0.000195098
32    -0.78461   -0.782729 0.000198407
33   -0.782368   -0.782718 0.000192611
34   -0.784274   -0.782764 0.000192381
35   -0.783546   -0.782786 0.000188135
36   -0.784306   -0.782828 0.000187644
37    -0.78292   -0.782831 0.000182519
38   -0.786766   -0.782934 0.000205638
39   -0.780603   -0.782874 0.000209023
40   -0.783456   -0.782889 0.000204249
41   -0.781899   -0.782865 0.000200662
42   -0.780421   -0.782807  0.00020429
43   -0.782098    -0.78279 0.000200163
44   -0.780787   -0.782745 0.000200789
45   -0.781806   -0.782724 0.000197381
46    -0.78303    -0.78273 0.000193157
47   -0.781458   -0.782703 0.000190933
48    -0.78279   -0.782705 0.000186922
49   -0.783922    -0.78273 0.000184743
50   -0.781973   -0.782715 0.000181643
51   -0.782392   -0.782709 0.000178158
52    -0.78037   -0.782664 0.000180396
53   -0.781566   -0.782643 0.000178166
54   -0.784728   -0.782681 0.000179049
55   -0.783902   -0.782704  0.00017716
56   -0.784091   -0.782728 0.000175723
57    -0.78321   -0.782737 0.000172819
58    -0.78419   -0.782762 0.000171652
59   -0.782648    -0.78276 0.000168729
60   -0.782576   -0.782757 0.000165921
61   -0.785072   -0.782795 0.000167534
62   -0.783125     -0.7828 0.000164895
63    -0.78377   -0.782816 0.000162985
64   -0.782997   -0.782818 0.000160443
65   -0.783584    -0.78283 0.000158394
66   -0.784918   -0.782862 0.000159152
67   -0.782891   -0.782862 0.000156759
68   -0.782571   -0.782858 0.000154496
69   -0.782094   -0.782847 0.000152642
70   -0.785603   -0.782886 0.000155513
71   -0.781752    -0.78287 0.000154137
72   -0.781418    -0.78285 0.000153315
73   -0.782986   -0.782852 0.000151212
74   -0.781294   -0.782831 0.000150632
75   -0.781517   -0.782813  0.00014964
76   -0.783762   -0.782826 0.000148184
77   -0.784557   -0.782848 0.000147964
78    -0.78477   -0.782873 0.000148117
79   -0.783664   -0.782883 0.000146572
80   -0.781851    -0.78287 0.000145302
81   -0.782389   -0.782864  0.00014362
82   -0.782115   -0.782855 0.000142152
83   -0.783502   -0.782863 0.000140645
84   -0.780816   -0.782839 0.000141081
85   -0.781394   -0.782822 0.000140444
86    -0.78476   -0.782844 0.000140619
87   -0.781435   -0.782828 0.000139934
88    -0.78433   -0.782845 0.000139383
89   -0.783344   -0.782851 0.000137922
90   -0.782445   -0.782846 0.000136456
91   -0.782717   -0.782845 0.000134955
92   -0.781176   -0.782826 0.000134707
93   -0.784059    -0.78284 0.000133908
94   -0.781792   -0.782829 0.000132944
95   -0.781918   -0.782819 0.000131886
96   -0.783869    -0.78283 0.000130962
97    -0.78463   -0.782848 0.000130927
98   -0.782627   -0.782846 0.000129604
99   -0.782541   -0.782843 0.000128325
100   -0.781851   -0.782833 0.000127422
101   -0.782866   -0.782834 0.000126155
102   -0.784294   -0.782848  0.00012573
103   -0.784502   -0.782864 0.000125535
104    -0.78279   -0.782863 0.000124325
105   -0.783909   -0.782873 0.000123537
106   -0.783909   -0.782883 0.000122755
107   -0.781918   -0.782874 0.000121936
108   -0.781494   -0.782861 0.000121475
109   -0.785043   -0.782881 0.000122009
110   -0.783458   -0.782886 0.000121008
111   -0.781707   -0.782876 0.000120383
112   -0.783509   -0.782881 0.000119437
113    -0.78248   -0.782878 0.000118429
114   -0.782538   -0.782875 0.000117423
115   -0.783632   -0.782882 0.000116584
116   -0.784422   -0.782895 0.000116335
117   -0.784939   -0.782912 0.000116653
118   -0.780874   -0.782895 0.000116943
119   -0.785854    -0.78292 0.000118593
120   -0.781355   -0.782907 0.000118321
121    -0.78292   -0.782907 0.000117339
122   -0.782341   -0.782902 0.000116466
123   -0.781328   -0.782889 0.000116222
124   -0.781043   -0.782875 0.000116239
125   -0.781611   -0.782864 0.000115747
126   -0.783258   -0.782868 0.000114867
127   -0.780461   -0.782849 0.000115524
128   -0.783816   -0.782856 0.000114867
129    -0.78261   -0.782854 0.000113989
130   -0.782998   -0.782855 0.000113114
131   -0.781307   -0.782844 0.000112868
132   -0.781968   -0.782837 0.000112206
133   -0.784808   -0.782852 0.000112341
134   -0.784544   -0.782864 0.000112212
135   -0.783344   -0.782868 0.000111435
136    -0.78317    -0.78287 0.000110634
137   -0.782002   -0.782864 0.000110007
138   -0.781491   -0.782854 0.000109659
139   -0.784138   -0.782863 0.000109258
140   -0.782147   -0.782858 0.000108595
141   -0.783058   -0.782859 0.000107832
142   -0.780754   -0.782845 0.000108092
143   -0.781806   -0.782837 0.000107578
144   -0.782477   -0.782835 0.000106858
145   -0.781774   -0.782828  0.00010637
146   -0.784357   -0.782838 0.000106157
147   -0.782661   -0.782837 0.000105439
148   -0.784507   -0.782848 0.000105331
149   -0.782027   -0.782843 0.000104767
150    -0.78375   -0.782849 0.000104242
151   -0.783925   -0.782856 0.000103794
152   -0.783517    -0.78286 0.000103201
153   -0.781462   -0.782851  0.00010293
154   -0.781966   -0.782845 0.000102421
155   -0.782638   -0.782844 0.000101767
156   -0.783507   -0.782848 0.000101201
157   -0.780971   -0.782836 0.000101263
158   -0.781755   -0.782829 0.000100852
159   -0.782461   -0.782827 0.000100243
160    -0.78273   -0.782826 9.96162e-05
161   -0.783947   -0.782833   9.924e-05
162   -0.783864    -0.78284 9.88305e-05
163   -0.780107   -0.782823 9.96426e-05
164   -0.781274   -0.782814 9.94828e-05
165   -0.781373   -0.782805 9.92628e-05
166   -0.781509   -0.782797 9.89714e-05
167   -0.784152   -0.782805  9.8711e-05
168   -0.781544   -0.782798 9.84084e-05
169     -0.7832     -0.7828 9.78533e-05
170   -0.780994   -0.782789 9.78546e-05
171   -0.783611   -0.782794 9.73994e-05
172   -0.780853   -0.782783  9.7487e-05
173   -0.782346    -0.78278 9.69548e-05
174   -0.782493   -0.782779 9.64102e-05
175   -0.783851   -0.782785 9.60534e-05
176   -0.784037   -0.782792 9.57706e-05
177   -0.781859   -0.782787 9.53737e-05
178   -0.782355   -0.782784 9.48674e-05
179   -0.782445   -0.782782 9.43549e-05
180    -0.78268   -0.782782  9.3831e-05
181   -0.781445   -0.782774 9.36031e-05
182   -0.782006    -0.78277 9.31829e-05
183   -0.785254   -0.782784 9.36613e-05
184   -0.783926    -0.78279 9.33577e-05
185   -0.782917   -0.782791 9.28542e-05
186   -0.783288   -0.782793 9.23924e-05
187   -0.783733   -0.782798 9.20342e-05
188   -0.780653   -0.782787  9.2252e-05
189   -0.784389   -0.782795 9.21531e-05
190    -0.78377   -0.782801 9.18101e-05
191   -0.784426   -0.782809 9.17236e-05
192   -0.783432   -0.782812 9.13023e-05
193   -0.783296   -0.782815 9.08626e-05
194   -0.785179   -0.782827  9.1211e-05
195   -0.781286   -0.782819 9.10853e-05
196   -0.782363   -0.782817 9.06492e-05
197   -0.783216   -0.782819 9.02107e-05
198   -0.782368   -0.782816 8.97828e-05
199   -0.782091   -0.782813 8.94048e-05
200   -0.781085   -0.782804 8.93753e-05
1   -0.781325   -0.781325           0
2   -0.782877   -0.782101    0.000776
3   -0.782893   -0.782365 0.000520021
4    -0.78259   -0.782421  0.00037201
5   -0.784826   -0.782902 0.000560607
6    -0.78305   -0.782927 0.000458394
7   -0.783282   -0.782977 0.000390718
8   -0.781258   -0.782762 0.000400884
9   -0.782998   -0.782789 0.000354517
10   -0.780768   -0.782587 0.000375999
11    -0.78269   -0.782596 0.000340233
12   -0.782013   -0.782547 0.000314367
13   -0.784195   -0.782674 0.000315738
14   -0.782066   -0.782631  0.00029553
15   -0.784544   -0.782758 0.000303256
16   -0.783707   -0.782818 0.000289804
17   -0.783168   -0.782838 0.000273003
18   -0.780341   -0.782699 0.000292401
19   -0.781277   -0.782625 0.000286539
20   -0.783744    -0.78268 0.000277538
21   -0.782325   -0.782664 0.000264534
22   -0.781907   -0.782629 0.000254555
23   -0.783896   -0.782684 0.000249394
24   -0.782458   -0.782675 0.000238964
25   -0.783584   -0.782711 0.000232073
26   -0.782506   -0.782703 0.000223109
27   -0.780981   -0.782639 0.000223965
28   -0.783771    -0.78268  0.00021957
29   -0.782883   -0.782687 0.000211979
30   -0.781422   -0.782645 0.000209084
31   -0.782952   -0.782655  0.00020247
32   -0.784715   -0.782719 0.000206345
33   -0.782104     -0.7827 0.000200861
34   -0.784254   -0.782746 0.000200152
35    -0.78356   -0.782769 0.000195735
36    -0.78429   -0.782812 0.000194852
37   -0.783229   -0.782823 0.000189847
38   -0.786898    -0.78293 0.000213643
39   -0.780574    -0.78287 0.000216682
40   -0.783613   -0.782888 0.000212011
41   -0.782093   -0.782869 0.000207684
42   -0.780312   -0.782808 0.000211624
43   -0.781939   -0.782788 0.000207629
44   -0.780586   -0.782738 0.000208939
45   -0.781682   -0.782714 0.000205587
46   -0.783366   -0.782728 0.000201567
47   -0.781286   -0.782698 0.000199604
48   -0.782573   -0.782695 0.000195419
49    -0.78385   -0.782719 0.000192834
50   -0.781907   -0.782702 0.000189633
51   -0.782634   -0.782701 0.000185883
52    -0.78071   -0.782663  0.00018625
53   -0.781486   -0.782641 0.000184046
54   -0.784877   -0.782682 0.000185292
55   -0.783901   -0.782704 0.000183236
56    -0.78393   -0.782726  0.00018126
57     -0.7832   -0.782734 0.000178246
58   -0.784195    -0.78276 0.000176947
59   -0.782358   -0.782753 0.000174055
60   -0.782738   -0.782753  0.00017113
61   -0.785062    -0.78279 0.000172508
62   -0.783128   -0.782796  0.00016979
63   -0.783794   -0.782812 0.000167822
64   -0.782776   -0.782811  0.00016518
65   -0.783797   -0.782826 0.000163325
66   -0.784883   -0.782857 0.000163823
67   -0.783221   -0.782863  0.00016145
68    -0.78248   -0.782857 0.000159158
69   -0.782298   -0.782849 0.000157044
70   -0.785797   -0.782891  0.00016041
71   -0.781589   -0.782873 0.000159195
72   -0.781467   -0.782853 0.000158178
73   -0.782899   -0.782854 0.000155997
74   -0.781381   -0.782834 0.000155157
75   -0.781461   -0.782816 0.000154166
76    -0.78387    -0.78283 0.000152755
77   -0.784275   -0.782848 0.000151923
78    -0.78471   -0.782872  0.00015185
79   -0.783882   -0.782885 0.000150459
80   -0.781774   -0.782871 0.000149214
81   -0.782339   -0.782865 0.000147507
82    -0.78208   -0.782855 0.000146011
83   -0.783624   -0.782864 0.000144538
84   -0.780898   -0.782841 0.000144713
85   -0.781122   -0.782821 0.000144424
86    -0.78496   -0.782846 0.000144886
87   -0.781435   -0.782829 0.000144126
88   -0.784533   -0.782849 0.000143788
89   -0.783258   -0.782853 0.000142237
90   -0.782603   -0.782851 0.000140675
91   -0.782734   -0.782849 0.000139127
92   -0.781115    -0.78283 0.000138891
93   -0.784578   -0.782849 0.000138668
94   -0.781824   -0.782838 0.000137618
95   -0.781779   -0.782827 0.000136617
96   -0.783923   -0.782839 0.000135668
97   -0.784518   -0.782856 0.000135374
98   -0.782928   -0.782857 0.000133988
99   -0.782461   -0.782853 0.000132688
100   -0.781642   -0.782841 0.000131911
101    -0.78273   -0.782839 0.000130603
102   -0.784522   -0.782856 0.000130364
103    -0.78477   -0.782874 0.000130422
104   -0.782682   -0.782873 0.000129175
105   -0.784125   -0.782885 0.000128494
106   -0.783867   -0.782894 0.000127613
107    -0.78164   -0.782882 0.000126956
108   -0.781619    -0.78287 0.000126318
109   -0.784856   -0.782889 0.000126472
110   -0.783443   -0.782894 0.000125419
111   -0.781261   -0.782879 0.000125151
112   -0.783578   -0.782885 0.000124186
113   -0.782704   -0.782884 0.000123092
114   -0.782259   -0.782878 0.000122131
115   -0.783406   -0.782883 0.000121151
116    -0.78439   -0.782896 0.000120803
117   -0.784872   -0.782913 0.000120952
118   -0.780722   -0.782894 0.000121351
119   -0.785926    -0.78292 0.000122996
120   -0.781142   -0.782905 0.000122862
121   -0.782917   -0.782905 0.000121843
122   -0.782413   -0.782901 0.000120907
123   -0.781357   -0.782888 0.000120575
124   -0.780931   -0.782872 0.000120636
125   -0.781602   -0.782862 0.000120098
126   -0.783246   -0.782865  0.00011918
127    -0.78057   -0.782847 0.000119612
128   -0.784118   -0.782857 0.000119088
129   -0.782211   -0.782852 0.000118267
130   -0.783371   -0.782856 0.000117422
131   -0.781266   -0.782844 0.000117153
132   -0.782003   -0.782838 0.000116437
133    -0.78496   -0.782854 0.000116654
134   -0.784459   -0.782866 0.000116399
135   -0.783387   -0.782869 0.000115598
136   -0.783283   -0.782872 0.000114785
137   -0.782038   -0.782866 0.000114107
138   -0.781797   -0.782859 0.000113542
139   -0.784054   -0.782867  0.00011305
140   -0.782434   -0.782864 0.000112282
141    -0.78316   -0.782866 0.000111503
142   -0.780546    -0.78285 0.000111914
143   -0.781768   -0.782842 0.000111386
144   -0.782882   -0.782843  0.00011061
145   -0.781858   -0.782836 0.000110055
146   -0.784426   -0.782847 0.000109839
147    -0.78252   -0.782844 0.000109112
148   -0.784522   -0.782856 0.000108963
149   -0.782558   -0.782854 0.000108248
150   -0.783506   -0.782858 0.000107612
151   -0.783621   -0.782863 0.000107016
152    -0.78355   -0.782868 0.000106406
153    -0.78139   -0.782858 0.000106148
154   -0.782318   -0.782855 0.000105515
155   -0.782536   -0.782853 0.000104852
156   -0.783515   -0.782857 0.000104264
157   -0.780965   -0.782845 0.000104296
158   -0.781781   -0.782838 0.000103853
159   -0.782632   -0.782837 0.000103206
160   -0.782498   -0.782835 0.000102581
161   -0.783888   -0.782841 0.000102151
162   -0.783717   -0.782847 0.000101662
163   -0.780126    -0.78283 0.000102406
164   -0.781482   -0.782822 0.000102111
165   -0.781208   -0.782812  0.00010196
166   -0.781478   -0.782804 0.000101662
167   -0.784099   -0.782812 0.000101349
168   -0.781438   -0.782803 0.000101075
169   -0.783133   -0.782805 0.000100494
170     -0.7808   -0.782794 0.000100595
171   -0.784061   -0.782801 0.000100279
172   -0.781032   -0.782791 0.000100223
173   -0.782546   -0.782789 9.96524e-05
174   -0.782486   -0.782788 9.90933e-05
175   -0.783632   -0.782792 9.86435e-05
176    -0.78415     -0.7828 9.83845e-05
177   -0.782003   -0.782796 9.79306e-05
178   -0.782738   -0.782795 9.73794e-05
179   -0.782877   -0.782796  9.6835e-05
180   -0.782752   -0.782795 9.62958e-05
181   -0.781277   -0.782787 9.61292e-05
182   -0.782067   -0.782783 9.56813e-05
183   -0.785315   -0.782797 9.61577e-05
184   -0.783798   -0.782802 9.57885e-05
185   -0.783136   -0.782804 9.52864e-05
186   -0.783027   -0.782805 9.47803e-05
187   -0.783645    -0.78281 9.43789e-05
188   -0.780603   -0.782798 9.46065e-05
189   -0.783811   -0.782803 9.42571e-05
190   -0.783582   -0.782808 9.38493e-05
191   -0.784589   -0.782817 9.38213e-05
192   -0.783658   -0.782821  9.3434e-05
193   -0.783259   -0.782824 9.29763e-05
194   -0.785155   -0.782836 9.32734e-05
195    -0.78161   -0.782829 9.30066e-05
196   -0.782475   -0.782827 9.25485e-05
197   -0.783229    -0.78283    9.21e-05
198     -0.7824   -0.782827 9.16593e-05
199   -0.782219   -0.782824 9.12488e-05
200   -0.780864   -0.782814 9.13189e-05
