1     45.7058    0.914117           0
2      41.526    0.872318   0.0417984
3     42.6592     0.86594    0.024961
4     46.0811    0.879861   0.0224791
5      45.555    0.886108   0.0184992
6     45.2178     0.88915   0.0154077
7     45.5138    0.892168    0.013367
8     46.1129    0.895929   0.0121719
9     45.9117    0.898407    0.011017
10     45.2718     0.89911   0.0098789
11     42.0297     0.89379   0.0103994
12     46.0043    0.895982  0.00974291
13     43.4306    0.893876  0.00920616
14     45.9571    0.895681  0.00871221
15     46.5477    0.898033  0.00844463
16     43.3954     0.89615   0.0081205
17     42.1729     0.89305  0.00823355
18     46.3237    0.894907  0.00798166
19     43.3153    0.893402   0.0076985
20     45.1358    0.893868  0.00731827
21      46.099    0.895206  0.00708861
22     42.6033    0.893245  0.00703743
23     45.4208    0.893905  0.00675677
24     46.6562    0.895539  0.00667232
25     42.6971    0.893875  0.00661262
26     45.6428    0.894605    0.006395
27     43.0789    0.893382    0.006274
28     45.8984     0.89426  0.00610921
29     45.2058      0.8946  0.00590457
30     45.0987    0.894846  0.00570965
31     40.2834    0.891969  0.00622673
32     45.4699    0.892514  0.00605355
33     45.3448    0.892949  0.00588341
34     44.6417    0.892946  0.00570775
35     45.9908    0.893714  0.00559519
36     45.3491    0.894082  0.00545003
37      47.345     0.89551  0.00548954
38     46.5604    0.896449  0.00542508
39     36.9808    0.892428  0.00664032
40     43.6874    0.891961    0.006489
41     46.4517    0.892865  0.00639303
42      46.385    0.893695  0.00629384
43     43.4494     0.89312  0.00617254
44     44.5025     0.89305  0.00603102
45     45.8018    0.893561  0.00591757
46      44.569    0.893514  0.00578769
47     44.8511    0.893588   0.0056637
48     44.2486    0.893409  0.00554735
49      40.572    0.891736  0.00568466
50      45.611    0.892146  0.00558486
51     45.0715    0.892328  0.00547728
52     46.5787    0.893082  0.00542368
53     45.0222    0.893221  0.00532218
54     46.8973     0.89405  0.00528796
55     42.1584    0.893124  0.00527271
56     42.1632    0.892234   0.0052537
57     44.9884    0.892366   0.0051624
58     43.8619    0.892105  0.00507931
59     46.0575    0.892598  0.00501669
60     42.7087    0.891957  0.00497377
61       44.14    0.891807  0.00489386
62      43.972    0.891608  0.00481841
63     40.8402     0.89042  0.00488773
64     46.3016    0.890977  0.00484282
65     45.9844    0.891418  0.00478815
66     45.4222    0.891676   0.0047221
67      40.737    0.890528  0.00479074
68     46.7931    0.891195  0.00476662
69     45.8723    0.891575  0.00471241
70     44.2884    0.891492  0.00464534
71     43.9024    0.891303  0.00458336
72     45.2065    0.891481  0.00452277
73     44.7138    0.891519  0.00446055
74     46.2018    0.891959  0.00442174
75     46.0886    0.892356  0.00438046
76     43.6479    0.892101  0.00432997
77      41.649    0.891333  0.00434179
78     45.0391    0.891454  0.00428748
79      45.747    0.891752  0.00424329
80     45.5975    0.892004  0.00419751
81     43.2694    0.891676  0.00415837
82      45.738    0.891957  0.00411698
83     44.9158    0.892034   0.0040678
84     44.9258    0.892111  0.00401982
85     44.8338    0.892165  0.00397261
86     44.3728     0.89211  0.00392653
87     42.8367    0.891703  0.00390237
88     39.5635    0.890562  0.00402305
89     44.5918    0.890576  0.00397762
90     44.8422    0.890646  0.00393379
91     43.7156    0.890466  0.00389446
92     45.8859    0.890763  0.00386327
93     45.1153    0.890887  0.00382352
94     45.6121    0.891114  0.00378944
95     44.2526     0.89105  0.00374988
96     40.4862    0.890203  0.00380609
97     40.5358    0.889384  0.00385476
98     43.8808    0.889263  0.00381711
99     44.5582    0.889283   0.0037784
100     44.1058    0.889211  0.00374111
101     46.5347    0.889622  0.00372659
102      41.609    0.889059   0.0037326
103     45.8846    0.889337  0.00370663
104     46.7116    0.889768  0.00369611
105     47.0115    0.890249  0.00369215
106     40.3907    0.889471  0.00373893
107     44.9919    0.889568  0.00370508
108     42.7538    0.889249  0.00368449
109     46.7171    0.889662  0.00367389
110      45.396    0.889828  0.00364412
111      43.371    0.889626  0.00361678
112     45.4059    0.889792  0.00358814
113     43.6307     0.88964   0.0035595
114       45.33    0.889788  0.00353127
115     43.9939    0.889702  0.00350149
116     42.1167    0.889294  0.00349511
117     47.1564    0.889754  0.00349552
118     45.8893    0.889992  0.00347391
119     45.9397    0.890234  0.00345308
120       46.02    0.890485   0.0034334
121     44.3836    0.890462  0.00340499
122      46.417    0.890772  0.00339121
123     43.5347    0.890609  0.00336748
124      41.313     0.89009  0.00338028
125     44.5586    0.890099  0.00335314
126     46.2363    0.890373  0.00333776
127     45.1624    0.890475  0.00331292
128     46.4431    0.890775  0.00330059
129     45.2704    0.890888  0.00327687
130     42.8557    0.890628  0.00326193
131     41.4364    0.890156  0.00327124
132     46.1324    0.890402  0.00325568
133     46.0349     0.89063  0.00323913
134     46.5188    0.890926  0.00322852
135     44.8582    0.890973  0.00320485
136     46.0114    0.891188  0.00318846
137     45.6289    0.891344  0.00316895
138     45.7445    0.891515  0.00315053
139     41.9288    0.891134  0.00315088
140     44.6762    0.891151  0.00312834
141     36.0296    0.889941  0.00333331
142     42.3797    0.889643  0.00332316
143     45.4782    0.889782  0.00330278
144     43.9299    0.889705  0.00328068
145     41.7505    0.889327  0.00327974
146     45.8166    0.889512  0.00326244
147     46.4692    0.889784  0.00325151
148     42.8322     0.88956  0.00323722
149      45.391    0.889682  0.00321775
150     45.4896    0.889816  0.00319904
151     47.0337    0.890153  0.00319558
152     47.0666     0.89049  0.00319229
153     39.6981    0.889859  0.00323351
154     45.8176    0.890031  0.00321704
155     46.4576    0.890283  0.00320617
156     43.7754    0.890189  0.00318696
157     39.8362    0.889593  0.00322207
158     42.3871    0.889328  0.00321255
159     46.7299    0.889613  0.00320495
160     46.4874    0.889864  0.00319472
161     43.7774    0.889775  0.00317606
162     46.8752     0.89007  0.00317012
163     46.6961    0.890339  0.00316207
164     44.9119    0.890387   0.0031431
165     47.8263    0.890788  0.00314961
166     45.3957    0.890891  0.00313228
167     45.5208    0.891008  0.00311566
168      46.106    0.891193  0.00310259
169      42.378    0.890935  0.00309496
170     45.2023    0.891012  0.00307767
171     44.1652    0.890967  0.00305995
172     41.3849    0.890599  0.00306427
173      42.142    0.890323  0.00305899
174     43.9805    0.890261  0.00304198
175     45.3034    0.890352  0.00302589
176     44.7426    0.890377  0.00300876
177     44.9182    0.890422  0.00299205
178     46.2809     0.89062  0.00298176
179      46.209    0.890808  0.00297098
180      46.062    0.890977  0.00295926
181     44.7057    0.890994  0.00294291
182     44.8972    0.891032  0.00292695
183     44.3964    0.891015  0.00291096
184      43.928    0.890948  0.00289589
185     44.9033    0.890986  0.00288045
186     43.5647     0.89088  0.00286688
187     43.5026    0.890769  0.00285368
188     45.3246    0.890852  0.00283969
189       41.48    0.890528  0.00284316
190     46.0791    0.890692  0.00283287
191     46.5195      0.8909  0.00282566
192     41.6195    0.890595  0.00282737
193     39.8282    0.890108  0.00285457
194       44.49    0.890106  0.00283982
195     46.5244    0.890313   0.0028328
196     45.9052    0.890455  0.00282187
197     44.1128    0.890413  0.00280782
198      43.336    0.890294  0.00279616
199     44.4014    0.890282   0.0027821
200     44.5792    0.890289  0.00276816
1     45.7451    0.914902           0
2     41.5188     0.87264   0.0422628
3     42.6568    0.866138   0.0252517
4     46.0802    0.880005   0.0226077
5     45.5578    0.886235   0.0185871
6     45.2153    0.889247   0.0154723
7     45.5111    0.892244   0.0134154
8      46.117    0.896006    0.012212
9      45.915    0.898483   0.0110511
10     45.2711    0.899177  0.00990877
11     42.0338    0.893858   0.0104219
12     46.0095    0.896053  0.00976366
13     43.4322    0.893944  0.00922542
14     45.9597    0.895748  0.00872942
15      46.555    0.898105  0.00846152
16      43.395    0.896217  0.00813704
17     42.1791    0.893121  0.00824669
18     46.3234    0.894973  0.00799273
19     43.3176    0.893467  0.00770897
20     45.1327    0.893926  0.00732778
21     46.0952    0.895259  0.00709629
22     42.6076    0.893299  0.00704404
23     45.4142    0.893951  0.00676227
24     46.6564    0.895583  0.00667699
25      42.702    0.893921  0.00661641
26     45.6338    0.894643  0.00639764
27      43.083    0.893421  0.00627616
28     45.9005    0.894299  0.00611128
29     45.2024    0.894636  0.00590636
30      45.097    0.894879  0.00571128
31     40.2829    0.892001  0.00622877
32     45.4691    0.892544  0.00605539
33     45.3463     0.89298  0.00588519
34     44.6464    0.892978  0.00570947
35     45.9928    0.893746  0.00559688
36     45.3491    0.894114   0.0054516
37       47.35    0.895543  0.00549149
38     46.5532    0.896478  0.00542614
39     36.9838    0.892458  0.00664064
40     43.6862    0.891989  0.00648942
41     46.4526    0.892893  0.00639339
42      46.383    0.893721  0.00629398
43     43.4495    0.893146  0.00617272
44     44.5034    0.893076  0.00603121
45     45.8085    0.893589  0.00591795
46     44.5725    0.893543  0.00578805
47     44.8572    0.893619  0.00566408
48     44.2476    0.893439  0.00554777
49     40.5738    0.891766  0.00568502
50     45.6081    0.892174  0.00558508
51      45.071    0.892355  0.00547747
52     46.5777    0.893109  0.00542374
53      45.023    0.893248  0.00532223
54     46.8992    0.894076  0.00528804
55       42.16    0.893151  0.00527278
56     42.1674    0.892262  0.00525359
57     44.9888    0.892394  0.00516228
58     43.8647    0.892133  0.00507917
59     46.0515    0.892623  0.00501631
60     42.7102    0.891983  0.00497338
61      44.138    0.891832  0.00489351
62      43.973    0.891632  0.00481807
63     40.8412    0.890445  0.00488742
64     46.3032    0.891001  0.00484254
65     45.9822    0.891442  0.00478778
66     45.4307    0.891702  0.00472185
67     40.7352    0.890553  0.00479073
68     46.7966     0.89122  0.00476669
69      45.873      0.8916  0.00471247
70      44.287    0.891517  0.00464542
71     43.9109    0.891329  0.00458335
72     45.2075    0.891507  0.00452275
73     44.7155    0.891546  0.00446053
74     46.2005    0.891985  0.00442166
75      46.091    0.892382   0.0043804
76     43.6526    0.892128  0.00432986
77      41.653    0.891361  0.00434157
78     45.0416    0.891482  0.00428726
79     45.7436    0.891778  0.00424299
80     45.6014    0.892031  0.00419725
81     43.2662    0.891702   0.0041582
82     45.7406    0.891984  0.00411684
83     44.9158     0.89206  0.00406765
84      44.921    0.892136  0.00401965
85      44.836     0.89219  0.00397244
86     44.3734    0.892135  0.00392637
87     42.8349    0.891727  0.00390229
88     39.5559    0.890584  0.00402354
89     44.5886    0.890597   0.0039781
90      44.843    0.890667  0.00393426
91     43.7221    0.890489  0.00389487
92     45.8855    0.890785  0.00386365
93     45.1154    0.890908  0.00382389
94     45.6088    0.891135  0.00378975
95     44.2572    0.891072  0.00375018
96     40.4867    0.890224   0.0038064
97     40.5348    0.889404  0.00385515
98     43.8791    0.889284  0.00381751
99     44.5532    0.889302   0.0037788
100     44.1066     0.88923  0.00374151
101     46.5342    0.889641  0.00372695
102     41.6071    0.889077  0.00373304
103     45.8864    0.889355  0.00370707
104     46.7119    0.889787  0.00369653
105     47.0098    0.890267   0.0036925
106     40.3847    0.889488  0.00373953
107     44.9868    0.889583  0.00370566
108     42.7574    0.889265    0.003685
109     46.7195    0.889679  0.00367444
110     45.3919    0.889844  0.00364462
111      43.383    0.889644  0.00361716
112     45.4049    0.889809   0.0035885
113     43.6348    0.889657  0.00355983
114     45.3324    0.889806  0.00353161
115     43.9923     0.88972  0.00350184
116     42.1206    0.889312  0.00349539
117     47.1576    0.889772  0.00349581
118     45.8894    0.890009  0.00347418
119     45.9388    0.890251  0.00345333
120     46.0182    0.890502  0.00343361
121     44.3896     0.89048  0.00340519
122     46.4142     0.89079  0.00339135
123     43.5385    0.890627   0.0033676
124      41.314    0.890108   0.0033804
125     44.5659    0.890118  0.00335326
126     46.2316    0.890391   0.0033378
127      45.154    0.890491  0.00331292
128      46.446    0.890792  0.00330062
129     45.2717    0.890905   0.0032769
130     42.8553    0.890645  0.00326198
131     41.4375    0.890173  0.00327128
132     46.1334    0.890419  0.00325572
133     46.0368    0.890647  0.00323918
134      46.519    0.890943  0.00322856
135     44.8519    0.890988  0.00320488
136      46.014    0.891204  0.00318851
137     45.6235    0.891359  0.00316895
138     45.7422    0.891529   0.0031505
139     41.9252    0.891148  0.00315093
140     44.6763    0.891165  0.00312839
141     36.0294    0.889955   0.0033334
142     42.3785    0.889656  0.00332327
143      45.475    0.889795  0.00330286
144      43.929    0.889717  0.00328077
145     41.7495     0.88934  0.00327986
146     45.8114    0.889524  0.00326252
147     46.4739    0.889796  0.00325163
148     42.8262    0.889571   0.0032374
149      45.395    0.889694  0.00321795
150     45.4929    0.889829  0.00319925
151     47.0356    0.890166  0.00319581
152     47.0672    0.890502  0.00319252
153     39.6994    0.889871   0.0032337
154     45.8106    0.890042  0.00321719
155     46.4489    0.890294  0.00320622
156     43.7776    0.890199    0.003187
157     39.8405    0.889604  0.00322202
158      42.389     0.88934  0.00321249
159     46.7316    0.889624  0.00320491
160     46.4858    0.889875  0.00319465
161     43.7743    0.889786  0.00317601
162     46.8783    0.890081  0.00317009
163     46.6968     0.89035  0.00316205
164     44.9186    0.890399  0.00314309
165     47.8286      0.8908  0.00314962
166     45.3919    0.890902  0.00313227
167     45.5178    0.891019  0.00311564
168     46.1054    0.891204  0.00310256
169     42.3757    0.890945  0.00309496
170     45.2048    0.891023  0.00307768
171     44.1664    0.890978  0.00305996
172     41.3866     0.89061  0.00306426
173     42.1422    0.890334  0.00305898
174     43.9744    0.890272  0.00304199
175     45.3048    0.890362  0.00302591
176      44.741    0.890387  0.00300877
177     44.9181    0.890432  0.00299206
178     46.2853     0.89063   0.0029818
179     46.2038    0.890817  0.00297097
180     46.0635    0.890986  0.00295926
181     44.7034    0.891004  0.00294292
182     44.8972    0.891042  0.00292695
183     44.3943    0.891024  0.00291096
184     43.9287    0.890957  0.00289589
185     44.9037    0.890995  0.00288045
186     43.5694     0.89089  0.00286686
187     43.4958    0.890778  0.00285369
188     45.3264    0.890861  0.00283971
189     41.4832    0.890538  0.00284314
190     46.0751    0.890701  0.00283283
191       46.52    0.890908  0.00282562
192     41.6198    0.890604  0.00282733
193      39.831    0.890117  0.00285449
194     44.4916    0.890115  0.00283974
195     46.5201    0.890322  0.00283268
196     45.9027    0.890463  0.00282174
197      44.112    0.890422  0.00280769
198     43.3451    0.890303    0.002796
199        44.4    0.890291  0.00278194
200     44.5765    0.890297    0.002768
