11.0997           0
11.0033   0.0964919
11.0619   0.0809183
11.0865   0.0622834
11.1035   0.0511477
11.1146   0.0431928
11.1157   0.0365237
11.2034   0.0931715
11.212   0.0826183
11.1946   0.0759173
11.2595   0.0944746
11.2909   0.0917915
11.2858   0.0845913
11.296   0.0789891
11.296   0.0735349
11.2807   0.0704544
11.2757   0.0663689
11.2816   0.0628489
11.2832   0.0594705
11.2746   0.0570767
11.2826   0.0548825
11.301   0.0554612
11.2735   0.0597032
11.2721   0.0571791
11.2773   0.0550943
11.2836      0.0533
11.2744   0.0520916
11.2757   0.0502125
11.2625   0.0502112
11.2675   0.0487651
11.2831   0.0496735
11.2724   0.0492814
11.2692   0.0478671
11.279   0.0474485
11.2831   0.0462577
11.2826   0.0449568
11.2859   0.0438439
11.2789   0.0432454
11.2847   0.0425204
11.2958   0.0429259
11.3013   0.0422146
11.2924   0.0421444
11.2944   0.0412013
11.2888   0.0406441
11.2916   0.0398304
11.2965   0.0392637
11.2962     0.03842
11.2901   0.0381025
11.2755   0.0400755
11.2728   0.0393622
11.2796    0.039189
11.279   0.0384339
11.2769   0.0377574
11.2748   0.0371096
11.2737   0.0364454
11.2774   0.0359764
11.2767   0.0353478
11.2738    0.034854
11.2634   0.0357919
11.2619   0.0352209
11.2631   0.0346578
11.2644   0.0341203
11.2645   0.0335744
11.2717   0.0338212
11.2815   0.0347213
11.277   0.0344835
11.283   0.0344904
11.2868   0.0341836
11.2872   0.0336875
11.287   0.0332035
11.2914   0.0330232
11.2926   0.0325835
11.2946   0.0322003
11.2971   0.0318609
11.2987   0.0314735
11.2999   0.0310791
11.2978   0.0307418
11.2945   0.0305344
11.2949   0.0301493
11.2896   0.0302526
11.2881   0.0299139
11.2927   0.0299036
11.2941   0.0295747
11.2925   0.0292644
11.2898   0.0290451
11.2869   0.0288519
11.2897   0.0286601
11.2858   0.0285988
11.283   0.0284194
11.2757   0.0290122
11.272   0.0289383
11.2662   0.0291922
11.2653   0.0288924
11.2665   0.0286111
11.2598   0.0290982
11.2644   0.0291571
11.2599   0.0292075
11.2572   0.0290268
11.2565   0.0287419
11.2558   0.0284618
11.2505   0.0286758
11.2485   0.0284624
11.2512   0.0283109
11.2484   0.0281735
11.2456   0.0280475
11.2424   0.0279593
11.2451   0.0278299
11.2462   0.0275927
11.2426   0.0275768
11.2409   0.0273812
11.2393   0.0271761
11.2398   0.0269363
11.2384   0.0267322
11.2345   0.0267876
11.2323   0.0266412
11.2317   0.0264178
11.2295   0.0262827
11.2237    0.026706
11.2221   0.0265254
11.2234   0.0263332
11.2192   0.0264527
11.218   0.0262629
11.2222      0.0264
11.2232   0.0262028
11.2239   0.0260037
11.2251   0.0258243
11.2234   0.0256792
11.2239   0.0254822
11.222   0.0253521
11.2221   0.0251564
11.2299   0.0261792
11.2305   0.0259853
11.2268   0.0260433
11.2299   0.0260246
11.2285   0.0258645
11.2293   0.0256841
11.2282   0.0255183
11.2308   0.0254641
11.2318   0.0252997
11.2305    0.025153
11.2323   0.0250415
11.2319   0.0248678
11.2305   0.0247312
11.2321   0.0246079
11.2309   0.0244651
11.2311   0.0242974
11.2309   0.0241322
11.2281   0.0241314
11.23   0.0240446
11.229   0.0239077
11.2299   0.0237683
11.2283   0.0236674
11.228   0.0235142
11.2314   0.0236028
11.2276    0.023747
11.226   0.0236481
11.2245   0.0235483
11.2219   0.0235342
11.2228   0.0234016
11.2226   0.0232555
11.229   0.0239806
11.2299   0.0238479
11.2321    0.023802
11.2356   0.0239115
11.2332   0.0238841
11.2334   0.0237402
11.2345   0.0236237
11.2343   0.0234829
11.2353   0.0233615
11.237   0.0232867
11.2376   0.0231595
11.2367    0.023043
11.239   0.0230221
11.2396   0.0228986
11.2376   0.0228544
11.2384   0.0227369
11.2366   0.0226752
11.2338   0.0227322
11.2354   0.0226631
11.2373   0.0226227
11.239   0.0225563
11.2372   0.0225024
11.2405   0.0226203
11.2424   0.0225758
11.2426   0.0224545
11.2449   0.0224547
11.2439   0.0223594
11.246    0.022338
11.2479   0.0223002
11.2482   0.0221858
11.251   0.0222482
11.2489   0.0222342
11.2495   0.0221265
11.2481   0.0220597
11.2472   0.0219621
11.2462   0.0218755
11.2462   0.0217643
11.2447   0.0217063
11.2426   0.0217027
11.2434   0.0216095
11.0888           0
11.0074   0.0814117
11.0661   0.0752287
11.0864    0.056922
11.1001   0.0461741
11.1133   0.0399584
11.1165    0.033919
11.2048   0.0930745
11.2143   0.0826261
11.1947   0.0764407
11.2594   0.0946934
11.2903   0.0917958
11.2831   0.0847479
11.2941   0.0792324
11.2945   0.0737623
11.2795   0.0706141
11.273   0.0666484
11.2796   0.0631828
11.2807   0.0597761
11.2724   0.0573186
11.2805   0.0551184
11.2982   0.0554661
11.2704   0.0598735
11.2699   0.0573266
11.2748   0.0552071
11.2811   0.0534101
11.2716   0.0522717
11.2734   0.0504047
11.2609   0.0502203
11.2661   0.0487901
11.282   0.0498006
11.2714    0.049353
11.2677   0.0479771
11.2784   0.0477567
11.2831   0.0466055
11.2826   0.0452957
11.2867   0.0442489
11.2798   0.0436248
11.2854   0.0428701
11.2967   0.0432776
11.302   0.0425362
11.2928   0.0425069
11.2952    0.041575
11.2896    0.041007
11.2926   0.0401953
11.2969   0.0395558
11.2963   0.0387104
11.2907   0.0383089
11.2759   0.0403299
11.2736   0.0395824
11.2802   0.0393556
11.2793   0.0386024
11.2774   0.0379122
11.2757   0.0372447
11.2749   0.0365699
11.2784   0.0360844
11.2778   0.0354507
11.275   0.0349455
11.2648   0.0358192
11.2631   0.0352611
11.2644   0.0347032
11.2657   0.0341632
11.2657   0.0336165
11.273    0.033883
11.2828    0.034767
11.2782   0.0345408
11.2843   0.0345591
11.2879    0.034243
11.2884   0.0337457
11.2883   0.0332601
11.2925   0.0330619
11.2938   0.0326231
11.2957   0.0322323
11.2982   0.0318863
11.2997   0.0314962
11.3006   0.0310907
11.2985   0.0307516
11.2953   0.0305313
11.2958   0.0301478
11.2904   0.0302591
11.2888   0.0299267
11.2936   0.0299408
11.2948   0.0296036
11.2933   0.0292845
11.2908   0.0290495
11.288   0.0288466
11.2909   0.0286609
11.287   0.0286029
11.2841   0.0284258
11.277   0.0289941
11.2731    0.028938
11.2673    0.029205
11.2663   0.0289055
11.2677   0.0286281
11.2608   0.0291373
11.2653   0.0291778
11.2607   0.0292338
11.2582   0.0290472
11.2575    0.028761
11.2569   0.0284773
11.2518   0.0286508
11.25   0.0284272
11.2526   0.0282694
11.2497   0.0281445
11.2468   0.0280278
11.2436   0.0279419
11.2463   0.0278067
11.2473   0.0275684
11.2438   0.0275472
11.2419   0.0273612
11.2401   0.0271686
11.2407   0.0269313
11.2393   0.0267317
11.2353   0.0267882
11.2331   0.0266497
11.2323   0.0264311
11.2301   0.0262972
11.2242   0.0267267
11.2227    0.026544
11.2238   0.0263443
11.2195   0.0264659
11.2184   0.0262716
11.2227   0.0264066
11.2237   0.0262114
11.2245   0.0260131
11.2256   0.0258308
11.224    0.025681
11.2245   0.0254853
11.2225   0.0253629
11.2226   0.0251672
11.2307   0.0262262
11.2312    0.026032
11.2276   0.0260853
11.2305   0.0260535
11.2293   0.0258896
11.23    0.025708
11.229   0.0255392
11.2315   0.0254826
11.2325   0.0253177
11.2312   0.0251696
11.233   0.0250571
11.2326   0.0248832
11.2313   0.0247444
11.2329    0.024626
11.2317   0.0244858
11.2317   0.0243175
11.2315    0.024152
11.2289   0.0241359
11.2307   0.0240463
11.2296   0.0239114
11.2306   0.0237711
11.229   0.0236684
11.2286   0.0235163
11.2319   0.0235976
11.2281   0.0237468
11.2265   0.0236499
11.225   0.0235482
11.2226   0.0235239
11.2235   0.0233951
11.2234   0.0232488
11.2297   0.0239539
11.2306    0.023823
11.2327   0.0237681
11.2361   0.0238708
11.2338   0.0238445
11.234   0.0237016
11.235   0.0235825
11.235   0.0234418
11.236   0.0233212
11.2376   0.0232413
11.2383   0.0231143
11.2373   0.0229984
11.2395   0.0229707
11.2403   0.0228497
11.2383   0.0228037
11.239   0.0226846
11.2372   0.0226245
11.2344   0.0226742
11.2361   0.0226142
11.2382   0.0225802
11.2397   0.0225045
11.2378   0.0224565
11.2412   0.0225797
11.243   0.0225348
11.2433   0.0224139
11.2457   0.0224222
11.2446   0.0223281
11.2468   0.0223134
11.2487   0.0222785
11.2491   0.0221653
11.2519   0.0222215
11.2497   0.0222126
11.2503   0.0221043
11.2488   0.0220362
11.2479   0.0219426
11.2469   0.0218549
11.247   0.0217441
11.2455   0.0216872
11.2435   0.0216723
11.2444   0.0215817
