1    0.438398    0.438398           0
2    0.444056    0.441227  0.00282904
3    0.433525     0.43866  0.00304295
4    0.437651    0.438408  0.00216643
5    0.434628    0.437652  0.00184053
6    0.438131    0.437732  0.00150491
7    0.442059     0.43835   0.0014142
8    0.429981    0.437304  0.00161066
9    0.434712    0.437016  0.00144936
10     0.43437    0.436751  0.00132306
11    0.437104    0.436783  0.00119718
12    0.423068     0.43564  0.00158136
13    0.438868    0.435889  0.00147567
14     0.43599    0.435896  0.00136623
15    0.430754    0.435553  0.00131727
16    0.429365    0.435166  0.00129146
17    0.425443    0.434594  0.00134119
18    0.444927    0.435168  0.00138868
19    0.442323    0.435545  0.00136647
20    0.428143    0.435175  0.00134815
21    0.447798    0.435776  0.00141623
22    0.444159    0.436157  0.00140306
23    0.431638     0.43596  0.00135499
24    0.437414    0.436021  0.00129872
25     0.44611    0.436425  0.00130943
26    0.462105    0.437412  0.00159946
27    0.440947    0.437543  0.00154464
28     0.43476    0.437444  0.00149177
29    0.426445    0.437065  0.00148853
30    0.444103    0.437299  0.00145707
31    0.449909    0.437706  0.00146682
32    0.441935    0.437838  0.00142637
33    0.454717     0.43835  0.00147406
34    0.428568    0.438062   0.0014587
35    0.429244     0.43781  0.00143864
36    0.446114    0.438041  0.00141701
37    0.460751    0.438654  0.00150868
38    0.446235    0.438854  0.00148193
39    0.437181    0.438811  0.00144407
40     0.42935    0.438574  0.00142724
41    0.440211    0.438614  0.00139256
42    0.449252    0.438868   0.0013824
43    0.444942    0.439009  0.00135724
44    0.432677    0.438865  0.00133382
45    0.419288     0.43843  0.00137451
46     0.44239    0.438516  0.00134706
47    0.454691     0.43886  0.00136227
48    0.439273    0.438869  0.00133362
49    0.430374    0.438695  0.00131757
50     0.43934    0.438708  0.00129102
51    0.439143    0.438717  0.00126548
52    0.449339    0.438921  0.00125761
53    0.453587    0.439198   0.0012643
54    0.435195    0.439124  0.00124288
55    0.429203    0.438943  0.00123333
56    0.436226    0.438895  0.00121208
57    0.454989    0.439177  0.00122365
58    0.445941    0.439294  0.00120801
59     0.44843    0.439449  0.00119742
60    0.427494    0.439249  0.00119403
61    0.443109    0.439313    0.001176
62    0.446518    0.439429   0.0011627
63    0.426453    0.439223  0.00116248
64    0.430749     0.43909  0.00115181
65    0.448439    0.439234  0.00114304
66    0.437216    0.439204    0.001126
67    0.436243     0.43916  0.00110995
68    0.443575    0.439224  0.00109543
69    0.432287    0.439124  0.00108411
70    0.442506    0.439172   0.0010696
71    0.434587    0.439108   0.0010564
72    0.443382    0.439167  0.00104332
73    0.441983    0.439206  0.00102965
74    0.444421    0.439276  0.00101808
75    0.435325    0.439223   0.0010058
76    0.447189    0.439328 0.000997994
77     0.44339    0.439381 0.000986359
78    0.429501    0.439254 0.000981836
79    0.440404    0.439269 0.000969438
80    0.443436    0.439321 0.000958659
81    0.440192    0.439332 0.000946811
82    0.431223    0.439233 0.000940407
83    0.449101    0.439352 0.000936585
84    0.449346    0.439471 0.000932985
85    0.446417    0.439552 0.000925558
86      0.4365    0.439517 0.000915421
87     0.42752    0.439379 0.000915285
88    0.458674    0.439598 0.000931011
89    0.439489    0.439597 0.000920492
90    0.448126    0.439692 0.000915127
91    0.438067    0.439674 0.000905191
92    0.426384    0.439529 0.000906877
93    0.431705    0.439445  0.00090101
94    0.441616    0.439468 0.000891672
95    0.449602    0.439575 0.000888661
96    0.433493    0.439512 0.000881635
97    0.444708    0.439565 0.000874141
98    0.441232    0.439582 0.000865343
99    0.424955    0.439435 0.000869207
100    0.441653    0.439457 0.000860757
101    0.436643    0.439429 0.000852648
102    0.421237    0.439251 0.000862879
103    0.426052    0.439122 0.000864016
104    0.434593    0.439079 0.000856776
105    0.434179    0.439032 0.000849859
106    0.446474    0.439102 0.000844726
107    0.444027    0.439148 0.000838059
108    0.444472    0.439198 0.000831725
109     0.44653    0.439265   0.0008268
110    0.443746    0.439306 0.000820261
111    0.432574    0.439245 0.000815097
112     0.42654    0.439132 0.000815713
113    0.437011    0.439113  0.00080868
114     0.43143    0.439045 0.000804383
115    0.447971    0.439123 0.000801126
116    0.451451    0.439229 0.000801269
117    0.439435    0.439231 0.000794393
118    0.440299     0.43924 0.000787684
119    0.441852    0.439262 0.000781345
120    0.449664    0.439349  0.00077964
121     0.44061    0.439359  0.00077324
122    0.429519    0.439279 0.000771106
123    0.437069    0.439261 0.000765022
124    0.446081    0.439316 0.000760818
125    0.438098    0.439306  0.00075477
126    0.439656    0.439309 0.000748761
127    0.452045    0.439409 0.000749581
128    0.425996    0.439304 0.000751047
129    0.440684    0.439315 0.000745279
130    0.445105    0.439359 0.000740864
131    0.443927    0.439394 0.000736013
132    0.439528    0.439395 0.000730417
133    0.439191    0.439394 0.000724906
134     0.45651    0.439521 0.000730726
135    0.438744    0.439516 0.000725316
136    0.448681    0.439583  0.00072311
137    0.437367    0.439567 0.000717995
138    0.428534    0.439487 0.000717243
139    0.432232    0.439435 0.000713974
140    0.443137    0.439461 0.000709349
141    0.438358    0.439453 0.000704344
142    0.437808    0.439442 0.000699462
143    0.428058    0.439362 0.000699101
144      0.4429    0.439387 0.000694664
145    0.461178    0.439537 0.000706036
146    0.440325    0.439542 0.000701204
147    0.435965    0.439518 0.000696842
148    0.446202    0.439563  0.00069359
149     0.44372    0.439591 0.000689484
150    0.448554    0.439651 0.000687474
151       0.446    0.439693 0.000684199
152    0.428567     0.43962 0.000683612
153    0.450435     0.43969 0.000682799
154    0.445836     0.43973 0.000679523
155    0.439743     0.43973 0.000675125
156    0.444252    0.439759 0.000671409
157     0.44251    0.439777 0.000667349
158    0.445085    0.439811 0.000663962
159    0.445992    0.439849 0.000660918
160    0.448658    0.439904 0.000659078
161     0.46568    0.440065 0.000674254
162    0.445495    0.440098 0.000670916
163      0.4493    0.440155 0.000669173
164    0.432558    0.440108 0.000666692
165    0.438828      0.4401 0.000662684
166    0.447561    0.440145 0.000660211
167    0.428863    0.440078 0.000659715
168    0.447949    0.440125 0.000657448
169     0.44427    0.440149 0.000654006
170    0.435956    0.440125 0.000650615
171    0.436936    0.440106 0.000647068
172    0.441979    0.440117 0.000643387
173    0.429235    0.440054 0.000642742
174    0.441021    0.440059 0.000639062
175    0.448523    0.440108 0.000637238
176     0.43001     0.44005 0.000636199
177    0.436664    0.440031 0.000632883
178    0.433666    0.439996 0.000630333
179    0.439669    0.439994 0.000626804
180     0.43495    0.439966 0.000623942
181    0.435555    0.439941 0.000620964
182    0.435418    0.439916 0.000618042
183    0.455365    0.440001 0.000620425
184    0.429055    0.439941 0.000619905
185    0.444564    0.439966 0.000617051
186    0.436717    0.439949 0.000613974
187    0.438826    0.439943 0.000610711
188    0.434807    0.439916 0.000608068
189    0.439126    0.439911 0.000604856
190    0.425605    0.439836 0.000606358
191    0.439062    0.439832 0.000603188
192    0.461008    0.439942 0.000610091
193    0.441714    0.439952 0.000606991
194    0.443437     0.43997 0.000604121
195    0.435334    0.439946 0.000601485
196    0.449647    0.439995 0.000600452
197    0.446494    0.440028 0.000598306
198    0.429568    0.439975 0.000597616
199    0.432893     0.43994  0.00059567
200    0.437665    0.439928 0.000592793
1     0.43965     0.43965           0
2    0.444308    0.441979   0.0023288
3    0.434447    0.439468  0.00284795
4    0.437311    0.438929  0.00208476
5    0.433763    0.437896  0.00191712
6    0.437851    0.437888  0.00156534
7    0.441748     0.43844  0.00143324
8    0.432543    0.437703  0.00144356
9    0.434863    0.437387  0.00131161
10    0.435748    0.437223  0.00118453
11    0.439175    0.437401  0.00108604
12     0.42292    0.436194  0.00156175
13    0.436448    0.436213  0.00143673
14    0.433762    0.436038  0.00134163
15    0.430879    0.435694  0.00129549
16    0.430597    0.435376  0.00125299
17    0.428099    0.434948  0.00125239
18    0.446379    0.435583  0.00134072
19    0.442035    0.435922  0.00131288
20     0.43172    0.435712   0.0012631
21     0.44612    0.436208  0.00129965
22    0.445961    0.436651  0.00131608
23    0.431963    0.436447  0.00127397
24     0.43746     0.43649  0.00122046
25    0.446225    0.436879  0.00123369
26    0.460831      0.4378   0.0015012
27    0.441701    0.437945  0.00145173
28    0.438155    0.437952  0.00139895
29    0.426807    0.437568  0.00140349
30    0.446415    0.437863   0.0013876
31     0.45078    0.438279  0.00140529
32    0.443252    0.438435  0.00136951
33    0.456688    0.438988  0.00143799
34    0.432324    0.438792  0.00140876
35    0.430212    0.438547  0.00138971
36    0.445487     0.43874  0.00136425
37     0.46071    0.439333  0.00145367
38    0.445885    0.439506  0.00142537
39      0.4375    0.439454  0.00138929
40    0.427704    0.439161  0.00138561
41     0.43723    0.439114  0.00135221
42    0.451228    0.439402  0.00135078
43    0.446211     0.43956  0.00132846
44    0.432237    0.439394  0.00130855
45    0.419365    0.438949  0.00135436
46    0.441285       0.439  0.00132557
47    0.453013    0.439298  0.00133088
48    0.437652    0.439263  0.00130331
49    0.430422    0.439083  0.00128913
50    0.438804    0.439077   0.0012631
51     0.43724    0.439041  0.00123861
52    0.449658    0.439246   0.0012316
53    0.456755    0.439576  0.00125249
54    0.435123    0.439493  0.00123184
55    0.429648    0.439314  0.00122241
56    0.435505    0.439246  0.00120231
57     0.45284    0.439485  0.00120487
58    0.447998    0.439632  0.00119298
59    0.449575      0.4398  0.00118463
60    0.426021    0.439571  0.00118715
61     0.44341    0.439634  0.00116922
62    0.445166    0.439723  0.00115366
63    0.423334    0.439463  0.00116463
64     0.42908      0.4393  0.00115771
65      0.4454    0.439394  0.00114361
66    0.438543    0.439381  0.00112623
67    0.437049    0.439347  0.00110984
68    0.442841    0.439398   0.0010946
69    0.431825    0.439288  0.00108419
70    0.440698    0.439308  0.00106878
71      0.4341    0.439235  0.00105617
72     0.44113    0.439261  0.00104173
73    0.439808    0.439269  0.00102739
74    0.442515    0.439313  0.00101436
75    0.432966    0.439228  0.00100431
76    0.446814    0.439328 0.000996022
77    0.444821    0.439399 0.000985587
78    0.429319     0.43927 0.000981415
79    0.441221    0.439295 0.000969227
80    0.444198    0.439356 0.000958996
81    0.438624    0.439347 0.000947125
82    0.431228    0.439248 0.000940729
83    0.446542    0.439336 0.000933471
84    0.451348    0.439479 0.000933313
85    0.446334    0.439559 0.000925787
86    0.436517    0.439524 0.000915642
87    0.426603    0.439376 0.000917161
88    0.456812    0.439574 0.000928076
89      0.4417    0.439598   0.0009179
90    0.449574    0.439708 0.000914387
91    0.435197    0.439659 0.000905641
92     0.42684    0.439519 0.000906515
93    0.432674    0.439446  0.00089973
94    0.443243    0.439486 0.000891023
95    0.450544    0.439603 0.000889245
96    0.433183    0.439536 0.000882471
97     0.44482     0.43959 0.000875023
98    0.440458    0.439599 0.000866094
99    0.426779     0.43947 0.000867026
100    0.441672    0.439492 0.000858595
101    0.434386    0.439441 0.000851553
102    0.422996     0.43928 0.000858439
103    0.426272    0.439154 0.000859393
104    0.436035    0.439124 0.000851618
105     0.43315    0.439067 0.000845384
106    0.447021    0.439142 0.000840727
107    0.443952    0.439187 0.000834045
108    0.444675    0.439238 0.000827848
109    0.447055    0.439309 0.000823347
110    0.444661    0.439358 0.000817277
111    0.434178    0.439311 0.000811224
112    0.426732    0.439199 0.000811755
113    0.435413    0.439165 0.000805237
114    0.431528    0.439098 0.000800949
115    0.447664    0.439173 0.000797439
116    0.450477     0.43927 0.000796518
117    0.439525    0.439273 0.000789684
118     0.44354    0.439309 0.000783798
119     0.44011    0.439315 0.000777213
120    0.449676    0.439402  0.00077553
121    0.441602     0.43942 0.000769309
122    0.429684     0.43934 0.000767139
123     0.43619    0.439315 0.000761307
124    0.450312    0.439403 0.000760333
125    0.439454    0.439404 0.000754226
126    0.438537    0.439397 0.000748248
127    0.450022     0.43948 0.000747032
128    0.427157    0.439384   0.0007474
129    0.437225    0.439367 0.000741773
130    0.442309     0.43939 0.000736392
131    0.443604    0.439422 0.000731457
132    0.442359    0.439444 0.000726235
133    0.439611    0.439446 0.000720755
134     0.45445    0.439558 0.000724066
135    0.437069    0.439539 0.000718919
136    0.449129     0.43961 0.000717089
137      0.4403    0.439615 0.000711853
138    0.426066    0.439517 0.000713464
139    0.430014    0.439448 0.000711604
140    0.444042    0.439481 0.000707264
141    0.438599    0.439475 0.000702258
142    0.440354    0.439481 0.000697323
143      0.4305    0.439418 0.000695272
144    0.441704    0.439434 0.000690609
145    0.458702    0.439567 0.000698584
146    0.439448    0.439566 0.000693784
147    0.436495    0.439545 0.000689364
148    0.446909    0.439595 0.000686496
149    0.442497    0.439614 0.000682151
150    0.450875     0.43969 0.000681734
151    0.444522    0.439722  0.00067796
152     0.42672    0.439636 0.000678895
153    0.451375    0.439713 0.000678793
154     0.44586    0.439753 0.000675551
155    0.443262    0.439775  0.00067156
156    0.444304    0.439804 0.000667873
157    0.443739    0.439829 0.000664078
158    0.443334    0.439852 0.000660234
159    0.443415    0.439874 0.000656451
160    0.449422    0.439934  0.00065506
161    0.464807    0.440088  0.00066906
162    0.442697    0.440104 0.000665112
163    0.446381    0.440143  0.00066214
164    0.433489    0.440102  0.00065934
165    0.438255    0.440091 0.000655427
166    0.450127    0.440151 0.000654266
167    0.429646    0.440089 0.000653372
168    0.445796    0.440123 0.000650359
169    0.443074     0.44014 0.000646735
170    0.436539    0.440119 0.000643269
171     0.43647    0.440097 0.000639852
172    0.439567    0.440094 0.000636128
173    0.430418    0.440038 0.000634909
174    0.442115     0.44005 0.000631362
175    0.447141    0.440091 0.000629051
176    0.429665    0.440032 0.000628265
177    0.437272    0.440016   0.0006249
178    0.432116    0.439972 0.000622963
179    0.441207    0.439979 0.000619511
180     0.43207    0.439935 0.000617624
181    0.436651    0.439916  0.00061447
182    0.434224    0.439885 0.000611885
183    0.455347     0.43997  0.00061437
184    0.428118    0.439905 0.000614407
185    0.445311    0.439935 0.000611775
186    0.435785    0.439912 0.000608886
187    0.439297    0.439909  0.00060563
188    0.436961    0.439893 0.000602604
189    0.441967    0.439904 0.000599508
190    0.424902    0.439825 0.000601548
191    0.438504    0.439818 0.000598431
192    0.460577    0.439926 0.000605044
193    0.440364    0.439929 0.000601905
194    0.444855    0.439954 0.000599333
195    0.432452    0.439916 0.000597491
196     0.44853     0.43996 0.000596058
197    0.443539    0.439978 0.000593302
198    0.431279    0.439934 0.000591931
199    0.434262    0.439905 0.000589638
200    0.436541    0.439889 0.000586924
