1   -0.846362   -0.846362           0
2   -0.848216   -0.847289   0.0009272
3   -0.849995   -0.848191    0.001049
4   -0.846909    -0.84787 0.000808051
5   -0.847938   -0.847884 0.000626058
6   -0.846797   -0.847703 0.000542331
7   -0.850763    -0.84814 0.000633442
8   -0.847261    -0.84803 0.000559474
9   -0.849176   -0.848157 0.000509575
10   -0.848763   -0.848218 0.000459787
11   -0.849133   -0.848301 0.000424128
12   -0.847978   -0.848274 0.000388111
13   -0.847938   -0.848248 0.000357948
14   -0.845622   -0.848061 0.000380791
15   -0.849098    -0.84813 0.000361174
16    -0.84663   -0.848036 0.000350604
17   -0.847206   -0.847987 0.000332932
18     -0.8466    -0.84791 0.000323215
19   -0.849757   -0.848007 0.000320806
20   -0.850355   -0.848125 0.000326198
21   -0.847717   -0.848105 0.000310884
22   -0.846798   -0.848046 0.000302311
23   -0.847515   -0.848023 0.000289789
24   -0.850973   -0.848146 0.000303458
25   -0.849699   -0.848208 0.000297625
26   -0.848926   -0.848236 0.000287281
27   -0.846931   -0.848187 0.000280626
28    -0.84924   -0.848225 0.000273019
29   -0.849146   -0.848257 0.000265343
30   -0.847312   -0.848225 0.000258272
31   -0.848198   -0.848224 0.000249803
32   -0.847875   -0.848213 0.000242117
33   -0.849123   -0.848241  0.00023628
34   -0.850296   -0.848301  0.00023706
35   -0.850677   -0.848369 0.000239984
36    -0.85085   -0.848438 0.000243187
37   -0.849093   -0.848456 0.000237184
38   -0.849402   -0.848481 0.000232196
39    -0.84741   -0.848453 0.000227825
40   -0.851736   -0.848535 0.000236737
41   -0.846528   -0.848486 0.000236024
42   -0.848046   -0.848476 0.000230574
43   -0.848165   -0.848469 0.000225264
44   -0.849482   -0.848492 0.000221286
45   -0.845805   -0.848432 0.000224402
46    -0.84815   -0.848426 0.000219555
47   -0.849342   -0.848445 0.000215716
48   -0.848666    -0.84845 0.000211224
49   -0.849776   -0.848477 0.000208631
50   -0.848024   -0.848468 0.000204616
51   -0.847877   -0.848456 0.000200899
52   -0.848822   -0.848463 0.000197123
53   -0.847874   -0.848452 0.000193688
54   -0.849285   -0.848468 0.000190692
55   -0.849286   -0.848483 0.000187783
56   -0.849885   -0.848508 0.000186092
57   -0.850626   -0.848545 0.000186536
58   -0.847805   -0.848532 0.000183736
59   -0.848526   -0.848532 0.000180595
60   -0.847843    -0.84852  0.00017793
61   -0.848498    -0.84852 0.000174989
62    -0.85029   -0.848549 0.000174493
63   -0.847162   -0.848527 0.000173107
64   -0.851246   -0.848569 0.000175601
65   -0.847872   -0.848558  0.00017321
66   -0.849722   -0.848576 0.000171474
67   -0.846446   -0.848544  0.00017186
68   -0.847586    -0.84853   0.0001699
69   -0.846462     -0.8485  0.00017008
70   -0.850154   -0.848524 0.000169289
71   -0.846581   -0.848496 0.000169116
72   -0.847714   -0.848486 0.000167105
73   -0.848085    -0.84848 0.000164891
74   -0.847461   -0.848466  0.00016323
75   -0.846109   -0.848435 0.000164078
76   -0.846808   -0.848413 0.000163313
77   -0.850757   -0.848444 0.000164026
78   -0.850869   -0.848475 0.000164868
79   -0.849083   -0.848483 0.000162949
80   -0.847776   -0.848474 0.000161142
81   -0.847982   -0.848468 0.000159256
82   -0.845144   -0.848427  0.00016244
83   -0.850637   -0.848454 0.000162664
84   -0.846474    -0.84843 0.000162436
85   -0.847221   -0.848416 0.000161143
86   -0.849973   -0.848434 0.000160283
87   -0.849086   -0.848442 0.000158608
88   -0.848163   -0.848438 0.000156827
89   -0.850486   -0.848461 0.000156753
90   -0.845547   -0.848429 0.000158348
91   -0.847059   -0.848414  0.00015732
92   -0.846336   -0.848391 0.000157231
93   -0.848709   -0.848395 0.000155569
94   -0.850907   -0.848422 0.000156208
95    -0.84592   -0.848395 0.000156782
96   -0.847373   -0.848385 0.000155506
97   -0.852451   -0.848427 0.000159503
98   -0.847554   -0.848418 0.000158118
99   -0.847883   -0.848412 0.000156605
100   -0.848296   -0.848411 0.000155036
101   -0.847654   -0.848404 0.000153676
102   -0.846032    -0.84838 0.000153928
103    -0.84885   -0.848385 0.000152494
104   -0.848776   -0.848389 0.000151068
105   -0.847085   -0.848376 0.000150136
106    -0.85041   -0.848395 0.000149945
107   -0.847482   -0.848387 0.000148783
108    -0.84885   -0.848391 0.000147461
109   -0.848698   -0.848394 0.000146129
110   -0.847826   -0.848389 0.000144886
111   -0.848862   -0.848393 0.000143639
112   -0.848602   -0.848395 0.000142363
113   -0.846778   -0.848381 0.000141821
114   -0.848275    -0.84838 0.000140575
115   -0.849506   -0.848389  0.00013969
116   -0.844995    -0.84836 0.000141539
117   -0.851106   -0.848384 0.000142272
118   -0.845235   -0.848357 0.000143562
119   -0.848813   -0.848361 0.000142402
120   -0.847965   -0.848358 0.000141249
121    -0.84639   -0.848341 0.000141017
122   -0.847896   -0.848338 0.000139904
123   -0.849627   -0.848348 0.000139158
124   -0.847163   -0.848339 0.000138361
125   -0.847515   -0.848332 0.000137408
126    -0.84911   -0.848338 0.000136453
127   -0.845674   -0.848317  0.00013699
128   -0.847405    -0.84831 0.000136103
129   -0.846014   -0.848292 0.000136211
130   -0.849821   -0.848304  0.00013567
131   -0.847866   -0.848301 0.000134672
132   -0.847325   -0.848293 0.000133852
133   -0.848726   -0.848297 0.000132881
134   -0.850189   -0.848311  0.00013264
135   -0.848053   -0.848309 0.000131668
136   -0.850498   -0.848325 0.000131683
137   -0.847059   -0.848316 0.000131044
138   -0.847578    -0.84831 0.000130201
139   -0.849586   -0.848319 0.000129586
140    -0.84881   -0.848323 0.000128705
141   -0.847112   -0.848314 0.000128077
142   -0.847122   -0.848306 0.000127449
143   -0.848285   -0.848306 0.000126555
144   -0.848016   -0.848304 0.000125689
145   -0.847634   -0.848299 0.000124905
146   -0.847794   -0.848296 0.000124095
147   -0.850008   -0.848307 0.000123797
148    -0.84848   -0.848308 0.000122963
149   -0.848594    -0.84831  0.00012215
150   -0.847851   -0.848307 0.000121372
151   -0.849811   -0.848317 0.000120976
152   -0.848461   -0.848318 0.000120181
153    -0.84731   -0.848312 0.000119574
154   -0.850147   -0.848324 0.000119392
155    -0.84879   -0.848327 0.000118657
156   -0.850696   -0.848342 0.000118869
157   -0.846061   -0.848327 0.000118999
158   -0.846181   -0.848314 0.000119022
159   -0.850362   -0.848327  0.00011897
160   -0.850389   -0.848339 0.000118925
161   -0.849973    -0.84835 0.000118618
162   -0.849637   -0.848358 0.000118151
163   -0.847323   -0.848351 0.000117595
164   -0.846392   -0.848339 0.000117485
165   -0.848931   -0.848343 0.000116826
166   -0.846806   -0.848334 0.000116488
167   -0.848614   -0.848335 0.000115801
168   -0.847048   -0.848328 0.000115364
169   -0.847581   -0.848323 0.000114765
170   -0.847213   -0.848317 0.000114275
171   -0.849878   -0.848326 0.000113971
172   -0.847245   -0.848319  0.00011348
173    -0.84616   -0.848307 0.000113511
174   -0.847296   -0.848301 0.000113006
175   -0.848914   -0.848305 0.000112413
176   -0.849606   -0.848312 0.000112017
177   -0.848021    -0.84831 0.000111394
178    -0.84889   -0.848314 0.000110815
179   -0.848376   -0.848314 0.000110194
180   -0.845355   -0.848298 0.000110807
181   -0.844008   -0.848274 0.000112712
182   -0.847515    -0.84827 0.000112169
183   -0.849429   -0.848276 0.000111734
184   -0.849264   -0.848281 0.000111255
185   -0.847973    -0.84828 0.000110664
186   -0.849515   -0.848286 0.000110268
187   -0.848424   -0.848287 0.000109679
188   -0.847032    -0.84828 0.000109298
189    -0.84925   -0.848286 0.000108839
190   -0.846746   -0.848277 0.000108568
191   -0.847853   -0.848275 0.000108021
192    -0.84855   -0.848277 0.000107466
193   -0.851728   -0.848295 0.000108393
194   -0.851738   -0.848312 0.000109284
195   -0.846506   -0.848303 0.000109116
196   -0.847005   -0.848296  0.00010876
197   -0.848147   -0.848296 0.000108209
198   -0.850958   -0.848309 0.000108498
199   -0.850587   -0.848321 0.000108556
200   -0.848627   -0.848322 0.000108023
1    -0.84633    -0.84633           0
2    -0.84793    -0.84713      0.0008
3   -0.850077   -0.848112  0.00108556
4   -0.846982    -0.84783 0.000817907
5   -0.847869   -0.847837 0.000633596
6   -0.846797   -0.847664 0.000545629
7     -0.8508   -0.848112 0.000642927
8    -0.84709   -0.847984 0.000571269
9   -0.849091   -0.848107  0.00051861
10   -0.848845   -0.848181 0.000469686
11   -0.849069   -0.848262 0.000432446
12   -0.848024   -0.848242 0.000395264
13    -0.84793   -0.848218 0.000364383
14   -0.845722    -0.84804 0.000381574
15   -0.849045   -0.848107 0.000361493
16   -0.846453   -0.848003  0.00035359
17   -0.846984   -0.847943 0.000337507
18   -0.846694   -0.847874 0.000325681
19    -0.84965   -0.847967 0.000321928
20    -0.85017   -0.848077 0.000324652
21   -0.847936   -0.848071 0.000308879
22   -0.846872   -0.848016 0.000299503
23   -0.847587   -0.847998 0.000286792
24    -0.85101   -0.848123 0.000301904
25   -0.849736   -0.848188 0.000296676
26   -0.849043    -0.84822 0.000286931
27   -0.847019   -0.848176 0.000279661
28   -0.849243   -0.848214  0.00027217
29   -0.849138   -0.848246 0.000264541
30   -0.847178    -0.84821  0.00025804
31   -0.848314   -0.848214   0.0002496
32   -0.847934   -0.848205 0.000241831
33   -0.849221   -0.848236 0.000236401
34   -0.850123   -0.848291 0.000235966
35   -0.850744   -0.848361 0.000239602
36   -0.850883   -0.848431 0.000243161
37   -0.849022   -0.848447 0.000237037
38   -0.849408   -0.848473 0.000232095
39   -0.847402   -0.848445 0.000227728
40   -0.851912   -0.848532 0.000238283
41   -0.846616   -0.848485  0.00023705
42    -0.84801   -0.848474 0.000231614
43   -0.848102   -0.848465 0.000226328
44   -0.849427   -0.848487 0.000222203
45   -0.845774   -0.848427 0.000225418
46   -0.848294   -0.848424 0.000220482
47   -0.849389   -0.848444 0.000216715
48   -0.848555   -0.848447 0.000212164
49   -0.849901   -0.848476 0.000209898
50   -0.848029   -0.848467 0.000205852
51   -0.848072    -0.84846 0.000201924
52   -0.848859   -0.848467 0.000198152
53   -0.847744   -0.848454 0.000194856
54   -0.849307    -0.84847 0.000191865
55   -0.849221   -0.848483 0.000188839
56   -0.850008    -0.84851 0.000187425
57   -0.850816   -0.848551 0.000188498
58   -0.847642   -0.848535 0.000185882
59   -0.848402   -0.848533 0.000182718
60   -0.847821   -0.848521 0.000180039
61   -0.848616   -0.848523  0.00017707
62   -0.850235    -0.84855 0.000176367
63    -0.84717   -0.848528 0.000174923
64   -0.851262   -0.848571 0.000177389
65   -0.847992   -0.848562 0.000174866
66   -0.849605   -0.848578 0.000172919
67    -0.84652   -0.848547 0.000173066
68   -0.847622   -0.848534 0.000171044
69   -0.846592   -0.848505 0.000170879
70    -0.85029   -0.848531 0.000170338
71    -0.84645   -0.848502 0.000170461
72   -0.847822   -0.848492 0.000168342
73    -0.84805   -0.848486  0.00016613
74   -0.847483   -0.848473 0.000164429
75   -0.846253   -0.848443   0.0001649
76   -0.846878   -0.848422 0.000164013
77   -0.850528    -0.84845 0.000164163
78   -0.850864   -0.848481 0.000164974
79   -0.849058   -0.848488 0.000163036
80   -0.847733   -0.848479 0.000161262
81   -0.847989   -0.848473 0.000159373
82   -0.844947    -0.84843 0.000163182
83   -0.850786   -0.848458 0.000163685
84   -0.846501   -0.848435 0.000163394
85   -0.847232    -0.84842 0.000162079
86   -0.850006   -0.848439 0.000161241
87   -0.849042   -0.848446 0.000159528
88   -0.848235   -0.848443 0.000157722
89   -0.850363   -0.848465 0.000157425
90   -0.845754   -0.848435 0.000158555
91   -0.847022   -0.848419 0.000157569
92   -0.846218   -0.848395 0.000157674
93   -0.848797     -0.8484 0.000156029
94   -0.851054   -0.848428 0.000156922
95   -0.845842   -0.848401  0.00015763
96   -0.847206   -0.848388 0.000156475
97    -0.85244    -0.84843 0.000160388
98   -0.847574   -0.848421 0.000158983
99   -0.847864   -0.848416  0.00015747
100    -0.84832   -0.848415  0.00015589
101   -0.847643   -0.848407 0.000154528
102   -0.846149   -0.848385 0.000154599
103   -0.848957   -0.848391 0.000153191
104    -0.84876   -0.848394 0.000151753
105    -0.84711   -0.848382 0.000150797
106   -0.850454   -0.848401 0.000150642
107   -0.847251   -0.848391 0.000149614
108    -0.84899   -0.848396 0.000148326
109   -0.848854     -0.8484 0.000147019
110   -0.847789   -0.848395 0.000145782
111   -0.848859   -0.848399 0.000144524
112   -0.848747   -0.848402 0.000143261
113   -0.846766   -0.848388 0.000142724
114   -0.848222   -0.848386 0.000141474
115   -0.849341   -0.848395 0.000140483
116   -0.844974   -0.848365 0.000142354
117   -0.850966   -0.848387 0.000142873
118   -0.845184    -0.84836 0.000144234
119   -0.848829   -0.848364 0.000143071
120   -0.848051   -0.848361 0.000141898
121   -0.846328   -0.848345  0.00014172
122   -0.847997   -0.848342 0.000140583
123    -0.84964   -0.848352 0.000139834
124   -0.846963   -0.848341 0.000139153
125   -0.847424   -0.848334 0.000138231
126   -0.849214   -0.848341 0.000137307
127   -0.845789   -0.848321 0.000137696
128   -0.847456   -0.848314 0.000136783
129   -0.845981   -0.848296 0.000136918
130    -0.85012    -0.84831 0.000136584
131   -0.847973   -0.848307 0.000135561
132   -0.847315     -0.8483  0.00013474
133   -0.848792   -0.848304 0.000133774
134   -0.850189   -0.848318 0.000133516
135   -0.848291   -0.848317 0.000132523
136   -0.850456   -0.848333 0.000132482
137   -0.846891   -0.848323 0.000131932
138   -0.847635   -0.848318 0.000131067
139   -0.849717   -0.848328 0.000130509
140   -0.848578   -0.848329 0.000129586
141    -0.84703    -0.84832 0.000128993
142   -0.846906    -0.84831 0.000128468
143   -0.847968   -0.848308 0.000127589
144   -0.848005   -0.848306 0.000126718
145   -0.847579   -0.848301  0.00012594
146    -0.84793   -0.848298 0.000125101
147   -0.850014    -0.84831 0.000124794
148   -0.848542   -0.848311 0.000123958
149   -0.848773   -0.848315 0.000123162
150   -0.847661    -0.84831 0.000122416
151   -0.849888   -0.848321  0.00012205
152   -0.848549   -0.848322 0.000121254
153   -0.847034   -0.848314 0.000120753
154   -0.850264   -0.848326 0.000120633
155   -0.848864    -0.84833 0.000119902
156   -0.850459   -0.848344 0.000119911
157   -0.845987   -0.848329 0.000120086
158   -0.846224   -0.848315 0.000120065
159    -0.85044   -0.848329 0.000120053
160   -0.850368   -0.848341  0.00011998
161   -0.849987   -0.848352 0.000119669
162   -0.849734    -0.84836 0.000119234
163   -0.847261   -0.848353 0.000118692
164   -0.846341   -0.848341 0.000118603
165   -0.848854   -0.848344 0.000117923
166   -0.846715   -0.848334 0.000117621
167   -0.848656   -0.848336  0.00011693
168   -0.846987   -0.848328 0.000116509
169   -0.847475   -0.848323 0.000115928
170   -0.847085   -0.848316 0.000115474
171   -0.850069   -0.848326 0.000115253
172   -0.847274    -0.84832 0.000114744
173    -0.84624   -0.848308 0.000114711
174   -0.847354   -0.848303 0.000114182
175    -0.84895   -0.848306 0.000113588
176   -0.849749   -0.848314 0.000113237
177   -0.848038   -0.848313 0.000112607
178   -0.848962   -0.848317 0.000112032
179   -0.848514   -0.848318 0.000111409
180   -0.845234     -0.8483 0.000112106
181   -0.843784   -0.848276 0.000114243
182   -0.847406   -0.848271 0.000113714
183   -0.849434   -0.848277 0.000113269
184   -0.849094   -0.848282 0.000112739
185   -0.848094   -0.848281 0.000112133
186   -0.849496   -0.848287  0.00011172
187   -0.848208   -0.848287 0.000111122
188   -0.846992    -0.84828 0.000110743
189   -0.849138   -0.848284 0.000110249
190   -0.846954   -0.848277 0.000109891
191   -0.847925   -0.848275 0.000109329
192    -0.84867   -0.848278 0.000108778
193   -0.851712   -0.848295 0.000109666
194   -0.851629   -0.848312 0.000110444
195   -0.846498   -0.848303  0.00011027
196   -0.847029   -0.848297 0.000109899
197   -0.848414   -0.848297 0.000109341
198   -0.851005   -0.848311 0.000109643
199   -0.850594   -0.848322 0.000109692
200   -0.848778   -0.848325 0.000109166
