1   -0.816251   -0.816251           0
2   -0.815098   -0.815674   0.0005768
3   -0.815952   -0.815767 0.000345633
4   -0.814237   -0.815384 0.000453941
5   -0.815754   -0.815458 0.000359291
6   -0.815043   -0.815389 0.000301405
7   -0.815565   -0.815414 0.000255968
8   -0.815859    -0.81547 0.000228548
9   -0.814997   -0.815417 0.000208299
10   -0.814019   -0.815277  0.00023293
11    -0.81691   -0.815426 0.000257738
12   -0.816421   -0.815509 0.000249462
13   -0.814245   -0.815412 0.000249221
14   -0.814074   -0.815316 0.000249743
15   -0.816506   -0.815395 0.000245652
16   -0.814966   -0.815368 0.000231345
17   -0.816046   -0.815408 0.000220939
18   -0.814061   -0.815334 0.000221348
19   -0.816139   -0.815376 0.000213626
20   -0.814758   -0.815345 0.000205002
21   -0.816813   -0.815415 0.000207143
22   -0.815403   -0.815414 0.000197504
23   -0.815154   -0.815403 0.000189062
24   -0.814022   -0.815346 0.000189934
25   -0.815731   -0.815361 0.000182831
26   -0.815867    -0.81538 0.000176734
27    -0.81432   -0.815341 0.000174539
28   -0.815237   -0.815337 0.000168231
29   -0.813034   -0.815258 0.000180723
30   -0.814896   -0.815246 0.000175012
31   -0.816941   -0.815301 0.000177883
32   -0.814182   -0.815266 0.000175743
33   -0.817203   -0.815324  0.00018017
34   -0.817658   -0.815393 0.000187779
35   -0.815626     -0.8154 0.000182456
36    -0.81504    -0.81539 0.000177597
37   -0.816214   -0.815412 0.000174162
38   -0.815062   -0.815403 0.000169767
39   -0.816347   -0.815427  0.00016712
40   -0.816656   -0.815458 0.000165761
41   -0.815664   -0.815463 0.000161746
42   -0.813498   -0.815416 0.000164636
43   -0.815451   -0.815417 0.000160764
44   -0.815163   -0.815411 0.000157174
45   -0.817086   -0.815448 0.000158088
46    -0.81596   -0.815459 0.000155013
47   -0.816654   -0.815485 0.000153795
48   -0.815592   -0.815487 0.000150574
49   -0.813693    -0.81545 0.000151947
50   -0.814419    -0.81543 0.000150298
51   -0.816909   -0.815459 0.000150149
52   -0.814376   -0.815438 0.000148699
53    -0.81489   -0.815428 0.000146232
54    -0.81547   -0.815428 0.000143501
55   -0.815781   -0.815435 0.000141013
56   -0.814931   -0.815426 0.000138764
57   -0.814862   -0.815416 0.000136666
58   -0.815064    -0.81541 0.000134426
59   -0.812642   -0.815363 0.000140211
60   -0.813526   -0.815332 0.000141212
61   -0.814816   -0.815324 0.000139135
62   -0.814538   -0.815311 0.000137459
63   -0.815194   -0.815309 0.000135272
64   -0.817278    -0.81534 0.000136651
65   -0.817845   -0.815379 0.000139942
66   -0.815426   -0.815379 0.000137807
67   -0.817136   -0.815406 0.000138244
68   -0.814926   -0.815398 0.000136378
69   -0.815534     -0.8154 0.000134401
70   -0.816314   -0.815414 0.000133108
71   -0.816326   -0.815426 0.000131848
72   -0.814522   -0.815414  0.00013061
73   -0.815346   -0.815413 0.000128812
74   -0.815542   -0.815415 0.000127071
75   -0.815875   -0.815421 0.000125516
76    -0.81513   -0.815417 0.000123913
77   -0.814872    -0.81541 0.000122497
78    -0.81412   -0.815393 0.000122042
79   -0.816144   -0.815403 0.000120862
80   -0.815155     -0.8154 0.000119381
81   -0.815531   -0.815401 0.000117909
82   -0.816822   -0.815419 0.000117745
83   -0.815728   -0.815422 0.000116377
84   -0.812773   -0.815391 0.000119232
85   -0.814578   -0.815381 0.000118208
86    -0.81385   -0.815363 0.000118176
87   -0.816179   -0.815373 0.000117185
88   -0.813213   -0.815348 0.000118418
89   -0.814518   -0.815339  0.00011745
90   -0.813488   -0.815318 0.000117945
91   -0.813939   -0.815303 0.000117622
92    -0.81389   -0.815288 0.000117347
93   -0.814534    -0.81528 0.000116361
94   -0.815194   -0.815279  0.00011512
95   -0.814302   -0.815269 0.000114365
96    -0.81555   -0.815272 0.000113205
97   -0.813123   -0.815249   0.0001142
98   -0.815117   -0.815248 0.000113037
99   -0.816382   -0.815259 0.000112475
100   -0.817016   -0.815277 0.000112721
101   -0.815634   -0.815281 0.000111655
102   -0.815341   -0.815281 0.000110557
103   -0.815746   -0.815286 0.000109571
104   -0.814637   -0.815279 0.000108691
105   -0.817198   -0.815298 0.000109192
106    -0.81459   -0.815291 0.000108362
107    -0.81664   -0.815304 0.000108083
108   -0.815141   -0.815302 0.000107088
109    -0.81556   -0.815305 0.000106127
110    -0.81491   -0.815301 0.000105219
111   -0.814891   -0.815297 0.000104332
112     -0.8158   -0.815302 0.000103494
113   -0.815856   -0.815307 0.000102691
114    -0.81403   -0.815295   0.0001024
115   -0.817112   -0.815311 0.000102727
116   -0.815256   -0.815311 0.000101839
117   -0.814786   -0.815306 0.000101065
118    -0.81335    -0.81529 0.000101566
119    -0.81424   -0.815281 0.000101094
120   -0.816398    -0.81529  0.00010068
121   -0.813134   -0.815272 0.000101422
122   -0.813886   -0.815261 0.000101226
123   -0.816792   -0.815273 0.000101169
124   -0.814091   -0.815264 0.000100801
125   -0.814096   -0.815255 0.000100427
126   -0.817592   -0.815273  0.00010134
127   -0.814326   -0.815266 0.000100814
128   -0.815194   -0.815265 0.000100025
129   -0.814434   -0.815259  9.9456e-05
130    -0.81536   -0.815259  9.8691e-05
131   -0.816571   -0.815269 9.84454e-05
132   -0.813802   -0.815258 9.83275e-05
133   -0.812805    -0.81524 9.93138e-05
134   -0.816982   -0.815253 9.94239e-05
135   -0.815544   -0.815255 9.87083e-05
136    -0.81613   -0.815261 9.81906e-05
137   -0.815422   -0.815263 9.74783e-05
138   -0.816326    -0.81527 9.70759e-05
139   -0.815926   -0.815275 9.64905e-05
140   -0.815054   -0.815274 9.58117e-05
141   -0.815621   -0.815276 9.51617e-05
142   -0.814886   -0.815273  9.4529e-05
143   -0.814752    -0.81527 9.39363e-05
144   -0.816618   -0.815279 9.37503e-05
145   -0.813581   -0.815267 9.38352e-05
146   -0.816914   -0.815279   9.387e-05
147    -0.81479   -0.815275 9.32884e-05
148   -0.814613   -0.815271 9.27639e-05
149   -0.815851   -0.815275 9.22216e-05
150   -0.816269   -0.815281 9.18442e-05
151    -0.81477   -0.815278 9.12968e-05
152   -0.813632   -0.815267 9.13383e-05
153   -0.814163    -0.81526 9.10257e-05
154    -0.81845   -0.815281 9.27744e-05
155   -0.812842   -0.815265 9.35073e-05
156   -0.816027    -0.81527 9.30345e-05
157   -0.814973   -0.815268 9.24593e-05
158   -0.815347   -0.815268 9.18736e-05
159   -0.814173   -0.815261 9.15536e-05
160   -0.814245   -0.815255 9.12012e-05
161    -0.81929    -0.81528 9.40335e-05
162   -0.816686   -0.815289 9.38536e-05
163   -0.817856   -0.815305 9.45964e-05
164   -0.817232   -0.815316 9.47495e-05
165   -0.814118   -0.815309  9.4453e-05
166    -0.81489   -0.815306 9.39163e-05
167   -0.816373   -0.815313 9.35703e-05
168   -0.813931   -0.815305 9.33746e-05
169   -0.814795   -0.815302 9.28693e-05
170    -0.81605   -0.815306 9.24262e-05
171   -0.816582   -0.815314 9.21868e-05
172   -0.815387   -0.815314 9.16502e-05
173   -0.817022   -0.815324 9.16525e-05
174    -0.81427   -0.815318 9.13252e-05
175   -0.813502   -0.815307 9.13924e-05
176   -0.816653   -0.815315 9.11926e-05
177   -0.815011   -0.815313 9.06922e-05
178   -0.815584   -0.815315 9.01941e-05
179   -0.816584   -0.815322 8.99686e-05
180   -0.815158   -0.815321  8.9472e-05
181   -0.816589   -0.815328 8.92516e-05
182   -0.813506   -0.815318 8.93229e-05
183   -0.817117   -0.815328 8.93756e-05
184   -0.816022   -0.815332 8.89686e-05
185   -0.813982   -0.815324 8.87865e-05
186   -0.816437    -0.81533 8.85101e-05
187   -0.815203    -0.81533 8.80382e-05
188   -0.817856   -0.815343 8.85937e-05
189   -0.816326   -0.815348 8.82772e-05
190   -0.814939   -0.815346 8.78377e-05
191   -0.815318   -0.815346 8.73768e-05
192   -0.814547   -0.815342   8.702e-05
193   -0.816078   -0.815346  8.6652e-05
194   -0.816397   -0.815351 8.63743e-05
195   -0.815394   -0.815351 8.59305e-05
196   -0.815694   -0.815353 8.55089e-05
197   -0.815227   -0.815352 8.50761e-05
198     -0.8134   -0.815343 8.52178e-05
199    -0.81477    -0.81534 8.48373e-05
200   -0.814618   -0.815336 8.44892e-05
1   -0.816029   -0.816029           0
2   -0.815054   -0.815542   0.0004872
3   -0.815899   -0.815661 0.000305499
4   -0.814371   -0.815338 0.000388081
5   -0.815629   -0.815396 0.000306166
6   -0.815141   -0.815354 0.000253589
7   -0.815888    -0.81543   0.0002275
8   -0.815683   -0.815462 0.000199543
9   -0.814938   -0.815404 0.000185369
10   -0.814243   -0.815288  0.00020237
11   -0.816744    -0.81542 0.000225918
12   -0.816403   -0.815502 0.000221916
13   -0.814114   -0.815395 0.000230379
14   -0.814082   -0.815301 0.000233012
15   -0.816371   -0.815373 0.000228349
16   -0.814816   -0.815338 0.000216415
17   -0.815645   -0.815356 0.000204087
18    -0.81404   -0.815283 0.000205834
19   -0.815946   -0.815318   0.0001978
20   -0.814906   -0.815297 0.000188777
21   -0.816811   -0.815369 0.000193499
22    -0.81551   -0.815376 0.000184605
23   -0.815058   -0.815362 0.000176937
24    -0.81417   -0.815312 0.000176537
25   -0.816074   -0.815343 0.000172046
26   -0.815778   -0.815359 0.000166142
27   -0.814648   -0.815333 0.000162026
28   -0.815046   -0.815323 0.000156467
29   -0.813149   -0.815248 0.000168561
30   -0.814691   -0.815229 0.000163898
31   -0.817147   -0.815291  0.00017017
32   -0.814096   -0.815254 0.000168945
33   -0.817011   -0.815307 0.000172189
34   -0.817584   -0.815374 0.000179973
35   -0.815918   -0.815389 0.000175446
36    -0.81512   -0.815382 0.000170667
37   -0.816291   -0.815407 0.000167799
38   -0.815237   -0.815402 0.000163385
39   -0.816293   -0.815425 0.000160771
40   -0.816846    -0.81546 0.000160679
41    -0.81559   -0.815464 0.000156743
42   -0.813573   -0.815419 0.000159453
43   -0.815651   -0.815424 0.000155795
44   -0.814984   -0.815414 0.000152541
45    -0.81717   -0.815453 0.000154132
46    -0.81609   -0.815467 0.000151378
47    -0.81687   -0.815497 0.000151102
48    -0.81563     -0.8155 0.000147947
49   -0.813582    -0.81546 0.000150085
50   -0.814699   -0.815445 0.000147839
51   -0.817222    -0.81548 0.000149042
52   -0.814269   -0.815457 0.000147992
53    -0.81508    -0.81545 0.000145347
54   -0.815349   -0.815448 0.000142642
55   -0.816043   -0.815459 0.000140443
56   -0.815186   -0.815454 0.000137998
57   -0.815059   -0.815447 0.000135732
58   -0.814968   -0.815439 0.000133627
59   -0.812443   -0.815388 0.000140813
60   -0.813475   -0.815356 0.000142068
61   -0.814891   -0.815348 0.000139927
62   -0.814744   -0.815339 0.000137997
63   -0.815264   -0.815337 0.000135794
64   -0.817339   -0.815369 0.000137266
65   -0.817811   -0.815406 0.000140265
66   -0.815734   -0.815411 0.000138213
67   -0.817218   -0.815438 0.000138779
68   -0.814981   -0.815431 0.000136888
69   -0.815773   -0.815436  0.00013498
70   -0.816357    -0.81545 0.000133686
71   -0.816234   -0.815461 0.000132252
72   -0.814488   -0.815447   0.0001311
73   -0.815093   -0.815442 0.000129383
74   -0.815538   -0.815443 0.000127629
75   -0.815898    -0.81545 0.000126061
76   -0.815326   -0.815448 0.000124402
77   -0.814669   -0.815438 0.000123192
78   -0.814304   -0.815423 0.000122468
79   -0.816266   -0.815434 0.000121377
80   -0.814973   -0.815428 0.000119989
81    -0.81575   -0.815432 0.000118565
82   -0.816398   -0.815444 0.000117701
83   -0.815485   -0.815444 0.000116276
84   -0.812837   -0.815413 0.000119003
85     -0.8148   -0.815406 0.000117816
86   -0.814026    -0.81539 0.000117539
87   -0.816374   -0.815401  0.00011673
88   -0.813237   -0.815377 0.000117989
89   -0.814576   -0.815368 0.000117002
90   -0.813546   -0.815348 0.000117453
91    -0.81391   -0.815332 0.000117224
92   -0.813482   -0.815312 0.000117674
93    -0.81449   -0.815303 0.000116737
94   -0.815282   -0.815303 0.000115488
95   -0.814464   -0.815294 0.000114607
96   -0.815102   -0.815292 0.000113424
97   -0.813077   -0.815269 0.000114548
98   -0.815179   -0.815268 0.000113377
99   -0.816277   -0.815278 0.000112687
100   -0.817035   -0.815296  0.00011293
101   -0.815595   -0.815299 0.000111845
102   -0.815366   -0.815299 0.000110745
103   -0.815824   -0.815305 0.000109783
104   -0.814261   -0.815294 0.000109185
105   -0.817064   -0.815311 0.000109445
106   -0.814518   -0.815304 0.000108665
107   -0.816618   -0.815316 0.000108343
108   -0.814934   -0.815313 0.000107393
109   -0.815608   -0.815315 0.000106438
110   -0.814752    -0.81531  0.00010559
111   -0.814906   -0.815307 0.000104698
112   -0.815874   -0.815312 0.000103883
113   -0.815826   -0.815316  0.00010306
114   -0.813864   -0.815303 0.000102943
115   -0.817179    -0.81532 0.000103339
116     -0.8154    -0.81532 0.000102447
117   -0.814803   -0.815316 0.000101663
118   -0.813485     -0.8153 0.000101986
119   -0.814456   -0.815293 0.000101374
120   -0.816298   -0.815302 0.000100873
121   -0.813112   -0.815284  0.00010166
122    -0.81383   -0.815272 0.000101524
123   -0.816877   -0.815285 0.000101538
124   -0.813938   -0.815274   0.0001013
125   -0.814102   -0.815265 0.000100922
126   -0.817538   -0.815283  0.00010173
127    -0.81435   -0.815275 0.000101193
128   -0.815045   -0.815273 0.000100415
129   -0.814488   -0.815267 9.98195e-05
130   -0.815323   -0.815268 9.90496e-05
131   -0.816683   -0.815279 9.88827e-05
132   -0.813829   -0.815268 9.87434e-05
133   -0.813077   -0.815251 9.93729e-05
134   -0.816462    -0.81526 9.90419e-05
135   -0.815755   -0.815264 9.83739e-05
136   -0.815939   -0.815269 9.77741e-05
137   -0.815574   -0.815271 9.70834e-05
138   -0.816035   -0.815277 9.65363e-05
139   -0.816085   -0.815282 9.60155e-05
140   -0.815099   -0.815281 9.53361e-05
141   -0.815467   -0.815282 9.46668e-05
142    -0.81491    -0.81528 9.40343e-05
143   -0.814442   -0.815274 9.35581e-05
144   -0.816773   -0.815284 9.34874e-05
145   -0.813571   -0.815273 9.35892e-05
146    -0.81672   -0.815282 9.34732e-05
147   -0.814563   -0.815278  9.2964e-05
148   -0.814706   -0.815274 9.24146e-05
149   -0.815806   -0.815277 9.18619e-05
150   -0.815862   -0.815281 9.13307e-05
151   -0.814621   -0.815277 9.08292e-05
152   -0.813678   -0.815266 9.08404e-05
153   -0.814109   -0.815259 9.05612e-05
154   -0.818293   -0.815278 9.21032e-05
155   -0.812875   -0.815263 9.28112e-05
156   -0.815987   -0.815268 9.23312e-05
157   -0.815093   -0.815266  9.1748e-05
158   -0.815595   -0.815269 9.11892e-05
159   -0.813976    -0.81526 9.09777e-05
160   -0.814122   -0.815253 9.06871e-05
161   -0.819296   -0.815278 9.35548e-05
162   -0.816549   -0.815286 9.33057e-05
163   -0.817706   -0.815301 9.39118e-05
164    -0.81711   -0.815312 9.39872e-05
165   -0.814078   -0.815305 9.37146e-05
166   -0.815013   -0.815303 9.31649e-05
167   -0.816482    -0.81531  9.2874e-05
168   -0.814179   -0.815303 9.25645e-05
169    -0.81469     -0.8153 9.20868e-05
170   -0.815936   -0.815303   9.162e-05
171    -0.81661   -0.815311 9.14024e-05
172   -0.815485   -0.815312 9.08751e-05
173   -0.816824   -0.815321 9.07701e-05
174   -0.814437   -0.815316 9.03897e-05
175   -0.813534   -0.815305 9.04463e-05
176   -0.816637   -0.815313 9.02485e-05
177   -0.815016   -0.815311 8.97528e-05
178   -0.815701   -0.815314  8.9274e-05
179   -0.816626   -0.815321  8.9076e-05
180    -0.81513    -0.81532 8.85861e-05
181   -0.816184   -0.815325 8.82246e-05
182   -0.813624   -0.815315 8.82347e-05
183   -0.817133   -0.815325 8.83115e-05
184    -0.81572   -0.815327 8.78564e-05
185   -0.813872   -0.815319 8.77336e-05
186    -0.81636   -0.815325 8.74398e-05
187   -0.815133   -0.815324  8.6977e-05
188    -0.81792   -0.815338 8.76082e-05
189   -0.816325   -0.815343 8.72998e-05
190   -0.814706    -0.81534 8.69039e-05
191   -0.815422    -0.81534 8.64488e-05
192   -0.814339   -0.815335 8.61552e-05
193   -0.816003   -0.815338 8.57776e-05
194   -0.816189   -0.815343 8.54468e-05
195   -0.815424   -0.815343 8.50085e-05
196   -0.815994   -0.815346 8.46388e-05
197   -0.815243   -0.815346 8.42097e-05
198   -0.813462   -0.815336 8.43216e-05
199   -0.814965   -0.815335 8.39176e-05
200    -0.81445    -0.81533 8.36141e-05
