1     3.45448   0.0690896           0
2     2.61984   0.0607432   0.0083464
3        3.16   0.0615621  0.00488789
4     2.93108    0.060827  0.00353357
5       2.875   0.0601616  0.00281681
6       3.283    0.061078  0.00247577
7     3.07192   0.0611295  0.00209304
8     3.01936   0.0610367    0.001815
9     2.63216   0.0601041  0.00185255
10     2.89252   0.0598787  0.00167222
11     2.48916   0.0589609  0.00176924
12     3.06576   0.0591571  0.00162696
13     3.00584    0.059231  0.00149841
14      2.7214   0.0588879  0.00142905
15     2.47272    0.058259  0.00147153
16     3.50664   0.0590011   0.0015638
17     2.70944    0.058718  0.00149596
18      3.4228    0.059259   0.0015106
19      3.4294     0.05975  0.00151089
20     2.86244    0.059625   0.0014388
21     2.96292   0.0596075  0.00136869
22     2.67572   0.0593305  0.00133406
23     2.48296   0.0589101   0.0013423
24     2.81256   0.0587993  0.00128992
25      3.0144   0.0588588  0.00123868
26     2.87136   0.0588038  0.00119136
27     2.88956   0.0587663    0.001147
28     2.38448   0.0583707  0.00117394
29     2.74392   0.0582502  0.00113912
30     2.85344   0.0582109  0.00110119
31     2.87676   0.0581891   0.0010653
32     3.34076   0.0584586  0.00106612
33     2.64612   0.0582909  0.00104684
34     2.69072   0.0581592  0.00102408
35      2.7276   0.0580561 0.000999716
36     2.91212   0.0580613 0.000971564
37     3.30956    0.058281  0.00097015
38     2.89868   0.0582729  0.00094431
39     3.00148    0.058318  0.00092088
40     2.60152   0.0581608 0.000911223
41      2.7294   0.0580737 0.000892983
42      3.1294   0.0581811 0.000878065
43       2.692   0.0580802 0.000863325
44     2.92508   0.0580898  0.00084353
45      2.6498   0.0579766 0.000832305
46     3.14916   0.0580854 0.000821255
47      3.1512   0.0581905 0.000810432
48     2.92352   0.0581963  0.00079339
49     2.91072   0.0581967  0.00077703
50     2.90832   0.0581961 0.000761331
51     3.08636   0.0582653 0.000749459
52     3.11856   0.0583443 0.000739134
53     3.44624   0.0585439 0.000752035
54     3.22608   0.0586546 0.000746233
55     2.90456   0.0586444 0.000732611
56     3.04576   0.0586849 0.000720552
57     2.54212   0.0585473 0.000721047
58     2.90612     0.05854 0.000708544
59     3.20212   0.0586333 0.000702648
60     2.97792   0.0586487  0.00069101
61     3.37572    0.058794 0.000694955
62     2.47148    0.058643  0.00070014
63     2.51804   0.0585115 0.000701368
64     2.76812   0.0584623 0.000692073
65     2.92512   0.0584629 0.000681343
66     2.85792   0.0584432 0.000671231
67      2.7104     0.05838 0.000664152
68     3.02828   0.0584121 0.000655101
69     2.65232   0.0583343 0.000650204
70     2.21864   0.0581349 0.000671168
71     3.14724   0.0582026 0.000665107
72     2.61456   0.0581205 0.000660923
73     2.89964   0.0581188 0.000651809
74     3.01932   0.0581494 0.000643671
75     2.87476   0.0581407  0.00063509
76      3.3608   0.0582601 0.000637953
77     3.39424   0.0583851 0.000641901
78     2.74916   0.0583415 0.000635118
79     2.96736   0.0583542 0.000627156
80     3.06536   0.0583911 0.000620366
81     2.71232     0.05834 0.000614792
82     3.27188   0.0584265 0.000613387
83     2.89832    0.058421 0.000605977
84     2.12936   0.0582325 0.000627691
85     3.11108   0.0582794 0.000622035
86       3.114   0.0583259 0.000616517
87     3.21696    0.058395 0.000613297
88     2.80352   0.0583686 0.000606863
89     2.93284   0.0583719 0.000600014
90     3.04448   0.0583998 0.000593969
91     2.65628   0.0583419 0.000590258
92     3.28928   0.0584228 0.000589387
93     3.38388   0.0585223 0.000591447
94     3.16596   0.0585733 0.000587342
95      2.8986    0.058567 0.000581161
96     3.57356   0.0587014 0.000590576
97     3.05104   0.0587253 0.000584945
98      2.9672   0.0587316  0.00057898
99     2.99612   0.0587437 0.000573228
100     2.81756   0.0587198 0.000567971
101       3.101   0.0587524 0.000563268
102     3.01164   0.0587669 0.000557907
103     2.91236   0.0587619 0.000552487
104       2.543   0.0586859 0.000552399
105     3.24992    0.058746 0.000550406
106     2.86948   0.0587332 0.000545339
107      2.9186   0.0587299 0.000540229
108     2.80872   0.0587062 0.000535726
109     2.76176   0.0586744 0.000531743
110     3.32488   0.0587455 0.000531665
111     3.29588   0.0588101 0.000530801
112     3.21296   0.0588587 0.000528285
113     2.90432   0.0588519 0.000523634
114     3.11456   0.0588821 0.000519896
115     3.00344   0.0588924 0.000515459
116      2.9756   0.0588977 0.000511024
117     3.32764   0.0589632 0.000510845
118     2.76808   0.0589326 0.000507416
119     3.20952   0.0589768  0.00050507
120      3.2584   0.0590284 0.000503494
121     2.85116   0.0590118  0.00049959
122     2.97136   0.0590153  0.00049549
123     2.72252   0.0589781 0.000492844
124      3.0978   0.0590022 0.000489443
125     2.65464   0.0589549 0.000487808
126       2.738   0.0589216 0.000485065
127     3.39756   0.0589927 0.000486454
128     2.78336   0.0589667 0.000483338
129     2.82824   0.0589481 0.000479938
130     2.69788   0.0589097 0.000477776
131     3.16044   0.0589425 0.000475249
132      3.0046   0.0589512 0.000471716
133     3.20536     0.05899 0.000469758
134     2.81212   0.0589695  0.00046669
135     2.59172   0.0589166 0.000466225
136     2.97916   0.0589215  0.00046281
137      3.4398   0.0589936 0.000465039
138     2.91408   0.0589885 0.000461686
139     3.13724   0.0590155 0.000459148
140      2.8658   0.0590033 0.000456019
141     2.92368   0.0589996 0.000452788
142       2.541    0.058942 0.000453264
143     2.90948   0.0589367 0.000450114
144     2.97056     0.05894 0.000446989
145      3.2526   0.0589822 0.000445892
146      3.3224   0.0590333  0.00044577
147      3.0208   0.0590427 0.000442828
148     2.98348   0.0590469 0.000439846
149     2.77076   0.0590226 0.000437563
150      2.6658   0.0589845 0.000436298
151     2.95628   0.0589855   0.0004334
152      3.0926   0.0590043 0.000430952
153     3.03748   0.0590157 0.000428278
154     2.93852   0.0590141 0.000425491
155     2.70696   0.0589827 0.000423905
156      2.7006   0.0589508 0.000422383
157       3.211   0.0589844 0.000421024
158     3.32956   0.0590325 0.000421112
159     3.26932   0.0590725 0.000420359
160      3.1412   0.0590959 0.000418381
161      2.6114   0.0590533 0.000417956
162     3.11796   0.0590737 0.000415869
163      2.7384   0.0590473 0.000414153
164     2.60764   0.0590052 0.000413762
165      2.8972   0.0589988 0.000411297
166     3.27452   0.0590379 0.000410677
167     2.79696   0.0590193 0.000408632
168     2.89968   0.0590132 0.000406239
169     2.84552   0.0590008 0.000404019
170     2.83432   0.0589872 0.000401866
171     2.85736   0.0589764 0.000399654
172      3.3074   0.0590181 0.000399506
173     3.07264   0.0590322 0.000397439
174     3.22828    0.059064 0.000396426
175     3.01492    0.059071 0.000394217
176     2.81712   0.0590555 0.000392277
177     2.63004   0.0590191 0.000391756
178     3.21096   0.0590483 0.000390643
179     2.95888    0.059049 0.000388455
180     2.51256   0.0590001 0.000389371
181     2.68416   0.0589708 0.000388326
182     3.05096    0.058982 0.000386351
183     2.72844   0.0589579  0.00038499
184      2.8232   0.0589443 0.000383131
185     2.74836   0.0589228 0.000381661
186      2.7996   0.0589071  0.00037993
187     2.77956   0.0588894 0.000378309
188     2.57892   0.0588505 0.000378295
189     2.76044   0.0588312 0.000376781
190     2.67632   0.0588033 0.000375831
191     3.00816   0.0588104 0.000373926
192     3.32092     0.05885 0.000374078
193       2.912   0.0588469 0.000372148
194     2.95904   0.0588486 0.000370229
195     3.09508   0.0588642 0.000368658
196     2.95964   0.0588659 0.000366776
197     2.89768   0.0588613 0.000364939
198     3.05672   0.0588728 0.000363273
199     2.63696   0.0588419 0.000362755
200       3.289   0.0588766 0.000362599
1      3.4458    0.068916           0
2     2.61848   0.0606428   0.0082732
3      3.1728   0.0615805  0.00486771
4     2.92756   0.0608232  0.00352432
5     2.88756   0.0602088  0.00279821
6     3.29088   0.0611436  0.00246857
7     3.06744   0.0611729  0.00208653
8     3.00452   0.0610376  0.00181205
9     2.61448   0.0600656  0.00187046
10     2.90972   0.0598785  0.00168343
11      2.4854   0.0589539  0.00178144
12     3.07448   0.0591652   0.0016399
13     3.00192   0.0592324  0.00150998
14     2.71168   0.0588753  0.00144285
15     2.46692   0.0582395  0.00148609
16     3.50552   0.0589815  0.00157571
17     2.70856   0.0586985  0.00150693
18     3.41496   0.0592319  0.00151756
19     3.43584   0.0597311   0.0015198
20      2.8686   0.0596131  0.00144662
21       2.969    0.059602  0.00137606
22      2.6838   0.0593327  0.00133939
23     2.48376   0.0589128  0.00134695
24     2.80524   0.0587958   0.0012949
25     3.02612   0.0588648  0.00124394
26     2.84788   0.0587915  0.00119739
27     2.89416   0.0587578  0.00115268
28     2.39696   0.0583715  0.00117603
29     2.74032   0.0582485   0.0011414
30     2.85332   0.0582091   0.0011034
31     2.88204   0.0581908  0.00106737
32      3.3384   0.0584588  0.00106767
33     2.64976   0.0582933  0.00104797
34     2.69224   0.0581624  0.00102506
35     2.72868   0.0580599  0.00100061
36     2.91816   0.0580683 0.000972458
37     3.28168   0.0582728 0.000967659
38     2.86048   0.0582448 0.000942266
39     3.01796    0.058299 0.000919387
40     2.59096    0.058137 0.000910633
41     2.72148   0.0580466 0.000892736
42      3.1246   0.0581524 0.000877627
43     2.67556   0.0580445 0.000863744
44     2.92576   0.0580552 0.000843953
45     2.65792   0.0579464 0.000832131
46     3.12296   0.0580445 0.000819732
47      3.1518   0.0581507 0.000809102
48      2.9154    0.058154 0.000792073
49     2.89844   0.0581502 0.000775749
50     2.90264   0.0581482 0.000760078
51     3.08792    0.058219 0.000748381
52     3.10148   0.0582923 0.000737498
53      3.4298   0.0584867 0.000749115
54     3.23728   0.0586026 0.000744193
55     2.90536   0.0585936 0.000730592
56     3.03956   0.0586329   0.0007185
57     2.57904   0.0585091 0.000716544
58     2.90816   0.0585032 0.000704106
59     3.18092   0.0585899 0.000697479
60     2.97736   0.0586058 0.000685941
61     3.34236   0.0587409 0.000687999
62     2.46576   0.0585889 0.000693675
63     2.51208   0.0584564 0.000695317
64     2.76808   0.0584081 0.000686072
65     2.92736   0.0584102 0.000675438
66     2.84576   0.0583875 0.000665511
67     2.70652    0.058324 0.000658575
68     3.02796   0.0583569  0.00064965
69     2.65868   0.0582818 0.000644558
70     2.20924   0.0580804 0.000666439
71     3.15856   0.0581521 0.000660887
72       2.597   0.0580658  0.00065733
73     2.90436   0.0580661 0.000648263
74     3.02956   0.0581002 0.000640352
75     2.87948   0.0580934 0.000631793
76     3.36484   0.0582145 0.000635077
77     3.38276   0.0583371 0.000638654
78     2.73204   0.0582897 0.000632192
79     2.96544   0.0583026 0.000624272
80     3.05808   0.0583384 0.000617454
81     2.74076   0.0582949 0.000611333
82     3.28168   0.0583844 0.000610428
83     2.89964   0.0583796 0.000603047
84     2.12576   0.0581908 0.000625041
85      3.1162   0.0582394 0.000619555
86     3.09572   0.0582821 0.000613797
87     3.21304   0.0583509 0.000610581
88     2.81724   0.0583281 0.000604033
89     2.92328   0.0583296 0.000597209
90     3.03692   0.0583564 0.000591143
91     2.67096   0.0583021 0.000587123
92     3.28116   0.0583817 0.000586133
93     3.38904   0.0584828 0.000588539
94     3.15728   0.0585324 0.000584353
95     2.91852   0.0585307 0.000578172
96     3.56288   0.0586632 0.000587277
97     3.04876   0.0586871 0.000581679
98       2.963   0.0586929 0.000575743
99     2.99168   0.0587044 0.000570014
100       2.796   0.0586766 0.000564972
101     3.10636   0.0587107 0.000560392
102     3.01288   0.0587259 0.000555078
103     2.91104    0.058721 0.000549685
104     2.54836   0.0586465 0.000549455
105      3.2382   0.0587047 0.000547307
106     2.87204   0.0586928  0.00054225
107     2.93016    0.058692 0.000537159
108     2.79304   0.0586657 0.000532808
109     2.74024   0.0586303 0.000529084
110     3.33116    0.058703 0.000529264
111      3.3002   0.0587688 0.000528582
112     3.19468   0.0588145 0.000525836
113     2.91936   0.0588107 0.000521176
114     3.12408   0.0588429 0.000517586
115     3.00144   0.0588532  0.00051317
116     2.97344   0.0588586 0.000508754
117     3.32876   0.0589245 0.000508681
118     2.76392   0.0588936 0.000505297
119     3.19876   0.0589363  0.00050285
120     3.26004   0.0589885 0.000501367
121     2.84036   0.0589705 0.000497533
122     3.00084   0.0589791 0.000493512
123     2.75568   0.0589476 0.000490491
124     3.12128   0.0589757 0.000487327
125     2.63756   0.0589259 0.000485971
126     2.72436   0.0588907 0.000483384
127     3.37408   0.0589583  0.00048431
128      2.7982   0.0589349 0.000481081
129     2.82272   0.0589157 0.000477724
130     2.70192   0.0588782 0.000475517
131     3.15788   0.0589108 0.000473003
132     3.00172   0.0589193 0.000469483
133     3.20168   0.0589578 0.000467524
134     2.79608   0.0589351 0.000464574
135     2.58108    0.058881 0.000464292
136     2.96744   0.0588844 0.000460878
137     3.42504   0.0589546 0.000462855
138       2.911   0.0589493 0.000459519
139     3.12436   0.0589747 0.000456911
140     2.87628   0.0589644 0.000453754
141     2.95296    0.058965 0.000450525
142      2.5602   0.0589104 0.000450667
143      2.8994   0.0589039 0.000447551
144        2.98   0.0589088 0.000444458
145     3.22144   0.0589468 0.000443021
146      3.3252   0.0589986 0.000443011
147      3.0308   0.0590096 0.000440124
148     2.98708   0.0590146 0.000437168
149       2.759   0.0589888 0.000434986
150     2.66228   0.0589505  0.00043377
151     2.97956   0.0589548 0.000430909
152     3.08584   0.0589729  0.00042845
153     3.03352    0.058984 0.000425785
154      2.9278   0.0589813  0.00042302
155     2.71848   0.0589515 0.000421334
156     2.69036   0.0589185 0.000419921
157     3.19136   0.0589498 0.000418408
158     3.33052   0.0589983 0.000418569
159     3.26352   0.0590377 0.000417794
160     3.13716   0.0590609  0.00041582
161     2.64516   0.0590226 0.000414996
162      3.1392   0.0590459 0.000413079
163     2.73168   0.0590188 0.000411428
164     2.63576   0.0589804 0.000410714
165      2.8958   0.0589739 0.000408269
166     3.26828   0.0590124 0.000407624
167     2.79284   0.0589935 0.000405617
168     2.90848   0.0589886 0.000403225
169      2.8526   0.0589772 0.000400995
170     2.85644   0.0589663 0.000398778
171     2.84012   0.0589536 0.000396641
172     3.30816   0.0589955  0.00039655
173     3.07964   0.0590106 0.000394537
174     3.21672   0.0590411 0.000393454
175     3.00716   0.0590474  0.00039125
176      2.8398   0.0590347 0.000389231
177     2.63928   0.0589993 0.000388633
178      3.2282   0.0590306 0.000387706
179     2.95664   0.0590312 0.000385534
180        2.52   0.0589832 0.000386373
181     2.69808   0.0589555 0.000385233
182     3.05768   0.0589676 0.000383301
183     2.73492   0.0589442 0.000381914
184     2.84172   0.0589328 0.000380005
185     2.76968   0.0589136 0.000378429
186      2.8028   0.0588983 0.000376703
187     2.79076   0.0588818 0.000375046
188     2.61424   0.0588467 0.000374692
189     2.75756   0.0588271 0.000373217
190     2.66368   0.0587979 0.000372396
191     3.00756    0.058805 0.000370509
192     3.33816   0.0588465 0.000370898
193     2.92916   0.0588451 0.000368973
194       2.962   0.0588471 0.000367072
195        3.09   0.0588623 0.000365499
196     2.96912   0.0588649 0.000363639
197     2.89784   0.0588603 0.000361818
198     3.02848   0.0588689 0.000360089
199     2.63652   0.0588381   0.0003596
200       3.286   0.0588725 0.000359449
