1    0.316983    0.316983           0
2    0.312431    0.314707  0.00227596
3    0.316704    0.315373  0.00147303
4    0.319697    0.316454  0.00150118
5    0.314454    0.316054  0.00122966
6    0.319261    0.316589  0.00113742
7    0.319833    0.317052  0.00106718
8    0.312953     0.31654  0.00105672
9    0.321629    0.317105  0.00109009
10    0.314546    0.316849  0.00100803
11     0.31912    0.317056 0.000934868
12    0.316568    0.317015 0.000854382
13    0.319672    0.317219 0.000812062
14    0.316154    0.317143 0.000755662
15    0.317996      0.3172 0.000705774
16    0.317539    0.317221 0.000660531
17    0.319835    0.317375 0.000639219
18    0.319614    0.317499 0.000615367
19    0.314951    0.317365 0.000597327
20     0.31788    0.317391 0.000567259
21    0.320359    0.317532 0.000557771
22    0.317716    0.317541 0.000531879
23    0.317423    0.317536 0.000508254
24    0.318403    0.317572 0.000487956
25    0.315926    0.317506  0.00047264
26    0.317016    0.317487 0.000454488
27    0.321292    0.317628 0.000459479
28    0.318238     0.31765   0.0004433
29    0.319955    0.317729 0.000435062
30    0.315843    0.317666 0.000424988
31    0.318571    0.317696 0.000412086
32    0.318593    0.317724 0.000399985
33    0.320808    0.317817 0.000398783
34    0.317667    0.317813 0.000386902
35    0.313153     0.31768 0.000398577
36    0.318008    0.317689 0.000387454
37    0.320797    0.317773 0.000386086
38    0.318738    0.317798 0.000376646
39    0.313042    0.317676 0.000386604
40    0.320047    0.317735 0.000381449
41    0.318452    0.317753  0.00037244
42    0.319627    0.317798 0.000366194
43    0.317351    0.317787 0.000357728
44    0.318901    0.317812 0.000350418
45    0.312561    0.317696 0.000361878
46    0.320808    0.317763 0.000360332
47    0.321598    0.317845 0.000361901
48    0.314715     0.31778 0.000360232
49    0.320253     0.31783 0.000356396
50    0.322237    0.317918 0.000360146
51    0.321721    0.317993 0.000360804
52    0.315685    0.317949 0.000356569
53    0.318016     0.31795 0.000349779
54    0.315522    0.317905 0.000346173
55    0.319378    0.317932 0.000340875
56    0.316919    0.317914  0.00033522
57    0.321933    0.317984 0.000336754
58    0.314692    0.317927  0.00033573
59    0.315935    0.317894 0.000331714
60    0.313045    0.317813 0.000335999
61    0.317676    0.317811 0.000330453
62    0.323077    0.317895 0.000335992
63    0.319943    0.317928  0.00033221
64    0.317846    0.317927 0.000326981
65    0.313169    0.317853 0.000330129
66     0.31353    0.317788 0.000331622
67     0.31904    0.317807 0.000327169
68     0.31913    0.317826 0.000322908
69    0.315176    0.317788 0.000320503
70    0.316115    0.317764 0.000316794
71    0.316892    0.317752 0.000312542
72    0.318501    0.317762 0.000308347
73    0.314152    0.317712 0.000308089
74    0.312136    0.317637   0.0003131
75    0.316005    0.317615 0.000309662
76    0.320752    0.317657 0.000308334
77    0.315128    0.317624 0.000306071
78    0.319207    0.317644 0.000302802
79    0.318025    0.317649 0.000298984
80    0.318603    0.317661 0.000295464
81    0.311808    0.317589 0.000300608
82    0.321643    0.317638 0.000301008
83    0.316527    0.317625 0.000297661
84    0.313646    0.317577 0.000297886
85    0.319744    0.317603 0.000295462
86    0.316712    0.317592  0.00029219
87    0.322647    0.317651 0.000294598
88    0.323552    0.317718 0.000298853
89     0.31908    0.317733 0.000295873
90    0.318523    0.317742 0.000292698
91    0.317388    0.317738  0.00028949
92    0.315117    0.317709 0.000287739
93    0.324591    0.317783  0.00029409
94    0.319276    0.317799 0.000291377
95    0.316327    0.317784  0.00028871
96    0.314352    0.317748 0.000287914
97    0.320214    0.317773 0.000286062
98    0.316794    0.317763 0.000283304
99    0.320252    0.317788 0.000281553
100    0.315276    0.317763 0.000279853
101    0.320586    0.317791 0.000278474
102    0.318562    0.317799 0.000275833
103     0.31597    0.317781 0.000273719
104    0.312363    0.317729 0.000276035
105    0.319349    0.317744 0.000273829
106    0.321304    0.317778 0.000273304
107    0.318707    0.317787 0.000270877
108    0.316103    0.317771  0.00026881
109    0.320697    0.317798 0.000267682
110    0.322436     0.31784 0.000268568
111    0.313871    0.317804 0.000268529
112    0.316236     0.31779 0.000266489
113    0.315788    0.317773 0.000264714
114     0.31672    0.317763 0.000262544
115    0.314035    0.317731 0.000262263
116    0.324958    0.317793 0.000267352
117    0.318741    0.317801 0.000265181
118    0.320759    0.317826 0.000264116
119    0.319272    0.317839 0.000262169
120    0.316194    0.317825 0.000260336
121    0.321814    0.317858 0.000260272
122    0.318433    0.317863 0.000258173
123    0.319171    0.317873 0.000256286
124    0.320366    0.317893 0.000255004
125    0.319339    0.317905  0.00025322
126    0.316063     0.31789 0.000251627
127    0.315763    0.317874 0.000250199
128    0.319711    0.317888 0.000248652
129     0.31766    0.317886 0.000246723
130    0.320491    0.317906 0.000245636
131    0.319115    0.317915 0.000243928
132    0.317004    0.317908 0.000242172
133    0.312848     0.31787 0.000243337
134    0.315965    0.317856 0.000241933
135    0.318759    0.317863 0.000240227
136    0.316811    0.317855  0.00023858
137    0.313606    0.317824 0.000238854
138    0.316951    0.317818 0.000237201
139    0.317541    0.317816 0.000235497
140    0.322537     0.31785 0.000236229
141    0.321563    0.317876 0.000236021
142    0.315336    0.317858 0.000235035
143    0.317288    0.317854  0.00023342
144    0.322073    0.317883 0.000233637
145    0.318408    0.317887 0.000232049
146    0.319075    0.317895 0.000230598
147    0.316707    0.317887 0.000229166
148    0.316093    0.317875 0.000227935
149    0.321507    0.317899 0.000227709
150    0.320437    0.317916 0.000226817
151    0.315611    0.317901 0.000225827
152    0.314247    0.317877  0.00022562
153    0.317871    0.317877 0.000224141
154    0.319417    0.317887 0.000222905
155     0.32038    0.317903 0.000222046
156    0.318116    0.317904 0.000220622
157    0.315712     0.31789 0.000219657
158    0.324682    0.317933 0.000222454
159    0.318848    0.317939 0.000221126
160    0.319158    0.317947 0.000219871
161    0.324512    0.317987 0.000222274
162      0.3149    0.317968 0.000221719
163    0.318117    0.317969 0.000220356
164    0.321354     0.31799 0.000219979
165    0.319429    0.317999 0.000218816
166    0.318436    0.318001  0.00021751
167    0.318479    0.318004 0.000216222
168    0.315508    0.317989 0.000215444
169    0.315807    0.317976 0.000214554
170    0.315249     0.31796 0.000213891
171    0.321723    0.317982 0.000213772
172    0.319031    0.317988 0.000212613
173    0.321933    0.318011 0.000212607
174    0.315492    0.317997 0.000211877
175    0.315623    0.317983 0.000211099
176    0.314728    0.317965  0.00021071
177    0.322364     0.31799 0.000210985
178    0.321758    0.318011 0.000210862
179      0.3173    0.318007 0.000209718
180    0.320966    0.318023 0.000209197
181    0.316374    0.318014 0.000208237
182    0.316013    0.318003 0.000207382
183    0.319385    0.318011 0.000206384
184    0.317115    0.318006 0.000205317
185    0.316254    0.317996 0.000204423
186    0.317257    0.317992  0.00020336
187    0.319419       0.318 0.000202413
188    0.313932    0.317978 0.000202493
189    0.320699    0.317993 0.000201933
190    0.319787    0.318002 0.000201089
191    0.321081    0.318018 0.000200682
192    0.318875    0.318023 0.000199684
193    0.322132    0.318044 0.000199785
194    0.321724    0.318063 0.000199655
195    0.312836    0.318036 0.000200429
196    0.318028    0.318036 0.000199404
197    0.318062    0.318036 0.000198389
198    0.317856    0.318035 0.000197387
199    0.324825    0.318069 0.000199334
200    0.323493    0.318097  0.00020018
1    0.317645    0.317645           0
2    0.314716    0.316181  0.00146456
3    0.315522    0.315961 0.000873586
4    0.321115     0.31725  0.00142898
5    0.314277    0.316655  0.00125646
6    0.319703    0.317163  0.00114473
7    0.321422    0.317772  0.00114292
8    0.312955     0.31717   0.0011585
9    0.320458    0.317535  0.00108506
10     0.31921    0.317702 0.000984856
11    0.319542     0.31787 0.000906399
12    0.318888    0.317955 0.000831765
13    0.322172    0.318279 0.000831058
14    0.315777      0.3181 0.000789886
15    0.314523    0.317862  0.00077304
16    0.320407    0.318021 0.000740402
17    0.320165    0.318147 0.000706831
18        0.32     0.31825 0.000674313
19    0.313053    0.317976 0.000694014
20    0.314485    0.317802 0.000681156
21    0.318547    0.317837  0.00064888
22    0.320138    0.317942 0.000627457
23    0.316839    0.317894  0.00060147
24    0.320508    0.318003 0.000586076
25    0.317752    0.317993 0.000562234
26    0.318096    0.317997 0.000540192
27    0.320891    0.318104 0.000530735
28    0.315874    0.318024 0.000517593
29    0.320214      0.3181 0.000505102
30    0.315382    0.318009 0.000496311
31    0.318612    0.318029 0.000480428
32     0.32119    0.318128 0.000475544
33    0.322423    0.318258 0.000478939
34    0.317233    0.318228 0.000465615
35    0.313108    0.318081 0.000475193
36    0.319532    0.318122 0.000463559
37    0.319138    0.318149 0.000451693
38    0.317901    0.318143 0.000439694
39    0.312472    0.317997 0.000452278
40    0.320313    0.318055 0.000444611
41    0.316641    0.318021 0.000435001
42    0.319478    0.318055 0.000425933
43    0.317587    0.318044 0.000416052
44    0.319467    0.318077 0.000407771
45    0.314879    0.318006 0.000404892
46    0.321665    0.318085 0.000403903
47    0.321835    0.318165 0.000403189
48    0.314292    0.318084 0.000402862
49     0.31766    0.318076  0.00039465
50    0.320662    0.318127  0.00039012
51    0.320257    0.318169 0.000384668
52    0.316772    0.318142 0.000378154
53    0.322103    0.318217 0.000378402
54    0.316234     0.31818 0.000373139
55    0.317415    0.318166 0.000366556
56    0.320292    0.318204 0.000361948
57    0.316901    0.318181 0.000356275
58    0.315248    0.318131 0.000353713
59    0.317373    0.318118 0.000347904
60    0.315043    0.318067 0.000345874
61    0.316907    0.318048 0.000340687
62    0.321255    0.318099 0.000339117
63    0.320443    0.318137 0.000335758
64    0.318081    0.318136 0.000330472
65    0.313912    0.318071 0.000331773
66    0.315393     0.31803 0.000329216
67    0.319787    0.318056 0.000325324
68    0.317592     0.31805 0.000320577
69    0.316205    0.318023 0.000317025
70     0.31681    0.318006 0.000312944
71    0.316769    0.317988 0.000308996
72    0.319092    0.318004  0.00030506
73     0.31527    0.317966 0.000303174
74    0.311349    0.317877  0.00031213
75    0.314157    0.317827 0.000311909
76    0.320519    0.317862 0.000309809
77    0.315978    0.317838 0.000306737
78    0.321348    0.317883 0.000306105
79    0.317196    0.317874  0.00030233
80    0.321584    0.317921 0.000302106
81    0.314957    0.317884 0.000300589
82    0.319101    0.317899 0.000297271
83    0.318291    0.317904 0.000293706
84    0.315284    0.317872 0.000291859
85    0.318215    0.317876 0.000288433
86    0.316783    0.317864 0.000285343
87    0.320571    0.317895 0.000283756
88    0.322411    0.317946 0.000285167
89     0.31933    0.317962 0.000282373
90    0.316636    0.317947 0.000279607
91     0.31516    0.317916 0.000278208
92    0.314348    0.317878 0.000277887
93     0.32053    0.317906 0.000276357
94    0.316431     0.31789 0.000273852
95    0.313456    0.317844 0.000274945
96     0.31687    0.317834 0.000272255
97     0.32075    0.317864 0.000271106
98    0.316178    0.317846 0.000268876
99    0.320727    0.317876 0.000267732
100    0.314773    0.317845  0.00026685
101    0.320674    0.317873 0.000265677
102    0.314371    0.317838 0.000265289
103    0.315809    0.317819 0.000263439
104    0.314665    0.317788 0.000262649
105    0.319543    0.317805 0.000260672
106    0.319623    0.317822 0.000258771
107    0.316471    0.317809 0.000256652
108    0.315193    0.317785 0.000255416
109    0.318142    0.317788 0.000253083
110    0.321467    0.317822 0.000252992
111     0.31308    0.317779 0.000254316
112    0.316939    0.317772 0.000252147
113    0.318668     0.31778 0.000250031
114    0.316324    0.317767 0.000248157
115    0.313973    0.317734 0.000248193
116    0.319462    0.317749 0.000246494
117    0.320208     0.31777 0.000245281
118    0.318676    0.317777 0.000243314
119    0.321713    0.317811 0.000243517
120    0.319784    0.317827 0.000242039
121    0.319967    0.317845 0.000240681
122    0.316947    0.317837 0.000238813
123    0.319243    0.317849 0.000237139
124    0.321433    0.317878 0.000236989
125    0.316234    0.317865 0.000235452
126    0.317067    0.317858 0.000233662
127    0.317522    0.317856  0.00023183
128    0.318673    0.317862   0.0002301
129    0.319363    0.317874 0.000228606
130    0.320308    0.317892 0.000227612
131    0.316864    0.317884 0.000226004
132    0.319302    0.317895 0.000224543
133     0.31638    0.317884 0.000223139
134    0.316041     0.31787 0.000221894
135    0.315967    0.317856 0.000220695
136    0.315784    0.317841 0.000219595
137    0.315582    0.317824 0.000218609
138    0.317933    0.317825 0.000217021
139    0.316716    0.317817 0.000215602
140    0.324067    0.317862 0.000218662
141    0.322212    0.317893 0.000219288
142    0.315721    0.317877 0.000218274
143    0.318813    0.317884 0.000216841
144    0.319826    0.317897 0.000215752
145    0.319395    0.317908 0.000214508
146    0.317907    0.317908 0.000213034
147    0.316758      0.3179 0.000211724
148    0.316695    0.317892 0.000210446
149    0.320724    0.317911 0.000209892
150    0.319242     0.31792 0.000208676
151    0.317376    0.317916 0.000207321
152    0.315065    0.317897 0.000206805
153     0.32019    0.317912 0.000205995
154    0.317636     0.31791  0.00020466
155    0.320345    0.317926 0.000203941
156    0.314789    0.317906 0.000203625
157    0.314998    0.317887  0.00020317
158    0.323849    0.317925 0.000205376
159    0.318072    0.317926 0.000204082
160    0.319147    0.317934 0.000202946
161    0.323596    0.317969 0.000204725
162    0.315855    0.317956 0.000203875
163     0.31776    0.317955 0.000202624
164    0.319337    0.317963 0.000201561
165    0.318152    0.317964 0.000200339
166    0.316608    0.317956 0.000199296
167    0.319552    0.317966  0.00019833
168    0.316935    0.317959 0.000197241
169    0.314701     0.31794 0.000197016
170     0.31735    0.317937 0.000195884
171    0.320123    0.317949 0.000195155
172    0.321002    0.317967 0.000194827
173    0.318417     0.31797 0.000193715
174    0.317834    0.317969   0.0001926
175    0.315461    0.317955 0.000192032
176    0.314234    0.317934 0.000192104
177    0.321015    0.317951 0.000191807
178    0.320401    0.317965 0.000191223
179      0.3176    0.317963 0.000190162
180     0.32087    0.317979 0.000189791
181    0.315077    0.317963 0.000189419
182    0.315232    0.317948 0.000188972
183    0.316375    0.317939 0.000188133
184    0.317257    0.317936 0.000187145
185    0.315817    0.317924 0.000186482
186    0.314763    0.317907 0.000186254
187    0.319206    0.317914 0.000185385
188    0.314993    0.317898  0.00018505
189    0.318642    0.317902 0.000184111
190    0.317571    0.317901 0.000183147
191    0.319765     0.31791 0.000182447
192    0.319553    0.317919 0.000181696
193    0.321324    0.317937 0.000181612
194    0.321412    0.317955 0.000181559
195    0.311685    0.317922 0.000183464
196    0.320221    0.317934 0.000182902
197    0.317167     0.31793 0.000182013
198    0.319646    0.317939 0.000181299
199    0.327016    0.317985 0.000186063
200      0.3236    0.318013 0.000187247
