1.88779           0
1.8969  0.00910965
1.88534   0.0127046
1.88443  0.00902939
1.8887  0.00819327
1.89267  0.00778038
1.89488  0.00693605
1.89799  0.00676666
1.89888  0.00603397
1.90164   0.0060587
1.90347  0.00577958
1.90249  0.00536632
1.90142  0.00505047
1.90208  0.00472131
1.90193  0.00439796
1.90033   0.0044119
1.89915  0.00430965
1.89947  0.00407586
1.89956  0.00385652
1.89908  0.00369044
1.90017  0.00367404
1.90099  0.00359863
1.90032  0.00350351
1.90123  0.00347578
1.9026  0.00360546
1.90213  0.00349618
1.90154  0.00341531
1.90236  0.00339272
1.90237  0.00327364
1.90238  0.00316265
1.90257  0.00306495
1.90395  0.00327188
1.90482  0.00328785
1.90594  0.00338013
1.90601  0.00328289
1.90598  0.00319048
1.90585  0.00310591
1.90573  0.00302534
1.90534  0.00297257
1.90557   0.0029062
1.90532  0.00284566
1.90455  0.00287986
1.90439  0.00281683
1.90516  0.00285628
1.90548  0.00281111
1.90544  0.00274967
1.90563  0.00269719
1.90578  0.00264491
1.9053  0.00263521
1.90478  0.00263382
1.90487  0.00258341
1.90443  0.00257227
1.90399  0.00256139
1.90403  0.00251394
1.90468  0.00255115
1.90497  0.00252179
1.90477  0.00248483
1.90504  0.00245592
1.90522  0.00242039
1.905  0.00238918
1.90476  0.00236189
1.90492   0.0023291
1.90497  0.00229226
1.90469  0.00227367
1.90464  0.00223884
1.90444   0.0022139
1.90474  0.00220086
1.90469  0.00216871
1.90503  0.00216348
1.90477  0.00214814
1.90485  0.00211928
1.90452  0.00211551
1.90465  0.00209033
1.90495  0.00208289
1.90467  0.00207323
1.90423  0.00209356
1.90448  0.00208113
1.90489  0.00209479
1.90456  0.00209343
1.90493  0.00209998
1.90468  0.00208999
1.90456  0.00206781
1.90478  0.00205553
1.90449  0.00205216
1.9046  0.00203111
1.90439  0.00201852
1.90461  0.00200732
1.90467  0.00198515
1.90462  0.00196324
1.90441   0.0019535
1.90416  0.00194716
1.90404  0.00192981
1.90435   0.0019347
1.90444  0.00191616
1.90449   0.0018964
1.90479    0.001901
1.90479  0.00188131
1.90513  0.00189414
1.90533  0.00188483
1.90531  0.00186598
1.90532  0.00184744
1.90506   0.0018478
1.90511  0.00183065
1.90511  0.00181296
1.90534  0.00181025
1.90521  0.00179806
1.90518   0.0017815
1.90534  0.00177249
1.90505  0.00178045
1.90514  0.00176647
1.90516  0.00175068
1.905  0.00174296
1.90501   0.0017275
1.90495  0.00171313
1.90495  0.00169818
1.90466  0.00170815
1.90487  0.00170649
1.90472  0.00169847
1.90496  0.00170132
1.90488  0.00168888
1.90504  0.00168253
1.905  0.00166939
1.90544  0.00171474
1.90534  0.00170382
1.9053  0.00169053
1.90536  0.00167796
1.90522  0.00167062
1.90532  0.00166084
1.90545   0.0016529
1.90557  0.00164454
1.90531  0.00165254
1.90515  0.00164814
1.9052   0.0016366
1.90509  0.00162801
1.90521  0.00162018
1.90537   0.0016163
1.90552  0.00161143
1.90565  0.00160444
1.90552  0.00159777
1.90565  0.00159144
1.90582   0.0015891
1.90565   0.0015871
1.90549  0.00158323
1.90565   0.0015797
1.90561  0.00156936
1.90568  0.00156053
1.90566  0.00155008
1.90563  0.00153992
1.90565   0.0015298
1.90549   0.0015278
1.90549  0.00151765
1.9056  0.00151108
1.9053  0.00152966
1.90541  0.00152375
1.90537  0.00151448
1.90537  0.00150475
1.90511  0.00151659
1.90499  0.00151212
1.90483  0.00151119
1.90489  0.00150302
1.90495  0.00149482
1.90491  0.00148605
1.90491  0.00147691
1.90494  0.00146824
1.90475  0.00147228
1.90453  0.00147985
1.9045  0.00147126
1.9045  0.00146249
1.90444  0.00145514
1.90459  0.00145424
1.90465  0.00144682
1.90462  0.00143876
1.90461  0.00143043
1.9046  0.00142226
1.90452  0.00141624
1.90445  0.00141002
1.90446  0.00140213
1.90462  0.00140321
1.90461  0.00139541
1.90462  0.00138772
1.90454  0.00138262
1.90456   0.0013752
1.90472  0.00137665
1.9048   0.0013715
1.90485  0.00136507
1.90481  0.00135841
1.90497  0.00136067
1.90513   0.0013628
1.90507   0.0013569
1.90522  0.00135884
1.90535  0.00135725
1.90533  0.00135032
1.90514  0.00135606
1.90528  0.00135625
1.90506  0.00136633
1.90501  0.00136029
1.90506  0.00135404
1.90481   0.0013691
1.90494   0.0013683
1.90489  0.00136248
1.8882           0
1.89818  0.00997647
1.88973   0.0102247
1.88731  0.00762559
1.89099  0.00695989
1.8939  0.00638507
1.89543  0.00560812
1.899  0.00603205
1.89986  0.00538877
1.90221  0.00536143
1.90367    0.005064
1.90304  0.00466606
1.90214  0.00438429
1.9021  0.00405925
1.90219  0.00377986
1.90087  0.00377369
1.90034  0.00358403
1.90046  0.00338131
1.90061  0.00320201
1.89982  0.00314022
1.90071  0.00311858
1.90152  0.00307978
1.90106  0.00297736
1.90188  0.00296634
1.90325  0.00315444
1.90279  0.00306505
1.90231  0.00298765
1.90359  0.00314863
1.90348  0.00303982
1.90363  0.00294028
1.90387  0.00285398
1.90509  0.00302236
1.90592  0.00304282
1.90698  0.00313663
1.90688  0.00304724
1.90714  0.00297289
1.90683  0.00290838
1.90642  0.00286067
1.90619  0.00279564
1.90627    0.002726
1.90605  0.00266772
1.90514  0.00275575
1.90483  0.00270879
1.90527  0.00268158
1.90557  0.00263943
1.9055  0.00258243
1.90574  0.00253854
1.90578   0.0024854
1.90523  0.00249531
1.90477  0.00248788
1.90488   0.0024407
1.90457   0.0024129
1.90417  0.00240085
1.90404  0.00235915
1.90463   0.0023893
1.90491  0.00236296
1.90467  0.00233361
1.90494  0.00230875
1.90511  0.00227573
1.90478  0.00226172
1.90453  0.00223853
1.90476  0.00221423
1.90482  0.00217949
1.90464  0.00215214
1.9047  0.00211964
1.90455  0.00209255
1.90499  0.00210675
1.90512  0.00207933
1.90537  0.00206415
1.90503  0.00206163
1.90516  0.00203642
1.90476  0.00204744
1.90475  0.00201923
1.90505  0.00201418
1.90475  0.00200945
1.90436  0.00202101
1.90458  0.00200664
1.90505  0.00203685
1.90492  0.00201515
1.90539    0.002043
1.90508  0.00203992
1.90489   0.0020238
1.90497  0.00200052
1.90465  0.00200174
1.90481  0.00198425
1.90458  0.00197354
1.90474  0.00195691
1.90466  0.00193608
1.90469  0.00191435
1.90455  0.00189786
1.90421  0.00190665
1.90417  0.00188637
1.90457  0.00190856
1.90465   0.0018899
1.90465   0.0018699
1.90491  0.00186878
1.90493  0.00184949
1.90523   0.0018554
1.90548  0.00185275
1.90555   0.0018356
1.90555  0.00181733
1.90517   0.0018397
1.90516  0.00182176
1.90518  0.00180423
1.90538   0.0017982
1.90522  0.00178805
1.90513  0.00177347
1.90531  0.00176629
1.90508  0.00176474
1.90518   0.0017515
1.90522   0.0017361
1.90502  0.00173309
1.90501  0.00171769
1.90489  0.00170661
1.90502  0.00169628
1.90475   0.0017033
1.90494  0.00169947
1.90486  0.00168705
1.90507  0.00168651
1.90507   0.0016724
1.90522  0.00166464
1.90514  0.00165286
1.90556  0.00169411
1.90551  0.00168116
1.90551  0.00166766
1.90554  0.00165467
1.9054  0.00164806
1.90549  0.00163747
1.90563  0.00163137
1.90578  0.00162506
1.90547  0.00164084
1.90532   0.0016351
1.90537  0.00162354
1.90529  0.00161377
1.90545  0.00160963
1.90569  0.00161665
1.90583  0.00161063
1.90589  0.00160027
1.90582  0.00159053
1.90585  0.00157943
1.90594  0.00157103
1.90576  0.00157015
1.90561  0.00156657
1.90579  0.00156617
1.90573  0.00155677
1.90582  0.00154886
1.90589  0.00153993
1.90588  0.00152952
1.90593  0.00151987
1.90576  0.00151888
1.90578  0.00150887
1.90587  0.00150192
1.90559  0.00151902
1.90573   0.0015156
1.90572   0.0015058
1.90564  0.00149844
1.90538  0.00151003
1.90522  0.00150889
1.90498  0.00151957
1.90504  0.00151144
1.90511  0.00150372
1.90508  0.00149485
1.90508  0.00148566
1.90512  0.00147702
1.90497  0.00147577
1.9047  0.00149098
1.90471  0.00148209
1.90473  0.00147331
1.90465  0.00146681
1.90471  0.00145941
1.90483  0.00145584
1.90482  0.00144739
1.90482    0.001439
1.90482  0.00143071
1.90482  0.00142251
1.90473  0.00141728
1.9048  0.00141091
1.90494  0.00141083
1.90491   0.0014033
1.90494  0.00139583
1.90486  0.00139041
1.90484  0.00138303
1.90499  0.00138379
1.90508   0.0013793
1.90515  0.00137363
1.90514  0.00136626
1.90529  0.00136778
1.90548  0.00137343
1.9054  0.00136877
1.90549  0.00136496
1.9056  0.00136217
1.90558  0.00135527
1.90542  0.00135723
1.90556  0.00135739
1.90536  0.00136628
1.90533  0.00135958
1.90541  0.00135504
1.90516  0.00137156
1.90531  0.00137321
1.90528  0.00136664
