1     1.97536   0.0395072           0
2     2.03336   0.0400872     0.00058
3     2.02952   0.0402549 0.000374523
4     1.87536    0.039568 0.000736214
5     1.75884   0.0386898  0.00104714
6     2.08136   0.0391793 0.000985236
7     1.77924   0.0386658 0.000978283
8        1.84   0.0384326 0.000878734
9     1.90188   0.0383887 0.000776212
10     2.05252   0.0386549 0.000743539
11     1.85048   0.0385053 0.000688987
12      1.8978   0.0384595  0.00063062
13     1.91588   0.0384486 0.000580189
14      1.6884   0.0381143 0.000632698
15     2.09052   0.0383607 0.000638474
16     1.97824   0.0384359 0.000601961
17     1.78088   0.0382702 0.000589246
18     1.92904   0.0382874 0.000555815
19     1.75676   0.0381215 0.000551304
20     1.84852    0.038064  0.00052617
21      1.8006   0.0379662 0.000509937
22     2.07084   0.0381231 0.000510878
23     2.29844   0.0384642 0.000595535
24     1.97744   0.0385094 0.000571969
25     1.97688   0.0385505 0.000550153
26     1.92232   0.0385465 0.000528585
27      2.1884   0.0387399 0.000544155
28     1.80872   0.0386483 0.000532306
29     2.04408   0.0387253 0.000519364
30     1.74584   0.0385983 0.000517564
31     1.78608   0.0385055 0.000509119
32     2.16056   0.0386526 0.000514418
33     1.89264   0.0386284 0.000499175
34     2.10456   0.0387302 0.000494865
35     2.10452   0.0388262 0.000490015
36      1.6914   0.0386874 0.000496036
37     1.91512    0.038677 0.000482555
38      1.7754   0.0385936 0.000477031
39     2.03244   0.0386463 0.000467617
40     2.29688   0.0388286 0.000490876
41     2.10412   0.0389079 0.000485287
42     2.03928   0.0389526 0.000475697
43     2.01688   0.0389848 0.000465618
44     1.91712   0.0389702 0.000455147
45     1.76508   0.0388887 0.000452325
46      1.6294   0.0387517 0.000463103
47     2.03136   0.0387916 0.000454896
48     2.04128    0.038834 0.000447329
49     1.90968   0.0388209   0.0004383
50     1.69584   0.0387229 0.000440503
51     1.80512   0.0386715 0.000434826
52     1.64992   0.0385624 0.000440118
53     1.66616   0.0384635 0.000442906
54     1.78852   0.0384137 0.000437479
55     1.60704   0.0382996 0.000444338
56     1.92012   0.0383014 0.000436335
57     1.90896   0.0382993 0.000428617
58     1.75256   0.0382433 0.000424869
59      2.2068   0.0383432 0.000429383
60     1.85972    0.038324   0.0004226
61     1.77192   0.0382767 0.000418298
62     1.76472   0.0382286 0.000414298
63     1.73812   0.0381736 0.000411365
64     1.98264   0.0381967 0.000405545
65       1.705   0.0381337 0.000404201
66     1.93096    0.038141 0.000398098
67     1.90504   0.0381404 0.000392112
68      1.8016   0.0381094 0.000387545
69     1.91712   0.0381128 0.000381902
70     1.98752   0.0381362 0.000377133
71     1.68532   0.0380738 0.000376982
72     2.02692    0.038108 0.000373282
73     1.82104   0.0380849 0.000368858
74     1.83064    0.038065 0.000364383
75     2.00876   0.0380932 0.000360591
76      1.9112   0.0380949 0.000355819
77     2.12264   0.0381515 0.000355699
78     1.67748   0.0380925 0.000356031
79     2.03564   0.0381257 0.000353057
80     1.95324   0.0381374 0.000348813
81     1.95548   0.0381494 0.000344689
82     1.95528   0.0381611 0.000340659
83     1.80444   0.0381361 0.000337455
84     1.82568   0.0381168 0.000333972
85        1.76   0.0380825 0.000331799
86      1.8688   0.0380743 0.000328021
87     2.11528   0.0381229 0.000327856
88     1.90008   0.0381215 0.000324112
89     1.97636   0.0381373 0.000320839
90     1.79956   0.0381135 0.000318149
91     2.04316   0.0381437 0.000316081
92     2.14008   0.0381943   0.0003167
93      1.9418   0.0382012 0.000313352
94       1.918   0.0382029 0.000310005
95     2.01604   0.0382252 0.000307533
96     2.12856   0.0382705 0.000307662
97     1.81592   0.0382503 0.000305138
98     1.95248   0.0382585 0.000302119
99     1.86972   0.0382498 0.000299179
100      1.8406   0.0382354  0.00029652
101      2.0994   0.0382725 0.000295912
102     2.03908   0.0382971 0.000294027
103     1.91024   0.0382962  0.00029116
104       1.977   0.0383082 0.000288595
105     1.61328   0.0382507 0.000291569
106     1.88032   0.0382446 0.000288869
107     2.08892   0.0382776 0.000288056
108     1.49864   0.0382007 0.000295555
109     1.84376   0.0381885 0.000293083
110     1.98856   0.0382029 0.000290763
111     1.71784   0.0381683 0.000290207
112     2.00972   0.0381864 0.000288173
113       1.887   0.0381824 0.000285639
114      2.0132   0.0382007  0.00028371
115      1.8594   0.0381919  0.00028137
116     1.77976   0.0381695 0.000279831
117     2.02424   0.0381893 0.000278134
118     1.84232   0.0381779 0.000276001
119     1.82168   0.0381632 0.000274064
120      1.9606    0.038172 0.000271911
121     1.81528   0.0381566 0.000270095
122     1.80944   0.0381404 0.000268358
123      1.5842   0.0380879 0.000271293
124     2.09012   0.0381179 0.000270759
125     2.14032   0.0381554  0.00027119
126     1.89448   0.0381533 0.000269038
127     1.83696   0.0381422 0.000267143
128     1.86276   0.0381352 0.000265138
129     2.07804   0.0381618 0.000264412
130       2.113   0.0381933 0.000264257
131     1.85288   0.0381846 0.000262375
132     1.93016   0.0381878 0.000260399
133     1.92728   0.0381905 0.000258448
134     2.05772   0.0382126 0.000257464
135     1.98868   0.0382242 0.000255811
136     1.80596   0.0382087 0.000254395
137      2.3138   0.0382676 0.000259306
138     1.84252   0.0382573 0.000257624
139       2.081   0.0382815 0.000256906
140     1.86948   0.0382751 0.000255144
141     1.64728   0.0382373 0.000256132
142       2.091   0.0382626  0.00025557
143     1.77908   0.0382438 0.000254468
144     2.10936   0.0382712 0.000254175
145     1.55492   0.0382217 0.000257217
146     1.95152   0.0382273 0.000255509
147     1.97796   0.0382363 0.000253927
148     1.52408   0.0381839 0.000257591
149     1.61728   0.0381448 0.000258839
150     2.09948   0.0381704 0.000258382
151      1.7562   0.0381502 0.000257457
152     2.15628   0.0381829 0.000257844
153     1.97168   0.0381911 0.000256283
154     1.78164   0.0381745 0.000255155
155     2.00372   0.0381868   0.0002538
156     1.52856   0.0381379  0.00025685
157     2.07136   0.0381589 0.000256067
158     2.02036   0.0381731 0.000254839
159     1.85592   0.0381665 0.000253318
160     1.94192   0.0381707 0.000251764
161     1.82916   0.0381608  0.00025039
162     2.00352   0.0381726 0.000249119
163     2.24612    0.038214 0.000251025
164     2.10216   0.0382374  0.00025058
165     1.60252   0.0381999 0.000251863
166     1.93596    0.038203 0.000250361
167     1.63736   0.0381703 0.000250992
168     2.26444   0.0382127 0.000253066
169      2.1148   0.0382369 0.000252722
170      2.1394   0.0382636 0.000252653
171     1.71356   0.0382403 0.000252254
172     2.00764   0.0382514  0.00025103
173     1.90836   0.0382509 0.000249575
174       2.021   0.0382634  0.00024845
175     2.03668   0.0382775 0.000247429
176     1.86308   0.0382717 0.000246087
177     2.02916   0.0382848 0.000245041
178     2.19168    0.038316 0.000245646
179     1.88152   0.0383121   0.0002443
180     1.87796    0.038308 0.000242975
181     1.78628   0.0382937  0.00024205
182     1.95908   0.0382986 0.000240765
183      2.1444   0.0383237 0.000240756
184     1.70232   0.0383004  0.00024057
185      1.8582   0.0382943 0.000239344
186     1.67412   0.0382684 0.000239456
187     1.87564   0.0382644 0.000238206
188     2.05384   0.0382793 0.000237407
189     1.89804   0.0382776 0.000236154
190     1.85424   0.0382713 0.000234992
191     1.95772    0.038276 0.000233804
192     1.86588    0.038271 0.000232636
193     1.65988   0.0382447 0.000232916
194     1.61864   0.0382144 0.000233681
195     1.92752   0.0382161 0.000232486
196      1.8386   0.0382088 0.000231414
197     1.84116   0.0382017 0.000230344
198     1.87708   0.0381984 0.000229202
199     1.78392   0.0381857 0.000228398
200     1.92788   0.0381876 0.000227261
1     2.01648   0.0403296           0
2     2.04864   0.0406512   0.0003216
3     2.04056   0.0407045 0.000193184
4     1.91448   0.0401008 0.000618994
5     1.77288   0.0391722  0.00104511
6     2.07032   0.0395445 0.000931042
7     1.79908   0.0390355 0.000937145
8      1.8324   0.0387371 0.000864725
9      1.9222   0.0387045 0.000763311
10     2.02668   0.0388874 0.000706802
11     1.86068   0.0387353 0.000657186
12     1.88212   0.0386442 0.000606799
13     1.91752   0.0386216 0.000558632
14     1.67008   0.0382487 0.000637582
15      2.0994    0.038498 0.000643779
16       1.969   0.0385532 0.000604718
17     1.75468   0.0383496 0.000603387
18     1.89984     0.03833 0.000569216
19     1.75364   0.0381586 0.000565058
20     1.81692   0.0380676 0.000543732
21     1.81672   0.0379851 0.000523736
22      2.0822   0.0381514 0.000526331
23     2.29388   0.0384873 0.000604797
24     1.97752   0.0385316  0.00058074
25     1.97036   0.0385666 0.000558127
26       1.931   0.0385687 0.000536235
27     2.18772   0.0387607 0.000550578
28       1.821   0.0386771 0.000537096
29      2.0096   0.0387294 0.000520871
30     1.77312   0.0386205 0.000514858
31     1.74884   0.0385029 0.000511656
32       2.143   0.0386391 0.000513779
33     1.87416   0.0386041 0.000499197
34     2.09464   0.0387008 0.000493857
35     2.07536    0.038781 0.000486197
36      1.6822   0.0386383 0.000493575
37       1.881   0.0386108 0.000480838
38      1.7522   0.0385169 0.000477333
39     2.01756   0.0385639 0.000467305
40     2.25944   0.0387296 0.000484651
41     2.08668   0.0388028 0.000478327
42     2.02684   0.0388441 0.000468621
43       2.021   0.0388808 0.000459059
44     1.91204   0.0388662  0.00044874
45      1.7456   0.0387783 0.000447369
46      1.6314   0.0386446 0.000457509
47     2.02688   0.0386849 0.000449477
48     2.03556   0.0387271 0.000442033
49      1.9014   0.0387129 0.000433153
50      1.7166   0.0386252 0.000433352
51     1.83936   0.0385892 0.000426296
52     1.65168   0.0384824 0.000431455
53       1.673   0.0383876 0.000433714
54     1.76996   0.0383323  0.00042919
55     1.57188   0.0382069 0.000439568
56     1.89208   0.0382004 0.000431697
57     1.89808   0.0381962 0.000424076
58     1.72732   0.0381333 0.000421425
59     2.21656   0.0382383 0.000427334
60     1.80908    0.038204 0.000421547
61     1.80392   0.0381692 0.000416041
62     1.77304   0.0381255   0.0004116
63       1.725    0.038068 0.000409082
64     1.98344    0.038093 0.000403416
65     1.75256   0.0380462 0.000399908
66     1.92548   0.0380532 0.000393865
67     1.88308   0.0380474 0.000387986
68      1.8276   0.0380254  0.00038287
69       1.925   0.0380322 0.000377343
70     1.96876   0.0380514 0.000372408
71      1.6888   0.0379912 0.000372031
72     2.01352   0.0380229 0.000368191
73     1.80876   0.0379976 0.000363993
74       1.817   0.0379752 0.000359738
75     2.01564   0.0380063 0.000356275
76     1.90048   0.0380064 0.000351556
77     2.10552   0.0380597 0.000351031
78     1.65004   0.0379948 0.000352519
79     2.03068    0.038028 0.000349603
80     1.94672   0.0380393 0.000345391
81     1.99312   0.0380618 0.000341842
82     1.94624   0.0380723 0.000337812
83     1.78748   0.0380443 0.000334888
84     1.82052   0.0380249 0.000331449
85      1.7662   0.0379931 0.000329064
86     1.87444   0.0379872 0.000325268
87      2.1014   0.0380337 0.000324845
88     1.88928   0.0380309 0.000321145
89     1.98692   0.0380501 0.000318095
90     1.81844   0.0380314 0.000315095
91      2.0216   0.0380578 0.000312728
92      2.1304   0.0381072 0.000313239
93     1.96992   0.0381211 0.000310163
94     1.90524   0.0381209 0.000306846
95     2.00644   0.0381421 0.000304334
96     2.12544   0.0381875 0.000304563
97     1.81192   0.0381675 0.000302076
98     1.98444    0.038183  0.00029938
99      1.8868   0.0381785 0.000296375
100       1.817   0.0381601 0.000293972
101     2.10844   0.0381998 0.000293741
102      2.0708   0.0382313 0.000292551
103     1.94716   0.0382382 0.000289779
104     1.99428   0.0382541 0.000287416
105      1.6164   0.0381976 0.000290206
106     1.94776   0.0382048 0.000287544
107      2.0758   0.0382357  0.00028652
108     1.48064   0.0381559  0.00029487
109     1.83448   0.0381424 0.000292462
110     1.93404   0.0381473 0.000289832
111     1.73812   0.0381168 0.000288824
112     2.01132   0.0381356 0.000286852
113     1.89372   0.0381333 0.000284312
114     2.03916   0.0381566 0.000282764
115      1.8504   0.0381466 0.000280472
116     1.78052   0.0381247 0.000278902
117     2.01704   0.0381437 0.000277156
118       1.848   0.0381336  0.00027498
119     1.81988   0.0381191  0.00027305
120     1.95348    0.038127 0.000270881
121     1.78736   0.0381073 0.000269352
122      1.7872   0.0380879 0.000267836
123     1.61468   0.0380408 0.000269794
124     2.11336   0.0380749 0.000269771
125     2.12336     0.03811 0.000269902
126     1.90344   0.0381097 0.000267751
127     1.88844    0.038107 0.000265648
128     1.88332   0.0381036 0.000263587
129     2.09084   0.0381324 0.000263115
130     2.12336   0.0381657 0.000263204
131     1.84712   0.0381564 0.000261354
132     1.93032   0.0381598 0.000259389
133     1.94288    0.038165 0.000257485
134     2.07368   0.0381897 0.000256746
135     1.96624   0.0381981 0.000254976
136     1.81328   0.0381839 0.000253492
137     2.31304   0.0382429 0.000258449
138     1.86696   0.0382363 0.000256653
139      2.1014   0.0382636 0.000256256
140     1.87872   0.0382587 0.000254467
141     1.65296   0.0382218 0.000255332
142     2.11108     0.03825 0.000255088
143     1.78052   0.0382315 0.000253969
144     2.09352   0.0382568 0.000253462
145     1.55116   0.0382069 0.000256604
146     1.94724    0.038212 0.000254891
147     1.97536   0.0382208 0.000253304
148     1.54848   0.0381718 0.000256313
149     1.59524   0.0381297 0.000258038
150     2.11804   0.0381579  0.00025786
151     1.76128   0.0381385 0.000256881
152     2.16232   0.0381721 0.000257389
153     1.97672    0.038181 0.000255856
154     1.76696   0.0381626 0.000254858
155     2.04144   0.0381798 0.000253792
156      1.5362    0.038132 0.000256649
157      2.0444   0.0381495 0.000255613
158     2.03464   0.0381656 0.000254499
159     1.84416   0.0381576 0.000253022
160     1.93128   0.0381605 0.000251453
161     1.85232   0.0381536 0.000249982
162     1.99096   0.0381638 0.000248647
163     2.24056   0.0382046 0.000250459
164     2.07804   0.0382251 0.000249767
165     1.58012    0.038185 0.000251472
166     1.92688   0.0381871 0.000249962
167     1.65064   0.0381561 0.000250385
168     2.28504    0.038201 0.000252909
169      2.1328   0.0382274 0.000252787
170     2.14628    0.038255  0.00025281
171     1.71108   0.0382314 0.000252432
172     1.99704   0.0382413 0.000251157
173      1.8848   0.0382382 0.000249721
174     2.00152   0.0382485 0.000248495
175      2.0338   0.0382624  0.00024746
176     1.87852   0.0382584 0.000246081
177     2.06068   0.0382751 0.000245256
178      2.2078   0.0383082 0.000246102
179     1.89668   0.0383061 0.000244732
180      1.8644   0.0383004 0.000243435
181      1.7838   0.0382859  0.00024252
182      1.9626   0.0382912 0.000241242
183     2.17104   0.0383193 0.000241552
184     1.68532   0.0382942  0.00024154
185     1.83976   0.0382861 0.000240368
186     1.67152     0.03826 0.000240493
187      1.9058   0.0382592 0.000239205
188     2.03868   0.0382726 0.000238305
189     1.88788   0.0382699 0.000237056
190     1.84848    0.038263 0.000235904
191     1.92552   0.0382643  0.00023467
192     1.90804   0.0382638 0.000233445
193     1.67696   0.0382393 0.000233519
194     1.62172   0.0382094 0.000234231
195     1.89636   0.0382079 0.000233031
196     1.83148   0.0381999 0.000231979
197     1.83928   0.0381927  0.00023091
198      1.8522   0.0381869 0.000229814
199     1.79236   0.0381751 0.000228958
200       1.951   0.0381794  0.00022785
