1    0.268229    0.268229           0
2    0.262712    0.265471  0.00275818
3    0.264184    0.265042  0.00164921
4    0.268829    0.265988  0.00150213
5    0.264383    0.265667  0.00120702
6    0.263727    0.265344  0.00103726
7    0.264661    0.265246  0.00088206
8    0.261827    0.264819  0.00087536
9    0.265487    0.264893 0.000775555
10    0.263837    0.264788 0.000701672
11    0.266397    0.264934 0.000651342
12    0.265189    0.264955 0.000594971
13    0.262763    0.264786 0.000572693
14    0.263061    0.264663 0.000544349
15    0.263645    0.264595 0.000511286
16    0.264955    0.264618 0.000478793
17    0.265868    0.264691 0.000455721
18    0.263503    0.264625 0.000434697
19    0.262187    0.264497  0.00043074
20    0.266286    0.264586 0.000418306
21     0.26668    0.264686 0.000410186
22    0.267555    0.264817 0.000412257
23    0.263281     0.26475 0.000399543
24    0.263936    0.264716 0.000384031
25    0.265543    0.264749 0.000369832
26    0.262046    0.264645 0.000370223
27    0.266517    0.264714 0.000362934
28    0.265026    0.264725 0.000349909
29    0.267987    0.264838 0.000355867
30     0.26192    0.264741 0.000357297
31    0.264561    0.264735 0.000345628
32     0.26351    0.264697 0.000336836
33    0.263247    0.264653 0.000329411
34    0.265578     0.26468 0.000320732
35    0.261117    0.264578  0.00032765
36    0.264948    0.264588 0.000318584
37    0.264971    0.264599 0.000310027
38    0.265907    0.264633 0.000303717
39     0.26458    0.264632  0.00029583
40    0.267091    0.264693 0.000294821
41    0.265898    0.264723 0.000289038
42    0.268434    0.264811 0.000295592
43    0.262833    0.264765 0.000292279
44    0.263692    0.264741 0.000286597
45    0.262839    0.264698 0.000283324
46    0.266375    0.264735 0.000279482
47    0.265414    0.264749 0.000273853
48    0.262814    0.264709   0.0002711
49    0.266986    0.264755 0.000269546
50    0.263857    0.264737  0.00026471
51    0.268315    0.264808 0.000268784
52     0.26545     0.26482 0.000263853
53    0.263286    0.264791  0.00026044
54     0.26457    0.264787 0.000255605
55    0.265998    0.264809 0.000251879
56    0.264465    0.264803 0.000247417
57    0.267822    0.264856 0.000248743
58    0.264159    0.264844 0.000244712
59    0.264741    0.264842 0.000240535
60    0.261544    0.264787 0.000242796
61    0.266431    0.264814 0.000240299
62    0.269012    0.264882 0.000245899
63    0.263743    0.264864 0.000242639
64     0.26535    0.264871 0.000238938
65    0.263445    0.264849 0.000236255
66    0.263004    0.264821 0.000234322
67    0.261739    0.264775 0.000235339
68    0.263104    0.264751 0.000233152
69    0.261538    0.264704 0.000234419
70    0.264228    0.264697 0.000231146
71    0.266231    0.264719 0.000228888
72     0.26646    0.264743 0.000226978
73    0.262927    0.264718 0.000225226
74    0.264821     0.26472 0.000222165
75    0.262182    0.264686 0.000221779
76    0.264602    0.264685 0.000218845
77     0.26567    0.264698 0.000216362
78    0.262664    0.264671 0.000215156
79    0.260275    0.264616 0.000219584
80    0.264149     0.26461   0.0002169
81    0.262222     0.26458 0.000216225
82    0.265159    0.264588 0.000213689
83    0.264533    0.264587   0.0002111
84    0.266572    0.264611 0.000209906
85    0.266837    0.264637 0.000209069
86    0.263537    0.264624 0.000207019
87    0.267007    0.264651 0.000206451
88    0.268117    0.264691 0.000207857
89    0.265468    0.264699 0.000205694
90    0.262339    0.264673 0.000205079
91      0.2623    0.264647 0.000204483
92    0.262966    0.264629 0.000203072
93     0.26686    0.264653 0.000202304
94    0.265793    0.264665 0.000200507
95    0.264971    0.264668 0.000198411
96    0.262552    0.264646 0.000197567
97    0.261983    0.264619 0.000197438
98    0.264427    0.264617 0.000195423
99    0.266243    0.264633 0.000194135
100    0.264424    0.264631 0.000192195
101    0.265962    0.264644 0.000190739
102    0.263566    0.264634 0.000189155
103    0.264193    0.264629 0.000187358
104    0.261627    0.264601 0.000187781
105     0.26886    0.264641 0.000190357
106    0.268232    0.264675 0.000191571
107    0.263309    0.264662 0.000190201
108    0.263638    0.264653  0.00018867
109    0.267289    0.264677  0.00018849
110    0.265708    0.264686 0.000187004
111    0.259659    0.264641 0.000190765
112    0.260976    0.264608 0.000191865
113    0.264964    0.264611 0.000190186
114     0.26302    0.264597 0.000189026
115    0.262928    0.264583 0.000187937
116    0.269722    0.264627 0.000191505
117    0.264155    0.264623 0.000189904
118    0.266244    0.264637 0.000188788
119     0.26675    0.264655 0.000188035
120    0.262223    0.264634 0.000187559
121    0.266046    0.264646 0.000186368
122    0.263658    0.264638 0.000185011
123    0.265599    0.264646 0.000183667
124    0.267512    0.264669 0.000183641
125    0.265631    0.264677 0.000182328
126    0.263214    0.264665 0.000181248
127    0.265101    0.264668 0.000179847
128    0.264885     0.26467 0.000178445
129    0.264611     0.26467 0.000177057
130    0.266336    0.264682 0.000176156
131    0.267246    0.264702 0.000175899
132    0.264958    0.264704 0.000174572
133    0.263115    0.264692 0.000173665
134    0.262758    0.264678 0.000172968
135    0.269206    0.264711 0.000174929
136    0.264997    0.264713 0.000173651
137    0.263096    0.264701 0.000172782
138    0.262128    0.264683 0.000172536
139    0.266911    0.264699 0.000172039
140    0.266829    0.264714 0.000171482
141    0.267471    0.264734 0.000171381
142     0.26566     0.26474 0.000170295
143    0.265782    0.264747 0.000169257
144    0.267214    0.264765 0.000168948
145    0.266765    0.264778 0.000168345
146    0.266406    0.264789 0.000167559
147    0.262517    0.264774 0.000167132
148    0.265214    0.264777 0.000166025
149    0.266993    0.264792 0.000165576
150    0.265569    0.264797 0.000164551
151    0.263701     0.26479 0.000163618
152    0.261618    0.264769 0.000163873
153    0.266217    0.264778 0.000163073
154    0.265574    0.264784 0.000162093
155    0.266061    0.264792 0.000161254
156    0.266367    0.264802 0.000160535
157    0.264912    0.264803 0.000159511
158    0.267174    0.264818 0.000159208
159    0.265401    0.264821 0.000158246
160    0.263031     0.26481 0.000157651
161      0.2662    0.264819 0.000156907
162    0.263173    0.264809 0.000156266
163    0.267146    0.264823 0.000155964
164    0.261953    0.264805 0.000155995
165    0.267392    0.264821 0.000155837
166    0.266317     0.26483 0.000155158
167    0.265669    0.264835 0.000154308
168    0.265247    0.264838 0.000153406
169    0.263113    0.264827 0.000152837
170     0.26955    0.264855 0.000154454
171    0.268633    0.264877 0.000155129
172    0.263376    0.264869 0.000154471
173    0.267077    0.264881 0.000154106
174    0.264981    0.264882 0.000153218
175    0.262893     0.26487 0.000152764
176    0.264876    0.264871 0.000151893
177     0.26668    0.264881 0.000151378
178    0.266072    0.264887 0.000150674
179    0.263278    0.264878 0.000150099
180    0.266785    0.264889 0.000149638
181     0.26563    0.264893 0.000148865
182    0.265649    0.264897 0.000148104
183    0.264317    0.264894 0.000147326
184    0.263455    0.264886 0.000146732
185    0.264182    0.264882 0.000145986
186    0.265262    0.264885 0.000145214
187    0.263257    0.264876 0.000144697
188    0.262168    0.264861 0.000144644
189    0.265166    0.264863 0.000143885
190    0.268153     0.26488  0.00014417
191    0.266148    0.264887 0.000143566
192    0.264451    0.264885 0.000142835
193    0.267129    0.264896 0.000142568
194    0.265181    0.264898 0.000141839
195    0.260679    0.264876 0.000142758
196    0.260974    0.264856 0.000143417
197    0.265712    0.264861 0.000142753
198    0.263947    0.264856 0.000142105
199    0.265026    0.264857 0.000141392
200    0.267255    0.264869 0.000141193
1    0.269291    0.269291           0
2     0.26459     0.26694  0.00235077
3    0.264042    0.265974  0.00166591
4    0.269829    0.266938  0.00152191
5    0.262922    0.266135  0.00142644
6    0.267521    0.266366  0.00118737
7    0.266613    0.266401  0.00100414
8     0.26151     0.26579    0.001063
9    0.265884      0.2658 0.000937538
10    0.265504    0.265771 0.000839083
11    0.265001    0.265701 0.000762196
12    0.264683    0.265616 0.000700935
13    0.263435    0.265448 0.000666237
14    0.263242    0.265291 0.000636619
15    0.262838    0.265127 0.000614796
16    0.266238    0.265197 0.000579264
17    0.265336    0.265205 0.000544186
18    0.264207    0.265149 0.000516047
19    0.261877    0.264977  0.00051762
20    0.265841     0.26502 0.000492953
21    0.263159    0.264932 0.000477192
22    0.267345    0.265041 0.000468027
23    0.263623     0.26498 0.000451449
24    0.264534    0.264961 0.000432627
25    0.266213    0.265011 0.000417972
26    0.264202     0.26498 0.000402778
27    0.267456    0.265072  0.00039827
28     0.26288    0.264994 0.000391688
29    0.268988    0.265131 0.000402263
30    0.262256    0.265035 0.000400269
31    0.264816    0.265028 0.000387207
32     0.26695    0.265088 0.000379692
33    0.265342    0.265096 0.000368086
34     0.26601    0.265123 0.000358107
35     0.26215    0.265038 0.000357952
36    0.266107    0.265068 0.000349132
37    0.265593    0.265082 0.000339861
38    0.265503    0.265093 0.000330982
39      0.2635    0.265052  0.00032496
40    0.266567     0.26509 0.000318988
41    0.267605    0.265151 0.000317102
42    0.265392    0.265157 0.000309513
43     0.26537    0.265162  0.00030227
44    0.263311     0.26512 0.000298302
45    0.264626    0.265109 0.000291804
46    0.266105    0.265131 0.000286211
47    0.267027    0.265171 0.000282946
48    0.264506    0.265157 0.000277335
49    0.265424    0.265163 0.000271671
50    0.266623    0.265192  0.00026778
51    0.267566    0.265238 0.000266573
52    0.269168    0.265314 0.000272102
53     0.26572    0.265322 0.000267029
54    0.265594    0.265327 0.000262086
55    0.262567    0.265276 0.000262123
56    0.265763    0.265285 0.000257546
57    0.263585    0.265255  0.00025474
58    0.264038    0.265234 0.000251188
59    0.266224    0.265251 0.000247463
60    0.262217      0.2652 0.000248504
61    0.265626    0.265207 0.000244496
62    0.266068    0.265221  0.00024092
63    0.263713    0.265197 0.000238271
64    0.265922    0.265209 0.000234792
65    0.262942    0.265174 0.000233766
66    0.264331    0.265161 0.000230551
67    0.262737    0.265125 0.000229949
68    0.263534    0.265101 0.000227747
69    0.261808    0.265054 0.000229443
70    0.266017    0.265068  0.00022656
71    0.265409    0.265072 0.000223398
72    0.266031    0.265086 0.000220675
73    0.264842    0.265082 0.000217657
74     0.26523    0.265084 0.000214705
75    0.260972    0.265029 0.000218804
76     0.26579    0.265039 0.000216137
77    0.266187    0.265054 0.000213832
78    0.265767    0.265064 0.000211271
79    0.262523    0.265031 0.000211045
80    0.264368    0.265023 0.000208555
81    0.263354    0.265002 0.000206992
82    0.263962     0.26499 0.000204846
83    0.266243    0.265005 0.000202925
84     0.26639    0.265021 0.000201172
85    0.264565    0.265016 0.000198864
86    0.264514     0.26501 0.000196625
87    0.267251    0.265036 0.000196051
88    0.265525    0.265041  0.00019389
89    0.265269    0.265044 0.000191716
90    0.261152    0.265001 0.000194443
91     0.26233    0.264971 0.000194521
92    0.264641    0.264968 0.000192429
93    0.265208     0.26497 0.000190366
94    0.263867    0.264959 0.000188695
95    0.262283    0.264931 0.000188811
96    0.264464    0.264926 0.000186897
97    0.262168    0.264897 0.000187132
98    0.266615    0.264915  0.00018604
99    0.267779    0.264944 0.000186411
100    0.263239    0.264927 0.000185323
101    0.265882    0.264936 0.000183722
102     0.26075    0.264895 0.000186484
103    0.262827    0.264875 0.000185752
104     0.26424    0.264869 0.000184059
105     0.26704     0.26489 0.000183466
106    0.267781    0.264917 0.000183763
107    0.263082      0.2649 0.000182843
108    0.262623    0.264879 0.000182365
109     0.26457    0.264876 0.000180706
110     0.26318     0.26486 0.000179719
111    0.259636    0.264813 0.000184207
112    0.261387    0.264783   0.0001851
113     0.26525    0.264787 0.000183502
114    0.261109    0.264755 0.000184724
115    0.262885    0.264738  0.00018383
116     0.26899    0.264775 0.000185889
117    0.264972    0.264777 0.000184301
118    0.267704    0.264801 0.000184408
119    0.270014    0.264845 0.000188025
120    0.266665     0.26486 0.000187067
121    0.263567     0.26485 0.000185823
122    0.264913     0.26485 0.000184294
123    0.265857    0.264858 0.000182973
124     0.26896    0.264892 0.000184481
125    0.264575    0.264889 0.000183017
126    0.263818     0.26488 0.000181757
127    0.263657    0.264871 0.000180578
128    0.265396    0.264875 0.000179208
129    0.265555     0.26488 0.000177892
130    0.264374    0.264876 0.000176561
131    0.267883    0.264899 0.000176705
132    0.265884    0.264907 0.000175519
133    0.263723    0.264898 0.000174422
134    0.262093    0.264877 0.000174376
135     0.26767    0.264898 0.000174312
136    0.265529    0.264902 0.000173087
137    0.262177    0.264882 0.000172967
138    0.261954    0.264861 0.000173015
139    0.264684     0.26486 0.000171771
140    0.267421    0.264878 0.000171517
141    0.267227    0.264895  0.00017111
142     0.26264    0.264879 0.000170641
143    0.265079     0.26488 0.000169449
144    0.265831    0.264887 0.000168398
145    0.265127    0.264889  0.00016724
146    0.266758    0.264901 0.000166584
147    0.262334    0.264884 0.000166366
148    0.265308    0.264887 0.000165263
149    0.265482    0.264891 0.000164199
150    0.265466    0.264895 0.000163146
151    0.264918    0.264895 0.000162062
152    0.262367    0.264878 0.000161849
153    0.265332    0.264881 0.000160815
154    0.267089    0.264895 0.000160409
155    0.267418    0.264912   0.0001602
156    0.263983    0.264906 0.000159281
157    0.267545    0.264923 0.000159153
158    0.269072    0.264949 0.000160309
159     0.26648    0.264958 0.000159588
160    0.263956    0.264952 0.000158711
161    0.266048    0.264959 0.000157869
162    0.262009    0.264941 0.000157945
163    0.262353    0.264925 0.000157774
164    0.261994    0.264907 0.000157824
165     0.26695    0.264919 0.000157352
166    0.266099    0.264927 0.000156563
167    0.266936    0.264939 0.000156087
168    0.263071    0.264927 0.000155553
169    0.263671     0.26492 0.000154808
170    0.267693    0.264936 0.000154757
171    0.268103    0.264955  0.00015496
172    0.265791     0.26496 0.000154133
173    0.262942    0.264948 0.000153682
174    0.265241     0.26495 0.000152806
175    0.262328    0.264935 0.000152667
176    0.263476    0.264926 0.000152024
177    0.266111    0.264933  0.00015131
178    0.266732    0.264943 0.000150797
179    0.263588    0.264936 0.000150143
180    0.264736    0.264935 0.000149311
181    0.265787    0.264939 0.000148558
182    0.265798    0.264944 0.000147815
183    0.262172    0.264929 0.000147783
184    0.266429    0.264937 0.000147204
185    0.263975    0.264932 0.000146499
186    0.264626     0.26493 0.000145718
187    0.264235    0.264926 0.000144984
188    0.264018    0.264922 0.000144292
189    0.263716    0.264915 0.000143668
190     0.26659    0.264924 0.000143182
191    0.266514    0.264932 0.000142673
192    0.264223    0.264929 0.000141976
193    0.267349    0.264941 0.000141794
194    0.267404    0.264954 0.000141632
195    0.262702    0.264942 0.000141376
196    0.262696    0.264931 0.000141119
197    0.263942    0.264926  0.00014049
198     0.26463    0.264924 0.000139787
199    0.266225    0.264931 0.000139236
200    0.266899    0.264941 0.000138887
