1    0.450562    0.450562           0
2    0.451647    0.451104 0.000542642
3    0.442714    0.448308  0.00281437
4     0.45003    0.448738   0.0020361
5    0.434494    0.445889   0.0032563
6    0.436946    0.444399  0.00304808
7    0.439832    0.443746  0.00265741
8    0.453424    0.444956  0.00259996
9    0.432933     0.44362  0.00265372
10    0.441076    0.443366  0.00238715
11    0.443261    0.443356  0.00215928
12    0.436759    0.442806  0.00204638
13    0.432352    0.442002  0.00204699
14    0.428747    0.441055  0.00211849
15    0.433604    0.440559  0.00203381
16    0.434829      0.4402  0.00193587
17    0.448288    0.440676  0.00187963
18    0.443386    0.440827  0.00177852
19    0.445485    0.441072  0.00170008
20    0.445829     0.44131  0.00163029
21    0.432619    0.440896  0.00160499
22    0.441979    0.440945  0.00153109
23    0.436743    0.440762  0.00147437
24    0.436324    0.440578  0.00142367
25    0.432821    0.440267  0.00140033
26    0.443175    0.440379  0.00135004
27     0.44107    0.440405  0.00129933
28    0.429254    0.440006  0.00131387
29     0.44765     0.44027  0.00129486
30    0.430353    0.439939   0.0012939
31    0.434815    0.439774  0.00126233
32     0.43324     0.43957  0.00123919
33    0.440172    0.439588  0.00120119
34    0.445405    0.439759  0.00117782
35    0.442305    0.439832  0.00114598
36    0.434018    0.439671  0.00112535
37    0.442321    0.439742  0.00109685
38    0.433873    0.439588  0.00107871
39    0.440083      0.4396  0.00105077
40    0.429473    0.439347  0.00105499
41    0.425613    0.439012  0.00108209
42    0.439018    0.439012  0.00105602
43    0.437938    0.438987  0.00103147
44    0.435371    0.438905   0.0010111
45    0.438944    0.438906 0.000988375
46    0.434411    0.438808 0.000971576
47     0.43554    0.438739  0.00095322
48    0.444769    0.438864 0.000941569
49    0.452936    0.439152 0.000965833
50     0.43623    0.439093 0.000948122
51    0.442085    0.439152 0.000931195
52    0.449815    0.439357 0.000935856
53    0.440628    0.439381 0.000918341
54    0.439435    0.439382 0.000901175
55    0.437075     0.43934 0.000885632
56     0.44153    0.439379 0.000870552
57    0.427109    0.439164 0.000881823
58    0.441348    0.439201 0.000867304
59    0.436335    0.439153  0.00085386
60    0.440918    0.439182 0.000840024
61    0.444871    0.439276 0.000831385
62    0.438935     0.43927 0.000817884
63    0.447707    0.439404 0.000815864
64    0.441241    0.439433 0.000803528
65    0.454002    0.439657 0.000822212
66    0.442062    0.439693 0.000810478
67    0.438893    0.439681 0.000798379
68    0.427063    0.439496 0.000808144
69      0.4345    0.439423 0.000799629
70    0.435812    0.439372  0.00078981
71    0.434255      0.4393 0.000781935
72    0.435851    0.439252 0.000772484
73    0.439426    0.439254 0.000761833
74    0.442282    0.439295  0.00075258
75    0.443451    0.439351 0.000744543
76    0.434905    0.439292 0.000737005
77    0.434756    0.439233 0.000729752
78    0.440267    0.439246 0.000720458
79    0.436922    0.439217 0.000711888
80    0.435158    0.439166 0.000704762
81    0.439317    0.439168 0.000696009
82    0.421136    0.438948 0.000721783
83    0.443674    0.439005 0.000715303
84     0.43579    0.438967 0.000707772
85    0.444183    0.439028 0.000702083
86     0.44488    0.439096 0.000697199
87    0.427089    0.438958 0.000702822
88    0.451172    0.439097 0.000708516
89    0.435173    0.439053 0.000701896
90    0.447618    0.439148 0.000700548
91    0.448385     0.43925 0.000700204
92    0.437069    0.439226 0.000692956
93    0.448423    0.439325 0.000692561
94    0.446604    0.439402 0.000689517
95    0.450892    0.439523 0.000692858
96    0.445999    0.439591 0.000688913
97    0.441717    0.439613 0.000682126
98    0.461218    0.439833 0.000710213
99    0.443574    0.439871 0.000704017
100    0.432214    0.439794 0.000701135
101    0.438928    0.439786 0.000694211
102    0.445555    0.439842 0.000689695
103    0.443683     0.43988 0.000683983
104    0.427322    0.439759 0.000688051
105    0.448197    0.439839 0.000686189
106    0.442883    0.439868 0.000680291
107    0.432421    0.439798 0.000677488
108     0.43686    0.439771 0.000671737
109    0.439718    0.439771 0.000665545
110    0.441529    0.439787 0.000659661
111    0.451055    0.439888 0.000661527
112    0.421816    0.439727 0.000675158
113    0.442242    0.439749 0.000669527
114    0.444521    0.439791 0.000664947
115    0.440947    0.439801 0.000659216
116    0.427922    0.439699 0.000661483
117    0.437406    0.439679 0.000656098
118    0.448589    0.439754 0.000654882
119    0.443868    0.439789 0.000650275
120    0.451423    0.439886  0.00065208
121    0.444955    0.439928 0.000648024
122     0.42744    0.439825 0.000650791
123    0.434863    0.439785 0.000646738
124    0.456393    0.439919 0.000655334
125    0.446198    0.439969 0.000652008
126     0.44005     0.43997 0.000646812
127    0.445065     0.44001 0.000642952
128    0.450895    0.440095 0.000643552
129    0.434567    0.440052  0.00063998
130    0.447838    0.440112 0.000637856
131    0.437936    0.440096 0.000633186
132    0.448442    0.440159 0.000631544
133    0.438673    0.440148 0.000626877
134    0.445073    0.440184 0.000623267
135    0.435389    0.440149 0.000619651
136     0.44243    0.440166 0.000615307
137    0.433733    0.440119 0.000612601
138    0.442418    0.440135 0.000608374
139    0.440448    0.440138 0.000603985
140    0.444176    0.440166 0.000600349
141    0.445981    0.440208   0.0005975
142    0.436667    0.440183 0.000593801
143    0.434565    0.440143 0.000590942
144    0.431698    0.440085 0.000589747
145    0.435317    0.440052 0.000586588
146    0.446764    0.440098 0.000584368
147    0.430259    0.440031 0.000584225
148     0.44825    0.440086 0.000582916
149    0.439547    0.440083 0.000579002
150    0.437558    0.440066 0.000575375
151    0.440955    0.440072 0.000571582
152      0.4402    0.440073  0.00056781
153    0.454772    0.440169 0.000572209
154    0.420733    0.440043 0.000582323
155    0.442765     0.44006  0.00057882
156    0.428955    0.439989 0.000579487
157    0.440678    0.439993 0.000575801
158     0.43862    0.439985 0.000572211
159    0.447573    0.440032 0.000570601
160    0.438364    0.440022 0.000567119
161    0.440008    0.440022 0.000563586
162    0.441977    0.440034 0.000560226
163    0.445012    0.440065 0.000557615
164    0.436899    0.440045 0.000554541
165    0.442401    0.440059 0.000551355
166    0.439361    0.440055 0.000548039
167    0.449661    0.440113 0.000547776
168    0.434106    0.440077 0.000545678
169     0.43559     0.44005 0.000543089
170    0.441269    0.440058 0.000539933
171    0.432426    0.440013 0.000538618
172    0.443861    0.440035 0.000535944
173     0.42152    0.439928  0.00054348
174    0.443346    0.439948 0.000540705
175    0.444692    0.439975 0.000538289
176     0.43244    0.439932 0.000536931
177     0.43656    0.439913 0.000534229
178    0.435311    0.439887 0.000531848
179    0.441337    0.439895 0.000528931
180    0.446799    0.439934  0.00052738
181    0.443964    0.439956 0.000524931
182    0.440712     0.43996 0.000522055
183    0.445516    0.439991 0.000520081
184    0.435924    0.439969 0.000517719
185    0.436366    0.439949 0.000515281
186    0.427211    0.439881 0.000517058
187    0.442604    0.439895 0.000514492
188    0.439657    0.439894  0.00051175
189     0.43054    0.439844 0.000511435
190    0.450074    0.439898 0.000511577
191    0.442509    0.439912 0.000509075
192    0.446166    0.439944 0.000507463
193    0.448254    0.439988 0.000506659
194    0.454449    0.440062 0.000509523
195    0.435654    0.440039 0.000507407
196    0.447422    0.440077 0.000506215
197      0.4378    0.440066 0.000503772
198    0.438719    0.440059 0.000501267
199    0.441051    0.440064 0.000498767
200    0.439065    0.440059 0.000496292
1    0.450508    0.450508           0
2    0.451863    0.451185 0.000677492
3    0.444375    0.448915   0.0023034
4    0.450282    0.449257   0.0016642
5    0.434044    0.446214  0.00330443
6    0.437465    0.444756  0.00306692
7    0.439349    0.443984  0.00270467
8    0.454001    0.445236  0.00265599
9    0.434368    0.444028   0.0026353
10    0.439704    0.443596  0.00239643
11    0.443789    0.443613  0.00216772
12    0.434608    0.442863  0.00211638
13    0.433472    0.442141  0.00207649
14    0.425591    0.440958  0.00225684
15    0.432473    0.440393  0.00217584
16    0.434789    0.440042  0.00206522
17     0.44927    0.440585  0.00201445
18    0.444878    0.440824  0.00191415
19    0.445994    0.441096  0.00183094
20    0.446355    0.441359  0.00175678
21    0.433797    0.440999  0.00170939
22    0.440945    0.440996  0.00162984
23    0.435982    0.440778  0.00157255
24    0.433138     0.44046  0.00153889
25    0.433561    0.440184  0.00150163
26    0.441096    0.440219  0.00144314
27    0.439555    0.440194  0.00138888
28    0.429374    0.439808  0.00139303
29    0.449636    0.440147   0.0013862
30    0.430306    0.439819  0.00137879
31    0.432194    0.439573  0.00135606
32     0.43439    0.439411  0.00132295
33    0.438852    0.439394  0.00128235
34    0.447014    0.439618  0.00126409
35    0.442842     0.43971  0.00123089
36    0.433438    0.439536  0.00120883
37    0.442475    0.439615  0.00117839
38    0.433856    0.439464  0.00115693
39    0.442724    0.439548  0.00112997
40      0.4284    0.439269  0.00113607
41    0.426709    0.438962  0.00114958
42    0.440448    0.438998  0.00112244
43    0.437555    0.438964  0.00109654
44    0.438196    0.438947  0.00107147
45    0.438779    0.438943  0.00104739
46    0.435524    0.438869  0.00102706
47    0.433622    0.438757  0.00101115
48    0.444586    0.438879 0.000997285
49    0.451531    0.439137  0.00101027
50    0.436414    0.439082  0.00099136
51    0.440661    0.439113  0.00097222
52    0.449089    0.439305 0.000972452
53    0.439815    0.439315 0.000953976
54    0.439319    0.439315 0.000936143
55    0.438968    0.439309 0.000918986
56    0.439039    0.439304  0.00090244
57    0.427497    0.439097 0.000910346
58    0.441297    0.439134 0.000895317
59    0.438777    0.439128 0.000880032
60    0.443448      0.4392  0.00086823
61    0.445766    0.439308 0.000860635
62    0.442111    0.439353 0.000847846
63    0.448696    0.439502 0.000847357
64    0.442307    0.439545 0.000835163
65    0.455387    0.439789 0.000857575
66     0.44226    0.439827  0.00084531
67    0.438375    0.439805  0.00083288
68    0.428641    0.439641 0.000836802
69    0.431884    0.439528 0.000832213
70    0.433897    0.439448 0.000824174
71    0.435769    0.439396 0.000814133
72    0.434704    0.439331 0.000805387
73    0.439174    0.439329  0.00079428
74    0.443816    0.439389 0.000785816
75    0.440775    0.439408 0.000775488
76    0.437387    0.439381 0.000765678
77    0.438513     0.43937 0.000755753
78    0.439349     0.43937 0.000746001
79     0.43472    0.439311 0.000738846
80    0.434852    0.439255 0.000731678
81    0.438099    0.439241 0.000722729
82    0.422302    0.439034 0.000743146
83    0.446087    0.439119  0.00073904
84    0.435279    0.439074 0.000731619
85    0.443639    0.439127 0.000724953
86     0.44637    0.439211 0.000721406
87    0.429773    0.439103 0.000721272
88    0.448203    0.439206 0.000720488
89    0.432554    0.439132 0.000716258
90    0.446234    0.439211 0.000712638
91    0.447474    0.439301 0.000710589
92    0.436264    0.439268 0.000703597
93    0.446044    0.439341 0.000699793
94    0.447338    0.439426 0.000697517
95    0.449481    0.439532 0.000698204
96     0.44699     0.43961 0.000695246
97    0.441677    0.439631 0.000688372
98    0.462239    0.439862 0.000719308
99    0.443499    0.439899 0.000712953
100    0.434277    0.439842 0.000708022
101    0.437733    0.439821 0.000701288
102    0.444516    0.439867 0.000695902
103    0.446203    0.439929 0.000691852
104    0.430199    0.439835 0.000691525
105    0.449928    0.439932 0.000691619
106    0.443213    0.439962 0.000685763
107     0.43399    0.439907 0.000681613
108    0.436444    0.439875 0.000676032
109    0.439528    0.439871 0.000669809
110    0.441849    0.439889 0.000663935
111    0.451293    0.439992   0.0006659
112    0.422456    0.439836 0.000678247
113    0.443572    0.439869 0.000673031
114    0.443582    0.439901 0.000667896
115    0.439102    0.439894 0.000662099
116    0.426812    0.439781 0.000665985
117    0.437034    0.439758 0.000660686
118    0.446592    0.439816 0.000657618
119    0.442009    0.439834 0.000652329
120    0.452628    0.439941 0.000655597
121    0.446488    0.439995 0.000652404
122    0.430374    0.439916 0.000651822
123    0.435214    0.439878  0.00064763
124    0.458357    0.440027 0.000659445
125    0.447359    0.440086 0.000656773
126    0.439956    0.440085 0.000651541
127     0.44296    0.440107 0.000646787
128    0.450671     0.44019 0.000646999
129    0.433803     0.44014  0.00064387
130    0.449945    0.440216 0.000643334
131    0.436577    0.440188 0.000639009
132     0.44969     0.44026 0.000638222
133    0.435841    0.440227 0.000634276
134    0.447157    0.440278 0.000631646
135    0.434173    0.440233 0.000628578
136    0.445208     0.44027  0.00062501
137     0.43256    0.440213 0.000622978
138    0.443118    0.440235 0.000618805
139     0.43857    0.440223 0.000614454
140    0.444721    0.440255 0.000610895
141    0.445804    0.440294 0.000607822
142    0.438754    0.440283 0.000603624
143    0.436988     0.44026 0.000599831
144    0.429788    0.440187 0.000600074
145    0.436027    0.440159 0.000596611
146    0.444877    0.440191 0.000593392
147    0.432997    0.440142 0.000591369
148    0.447911    0.440195 0.000589701
149    0.438113    0.440181 0.000585896
150    0.437875    0.440165  0.00058218
151    0.438574    0.440155 0.000578408
152    0.438845    0.440146 0.000574654
153    0.453076    0.440231 0.000577107
154     0.42007      0.4401 0.000588103
155    0.443975    0.440125 0.000584831
156    0.427503    0.440044 0.000586676
157    0.438838    0.440036 0.000582978
158    0.438772    0.440028 0.000579332
159    0.448991    0.440085  0.00057843
160    0.439295     0.44008 0.000574824
161    0.440178     0.44008 0.000571243
162    0.442428    0.440095 0.000567891
163    0.448208    0.440144 0.000566587
164    0.437807     0.44013 0.000563302
165    0.441991    0.440141 0.000559991
166    0.438115    0.440129 0.000556741
167    0.451097    0.440195 0.000557281
168    0.432479    0.440149 0.000555855
169    0.434605    0.440116 0.000553529
170    0.443334    0.440135 0.000550589
171     0.43167    0.440086 0.000549593
172    0.442602      0.4401 0.000546584
173    0.421871    0.439995 0.000553538
174    0.442101    0.440007  0.00055048
175    0.446072    0.440042 0.000548422
176    0.433465    0.440004 0.000546576
177    0.436256    0.439983 0.000543891
178    0.434951    0.439955 0.000541566
179    0.439187    0.439951 0.000538549
180    0.446419    0.439986 0.000536753
181    0.444166     0.44001 0.000534278
182     0.44091    0.440015 0.000531358
183    0.445754    0.440046 0.000529376
184    0.439692    0.440044 0.000526494
185    0.436534    0.440025 0.000523984
186    0.426731    0.439954 0.000526038
187    0.444315    0.439977 0.000523737
188    0.440654     0.43998 0.000520956
189    0.429566    0.439925 0.000521113
190    0.450484    0.439981 0.000521334
191    0.441187    0.439987 0.000518635
192    0.445959    0.440018 0.000516864
193    0.450872    0.440075 0.000517245
194    0.458433    0.440169 0.000523201
195    0.435314    0.440144 0.000521106
196    0.448015    0.440184 0.000519994
197    0.437177    0.440169 0.000517573
198    0.438041    0.440158 0.000515064
199    0.440263    0.440159  0.00051247
200    0.439131    0.440154 0.000509927
