1    0.455804    0.455804           0
2    0.437342    0.446573  0.00923081
3    0.447788    0.446978  0.00534478
4    0.442714    0.445912  0.00392681
5    0.415483    0.439826  0.00680358
6     0.43285    0.438664  0.00567547
7    0.426058    0.436863  0.00512356
8     0.43738    0.436927  0.00443761
9    0.439675    0.437233  0.00392549
10    0.440997    0.437609  0.00353118
11    0.441013    0.437919  0.00320903
12    0.422539    0.436637  0.00319754
13    0.434569    0.436478  0.00294561
14      0.4111    0.434665  0.00327459
15    0.443685    0.435266  0.00310721
16      0.4453    0.435894  0.00297342
17    0.430748    0.435591  0.00280939
18    0.448531     0.43631  0.00274454
19    0.448915    0.436973  0.00267951
20    0.439327    0.437091  0.00254473
21    0.447331    0.437579  0.00246915
22    0.437754    0.437587  0.00235426
23    0.431558    0.437324  0.00226479
24    0.422857    0.436722   0.0022506
25    0.436103    0.436697  0.00215885
26    0.434705     0.43662  0.00207557
27     0.43633     0.43661  0.00199724
28    0.431158    0.436415  0.00193441
29    0.435242    0.436374  0.00186696
30    0.420575    0.435848  0.00187897
31    0.431516    0.435708  0.00182271
32    0.434509    0.435671  0.00176523
33    0.447979    0.436044  0.00175108
34    0.447826     0.43639  0.00173378
35     0.43101    0.436236  0.00169052
36    0.435327    0.436211  0.00164308
37    0.442263    0.436375  0.00160641
38    0.417075    0.435867  0.00164398
39    0.428734    0.435684  0.00161169
40    0.427271    0.435474   0.0015849
41    0.425787    0.435237  0.00156371
42    0.429275    0.435095  0.00153261
43    0.450961    0.435464  0.00154136
44    0.438316    0.435529  0.00150731
45    0.431088     0.43543  0.00147674
46    0.446232    0.435665  0.00146324
47    0.441435    0.435788  0.00143703
48    0.419446    0.435448  0.00144738
49    0.438034      0.4355  0.00141852
50    0.449088    0.435772  0.00141618
51    0.431589     0.43569  0.00139055
52    0.435146     0.43568  0.00136359
53    0.430431    0.435581  0.00134127
54    0.426809    0.435418  0.00132618
55    0.425071     0.43523  0.00131537
56    0.436456    0.435252  0.00129185
57    0.428282     0.43513  0.00127486
58    0.436971    0.435161  0.00125309
59    0.435851    0.435173  0.00123173
60    0.438258    0.435224  0.00121212
61    0.428603    0.435116  0.00119701
62    0.445543    0.435284   0.0011895
63     0.44435    0.435428  0.00117928
64    0.424681     0.43526  0.00117279
65    0.433733    0.435237  0.00115484
66    0.431429    0.435179  0.00113867
67    0.433128    0.435148  0.00112197
68    0.411469      0.4348   0.0011589
69    0.431445    0.434751  0.00114302
70     0.43501    0.434755  0.00112657
71    0.433464    0.434737  0.00111074
72    0.435228    0.434744  0.00109523
73    0.433423    0.434726  0.00108027
74    0.421886    0.434552  0.00107961
75    0.437016    0.434585  0.00106562
76    0.431744    0.434548  0.00105217
77    0.443502    0.434664  0.00104491
78    0.435647    0.434677   0.0010315
79    0.432267    0.434646  0.00101882
80    0.450994     0.43485  0.00102655
81    0.448828    0.435023  0.00102838
82    0.415075     0.43478  0.00104448
83    0.440148    0.434844  0.00103385
84    0.435997    0.434858  0.00102156
85    0.434434    0.434853  0.00100948
86    0.439722     0.43491 0.000999276
87    0.429307    0.434845 0.000989821
88    0.436403    0.434863 0.000978668
89    0.440639    0.434928 0.000969784
90    0.434826    0.434927 0.000958949
91    0.454868    0.435146 0.000973341
92    0.425441     0.43504 0.000968466
93    0.420394    0.434883 0.000970855
94     0.43475    0.434882 0.000960472
95    0.441808    0.434954   0.0009531
96    0.436571    0.434971  0.00094327
97    0.435125    0.434973 0.000933497
98    0.436871    0.434992 0.000924125
99    0.437883    0.435021 0.000915209
100    0.425657    0.434928 0.000910837
101    0.434439    0.434923 0.000901787
102    0.443668    0.435009 0.000897009
103    0.447061    0.435126 0.000895931
104    0.423879    0.435018  0.00089384
105    0.440754    0.435072 0.000886971
106    0.455972    0.435269 0.000900417
107    0.440546    0.435319 0.000893325
108    0.439082    0.435354   0.0008857
109    0.429525      0.4353 0.000879164
110     0.42835    0.435237 0.000873423
111    0.422841    0.435125 0.000872693
112    0.418578    0.434977 0.000877394
113    0.434005    0.434969 0.000869637
114    0.440673    0.435019 0.000863426
115    0.428036    0.434958 0.000858036
116    0.435977    0.434967 0.000850652
117    0.446157    0.435063 0.000848756
118    0.446662    0.435161 0.000847254
119    0.437426     0.43518  0.00084032
120    0.431863    0.435152 0.000833746
121    0.437437    0.435171 0.000827042
122    0.430189     0.43513 0.000821252
123    0.446301    0.435221 0.000819595
124    0.434787    0.435218 0.000812966
125    0.437809    0.435238 0.000806702
126    0.452531    0.435376 0.000811957
127    0.426861    0.435309 0.000808324
128    0.428464    0.435255 0.000803765
129    0.434714    0.435251  0.00079752
130    0.436328    0.435259 0.000791405
131    0.436273    0.435267 0.000785379
132    0.452407    0.435397 0.000790149
133     0.44478    0.435467 0.000787352
134    0.412815    0.435298 0.000799531
135    0.440205    0.435335 0.000794418
136    0.420468    0.435225 0.000796096
137    0.420865     0.43512 0.000797185
138    0.436125    0.435128 0.000791421
139    0.425358    0.435057 0.000788844
140     0.43535     0.43506 0.000783192
141    0.438698    0.435085 0.000778045
142     0.42717     0.43503 0.000774555
143     0.43462    0.435027 0.000769125
144    0.427178    0.434972 0.000765707
145     0.42434    0.434899 0.000763935
146    0.451132     0.43501 0.000766789
147    0.431745    0.434988 0.000761878
148    0.432218    0.434969 0.000756944
149    0.440181    0.435004  0.00075266
150    0.436812    0.435016 0.000747723
151    0.445125    0.435083 0.000745765
152    0.424219    0.435012 0.000744283
153    0.435483    0.435015 0.000739408
154    0.433249    0.435003 0.000734681
155    0.450986    0.435106 0.000737173
156    0.432329    0.435089 0.000732649
157    0.446837    0.435163 0.000731803
158    0.428039    0.435118 0.000728553
159    0.423603    0.435046  0.00072757
160     0.43092     0.43502 0.000723468
161    0.434796    0.435019 0.000718962
162    0.438352    0.435039 0.000714806
163     0.43541    0.435042 0.000710411
164    0.440267    0.435073 0.000706784
165    0.447811    0.435151 0.000706717
166    0.433872    0.435143 0.000702489
167    0.442617    0.435188 0.000699702
168    0.433583    0.435178  0.00069559
169    0.430332    0.435149 0.000692056
170    0.437998    0.435166 0.000688177
171    0.419239    0.435073 0.000690452
172    0.438995    0.435096 0.000686805
173    0.436585    0.435105 0.000682878
174    0.444439    0.435158 0.000681058
175    0.434271    0.435153 0.000677174
176    0.435856    0.435157 0.000673327
177    0.433357    0.435147  0.00066959
178    0.443949    0.435196 0.000667651
179    0.425396    0.435142 0.000666164
180    0.429029    0.435108 0.000663323
181     0.45927    0.435241  0.00067302
182    0.440605    0.435271  0.00066996
183    0.434213    0.435265 0.000666314
184    0.440904    0.435295 0.000663391
185    0.424452    0.435237 0.000662394
186    0.442161    0.435274 0.000659874
187    0.452932    0.435369 0.000663093
188    0.443497    0.435412 0.000660973
189     0.43018    0.435384 0.000658049
190    0.434657     0.43538 0.000654587
191    0.443168    0.435421 0.000652426
192    0.442137    0.435456 0.000649961
193    0.441185    0.435486 0.000647266
194    0.432594    0.435471 0.000644093
195     0.42561     0.43542 0.000642774
196    0.428861    0.435387 0.000640361
197    0.446417    0.435443 0.000639558
198    0.446055    0.435496 0.000638573
199    0.438692    0.435512 0.000635559
200     0.42965    0.435483 0.000633052
1    0.454621    0.454621           0
2    0.437144    0.445883  0.00873857
3    0.449714     0.44716  0.00520433
4    0.444888    0.446592   0.0037236
5    0.415719    0.440417  0.00681494
6    0.431062    0.438858  0.00577872
7    0.427295    0.437206  0.00515572
8    0.439941    0.437548  0.00447805
9    0.439181    0.437729  0.00395343
10    0.440449    0.438001   0.0035465
11    0.441339    0.438305  0.00322225
12    0.423398    0.437063  0.00319305
13    0.435317    0.436928  0.00294025
14    0.412394    0.435176  0.00323746
15    0.444386     0.43579  0.00307583
16    0.444223    0.436317  0.00292506
17    0.431954     0.43606  0.00275957
18    0.448764    0.436766  0.00269578
19    0.449333    0.437427  0.00263434
20    0.438598    0.437486  0.00249983
21    0.447969    0.437985  0.00242965
22    0.435619    0.437878  0.00231908
23     0.43417    0.437716  0.00222181
24    0.421566    0.437043  0.00223112
25    0.439555    0.437144  0.00214237
26    0.433029    0.436986   0.0020644
27    0.435314    0.436924  0.00198744
28    0.433216    0.436791  0.00191971
29    0.435622    0.436751  0.00185277
30    0.420532     0.43621  0.00186981
31    0.429313    0.435988  0.00182212
32    0.435767    0.435981  0.00176428
33    0.447226    0.436322   0.0017436
34    0.446034    0.436607  0.00171549
35    0.430093    0.436421  0.00167613
36    0.434412    0.436365  0.00162986
37    0.440938    0.436489     0.00159
38    0.416494    0.435963   0.0016346
39    0.430622    0.435826  0.00159801
40    0.426449    0.435591  0.00157509
41    0.427541    0.435395  0.00154869
42    0.431151    0.435294  0.00151474
43    0.451885     0.43568  0.00152859
44    0.439312    0.435762  0.00149573
45    0.431598     0.43567  0.00146504
46    0.444694    0.435866   0.0014462
47    0.440423    0.435963  0.00141842
48    0.420567    0.435642  0.00142511
49    0.435216    0.435634  0.00139575
50    0.447167    0.435864  0.00138687
51    0.430824    0.435765  0.00136299
52    0.433364    0.435719  0.00133732
53    0.428293    0.435579  0.00131931
54    0.426214    0.435406  0.00130621
55    0.426484    0.435243  0.00129246
56    0.435225    0.435243  0.00126917
57    0.427145    0.435101  0.00125478
58     0.43834    0.435157  0.00123422
59     0.43831     0.43521  0.00121429
60    0.441313    0.435312  0.00119821
61    0.429486    0.435217  0.00118226
62     0.44637    0.435396  0.00117687
63    0.446346     0.43557  0.00117101
64    0.428834    0.435465  0.00115736
65    0.433514    0.435435  0.00113981
66      0.4298     0.43535  0.00112565
67    0.432002      0.4353  0.00110985
68    0.411417    0.434948  0.00114843
69    0.431428    0.434897  0.00113281
70    0.433979    0.434884  0.00111659
71    0.434906    0.434885  0.00110075
72    0.434497    0.434879  0.00108537
73    0.433594    0.434862  0.00107054
74    0.420075    0.434662  0.00107471
75    0.437663    0.434702  0.00106104
76    0.434483    0.434699  0.00104699
77     0.44655    0.434853   0.0010447
78    0.432558    0.434823  0.00103164
79    0.430315    0.434766   0.0010201
80    0.449999    0.434957  0.00102511
81    0.445469    0.435087  0.00102066
82    0.416453    0.434859  0.00103343
83    0.440768     0.43493  0.00102338
84    0.434463    0.434925  0.00101114
85    0.436085    0.434939 0.000999263
86    0.439116    0.434987 0.000988769
87     0.42979    0.434927 0.000979161
88    0.436598    0.434946 0.000968157
89    0.441747    0.435023 0.000960262
90    0.434601    0.435018 0.000949544
91    0.456208    0.435251  0.00096749
92    0.427908    0.435171 0.000960239
93    0.419396    0.435002 0.000964884
94    0.434755    0.434999 0.000954567
95    0.443394    0.435087 0.000948591
96    0.436352      0.4351  0.00093875
97    0.434787    0.435097 0.000929028
98    0.436739    0.435114 0.000919651
99    0.435347    0.435116 0.000910318
100    0.428021    0.435045 0.000903958
101    0.435339    0.435048 0.000894968
102    0.445031    0.435146 0.000891538
103    0.446252    0.435254   0.0008894
104    0.425839    0.435163 0.000885447
105    0.441258    0.435221 0.000878892
106    0.453312    0.435392 0.000887132
107    0.440067    0.435436 0.000879887
108    0.438949    0.435468 0.000872309
109    0.429805    0.435416 0.000865829
110    0.429053    0.435359  0.00085987
111    0.423755    0.435254 0.000858476
112    0.417498    0.435095 0.000865422
113    0.434935    0.435094 0.000857731
114    0.439981    0.435137 0.000851254
115    0.426526    0.435062 0.000847135
116    0.436166    0.435072 0.000839854
117    0.447176    0.435175 0.000839048
118    0.444816    0.435257 0.000835909
119    0.437149    0.435273 0.000829007
120    0.433293    0.435256 0.000822235
121    0.437585    0.435275 0.000815639
122     0.43277    0.435255 0.000809186
123    0.445415    0.435337  0.00080682
124    0.437117    0.435352 0.000800416
125    0.436544    0.435361 0.000794044
126    0.452746    0.435499 0.000799709
127    0.424034    0.435409 0.000798506
128    0.429491    0.435363 0.000793592
129    0.434138    0.435353 0.000787473
130     0.43684    0.435365 0.000781476
131    0.436169    0.435371 0.000775512
132    0.453792     0.43551 0.000782164
133    0.443419     0.43557 0.000778535
134    0.414961    0.435416  0.00078786
135    0.440468    0.435454 0.000782897
136     0.42337    0.435365 0.000782182
137    0.420468    0.435256 0.000784028
138    0.436941    0.435268 0.000778422
139    0.421834    0.435171 0.000778822
140     0.43686    0.435184 0.000773333
141    0.439464    0.435214 0.000768429
142    0.428336    0.435165 0.000764534
143    0.435219    0.435166 0.000759169
144    0.424685    0.435093 0.000757384
145    0.422919    0.435009 0.000756814
146    0.447864    0.435097 0.000756752
147    0.432979    0.435083 0.000751725
148    0.434262    0.435077 0.000746649
149    0.441941    0.435123  0.00074305
150    0.437587     0.43514 0.000738263
151    0.443369    0.435194  0.00073538
152    0.423592    0.435118 0.000734502
153    0.435724    0.435122 0.000729697
154    0.434668    0.435119 0.000724949
155     0.45295    0.435234 0.000729386
156    0.434964    0.435232 0.000724698
157    0.445442    0.435297 0.000722997
158    0.429429     0.43526 0.000719366
159    0.425447    0.435198 0.000717487
160    0.432714    0.435183 0.000713158
161    0.433987    0.435175 0.000708753
162    0.440365    0.435207 0.000705093
163    0.436802    0.435217 0.000700822
164    0.440818    0.435251 0.000697372
165    0.448849    0.435334 0.000698015
166    0.433041     0.43532 0.000693935
167    0.442696    0.435364  0.00069118
168    0.432528    0.435347 0.000687261
169    0.431758    0.435326 0.000683512
170    0.438143    0.435343 0.000679681
171    0.418389    0.435243  0.00068293
172    0.437314    0.435255 0.000679054
173    0.437534    0.435269 0.000675246
174    0.445014    0.435325 0.000673686
175      0.4348    0.435322 0.000669832
176    0.435516    0.435323 0.000666017
177    0.431853    0.435303 0.000662533
178    0.443625     0.43535 0.000660457
179    0.426235    0.435299 0.000658729
180    0.427345    0.435255 0.000656547
181    0.460635    0.435395 0.000667798
182    0.442949    0.435437 0.000665414
183     0.43524    0.435435 0.000661769
184    0.442642    0.435475 0.000659327
185    0.425342     0.43542 0.000658037
186    0.440708    0.435448 0.000655107
187    0.453911    0.435547 0.000659032
188    0.443678     0.43559 0.000656942
189    0.428904    0.435555 0.000654414
190    0.435874    0.435557 0.000650963
191    0.441295    0.435587 0.000648242
192    0.443526    0.435628 0.000646181
193    0.442827    0.435665 0.000643906
194    0.434966    0.435662 0.000640588
195    0.425387    0.435609  0.00063947
196    0.430616    0.435583 0.000636708
197    0.445754    0.435635 0.000635568
198    0.446619    0.435691 0.000634779
199     0.43901    0.435707 0.000631801
200    0.427583    0.435667 0.000629946
