1     1.45968   0.0291936           0
2     1.32084   0.0278052   0.0013884
3     1.44276   0.0281552 0.000874672
4     1.51772    0.028705  0.00082753
5       1.352    0.028372 0.000722338
6     1.53136   0.0287479 0.000699374
7     1.52044   0.0289851 0.000636926
8     1.39372   0.0288463   0.0005688
9     1.62144   0.0292444 0.000640379
10     1.47132   0.0292626 0.000573061
11     1.53512   0.0293935 0.000534625
12     1.39724   0.0292727 0.000502753
13     1.47048   0.0292833 0.000462585
14      1.3656   0.0291425 0.000450823
15      1.3438   0.0289914 0.000446064
16     1.66416   0.0292596 0.000496038
17      1.4504   0.0292448 0.000466182
18     1.58204   0.0293779 0.000459235
19     1.56444   0.0294785 0.000445883
20      1.4996   0.0295042 0.000423781
21      1.2484   0.0292882 0.000457324
22     1.34032   0.0291753 0.000450397
23     1.41044   0.0291333 0.000432416
24     1.33104   0.0290286 0.000427038
25     1.35352   0.0289503 0.000417023
26        1.54   0.0290214  0.00040693
27     1.53264   0.0290819 0.000396202
28     1.44792   0.0290775 0.000381816
29     1.64668   0.0292104 0.000391676
30     1.50424   0.0292396 0.000379516
31     1.67268   0.0293755 0.000391432
32     1.54912   0.0294257 0.000382314
33     1.31144   0.0293288 0.000383002
34       1.533    0.029368 0.000373624
35      1.4698   0.0293688 0.000362793
36     1.39476   0.0293279 0.000354939
37     1.29408   0.0292347 0.000357558
38     1.71632   0.0293687 0.000372924
39     1.04184   0.0291499 0.000424028
40     1.75248   0.0292974  0.00043882
41      1.3352   0.0292342 0.000432633
42     1.29696   0.0291557 0.000429433
43     1.28284   0.0290744  0.00042715
44      1.4158   0.0290571 0.000417684
45     1.67356   0.0291552 0.000419915
46      1.5092   0.0291776 0.000411293
47      1.3372   0.0291258 0.000405764
48     1.44072   0.0291193 0.000397274
49     1.36788   0.0290834 0.000390739
50     1.52288   0.0291108  0.00038383
51     1.34632    0.029068 0.000378659
52     1.65428   0.0291453 0.000379259
53     1.45604   0.0291448 0.000372035
54     1.54688    0.029178 0.000366586
55      1.5546   0.0292128 0.000361538
56     1.42424   0.0291998 0.000355261
57     1.51052   0.0292175 0.000349423
58       1.403   0.0291976 0.000343925
59     1.55768   0.0292307 0.000339668
60     1.29724    0.029176 0.000338419
61     1.58848   0.0292185  0.00033553
62     1.43552   0.0292103 0.000330176
63      1.3296   0.0291687  0.00032754
64     1.33268   0.0291294 0.000324768
65      1.4132   0.0291161  0.00032001
66     1.32548   0.0290766 0.000317589
67     1.41716   0.0290657 0.000313004
68     1.48372   0.0290746 0.000308497
69     1.43928   0.0290704 0.000304022
70     1.44692   0.0290686 0.000299653
71     1.53892   0.0290926 0.000296382
72     1.46608   0.0290958 0.000292254
73     1.42624    0.029088 0.000288329
74     1.52188   0.0291062  0.00028499
75     1.58036   0.0291396 0.000283135
76     1.41964   0.0291298 0.000279558
77     1.41672   0.0291194 0.000276096
78      1.5084   0.0291329 0.000272865
79     1.50012   0.0291439 0.000269614
80     1.39836   0.0291292 0.000266628
81     1.30092   0.0290908 0.000266102
82      1.4666   0.0290937 0.000262853
83     1.35592   0.0290699 0.000260755
84     1.68256   0.0291244 0.000263342
85     1.56988   0.0291512 0.000261596
86     1.32304   0.0291199 0.000260422
87     1.45008   0.0291185 0.000257415
88      1.3364   0.0290914 0.000255919
89     1.42152    0.029084 0.000253136
90      1.4546    0.029084 0.000250307
91     1.50024   0.0290942 0.000247748
92     1.49476   0.0291029 0.000245195
93     1.51092   0.0291149 0.000242841
94     1.57568   0.0291404 0.000241595
95     1.55536   0.0291611 0.000239933
96     1.63044    0.029197 0.000240122
97     1.52088   0.0292096 0.000237966
98     1.40628   0.0291985 0.000235785
99     1.45424   0.0291974 0.000233394
100     1.48644   0.0292027 0.000231109
101     1.52844   0.0292162 0.000229209
102      1.7126   0.0292656 0.000232259
103     1.39584   0.0292525 0.000230365
104     1.70752   0.0292996  0.00023295
105      1.5696   0.0293195  0.00023158
106     1.61288   0.0293472 0.000231053
107     1.50832   0.0293549 0.000229011
108     1.27264   0.0293188  0.00022974
109     1.41304    0.029309 0.000227829
110     1.42924   0.0293025 0.000225845
111     1.31512   0.0292754 0.000225427
112     1.29156   0.0292447 0.000225512
113      1.2848   0.0292133 0.000225703
114     1.56404   0.0292314 0.000224448
115     1.47848   0.0292344 0.000222507
116     1.43388   0.0292296 0.000220633
117     1.52408   0.0292403    0.000219
118     1.56332   0.0292574 0.000217814
119     1.26268   0.0292238 0.000218581
120     1.43768   0.0292199 0.000216788
121     1.50708   0.0292275 0.000215123
122      1.4926   0.0292326 0.000213414
123     1.60976   0.0292567 0.000213038
124     1.48596   0.0292604 0.000211346
125     1.48084   0.0292633 0.000209668
126     1.48156   0.0292662 0.000208017
127     1.38588    0.029254 0.000206733
128     1.59276   0.0292743 0.000206116
129     1.63724   0.0293012 0.000206274
130      1.3116   0.0292776 0.000206038
131     1.59464   0.0292976 0.000205431
132     1.47196   0.0292986 0.000203872
133     1.43792   0.0292946 0.000202374
134     1.53724   0.0293054 0.000201149
135     1.29708   0.0292805 0.000201203
136      1.4664   0.0292808 0.000199718
137     1.37152   0.0292673 0.000198715
138     1.42412   0.0292616 0.000197351
139     1.46064   0.0292613 0.000195927
140     1.14112   0.0292153 0.000199885
141     1.54516   0.0292273 0.000198823
142     1.51708   0.0292351 0.000197574
143     1.59276   0.0292534 0.000197041
144     1.62768   0.0292764 0.000197006
145     1.50048   0.0292814 0.000195708
146     1.42184   0.0292756 0.000194449
147     1.36344    0.029262 0.000193603
148      1.4328   0.0292579 0.000192334
149     1.53604   0.0292677 0.000191291
150     1.32424   0.0292492 0.000190915
151      1.4278   0.0292446 0.000189702
152     1.54256   0.0292551 0.000188746
153     1.40648   0.0292478 0.000187653
154     1.51776    0.029255 0.000186569
155     1.15208   0.0292149 0.000189646
156     1.34036   0.0291994 0.000189058
157      1.2782   0.0291763 0.000189272
158      1.5408   0.0291867 0.000188356
159     1.45092   0.0291856 0.000187171
160     1.53732   0.0291954 0.000186253
161     1.44644   0.0291937   0.0001851
162     1.52032   0.0292012 0.000184106
163     1.61888   0.0292207 0.000184008
164     1.60648   0.0292384  0.00018374
165     1.66536   0.0292631 0.000184281
166     1.34216   0.0292485 0.000183746
167     1.40452   0.0292416 0.000182774
168      1.5524   0.0292523 0.000182001
169     1.44044   0.0292497  0.00018094
170     1.27352   0.0292275 0.000181241
171     1.53108   0.0292356 0.000180362
172     1.52652   0.0292431 0.000179469
173     1.42164   0.0292385  0.00017849
174     1.46572   0.0292389 0.000177462
175     1.40552   0.0292324 0.000176562
176     1.24524   0.0292079  0.00017727
177     1.47256   0.0292092 0.000176271
178     1.49164   0.0292127 0.000175313
179     1.46628   0.0292134 0.000174332
180     1.41436   0.0292082 0.000173437
181     1.62112    0.029226 0.000173388
182     1.32564   0.0292111 0.000173076
183     1.25304   0.0291884 0.000173615
184     1.49476   0.0291922 0.000172712
185       1.498   0.0291964 0.000171826
186     1.34528   0.0291841 0.000171342
187     1.64036   0.0292034 0.000171522
188     1.40176   0.0291972  0.00017072
189      1.4812   0.0291995 0.000169829
190     1.37516   0.0291906 0.000169169
191     1.49328   0.0291941 0.000168318
192     1.46536   0.0291947  0.00016744
193     1.60252   0.0292095 0.000167226
194     1.45176   0.0292086 0.000166364
195     1.36856   0.0291992 0.000165777
196     1.52096   0.0292054 0.000165046
197     1.35952   0.0291952 0.000164525
198     1.69536    0.029219 0.000165413
199     1.27884   0.0292007 0.000165594
200     1.58744   0.0292134 0.000165256
1     1.45376   0.0290752           0
2     1.31676   0.0277052     0.00137
3     1.45824   0.0281917 0.000928627
4     1.50972   0.0286924 0.000825737
5     1.37908   0.0284702 0.000677097
6     1.50832   0.0287529 0.000620931
7     1.49188   0.0289079 0.000547181
8     1.36564   0.0287085 0.000514111
9     1.60512   0.0290856 0.000589728
10     1.46116   0.0290994 0.000527648
11     1.52872   0.0292335 0.000495755
12     1.39932   0.0291295 0.000464339
13       1.468   0.0291473 0.000427497
14     1.34784   0.0289908  0.00042559
15     1.32468   0.0288243 0.000429758
16     1.62608   0.0290554 0.000463685
17     1.42412   0.0290217 0.000436858
18     1.63108   0.0292217 0.000457862
19      1.5696   0.0293359 0.000447905
20     1.46516   0.0293343 0.000424923
21     1.25124   0.0291291 0.000453294
22     1.35996   0.0290413 0.000441011
23      1.3792    0.028978 0.000426138
24     1.37316   0.0289149 0.000412849
25     1.38688   0.0288678 0.000398781
26     1.56728   0.0289631 0.000394811
27     1.52524   0.0290202 0.000384175
28     1.42484   0.0290015 0.000370671
29       1.622   0.0291201 0.000376803
30     1.53184   0.0291706  0.00036752
31     1.69368   0.0293223 0.000386487
32     1.52508   0.0293592 0.000376025
33     1.36948   0.0292995 0.000369307
34     1.55976   0.0293552 0.000362593
35     1.46708   0.0293549 0.000352081
36     1.39384   0.0293138 0.000344616
37     1.27844   0.0292126 0.000350122
38     1.69652   0.0293367 0.000362695
39     1.01088   0.0291029 0.000423645
40       1.745   0.0292478 0.000437613
41     1.33852   0.0291874 0.000431062
42     1.25044   0.0290879 0.000432279
43     1.34524   0.0290372 0.000425148
44     1.43724   0.0290305 0.000415427
45     1.67244   0.0291287 0.000417791
46     1.51336   0.0291534 0.000409356
47     1.34864    0.029107  0.00040323
48     1.45956   0.0291088 0.000394744
49     1.36596   0.0290723 0.000388325
50     1.49916   0.0290905 0.000380916
51     1.34892   0.0290491 0.000375662
52     1.63236   0.0291183 0.000374809
53      1.4586   0.0291193 0.000367671
54     1.52912   0.0291464 0.000361814
55     1.58332   0.0291922 0.000358117
56     1.39468    0.029169 0.000352428
57     1.48544   0.0291785 0.000346319
58     1.36912   0.0291475 0.000341702
59     1.54276   0.0291765 0.000337105
60     1.30828   0.0291263 0.000335217
61     1.59656   0.0291723 0.000332867
62     1.45024   0.0291696 0.000327465
63       1.331   0.0291291 0.000324757
64       1.302   0.0290808 0.000323266
65     1.42108   0.0290707 0.000318415
66     1.32472   0.0290316 0.000315974
67     1.42708   0.0290243 0.000311308
68     1.49584   0.0290375 0.000306977
69      1.4198   0.0290282 0.000302638
70     1.45972   0.0290305 0.000298293
71     1.51408   0.0290482 0.000294589
72     1.46832   0.0290526 0.000290502
73     1.44984   0.0290518 0.000286496
74     1.53844    0.029075 0.000283549
75      1.5994   0.0291139 0.000282426
76     1.42752   0.0291064 0.000278784
77     1.44312   0.0291033 0.000275157
78     1.51908   0.0291197 0.000272101
79     1.46148   0.0291211 0.000268638
80      1.3638    0.029098  0.00026626
81     1.33884   0.0290693 0.000264509
82     1.49516   0.0290795 0.000261461
83     1.30756   0.0290442  0.00026069
84      1.6978   0.0291027 0.000264122
85     1.56752   0.0291291 0.000262332
86     1.33632   0.0291012 0.000260765
87     1.44592   0.0290991 0.000257759
88     1.32624   0.0290698 0.000256487
89     1.42312    0.029063  0.00025368
90     1.45292    0.029063 0.000250846
91      1.5058   0.0290745 0.000248344
92     1.50304   0.0290853 0.000245863
93     1.51984   0.0290994 0.000243614
94     1.57984   0.0291259 0.000242468
95     1.55572   0.0291469 0.000240814
96     1.62732   0.0291823 0.000240909
97     1.52264   0.0291954 0.000238772
98     1.41484   0.0291862 0.000236501
99     1.50576   0.0291956 0.000234288
100       1.499   0.0292034 0.000232065
101     1.54364     0.02922  0.00023035
102     1.70508   0.0292678 0.000233048
103     1.39512   0.0292546 0.000231154
104     1.72776   0.0293055 0.000234526
105     1.54648    0.029321 0.000232796
106     1.65428   0.0293565 0.000233309
107     1.52952    0.029368 0.000231405
108     1.27628   0.0293325 0.000231997
109     1.43632   0.0293269 0.000229926
110     1.41388   0.0293174 0.000228026
111     1.30116   0.0292877 0.000227903
112     1.28844   0.0292563 0.000228033
113     1.29012   0.0292257 0.000228064
114     1.58632   0.0292476 0.000227116
115     1.48724    0.029252 0.000225174
116     1.48632   0.0292561 0.000223262
117     1.54288   0.0292697 0.000221769
118     1.56552    0.029287  0.00022056
119     1.25012    0.029251 0.000221643
120     1.47852   0.0292537 0.000219804
121     1.50068     0.02926 0.000218071
122     1.48456   0.0292635 0.000216305
123     1.59156   0.0292844 0.000215552
124     1.47568   0.0292862 0.000213815
125     1.49952   0.0292919 0.000212172
126     1.47928   0.0292942 0.000210494
127     1.40008    0.029284 0.000209078
128     1.63516   0.0293107 0.000209151
129      1.6386   0.0293376 0.000209251
130     1.34824   0.0293193 0.000208436
131     1.58568   0.0293376 0.000207644
132     1.46132   0.0293367 0.000206067
133     1.43192   0.0293315 0.000204579
134     1.53104   0.0293411 0.000203275
135     1.30368   0.0293169  0.00020321
136     1.46032   0.0293161 0.000201712
137     1.34244   0.0292981 0.000201042
138     1.44468   0.0292952 0.000199602
139     1.46196   0.0292948 0.000198161
140     1.14544   0.0292491 0.000201959
141     1.53768   0.0292598 0.000200805
142     1.52188   0.0292681 0.000199558
143      1.5678   0.0292827 0.000198695
144      1.6334   0.0293062 0.000198706
145     1.52044   0.0293138 0.000197477
146      1.4352   0.0293096 0.000196165
147      1.3614   0.0292955  0.00019534
148     1.45796   0.0292946 0.000194017
149     1.56832   0.0293085 0.000193212
150     1.36996   0.0292957 0.000192341
151     1.40316   0.0292876 0.000191237
152     1.53252   0.0292965 0.000190186
153     1.40332   0.0292885  0.00018911
154     1.50376   0.0292936 0.000187948
155     1.17796   0.0292566 0.000190361
156     1.36376   0.0292439 0.000189563
157     1.29024    0.029222 0.000189621
158     1.55144   0.0292334 0.000188764
159     1.44216    0.029231 0.000187589
160       1.523   0.0292387 0.000186571
161     1.43468   0.0292353 0.000185439
162     1.50148   0.0292402 0.000184356
163     1.59544   0.0292566 0.000183952
164     1.62104   0.0292759 0.000183842
165     1.64796   0.0292982 0.000184083
166     1.32392   0.0292812 0.000183757
167     1.37268   0.0292702 0.000182981
168     1.53664    0.029279 0.000182097
169      1.4578   0.0292782 0.000181018
170      1.2744   0.0292559 0.000181326
171     1.52188   0.0292628 0.000180395
172     1.47424   0.0292641 0.000179347
173     1.38624   0.0292552  0.00017853
174      1.4638   0.0292554 0.000177501
175     1.41728   0.0292502  0.00017656
176     1.25488   0.0292266 0.000177132
177      1.4452   0.0292247 0.000176138
178     1.51404   0.0292307 0.000175246
179     1.46652   0.0292312 0.000174265
180     1.38464   0.0292227 0.000173505
181     1.62656    0.029241  0.00017351
182     1.33968   0.0292275 0.000173077
183     1.22828    0.029202 0.000174003
184     1.51824   0.0292084  0.00017317
185     1.48748   0.0292113 0.000172257
186      1.3514   0.0291995  0.00017173
187     1.63144   0.0292179  0.00017179
188      1.4046   0.0292119 0.000170979
189     1.47288   0.0292132 0.000170077
190      1.3788   0.0292046 0.000169399
191     1.46104   0.0292047  0.00016851
192     1.41396   0.0291998 0.000167699
193     1.53792   0.0292079 0.000167023
194     1.46972   0.0292089 0.000166163
195     1.36656   0.0291992 0.000165589
196     1.52824   0.0292062 0.000164889
197      1.3724   0.0291973 0.000164292
198     1.68676   0.0292202 0.000165059
199      1.2744   0.0292015 0.000165295
200     1.60128   0.0292156 0.000165072
