1   -0.814142   -0.814142           0
2   -0.814886   -0.814514    0.000372
3   -0.814462   -0.814497 0.000215473
4    -0.81429   -0.814445 0.000160948
5   -0.816646   -0.814885 0.000457552
6    -0.81671    -0.81519 0.000481749
7    -0.81763   -0.815538 0.000536055
8   -0.812882   -0.815206 0.000570786
9   -0.815998   -0.815294 0.000511024
10   -0.814237   -0.815188 0.000469146
11   -0.814709   -0.815145 0.000426593
12    -0.81517   -0.815147  0.00038943
13   -0.818174    -0.81538 0.000427268
14   -0.814582   -0.815323 0.000399653
15   -0.816557   -0.815405 0.000381043
16   -0.814723   -0.815363 0.000358972
17   -0.816536   -0.815432 0.000344188
18   -0.812851   -0.815288 0.000354757
19   -0.815046   -0.815275 0.000335808
20   -0.817291   -0.815376 0.000334138
21   -0.816595   -0.815434 0.000323086
22    -0.81453   -0.815393 0.000310783
23    -0.81611   -0.815424 0.000298596
24   -0.816333   -0.815462 0.000288379
25   -0.814411    -0.81542  0.00027978
26   -0.814968   -0.815403 0.000269366
27   -0.814429   -0.815367 0.000261695
28   -0.817139    -0.81543     0.00026
29   -0.815192   -0.815422 0.000251009
30   -0.813355   -0.815353 0.000252092
31   -0.815165   -0.815347   0.0002439
32   -0.816086    -0.81537 0.000237283
33    -0.81588   -0.815385 0.000230499
34   -0.817574    -0.81545 0.000232701
35   -0.817234   -0.815501 0.000231631
36   -0.817163   -0.815547 0.000229793
37   -0.815568   -0.815548 0.000223497
38    -0.81619   -0.815564 0.000218193
39   -0.813752   -0.815518 0.000217546
40   -0.815854   -0.815526 0.000212204
41   -0.815326   -0.815521 0.000207021
42   -0.813237   -0.815467 0.000209227
43   -0.814126   -0.815436 0.000206669
44   -0.814611   -0.815417 0.000202785
45   -0.813936   -0.815384 0.000200942
46   -0.815502   -0.815387 0.000196542
47    -0.81372   -0.815351 0.000195557
48   -0.815312   -0.815351 0.000191442
49   -0.817014   -0.815384 0.000190544
50   -0.812774   -0.815332 0.000193855
51   -0.815371   -0.815333 0.000190017
52   -0.814706   -0.815321 0.000186718
53   -0.815443   -0.815323 0.000183175
54   -0.817245   -0.815359 0.000183239
55   -0.816733   -0.815384 0.000181603
56   -0.818333   -0.815437 0.000185943
57   -0.815811   -0.815443  0.00018277
58   -0.816416    -0.81546 0.000180373
59    -0.81601   -0.815469 0.000177534
60   -0.813632   -0.815439 0.000177216
61   -0.815824   -0.815445 0.000174401
62   -0.815654   -0.815448 0.000171598
63   -0.816254   -0.815461 0.000169336
64    -0.81623   -0.815473 0.000167103
65   -0.815656   -0.815476 0.000164536
66   -0.818181   -0.815517 0.000167127
67   -0.815437   -0.815516 0.000164618
68   -0.815434   -0.815514 0.000162183
69   -0.813965   -0.815492 0.000161386
70   -0.819146   -0.815544 0.000167408
71   -0.813885   -0.815521  0.00016668
72   -0.814328   -0.815504 0.000165182
73   -0.815059   -0.815498 0.000163017
74    -0.81395   -0.815477 0.000162154
75   -0.812731   -0.815441 0.000164114
76   -0.814253   -0.815425 0.000162692
77   -0.817246   -0.815449 0.000162299
78    -0.81768   -0.815477 0.000162738
79   -0.816843   -0.815495 0.000161593
80   -0.815018   -0.815489 0.000159671
81   -0.813099   -0.815459 0.000160423
82   -0.814378   -0.815446 0.000159003
83   -0.816696   -0.815461 0.000157796
84   -0.812922   -0.815431  0.00015881
85    -0.81316   -0.815404 0.000159188
86   -0.817629    -0.81543 0.000159439
87   -0.814275   -0.815417 0.000158153
88    -0.81772   -0.815443 0.000158522
89   -0.818659   -0.815479 0.000160843
90   -0.811904   -0.815439 0.000163931
91   -0.814966   -0.815434 0.000162203
92     -0.8154   -0.815434 0.000160431
93   -0.815931   -0.815439 0.000158786
94   -0.815813   -0.815443 0.000157138
95   -0.813379   -0.815421 0.000156986
96   -0.815064   -0.815418 0.000155386
97   -0.817952   -0.815444  0.00015598
98   -0.815846   -0.815448 0.000154435
99   -0.815371   -0.815447 0.000152869
100   -0.816314   -0.815456 0.000151581
101   -0.814605   -0.815447 0.000150309
102   -0.815478   -0.815448 0.000148828
103   -0.817179   -0.815464 0.000148332
104    -0.81464   -0.815456 0.000147112
105   -0.818629   -0.815487 0.000148804
106   -0.817067   -0.815502 0.000148146
107   -0.814298    -0.81549 0.000147185
108   -0.815357   -0.815489 0.000145822
109   -0.817557   -0.815508 0.000145718
110   -0.815125   -0.815505 0.000144429
111   -0.813571   -0.815487 0.000144178
112   -0.816069   -0.815492 0.000142979
113   -0.814318   -0.815482 0.000142088
114   -0.816288   -0.815489 0.000141014
115   -0.814774   -0.815483  0.00013992
116   -0.814613   -0.815475 0.000138911
117   -0.818032   -0.815497 0.000139442
118   -0.812976   -0.815476 0.000139896
119   -0.817445   -0.815492 0.000139699
120   -0.813602   -0.815477 0.000139423
121   -0.814784   -0.815471 0.000138385
122   -0.815877   -0.815474 0.000137286
123   -0.814061   -0.815463 0.000136649
124   -0.813858    -0.81545 0.000136159
125   -0.814162   -0.815439 0.000135458
126   -0.815368   -0.815439  0.00013438
127   -0.814174   -0.815429 0.000133689
128   -0.814946   -0.815425 0.000132694
129   -0.814294   -0.815416 0.000131953
130   -0.816168   -0.815422 0.000131062
131   -0.813528   -0.815408 0.000130859
132   -0.814786   -0.815403 0.000129949
133   -0.814853   -0.815399 0.000129035
134   -0.815896   -0.815403 0.000128122
135   -0.816131   -0.815408 0.000127284
136   -0.818406    -0.81543 0.000128253
137   -0.816106   -0.815435 0.000127409
138    -0.81399   -0.815424 0.000126915
139   -0.815949   -0.815428 0.000126055
140    -0.81459   -0.815422 0.000125295
141   -0.815629   -0.815424 0.000124411
142   -0.814379   -0.815416 0.000123751
143   -0.815042   -0.815414  0.00012291
144   -0.816165   -0.815419 0.000122165
145   -0.814794   -0.815415 0.000121397
146   -0.816224    -0.81542  0.00012069
147   -0.817826   -0.815437 0.000120977
148   -0.816965   -0.815447   0.0001206
149   -0.813648   -0.815435 0.000120395
150   -0.815245   -0.815434 0.000119596
151   -0.816509   -0.815441 0.000119015
152   -0.814898   -0.815437 0.000118283
153    -0.81405   -0.815428 0.000117857
154   -0.815835   -0.815431 0.000117119
155   -0.815587   -0.815432 0.000116365
156   -0.815226    -0.81543 0.000115625
157   -0.813254   -0.815416 0.000115719
158   -0.815328   -0.815416 0.000114985
159   -0.814626   -0.815411 0.000114368
160   -0.815779   -0.815413 0.000113674
161   -0.817661   -0.815427 0.000113825
162   -0.817854   -0.815442 0.000114108
163   -0.814538   -0.815437 0.000113542
164   -0.813829   -0.815427 0.000113272
165   -0.815726   -0.815429 0.000112598
166   -0.812546   -0.815411 0.000113258
167   -0.815114    -0.81541 0.000112592
168   -0.814904   -0.815407  0.00011196
169   -0.814006   -0.815398 0.000111603
170   -0.814016    -0.81539 0.000111242
171   -0.816458   -0.815396 0.000110766
172   -0.813781   -0.815387  0.00011052
173   -0.814299   -0.815381 0.000110059
174   -0.813747   -0.815371 0.000109827
175   -0.816467   -0.815378 0.000109377
176   -0.816419   -0.815383 0.000108914
177   -0.814861    -0.81538 0.000108338
178    -0.81516   -0.815379 0.000107734
179   -0.815738   -0.815381 0.000107149
180   -0.814651   -0.815377  0.00010663
181   -0.813416   -0.815366 0.000106591
182    -0.81541   -0.815367 0.000106004
183   -0.816998   -0.815376   0.0001058
184   -0.816971   -0.815384  0.00010558
185   -0.815782   -0.815386  0.00010503
186   -0.815118   -0.815385 0.000104473
187   -0.814882   -0.815382 0.000103948
188   -0.814882    -0.81538 0.000103428
189   -0.818085   -0.815394  0.00010387
190    -0.81619   -0.815398 0.000103407
191   -0.814534   -0.815394 0.000102964
192    -0.81608   -0.815397 0.000102488
193   -0.817754   -0.815409 0.000102684
194     -0.8184   -0.815425  0.00010331
195   -0.814512    -0.81542 0.000102886
196   -0.815654   -0.815421 0.000102366
197   -0.815216    -0.81542 0.000101851
198   -0.814107   -0.815414 0.000101552
199   -0.814118   -0.815407  0.00010125
200   -0.815658   -0.815408  0.00010075
1   -0.813971   -0.813971           0
2   -0.814576   -0.814274   0.0003024
3   -0.814715   -0.814421 0.000228363
4   -0.814336     -0.8144 0.000162863
5   -0.816626   -0.814845 0.000462728
6   -0.816726   -0.815158 0.000491009
7   -0.817629   -0.815511 0.000544753
8    -0.81257   -0.815144 0.000598148
9   -0.816136   -0.815254 0.000538918
10   -0.814248   -0.815153 0.000492406
11   -0.814702   -0.815112  0.00044728
12   -0.815243   -0.815123 0.000408455
13    -0.81805   -0.815348 0.000437997
14   -0.814627   -0.815297 0.000408765
15    -0.81651   -0.815378 0.000389045
16   -0.814587   -0.815328 0.000367257
17   -0.816301   -0.815386 0.000349689
18   -0.813102   -0.815259 0.000353247
19   -0.814883   -0.815239 0.000334722
20   -0.817203   -0.815337 0.000332387
21   -0.816837   -0.815409 0.000324128
22    -0.81473   -0.815378 0.000310581
23   -0.816058   -0.815407 0.000298239
24   -0.816491   -0.815452 0.000289092
25   -0.814659   -0.815421 0.000279097
26   -0.815168   -0.815411 0.000268324
27   -0.814299    -0.81537 0.000261457
28   -0.817184   -0.815435 0.000260145
29   -0.815078   -0.815422 0.000251314
30   -0.813214   -0.815349 0.000253702
31   -0.815118   -0.815341 0.000245494
32   -0.816102   -0.815365 0.000238886
33   -0.815693   -0.815375 0.000231746
34   -0.817581    -0.81544    0.000234
35   -0.817333   -0.815494 0.000233564
36   -0.817354   -0.815546 0.000232788
37   -0.815624   -0.815548 0.000226419
38   -0.816416   -0.815571 0.000221561
39   -0.813854   -0.815527 0.000220246
40   -0.816085   -0.815541 0.000215122
41   -0.815387   -0.815537 0.000209843
42    -0.81304   -0.815477  0.00021324
43   -0.814138   -0.815446  0.00021054
44   -0.814381   -0.815422  0.00020712
45   -0.813757   -0.815385 0.000205818
46   -0.815954   -0.815397 0.000201674
47   -0.813586   -0.815359 0.000201066
48   -0.814915    -0.81535 0.000197049
49   -0.817154   -0.815386 0.000196466
50    -0.81291   -0.815337 0.000198764
51    -0.81571   -0.815344 0.000194965
52   -0.814912   -0.815336  0.00019136
53   -0.815352   -0.815336 0.000187715
54   -0.817317   -0.815373 0.000187822
55   -0.816802   -0.815399 0.000186197
56   -0.818282    -0.81545  0.00018995
57   -0.815763   -0.815456 0.000186669
58   -0.816298    -0.81547 0.000183995
59   -0.815782   -0.815476 0.000180927
60    -0.81372   -0.815446 0.000180276
61   -0.815928   -0.815454 0.000177472
62   -0.815451   -0.815454 0.000174586
63   -0.816138   -0.815465 0.000172135
64   -0.816134   -0.815475 0.000169747
65   -0.815714   -0.815479 0.000167155
66   -0.818098   -0.815519 0.000169316
67   -0.815795   -0.815523 0.000166821
68    -0.81533    -0.81552 0.000164374
69   -0.814109     -0.8155 0.000163261
70   -0.819264   -0.815553  0.00016966
71   -0.813784   -0.815528   0.0001691
72   -0.814294   -0.815511 0.000167613
73   -0.815184   -0.815507 0.000165362
74    -0.81375   -0.815483  0.00016483
75   -0.812934   -0.815449  0.00016613
76   -0.814341   -0.815435 0.000164577
77   -0.816914   -0.815454 0.000163558
78   -0.817744   -0.815483 0.000164095
79    -0.81705   -0.815503 0.000163214
80   -0.814963   -0.815496 0.000161302
81      -0.813   -0.815465 0.000162252
82   -0.814298   -0.815451 0.000160892
83   -0.816762   -0.815467 0.000159724
84    -0.81304   -0.815438 0.000160434
85   -0.813069    -0.81541 0.000160967
86   -0.817894   -0.815439 0.000161686
87   -0.814299   -0.815426 0.000160353
88   -0.817962   -0.815455 0.000161118
89   -0.818546    -0.81549 0.000163039
90   -0.812186   -0.815453 0.000165344
91   -0.814877   -0.815446 0.000163639
92   -0.815296   -0.815445 0.000161859
93   -0.816314   -0.815454 0.000160381
94   -0.816037    -0.81546 0.000158787
95   -0.813323   -0.815438 0.000158709
96   -0.815035   -0.815434 0.000157103
97   -0.817918   -0.815459 0.000157571
98   -0.815854   -0.815463 0.000156007
99   -0.815365   -0.815462 0.000154426
100   -0.816282   -0.815471 0.000153094
101   -0.814378    -0.81546 0.000151956
102   -0.815574   -0.815461 0.000150463
103   -0.817134   -0.815477 0.000149879
104   -0.814525   -0.815468 0.000148713
105   -0.818774   -0.815499 0.000150618
106   -0.817062   -0.815514 0.000149917
107   -0.814014     -0.8155  0.00014917
108   -0.815363   -0.815499 0.000147787
109   -0.817472   -0.815517  0.00014754
110   -0.815181   -0.815514 0.000146225
111   -0.813266   -0.815494  0.00014631
112   -0.816118   -0.815499 0.000145105
113    -0.81455   -0.815491  0.00014406
114   -0.816091   -0.815496 0.000142888
115   -0.814646   -0.815489 0.000141833
116   -0.814627   -0.815481 0.000140801
117    -0.81809   -0.815504 0.000141361
118   -0.812914   -0.815482 0.000141866
119   -0.817518   -0.815499 0.000141706
120   -0.813533   -0.815482 0.000141472
121   -0.814803   -0.815477  0.00014041
122   -0.816014   -0.815481 0.000139324
123   -0.814021   -0.815469 0.000138696
124   -0.813851   -0.815456 0.000138191
125   -0.814002   -0.815445 0.000137574
126   -0.815448   -0.815445 0.000136478
127   -0.814205   -0.815435  0.00013575
128   -0.815106   -0.815432  0.00013471
129   -0.814106   -0.815422 0.000134057
130   -0.816478    -0.81543 0.000133269
131   -0.813605   -0.815416  0.00013298
132   -0.814874   -0.815412 0.000132033
133   -0.814987   -0.815409 0.000131075
134   -0.815888   -0.815412 0.000130143
135   -0.816277   -0.815419 0.000129334
136   -0.818325    -0.81544 0.000130145
137   -0.816074   -0.815445 0.000129274
138    -0.81411   -0.815435 0.000128698
139   -0.815893   -0.815438 0.000127811
140   -0.814557   -0.815432 0.000127051
141   -0.815602   -0.815433 0.000126153
142   -0.814218   -0.815425 0.000125553
143   -0.814758    -0.81542 0.000124759
144   -0.816211   -0.815426 0.000124012
145   -0.814845   -0.815422 0.000123218
146    -0.81635   -0.815428 0.000122537
147   -0.817637   -0.815443 0.000122624
148    -0.81705   -0.815454 0.000122276
149    -0.81413   -0.815445 0.000121777
150   -0.814936   -0.815442  0.00012101
151   -0.816418   -0.815448  0.00012038
152   -0.814904   -0.815445 0.000119639
153   -0.813947   -0.815435 0.000119256
154   -0.816058   -0.815439 0.000118549
155    -0.81545   -0.815439 0.000117781
156   -0.815216   -0.815437 0.000117033
157   -0.813202   -0.815423 0.000117154
158   -0.815354   -0.815423  0.00011641
159   -0.814717   -0.815418 0.000115761
160   -0.815675    -0.81542 0.000115047
161   -0.817586   -0.815433 0.000115118
162   -0.817952   -0.815449 0.000115457
163   -0.814362   -0.815442  0.00011494
164   -0.813949   -0.815433   0.0001146
165   -0.815629   -0.815434 0.000113909
166   -0.812467   -0.815416 0.000114623
167   -0.815157   -0.815415 0.000113945
168     -0.8148   -0.815411 0.000113324
169   -0.814099   -0.815403 0.000112919
170   -0.813797   -0.815394  0.00011265
171   -0.816733   -0.815402 0.000112262
172   -0.813995   -0.815394 0.000111907
173   -0.814454   -0.815388 0.000111391
174    -0.81383   -0.815379  0.00011111
175   -0.816576   -0.815386 0.000110685
176   -0.816493   -0.815392 0.000110233
177   -0.814981    -0.81539 0.000109634
178   -0.815494   -0.815391 0.000109018
179   -0.816054   -0.815394  0.00010847
180   -0.814648    -0.81539 0.000107946
181   -0.813205   -0.815378 0.000108024
182   -0.815446   -0.815379  0.00010743
183   -0.816965   -0.815387 0.000107192
184    -0.81673   -0.815394 0.000106857
185    -0.81589   -0.815397 0.000106312
186   -0.815107   -0.815396  0.00010575
187   -0.814938   -0.815393 0.000105212
188   -0.814848    -0.81539 0.000104691
189   -0.817931   -0.815404    0.000105
190   -0.816128   -0.815408 0.000104515
191    -0.81471   -0.815404 0.000104031
192   -0.816112   -0.815408 0.000103553
193   -0.817723    -0.81542 0.000103711
194   -0.818416   -0.815435 0.000104325
195   -0.814525    -0.81543 0.000103894
196    -0.81564   -0.815431 0.000103368
197   -0.815394   -0.815431 0.000102842
198   -0.814155   -0.815425 0.000102524
199   -0.814226   -0.815419 0.000102185
200   -0.815507   -0.815419 0.000101674
