1     2.48888   0.0497776           0
2     1.99372    0.044826   0.0049516
3     2.13816   0.0441384  0.00294034
4     2.16856   0.0439466  0.00208796
5      2.0008   0.0431605  0.00179826
6     2.07452   0.0428821  0.00149442
7     2.43252   0.0437062  0.00150806
8     2.08096   0.0434453  0.00133182
9     1.74364   0.0424928  0.00151223
10     2.23168   0.0427069  0.00136941
11     1.78536   0.0420705  0.00139257
12     2.05192   0.0419845  0.00127414
13     1.81656   0.0415497  0.00125012
14     1.98016   0.0414106  0.00116571
15     1.86692   0.0411391  0.00111866
16     2.33592   0.0414878  0.00110298
17     1.83108   0.0412016  0.00107488
18      2.6768   0.0418868  0.00122334
19     2.47408   0.0422866  0.00122426
20     2.13608   0.0423083  0.00116164
21     2.14784   0.0423392  0.00110537
22     2.08648   0.0423115  0.00105429
23     1.91556   0.0421376  0.00102231
24     2.14968   0.0421732  0.00097944
25     2.11116   0.0421752 0.000939448
26     1.99364   0.0420867 0.000906927
27      1.9156   0.0419469 0.000883818
28     1.55528   0.0415597  0.00093555
29     1.86556   0.0414132 0.000914523
30     2.22196   0.0415141 0.000889253
31     2.13604    0.041553 0.000860969
32     2.46828   0.0417971 0.000868646
33      1.9268   0.0416983 0.000847692
34      1.5598   0.0413894 0.000878479
35     1.92428   0.0413064 0.000857036
36      2.0354   0.0412898 0.000833055
37       2.534   0.0415436 0.000849045
38     2.20712    0.041612 0.000829224
39     2.21388   0.0416803 0.000810569
40     1.98832   0.0416325 0.000791493
41     2.03352    0.041609 0.000772303
42     2.25336   0.0416914 0.000758175
43     2.06704   0.0416832 0.000740378
44     1.92884   0.0416126 0.000726793
45     1.96024   0.0415591  0.00071247
46     2.27424   0.0416445 0.000702016
47      2.3272   0.0417487 0.000694782
48     1.91856   0.0416783 0.000683784
49     1.99392   0.0416416  0.00067069
50     2.13412   0.0416624 0.000657469
51     2.17708   0.0416993 0.000645501
52     2.04684   0.0416846 0.000633136
53      2.2884   0.0417616 0.000625836
54     2.19396   0.0418009 0.000615387
55     2.24736   0.0418581 0.000606797
56     2.23724   0.0419096 0.000598089
57     1.77312   0.0417965 0.000598291
58      2.0862   0.0417953 0.000587887
59       2.214   0.0418374  0.00057937
60     2.20132   0.0418739 0.000570799
61     2.34704   0.0419569 0.000567476
62      1.7106    0.041832 0.000572053
63     1.87088   0.0417619 0.000567244
64     2.01984   0.0417406 0.000558718
65     2.09908   0.0417443 0.000550068
66     2.01772   0.0417232 0.000542079
67      1.8328   0.0416476 0.000539256
68     2.08584   0.0416486 0.000531268
69     2.11684   0.0416586 0.000523607
70      1.7558   0.0415651 0.000524468
71     2.30024   0.0416277 0.000520796
72     1.88132   0.0415721  0.00051651
73     1.85532   0.0415109 0.000513046
74     2.19092   0.0415421 0.000507025
75     2.26028    0.041591 0.000502598
76      2.4184   0.0416801 0.000503894
77     2.34584   0.0417481 0.000501935
78      1.9452   0.0417117 0.000496798
79      2.0686   0.0417074 0.000490488
80      2.2672   0.0417528 0.000486447
81     1.81076   0.0416845 0.000485244
82     2.51072   0.0417885 0.000490449
83     2.11868   0.0417955 0.000484555
84       1.787   0.0417234 0.000484149
85     2.15252   0.0417391 0.000478674
86     2.33164    0.041796 0.000476485
87      2.3192   0.0418487  0.00047392
88     1.99788   0.0418272 0.000468996
89     2.17516    0.041846 0.000464078
90     2.20708   0.0418715 0.000459601
91     2.02484   0.0418564 0.000454774
92     2.52328     0.04195 0.000459434
93     2.37032   0.0420087 0.000458239
94     2.18472   0.0420266 0.000453692
95     2.10268   0.0420269 0.000448891
96     2.44332   0.0420982 0.000449868
97      2.2204    0.042122 0.000445842
98     2.01084   0.0421025 0.000441698
99     2.03648   0.0420887 0.000437433
100     1.87328   0.0420424 0.000435497
101     2.39944   0.0421013 0.000435165
102     1.86536   0.0420543 0.000433434
103     2.04532   0.0420432 0.000429349
104      1.7424    0.041974 0.000430793
105      2.3106   0.0420143 0.000428575
106     2.06368   0.0420073  0.00042457
107     1.99028   0.0419868 0.000421087
108     2.01712   0.0419715 0.000417447
109     2.19868   0.0419899 0.000414007
110     2.41024   0.0420464 0.000414099
111     2.34268   0.0420897  0.00041263
112     2.37328   0.0421377 0.000411737
113     1.96924   0.0421134 0.000408803
114        2.32    0.042151 0.000406942
115      2.2162   0.0421699 0.000403831
116     2.07544   0.0421642 0.000400375
117     2.31776      0.0422 0.000398551
118     2.20216   0.0422156 0.000395468
119     2.29312   0.0422462 0.000393326
120     2.33056   0.0422826 0.000391727
121       1.929    0.042252 0.000389679
122     2.26724   0.0422774 0.000387303
123     1.76044   0.0422199 0.000388416
124     2.34252   0.0422572 0.000387076
125     1.91448   0.0422255 0.000385277
126     2.01772   0.0422106 0.000382495
127      2.3664   0.0422509 0.000381605
128     2.18168   0.0422617 0.000378766
129     2.06064   0.0422536 0.000375906
130     1.99152    0.042235 0.000373469
131     2.24428   0.0422552 0.000371159
132     2.17604   0.0422648 0.000368461
133     2.24188   0.0422841 0.000366192
134     1.86284   0.0422466  0.00036538
135     1.89848   0.0422149 0.000364044
136     2.20632    0.042229 0.000361631
137     2.26824   0.0422519  0.00035971
138      2.2104   0.0422661 0.000357376
139     2.33424   0.0422978 0.000356217
140     1.85532   0.0422608 0.000355602
141     1.95592   0.0422385 0.000353773
142     1.65832   0.0421746 0.000357036
143     2.08056   0.0421707 0.000354552
144      2.0142   0.0421575 0.000352325
145       2.247   0.0421767 0.000350413
146     2.33996   0.0422084 0.000349441
147      2.4836   0.0422592  0.00035075
148     1.91096   0.0422319  0.00034944
149     1.97912   0.0422141 0.000347542
150     1.84688   0.0421789 0.000347005
151     2.22716   0.0421946 0.000345055
152      2.0644   0.0421886 0.000342829
153      2.2864   0.0422117 0.000341366
154     2.06508   0.0422058 0.000339193
155      1.8674   0.0421745 0.000338452
156      1.7374   0.0421269 0.000339628
157     1.91452   0.0421025 0.000338342
158     2.11288   0.0421034 0.000336195
159     2.26252   0.0421232  0.00033466
160     2.24688   0.0421408 0.000333026
161     1.78964   0.0421014 0.000333292
162     1.99224   0.0420875 0.000331521
163     2.02172   0.0420773 0.000329637
164      1.9132   0.0420541 0.000328445
165     2.10972   0.0420549 0.000326449
166     2.13744   0.0420591 0.000324504
167     1.92968   0.0420383 0.000323221
168     2.10836   0.0420391 0.000321293
169     1.65824   0.0419866 0.000323674
170       1.963   0.0419706 0.000322164
171     2.02988   0.0419625 0.000320375
172     2.27408    0.041983 0.000319163
173     2.20692   0.0419954 0.000317557
174     2.48176   0.0420394 0.000318765
175       1.897   0.0420159 0.000317803
176     2.00776   0.0420054 0.000316169
177     1.97908   0.0419917 0.000314676
178       2.322   0.0420167 0.000313899
179     2.01092   0.0420066 0.000312302
180     1.85184    0.041979 0.000311787
181     1.89888   0.0419569 0.000310847
182     2.21692     0.04197 0.000309411
183     1.89512   0.0419478 0.000308518
184     1.93648   0.0419303 0.000307334
185     1.95648   0.0419151 0.000306043
186     2.01212   0.0419061 0.000304526
187     2.02296   0.0418984 0.000302992
188     2.03124   0.0418916 0.000301452
189     1.92424   0.0418736 0.000300394
190     2.06068   0.0418701 0.000298829
191       2.075   0.0418682 0.000297267
192     2.43556   0.0419038 0.000297855
193     2.21728   0.0419165 0.000296578
194     2.04676   0.0419114 0.000295088
195     2.11192   0.0419131 0.000293576
196     2.18488   0.0419222 0.000292216
197     2.00548    0.041913 0.000290874
198      2.2118   0.0419247 0.000289639
199     1.78136   0.0418931 0.000289913
200     2.34964   0.0419186 0.000289584
1     2.47956   0.0495912           0
2     1.99784    0.044774   0.0048172
3      2.1552   0.0442173  0.00283637
4     2.15016   0.0439138  0.00202846
5     2.01244   0.0431808   0.0017338
6     2.07168   0.0428896  0.00144528
7     2.43732   0.0437263  0.00148057
8     2.05412   0.0433958  0.00132411
9     1.73056   0.0424197  0.00152196
10       2.236   0.0426498  0.00138058
11     1.79372   0.0420338  0.00139242
12      2.0568    0.041959   0.0012733
13      1.8212   0.0415332  0.00124625
14     1.97684   0.0413906  0.00116259
15     1.86632   0.0411197  0.00111571
16     2.32524   0.0414563  0.00109658
17     1.83572   0.0411773  0.00106715
18      2.6664   0.0418524  0.00121159
19     2.48356   0.0422639   0.0012177
20      2.1374   0.0422881  0.00115546
21      2.1566   0.0423283   0.0010998
22     2.08052   0.0422956  0.00104912
23     1.91436   0.0421214  0.00101751
24     2.13004   0.0421413 0.000974395
25     2.11612   0.0421486 0.000934635
26     1.97984   0.0420504 0.000903316
27     1.91016   0.0419079 0.000880818
28     1.57664   0.0415374 0.000926134
29     1.87556   0.0413986 0.000904348
30     2.20872   0.0414911 0.000878569
31     2.14664   0.0415376 0.000851027
32     2.46184   0.0417782 0.000858412
33      1.9252    0.041679 0.000837888
34     1.55856   0.0413699 0.000869639
35     1.90636   0.0412773 0.000849494
36     2.02628   0.0412564 0.000825824
37     2.51324   0.0414999 0.000839285
38      2.1712   0.0415505 0.000818468
39     2.22488   0.0416261 0.000800778
40     1.98548   0.0415782 0.000781971
41     2.02624   0.0415525 0.000763093
42     2.24848   0.0416338 0.000749134
43     2.04724   0.0416178  0.00073168
44     1.92244   0.0415458 0.000718477
45     1.98796   0.0415061  0.00070345
46     2.24192   0.0415785 0.000691791
47     2.33844    0.041689 0.000685861
48     1.90996   0.0416162 0.000675345
49     1.97708   0.0415739 0.000662773
50     2.11476   0.0415883 0.000649542
51     2.16384   0.0416214 0.000637539
52      2.0482   0.0416088 0.000625286
53      2.2754   0.0416824 0.000617771
54     2.20812   0.0417283  0.00060796
55      2.2464   0.0417865 0.000599633
56      2.2196    0.041833 0.000590663
57      1.8004   0.0417308 0.000589139
58     2.08392   0.0417299 0.000578893
59     2.19296    0.041766  0.00057014
60     2.19296   0.0418009 0.000561642
61     2.33224   0.0418803 0.000558037
62     1.71008   0.0417564  0.00056276
63     1.88436   0.0416918 0.000557509
64     2.03592   0.0416766  0.00054894
65     2.12012   0.0416878 0.000540544
66     2.01236    0.041666 0.000532738
67     1.84868   0.0415959  0.00052938
68      2.0792   0.0415958 0.000521537
69     2.11208   0.0416051 0.000514008
70     1.75112   0.0415111 0.000515266
71     2.32212   0.0415805 0.000512683
72     1.87724   0.0415245  0.00050861
73     1.86508   0.0414666 0.000504919
74     2.19288    0.041499 0.000499096
75     2.27156   0.0415514  0.00049518
76     2.42172   0.0416419 0.000496944
77      2.3438   0.0417099 0.000495136
78     1.92752   0.0416694 0.000490422
79     2.05904   0.0416632 0.000484214
80     2.24172   0.0417029 0.000479763
81     1.83676   0.0416415 0.000477756
82     2.50888   0.0417456 0.000483239
83     2.11084   0.0417513 0.000477415
84      1.7734   0.0416765 0.000477592
85     2.17604   0.0416982 0.000472438
86     2.32036    0.041753 0.000470112
87     2.31296   0.0418048 0.000467555
88      2.0034    0.041785 0.000462632
89     2.14816   0.0417983 0.000457596
90      2.1758   0.0418174 0.000452886
91      2.0372   0.0418056 0.000448036
92     2.51576   0.0418981  0.00045269
93     2.36828   0.0419568 0.000451639
94     2.17676   0.0419736 0.000447124
95     2.13916   0.0419822 0.000442474
96     2.43984   0.0420531 0.000443558
97     2.21888   0.0420771 0.000439615
98     1.99904   0.0420557 0.000435631
99     2.03504    0.042042 0.000431426
100     1.84672    0.041991 0.000430133
101     2.41016   0.0420525 0.000430272
102      1.8608    0.042005 0.000428663
103     2.04584   0.0419945 0.000424613
104     1.72916   0.0419232 0.000426505
105      2.2988   0.0419618 0.000424184
106     2.05928   0.0419545 0.000420227
107     2.00048   0.0419363 0.000416677
108     1.99448   0.0419174 0.000413236
109     2.17904   0.0419326 0.000409712
110     2.42528   0.0419924 0.000410344
111     2.34664   0.0420369 0.000409059
112      2.3564   0.0420823 0.000407931
113     1.98052   0.0420605 0.000404896
114     2.33008   0.0421003 0.000403301
115      2.2222   0.0421207 0.000400297
116     2.05556    0.042112 0.000396927
117     2.32956   0.0421503 0.000395378
118     2.18516   0.0421634 0.000392234
119      2.2594   0.0421888 0.000389753
120     2.32404   0.0422246 0.000388143
121      1.9178   0.0421926 0.000386247
122       2.281   0.0422207 0.000384097
123     1.78416   0.0421676 0.000384651
124      2.3584   0.0422079 0.000383662
125     1.90628   0.0421752 0.000381979
126     2.00816   0.0421593 0.000379272
127     2.35708   0.0421985 0.000378313
128     2.18124   0.0422097 0.000375511
129     2.07672   0.0422044 0.000372626
130     1.98692   0.0421854 0.000370234
131     2.24148   0.0422056 0.000367951
132     2.17596   0.0422156 0.000365289
133     2.22452   0.0422327 0.000362935
134     1.86288   0.0421956 0.000362125
135      1.9202   0.0421675 0.000360528
136     2.18828   0.0421792  0.00035806
137      2.2416   0.0421986 0.000355964
138      2.2116   0.0422133 0.000353682
139     2.32328   0.0422439 0.000352458
140       1.864   0.0422085 0.000351724
141     1.98096   0.0421901 0.000349703
142      1.6884   0.0421308  0.00035226
143     2.08484   0.0421277 0.000349801
144     2.03216   0.0421174 0.000347517
145     2.22044   0.0421332 0.000345473
146     2.35324    0.042167 0.000344758
147      2.4872   0.0422186 0.000346262
148     1.93124   0.0421943 0.000344771
149     1.96924   0.0421754 0.000342968
150     1.84772   0.0421406 0.000342447
151     2.25652   0.0421604 0.000340747
152     2.04812   0.0421525  0.00033859
153     2.27508   0.0421744 0.000337081
154     2.03524   0.0421649 0.000335021
155     1.87148   0.0421343 0.000334252
156     1.73924   0.0420872 0.000335427
157     1.88968   0.0420599 0.000334404
158      2.1384   0.0420644 0.000332311
159     2.25936    0.042084 0.000330798
160     2.22372   0.0420989 0.000329063
161     1.80288   0.0420614 0.000329159
162     2.00608   0.0420494  0.00032734
163     2.02032   0.0420394 0.000325482
164     1.92556   0.0420178 0.000324205
165     2.12568   0.0420208 0.000322249
166     2.12156   0.0420233 0.000320311
167     1.92516   0.0420022 0.000319084
168     2.13664   0.0420066 0.000317209
169      1.6518   0.0419535 0.000319763
170      1.9712   0.0419386 0.000318224
171     2.01336   0.0419289 0.000316509
172     2.29356   0.0419518 0.000315497
173      2.2198   0.0419659 0.000313986
174      2.4738   0.0420091 0.000315146
175     1.88284   0.0419842 0.000314325
176     2.02304   0.0419755 0.000312654
177      1.9816   0.0419623 0.000311165
178     2.32328   0.0419876 0.000310444
179     1.99652   0.0419761 0.000308919
180     1.85236   0.0419487 0.000308416
181     1.91536   0.0419286 0.000307366
182     2.21524   0.0419417 0.000305951
183     1.90476   0.0419206    0.000305
184     1.94256    0.041904 0.000303796
185      1.9796   0.0418915 0.000302408
186      2.0102   0.0418824 0.000300915
187       2.032   0.0418757 0.000299375
188     2.07336   0.0418736 0.000297786
189      1.9306   0.0418563 0.000296709
190     2.05268   0.0418521 0.000295173
191      2.0596   0.0418486 0.000293644
192     2.45644   0.0418866 0.000294561
193     2.25024   0.0419027 0.000293476
194     2.05036   0.0418981 0.000291996
195     2.10084   0.0418987 0.000290495
196     2.19708   0.0419091 0.000289197
197     2.00728   0.0419002 0.000287865
198      2.1938   0.0419102 0.000286581
199     1.78088   0.0418785 0.000286885
200     2.33412   0.0419026 0.000286456
