1     30.9795     0.61959           0
2     26.4953    0.574748    0.044842
3     28.6245    0.573995   0.0259005
4     27.0719    0.565856   0.0200417
5     28.5596    0.566923   0.0155609
6     27.7946    0.565085   0.0128377
7     28.8128    0.566681   0.0109666
8     26.1418      0.5612   0.0109653
9     26.3769     0.55746   0.0103685
10     31.7788    0.565272   0.0121255
11     27.2744    0.563473   0.0111144
12      32.836    0.571244   0.0127798
13     28.2516    0.570766   0.0117654
14     23.1802    0.563111   0.0133131
15     28.3471    0.563367   0.0123965
16     29.8498    0.565469   0.0117848
17     25.6517    0.562384   0.0114915
18     27.8004     0.56203   0.0108401
19     24.7677    0.558521   0.0108376
20     28.6247    0.559219   0.0103052
21     23.8337    0.555289   0.0105609
22     27.0418    0.554632   0.0100909
23     25.4684    0.552664  0.00984094
24      26.588    0.551793  0.00946216
25     26.3607     0.55081  0.00912887
26     26.1289    0.549724  0.00883769
27     27.8114    0.549965  0.00850749
28     25.8881    0.548814   0.0082783
29     27.4504    0.548821  0.00798774
30     27.6568    0.548965  0.00771823
31     27.9003    0.549257   0.0074708
32     25.3664    0.547946  0.00735128
33      26.863    0.547623  0.00713239
34      22.741    0.544893  0.00743832
35     26.8491    0.544667  0.00722621
36     31.4586    0.547014  0.00740454
37     26.0081    0.546289  0.00723812
38     28.2128    0.546762  0.00706091
39     29.7668    0.548007  0.00698935
40     28.9651    0.548789  0.00685715
41     27.5295    0.548833  0.00668796
42     27.5646    0.548892  0.00652704
43      29.554    0.549873  0.00644851
44     23.4243    0.548023  0.00656617
45     31.9881    0.550062  0.00673457
46     28.0046     0.55028  0.00659014
47      28.643     0.55076  0.00646627
48     28.2883    0.551073  0.00633784
49     27.7087    0.551136  0.00620747
50     28.2567    0.551416   0.0060885
51     28.3721     0.55173  0.00597619
52     28.9431    0.552252  0.00588332
53      25.644    0.551509  0.00581886
54     26.7526    0.551205  0.00571821
55     26.4441    0.550799  0.00562794
56     27.1706    0.550667   0.0055281
57     27.9763    0.550822  0.00543247
58     29.8836     0.55163  0.00539876
59     29.0132    0.552115  0.00532861
60     26.8452    0.551862  0.00524518
61     28.8787    0.552283  0.00517567
62     27.6593    0.552298  0.00509153
63      23.038    0.550845  0.00521649
64     30.8472    0.551878  0.00523719
65     26.7657    0.551623  0.00516228
66      26.386    0.551261  0.00509634
67     29.0266    0.551698  0.00503868
68     29.5005    0.552261   0.0049959
69     29.4492    0.552793  0.00495165
70     29.1437    0.553223  0.00489928
71     27.2547    0.553108  0.00483114
72     26.5196    0.552793    0.004774
73     24.5401    0.551944  0.00478412
74     30.8837    0.552832   0.0048019
75      26.755    0.552596  0.00474334
76     30.0745    0.553239  0.00472451
77     25.9366    0.552791  0.00468424
78     29.7016     0.55332  0.00465393
79     29.6456    0.553821  0.00462189
80     27.8166    0.553852  0.00456386
81      25.104    0.553213  0.00455226
82     27.3994    0.553149  0.00449685
83     29.5444    0.553604  0.00446555
84      26.075    0.553222  0.00442859
85     27.9207    0.553283  0.00437661
86     28.1004    0.553384  0.00432661
87     27.1628    0.553268  0.00427817
88     28.2694    0.553406  0.00423152
89     27.4517    0.553356  0.00418399
90     26.8342    0.553171  0.00414139
91     29.6138    0.553601  0.00411811
92     27.8291    0.553633  0.00407323
93     29.6843    0.554064  0.00405214
94      28.089    0.554146  0.00400964
95     27.3982    0.554081  0.00396775
96     29.2986    0.554413  0.00394023
97     27.0524    0.554275  0.00390183
98     25.3485    0.553793  0.00389186
99     29.5024    0.554159  0.00386972
100     29.4854    0.554514  0.00384728
101       24.09    0.553794  0.00387644
102     28.1644    0.553888  0.00383938
103     28.2725       0.554  0.00380357
104     27.6175    0.553984  0.00376686
105      29.599    0.554346  0.00374832
106     26.2644    0.554072  0.00372289
107     29.0612    0.554325  0.00369666
108     27.7107    0.554324  0.00366227
109     26.2455    0.554055  0.00363854
110     28.0112    0.554111  0.00360574
111     27.1305    0.554007  0.00357461
112     29.4374    0.554317  0.00355611
113     27.1512    0.554217  0.00352591
114      25.182    0.553774  0.00352289
115     30.1662    0.554204  0.00351861
116     29.4906    0.554511  0.00350162
117     30.1252    0.554922  0.00349572
118     26.9999    0.554795  0.00346827
119      30.323    0.555229   0.0034663
120     23.6186    0.554539  0.00350596
121     25.6533    0.554196  0.00349372
122     28.5076    0.554327  0.00346743
123     29.9999    0.554698  0.00345911
124     30.1969    0.555095    0.003454
125     27.5636    0.555065   0.0034264
126     28.7608    0.555225  0.00340285
127     27.4022    0.555168  0.00337643
128     28.6151    0.555302  0.00335262
129     26.2041     0.55506  0.00333532
130     26.0653      0.5548  0.00331973
131     26.8615    0.554666  0.00329702
132      24.885    0.554235  0.00330029
133     28.6645    0.554378  0.00327851
134     29.8103     0.55469  0.00326889
135     28.9461    0.554869  0.00324955
136      22.476    0.554095  0.00331728
137     29.1424    0.554305  0.00329966
138     29.0532    0.554499   0.0032814
139      26.905    0.554381  0.00325984
140     28.5316    0.554497  0.00323855
141     25.3131    0.554155  0.00323365
142     25.8662    0.553895  0.00322125
143     26.0297    0.553662  0.00320711
144     25.5191    0.553362  0.00319892
145     29.7609    0.553651  0.00318987
146     28.5529     0.55377  0.00317018
147     28.3014    0.553853  0.00314965
148     27.8921     0.55388  0.00312841
149     27.0682    0.553796  0.00310848
150     27.0794    0.553715  0.00308876
151     26.6375    0.553576  0.00307137
152     25.6876    0.553314  0.00306233
153     31.4151    0.553804  0.00308147
154     29.3319    0.554017  0.00306882
155     25.0967    0.553681  0.00306741
156     25.9132    0.553454  0.00305613
157     27.3105    0.553408  0.00303695
158     28.4787     0.55351  0.00301941
159     30.0104    0.553804   0.0030147
160     29.9696    0.554089  0.00300931
161     30.1838    0.554397  0.00300638
162     28.6051    0.554506  0.00298976
163     28.3317    0.554581   0.0029723
164     26.6856    0.554453  0.00295686
165     25.7576    0.554215  0.00294852
166     22.0391    0.553532  0.00300931
167     27.4622    0.553506  0.00299135
168     29.1884    0.553686  0.00297894
169     28.4001    0.553771  0.00296247
170     30.2884    0.554077  0.00296083
171     25.1266    0.553775  0.00295886
172     30.6688    0.554122  0.00296195
173       29.85     0.55437  0.00295519
174     27.8172    0.554381  0.00293818
175     24.1925    0.553978  0.00294901
176      28.757    0.554098  0.00293467
177     27.8356    0.554113  0.00291808
178     25.8535    0.553905  0.00290909
179     25.9414    0.553709  0.00289943
180     27.0112    0.553634  0.00288425
181     25.9955    0.553448  0.00287431
182     23.5729    0.552997  0.00289376
183     28.1594    0.553053  0.00287844
184     30.2819    0.553339  0.00287698
185     22.4946     0.55278  0.00291551
186     25.6807    0.552569  0.00290743
187     25.3232    0.552322  0.00290233
188     24.0638    0.551945  0.00291148
189     29.1263    0.552106  0.00290055
190     28.7943    0.552232  0.00288796
191     24.5954    0.551916  0.00289011
192     28.0628    0.551964  0.00287543
193     28.1336     0.55202  0.00286103
194     25.6243    0.551816  0.00285353
195     25.6055    0.551612  0.00284615
196     25.5124    0.551401  0.00283945
197     26.8971    0.551333  0.00282582
198     26.7458     0.55125  0.00281274
199     28.6594     0.55136  0.00280074
200      25.589    0.551162  0.00279372
1     31.1321    0.622642           0
2     26.4926    0.576248   0.0463948
3     28.6329    0.575051   0.0268128
4     27.0688    0.566633   0.0207445
5     28.5521    0.567514   0.0160928
6     27.8045     0.56561    0.013277
7      28.809     0.56712   0.0113222
8     26.1453    0.561593   0.0112556
9     26.3832    0.557824   0.0106183
10     31.7895     0.56562   0.0122876
11     27.2788    0.563798   0.0112629
12     32.8309    0.571533   0.0128663
13     28.2482    0.571028   0.0118461
14     23.1838     0.56336   0.0133821
15     28.3561    0.563611   0.0124606
16     29.8546    0.565703   0.0118422
17     25.6476      0.5626   0.0115485
18     27.7926    0.562225   0.0108945
19      24.782    0.558721   0.0108847
20     28.6277    0.559412   0.0103493
21     23.8285    0.555468   0.0106051
22     27.0317    0.554793    0.010134
23     25.4708     0.55282  0.00988234
24     26.5856    0.551941  0.00950241
25     26.3663    0.550956  0.00916742
26     26.1276    0.549864  0.00887527
27      27.811    0.550099  0.00854347
28     25.8958     0.54895  0.00831255
29     27.4515    0.548953  0.00802079
30     27.6547    0.549091  0.00775005
31     27.8929    0.549374  0.00750121
32      25.364    0.548058  0.00738117
33     26.8573    0.547727  0.00716164
34     22.7442    0.544997  0.00746517
35     26.8451    0.544766  0.00725243
36     31.4461    0.547103  0.00742566
37     26.0049    0.546373  0.00725897
38     28.2106    0.546843  0.00708094
39     29.7725    0.548089   0.0070087
40      28.951    0.548862  0.00687486
41     27.5305    0.548905  0.00670522
42     27.5711    0.548965   0.0065439
43     29.5528    0.549944  0.00646444
44     23.4372    0.548098   0.0065799
45     31.9914    0.550137  0.00674731
46     27.9945    0.550349   0.0066024
47     28.6443    0.550828  0.00647817
48     28.2835    0.551138  0.00634931
49     27.7058    0.551198  0.00621868
50     28.2586    0.551478  0.00609944
51     28.3634    0.551787  0.00598666
52     28.9336    0.552304  0.00589312
53     25.6481    0.551562  0.00582833
54     26.7458    0.551254  0.00572768
55     26.4502    0.550849  0.00563711
56     27.1721    0.550717  0.00553711
57      27.985    0.550875  0.00544139
58     29.8765    0.551679  0.00540692
59     29.0113    0.552163  0.00533646
60     26.8328    0.551904  0.00525313
61      28.876    0.552324  0.00518333
62     27.6589    0.552338  0.00509906
63     23.0422    0.550886  0.00522343
64      30.849    0.551919  0.00524386
65     26.7672    0.551664  0.00516885
66     26.3954    0.551304  0.00510264
67     29.0338    0.551742  0.00504499
68     29.5081    0.552307  0.00500226
69     29.4578    0.552841  0.00495807
70     29.1387    0.553269   0.0049054
71     27.2704    0.553158  0.00483709
72      26.521    0.552842  0.00477988
73     24.5421    0.551993  0.00478984
74     30.8913    0.552882   0.0048077
75      26.759    0.552646  0.00474903
76     30.0747    0.553289     0.00473
77     25.9332     0.55284  0.00468978
78     29.7007    0.553367  0.00465926
79     29.6428    0.553867  0.00462698
80     27.8097    0.553896  0.00456887
81     25.1103    0.553258  0.00455702
82     27.4011    0.553194  0.00450155
83      29.554    0.553651  0.00447035
84     26.0604    0.553265  0.00443367
85     27.9136    0.553323  0.00438159
86     28.0994    0.553424  0.00433152
87      27.166    0.553308  0.00428301
88     28.2622    0.553444  0.00423624
89     27.4531    0.553394  0.00418866
90     26.8293    0.553208  0.00414606
91     29.6094    0.553636  0.00412256
92     27.8212    0.553666  0.00407762
93     29.6892    0.554098  0.00405654
94      28.081    0.554178  0.00401395
95     27.3986    0.554112  0.00397201
96     29.3072    0.554446  0.00394455
97     27.0425    0.554306  0.00390619
98       25.34    0.553821   0.0038964
99     29.5066    0.554188  0.00387424
100       29.49    0.554544   0.0038518
101     24.0882    0.553823  0.00388096
102     28.1629    0.553916  0.00384383
103      28.276    0.554029    0.003808
104     27.6135    0.554012  0.00377124
105     29.6014    0.554374  0.00375266
106     26.2626    0.554099  0.00372723
107     29.0582    0.554352  0.00370088
108     27.7018    0.554349  0.00366646
109     26.2345    0.554077  0.00364284
110     28.0172    0.554134  0.00361002
111      27.121    0.554028  0.00357891
112     29.4367    0.554338  0.00356032
113      27.148    0.554238  0.00353011
114     25.1835    0.553794  0.00352701
115     30.1734    0.554226  0.00352279
116     29.4928    0.554533  0.00350577
117     30.1358    0.554945  0.00349999
118     27.0045    0.554819  0.00347248
119     30.3242    0.555253  0.00347044
120     23.6116    0.554561  0.00351025
121     25.6631     0.55422  0.00349781
122     28.5112    0.554351   0.0034715
123      29.996    0.554722  0.00346304
124      30.198    0.555119  0.00345787
125     27.5675    0.555089  0.00343023
126     28.7628    0.555249  0.00340666
127     27.3953    0.555191  0.00338022
128     28.6137    0.555324  0.00335636
129     26.2076    0.555083    0.003339
130     26.0648    0.554823  0.00332339
131     26.8679    0.554689  0.00330062
132     24.8894    0.554258  0.00330376
133      28.666    0.554402  0.00328196
134     29.8117    0.554714   0.0032723
135     28.9567    0.554895    0.003253
136     22.4741     0.55412  0.00332072
137      29.132    0.554328  0.00330296
138      29.057    0.554522  0.00328469
139     26.8955    0.554403  0.00326316
140     28.5324    0.554519  0.00324185
141     25.3118    0.554176  0.00323694
142     25.8676    0.553917  0.00322451
143     26.0224    0.553683  0.00321042
144      25.537    0.553385  0.00320197
145     29.7755    0.553675  0.00319305
146     28.5569    0.553795  0.00317336
147     28.3059    0.553879  0.00315281
148     27.8894    0.553905  0.00313155
149     27.0674    0.553821   0.0031116
150     27.0798    0.553739  0.00309186
151     26.6391    0.553601  0.00307445
152     25.6887    0.553338  0.00306538
153      31.409    0.553828  0.00308431
154     29.3278     0.55404  0.00307158
155     25.1018    0.553705  0.00307009
156     25.9162    0.553478  0.00305876
157     27.3094    0.553431  0.00303957
158     28.4621    0.553532  0.00302193
159     30.0113    0.553825  0.00301719
160     29.9673     0.55411  0.00301174
161     30.1825    0.554417  0.00300875
162     28.6095    0.554527  0.00299214
163     28.3296    0.554601  0.00297464
164     26.6822    0.554473  0.00295921
165     25.7689    0.554236  0.00295075
166     22.0375    0.553553  0.00301154
167     27.4658    0.553527  0.00299356
168      29.195    0.553708  0.00298118
169     28.3968    0.553792  0.00296468
170     30.2951    0.554099  0.00296309
171     25.1272    0.553797   0.0029611
172     30.6654    0.554143  0.00296409
173     29.8398     0.55439  0.00295721
174     27.8099      0.5544  0.00294018
175     24.1883    0.553997  0.00295106
176       28.76    0.554117  0.00293672
177     27.8236     0.55413  0.00292011
178      25.846    0.553921  0.00291118
179     25.9424    0.553726  0.00290149
180     27.0176    0.553651  0.00288628
181     26.0046    0.553466  0.00287627
182     23.5735    0.553015  0.00289569
183     28.1545     0.55307  0.00288035
184     30.2804    0.553356  0.00287885
185       22.49    0.552796  0.00291745
186     25.6839    0.552586  0.00290933
187     25.3208    0.552339  0.00290424
188      24.072    0.551962  0.00291327
189     29.1199    0.552123  0.00290228
190     28.7866    0.552247  0.00288964
191     24.5864     0.55193  0.00289188
192     28.0648    0.551979  0.00287719
193     28.1409    0.552035   0.0028628
194     25.6268    0.551832  0.00285527
195     25.6038    0.551628   0.0028479
196     25.5169    0.551417  0.00284115
197     26.8975    0.551349  0.00282752
198     26.7435    0.551265  0.00281443
199     28.6646    0.551376  0.00280244
200     25.5857    0.551178  0.00279544
