1    0.440942    0.440942           0
2     0.43796    0.439451  0.00149099
3    0.432587    0.437163  0.00244461
4    0.437927    0.437354  0.00173912
5    0.438047    0.437493  0.00135423
6    0.435149    0.437102  0.00117268
7    0.438871    0.437355  0.00102279
8    0.430361    0.436481  0.00124453
9    0.439295    0.436793  0.00114125
10    0.435066    0.436621  0.00103527
11     0.44367    0.437262  0.00113473
12    0.427775    0.436471  0.00130308
13    0.430243    0.435992  0.00129086
14    0.443076    0.436498  0.00129782
15     0.43448    0.436363  0.00121567
16    0.433879    0.436208   0.0011477
17    0.432954    0.436017  0.00109495
18    0.441045    0.436296  0.00106946
19    0.441175    0.436553  0.00104369
20     0.42963    0.436207  0.00104889
21    0.432558    0.436033  0.00101271
22    0.447323    0.436546  0.00109347
23    0.437723    0.436597   0.0010461
24    0.440863    0.436775  0.00101721
25    0.436245    0.436754 0.000975908
26    0.433622    0.436633 0.000945329
27     0.43245    0.436478 0.000922745
28    0.437261    0.436506 0.000889618
29    0.431943    0.436349 0.000872696
30    0.434799    0.436297 0.000844685
31    0.440975    0.436448 0.000830801
32    0.435734    0.436426 0.000804729
33    0.455006    0.436989 0.000961953
34    0.438113    0.437022 0.000933817
35    0.428339    0.436774 0.000940071
36    0.439932    0.436862 0.000917788
37    0.447271    0.437143 0.000935923
38    0.437822    0.437161 0.000911136
39    0.428112    0.436929 0.000917297
40    0.423227    0.436586 0.000957441
41    0.439182     0.43665  0.00093594
42    0.443514    0.436813 0.000927893
43    0.431727    0.436695 0.000913747
44    0.431619    0.436579  0.00090016
45    0.416812     0.43614 0.000983486
46    0.442004    0.436268 0.000970279
47    0.438651    0.436318 0.000950764
48    0.428377    0.436153 0.000945335
49    0.431454    0.436057 0.000930794
50    0.428919    0.435914 0.000923094
51    0.439092    0.435977 0.000906956
52    0.444345    0.436137 0.000903788
53    0.442675    0.436261 0.000895112
54    0.433597    0.436211 0.000879764
55    0.422712    0.435966  0.00089782
56    0.437087    0.435986 0.000881869
57     0.43517    0.435972 0.000866378
58    0.445333    0.436133 0.000866473
59    0.449069    0.436352 0.000879429
60    0.426771    0.436193 0.000879269
61    0.445509    0.436345 0.000878118
62    0.441294    0.436425 0.000867517
63    0.437435    0.436441 0.000853787
64    0.437971    0.436465  0.00084068
65    0.436275    0.436462 0.000827651
66     0.44937    0.436658 0.000838151
67     0.44105    0.436723 0.000828145
68    0.445186    0.436848 0.000825312
69     0.43418    0.436809 0.000814182
70    0.438759    0.436837  0.00080295
71    0.426802    0.436696  0.00080408
72    0.436501    0.436693 0.000792838
73    0.435416    0.436675 0.000782097
74    0.435259    0.436656 0.000771694
75    0.429944    0.436567 0.000766577
76    0.437009    0.436573 0.000756446
77    0.439077    0.436605 0.000747265
78    0.430631    0.436529 0.000741588
79     0.44835    0.436678 0.000747277
80    0.437704    0.436691 0.000737988
81    0.441946    0.436756 0.000731701
82    0.430824    0.436684 0.000726334
83    0.443256    0.436763 0.000721886
84    0.437265    0.436769 0.000713265
85    0.442761    0.436839 0.000708341
86     0.43411    0.436807 0.000700775
87    0.428625    0.436713 0.000699029
88    0.443579    0.436791  0.00069543
89    0.444457    0.436878 0.000692946
90    0.451755    0.437043  0.00070486
91    0.434427    0.437014 0.000697664
92    0.441759    0.437066 0.000691964
93    0.433099    0.437023 0.000685811
94    0.430135     0.43695 0.000682422
95    0.435443    0.436934 0.000675386
96     0.44084    0.436975 0.000669551
97    0.439912    0.437005 0.000663305
98    0.438692    0.437022 0.000656727
99    0.431836     0.43697 0.000652166
100    0.433146    0.436932 0.000646743
101    0.424643     0.43681 0.000651764
102    0.424515    0.436689 0.000656503
103    0.434346    0.436667 0.000650496
104    0.449904    0.436794 0.000656665
105    0.432394    0.436752  0.00065173
106    0.436686    0.436751 0.000645552
107    0.442309    0.436803 0.000641597
108    0.444972    0.436879 0.000640113
109    0.442016    0.436926 0.000635962
110    0.440318    0.436957 0.000630908
111    0.443431    0.437015 0.000627913
112    0.416745    0.436834 0.000648065
113    0.429665    0.436771 0.000645431
114    0.428152    0.436695 0.000644196
115    0.427879    0.436618 0.000643155
116    0.446646    0.436705  0.00064342
117    0.431265    0.436658 0.000639589
118    0.440199    0.436688 0.000634855
119    0.434197    0.436668 0.000629846
120    0.443076    0.436721 0.000626854
121    0.449561    0.436827 0.000630643
122    0.447974    0.436918 0.000632092
123    0.431145    0.436871 0.000628686
124    0.450474    0.436981 0.000633171
125    0.442445    0.437025 0.000629604
126    0.439517    0.437045   0.0006249
127    0.444962    0.437107 0.000623087
128    0.421076    0.436982 0.000630758
129    0.427285    0.436907 0.000630347
130    0.441814    0.436944 0.000626618
131    0.446801     0.43702 0.000626352
132     0.42881    0.436957 0.000624692
133     0.44371    0.437008 0.000622053
134    0.445243     0.43707 0.000620444
135    0.438548    0.437081 0.000615928
136    0.445939    0.437146 0.000614842
137    0.438368    0.437155 0.000610403
138    0.439282     0.43717  0.00060616
139    0.430906    0.437125 0.000603468
140    0.443746    0.437172 0.000601006
141    0.435862    0.437163 0.000596801
142     0.44117    0.437191 0.000593255
143     0.44202    0.437225 0.000590059
144    0.436204    0.437218 0.000585989
145    0.447502    0.437289 0.000586241
146    0.434607     0.43727 0.000582501
147    0.442548    0.437306 0.000579638
148    0.441963    0.437338 0.000576567
149    0.437543    0.437339 0.000572686
150     0.43361    0.437314 0.000569398
151     0.43542    0.437302 0.000565754
152    0.427272    0.437236  0.00056588
153    0.436883    0.437233 0.000562174
154    0.436642     0.43723 0.000558525
155    0.436181    0.437223 0.000554951
156    0.439015    0.437234 0.000551502
157    0.446477    0.437293 0.000551131
158    0.444846    0.437341 0.000549714
159    0.424938    0.437263 0.000551788
160    0.442542    0.437296  0.00054932
161    0.440489    0.437316 0.000546257
162    0.442515    0.437348 0.000543823
163    0.437861    0.437351 0.000540485
164    0.434393    0.437333 0.000537482
165    0.445978    0.437385 0.000536778
166    0.439144    0.437396 0.000533639
167    0.430978    0.437358 0.000531825
168     0.43913    0.437368 0.000528755
169    0.433385    0.437345 0.000526145
170    0.432732    0.437317 0.000523744
171    0.443187    0.437352 0.000521802
172    0.441017    0.437373 0.000519197
173    0.429935     0.43733 0.000517975
174    0.446343    0.437382 0.000517588
175    0.444437    0.437422 0.000516199
176    0.429594    0.437378 0.000515181
177    0.441722    0.437402  0.00051285
178    0.442339     0.43743 0.000510714
179    0.452508    0.437514 0.000514791
180    0.435137    0.437501 0.000512094
181    0.435596    0.437491 0.000509365
182    0.436323    0.437484 0.000506599
183    0.439096    0.437493 0.000503901
184      0.4261    0.437431 0.000504965
185    0.431134    0.437397 0.000503381
186     0.44197    0.437422  0.00050127
187    0.437552    0.437422 0.000498583
188    0.430831    0.437387 0.000497161
189    0.437878     0.43739 0.000494531
190    0.431301    0.437358 0.000492964
191    0.443117    0.437388 0.000491302
192    0.446397    0.437435 0.000490984
193    0.434356    0.437419 0.000488694
194    0.454999    0.437509 0.000494541
195    0.433279    0.437488 0.000492477
196    0.449937    0.437551 0.000494057
197    0.436577    0.437546 0.000491568
198     0.43773    0.437547  0.00048908
199     0.44219    0.437571 0.000487175
200    0.437743    0.437571 0.000484734
1    0.443731    0.443731           0
2    0.436618    0.440175  0.00355635
3    0.433192    0.437847  0.00310371
4    0.436603    0.437536  0.00221657
5    0.436304     0.43729  0.00173455
6    0.435332    0.436963  0.00145336
7     0.43961    0.437341  0.00128519
8    0.430963    0.436544   0.0013691
9    0.436666    0.436558  0.00120751
10    0.435129    0.436415  0.00108943
11    0.444485    0.437148  0.00122854
12    0.428615    0.436437  0.00132796
13    0.431658     0.43607  0.00127567
14    0.443793    0.436621  0.00130353
15    0.433042    0.436383  0.00123675
16    0.434039    0.436236  0.00116612
17    0.435096    0.436169  0.00109743
18    0.441004    0.436438  0.00106896
19    0.438836    0.436564  0.00101898
20    0.431366    0.436304  0.00100101
21    0.432783    0.436136 0.000966804
22    0.449431    0.436741  0.00110224
23    0.441161    0.436933  0.00107062
24    0.442262    0.437155  0.00104881
25    0.434386    0.437044  0.00101206
26     0.43388    0.436923 0.000979944
27    0.434382    0.436828 0.000947636
28     0.43793    0.436868 0.000914011
29    0.432603    0.436721 0.000894111
30    0.437902     0.43676  0.00086469
31    0.443491    0.436977 0.000864057
32    0.438342     0.43702 0.000837705
33    0.456161      0.4376 0.000997831
34    0.440907    0.437697 0.000972914
35    0.427112    0.437395 0.000991938
36    0.440239    0.437474 0.000967222
37    0.448394    0.437769 0.000985932
38    0.435051    0.437697 0.000962297
39    0.429248    0.437481 0.000962013
40    0.423783    0.437138 0.000998226
41    0.437188    0.437139 0.000973575
42    0.445073    0.437328 0.000968706
43    0.434515    0.437263  0.00094817
44    0.431888    0.437141 0.000934389
45     0.41844    0.436725  0.00100349
46    0.440709    0.436812 0.000985243
47    0.436032    0.436795 0.000964195
48    0.429712    0.436648 0.000955359
49    0.429856    0.436509 0.000945869
50    0.428306    0.436345 0.000941167
51    0.440527    0.436427 0.000926165
52    0.443327     0.43656 0.000917823
53    0.445367    0.436726 0.000915545
54    0.433585    0.436668 0.000900311
55    0.424919    0.436454  0.00090924
56    0.437862    0.436479 0.000893209
57    0.437677      0.4365 0.000877651
58    0.446371     0.43667 0.000879019
59    0.450527    0.436905 0.000895343
60    0.424073    0.436691 0.000905902
61    0.443805    0.436808 0.000898528
62    0.441673    0.436886 0.000887393
63    0.433954     0.43684 0.000874433
64    0.437973    0.436858 0.000860844
65     0.43497    0.436829 0.000847994
66    0.452326    0.437063 0.000867431
67    0.439299    0.437097 0.000855038
68    0.447083    0.437244 0.000855076
69    0.433531     0.43719 0.000844309
70    0.436724    0.437183 0.000832186
71    0.428472     0.43706 0.000829505
72    0.435644    0.437041  0.00081814
73    0.434216    0.437002 0.000807782
74    0.434651     0.43697 0.000797424
75    0.428416    0.436856 0.000794944
76    0.435257    0.436835 0.000784697
77    0.440103    0.436878 0.000775601
78    0.432389     0.43682 0.000767753
79    0.445051    0.436924   0.0007651
80    0.437476    0.436931 0.000755507
81    0.441814    0.436991 0.000748552
82    0.427965    0.436881 0.000747517
83    0.441123    0.436933 0.000740222
84    0.435543    0.436916 0.000731544
85    0.443151    0.436989 0.000726598
86    0.434898    0.436965 0.000718512
87    0.429935    0.436884 0.000714788
88    0.441495    0.436937 0.000708558
89    0.445837    0.437037 0.000707653
90    0.449255    0.437172 0.000712795
91    0.434535    0.437143 0.000705514
92    0.440363    0.437178  0.00069868
93    0.430622    0.437108 0.000694713
94    0.430471    0.437037   0.0006909
95     0.43641    0.437031  0.00068362
96    0.439007    0.437051 0.000676775
97    0.439891    0.437081 0.000670401
98    0.437187    0.437082 0.000663526
99    0.433137    0.437042 0.000657997
100    0.436358    0.437035  0.00065142
101    0.424037    0.436906 0.000657653
102     0.42315    0.436771 0.000664993
103    0.435667    0.436761 0.000658592
104    0.451394    0.436901 0.000667234
105    0.432473    0.436859 0.000662193
106    0.434707    0.436839  0.00065623
107      0.4431    0.436897 0.000652697
108    0.444575    0.436968 0.000650521
109    0.443648     0.43703 0.000647432
110    0.441629    0.437072  0.00064288
111    0.447076    0.437162 0.000643406
112    0.417326    0.436985 0.000661773
113    0.427973    0.436905 0.000660721
114    0.429471     0.43684 0.000658138
115    0.427205    0.436756 0.000657747
116    0.445465    0.436831  0.00065636
117    0.429975    0.436772 0.000653359
118     0.44099    0.436808 0.000648783
119    0.433912    0.436784 0.000643769
120    0.443933    0.436843 0.000641156
121    0.448203    0.436937 0.000642728
122    0.446701    0.437017 0.000642443
123    0.433442    0.436988 0.000637861
124     0.45067    0.437099 0.000642244
125    0.442254     0.43714 0.000638419
126    0.438921    0.437154  0.00063349
127    0.440576    0.437181  0.00062906
128    0.421749     0.43706 0.000635664
129    0.423372    0.436954  0.00063958
130     0.43928    0.436972 0.000634893
131    0.443154    0.437019 0.000631793
132    0.429175     0.43696 0.000629798
133    0.442595    0.437002  0.00062648
134    0.443019    0.437047 0.000623406
135    0.437237    0.437049 0.000618773
136    0.446118    0.437115 0.000617815
137    0.440442    0.437139  0.00061377
138    0.438193    0.437147 0.000609354
139    0.433496    0.437121 0.000605524
140    0.443376    0.437166 0.000602841
141     0.43677    0.437163 0.000598557
142    0.443327    0.437206  0.00059591
143    0.443658    0.437251 0.000593446
144    0.435404    0.437238  0.00058945
145    0.447336    0.437308 0.000589499
146    0.432065    0.437272 0.000586548
147    0.442099    0.437305 0.000583469
148    0.442895    0.437343 0.000580742
149     0.43366    0.437318 0.000577361
150    0.433985    0.437296 0.000573929
151    0.434278    0.437276 0.000570466
152    0.425939    0.437201 0.000571587
153    0.437773    0.437205 0.000567851
154    0.435042    0.437191 0.000564327
155    0.437764    0.437195 0.000560686
156    0.439118    0.437207 0.000557217
157    0.447721    0.437274 0.000557692
158    0.448155    0.437343 0.000558415
159    0.424429    0.437262 0.000560804
160     0.44431    0.437306 0.000559027
161    0.439358    0.437318  0.00055569
162    0.440263    0.437337 0.000552548
163    0.436304     0.43733 0.000549184
164    0.434376    0.437312 0.000546123
165    0.448719    0.437381 0.000547187
166    0.440543      0.4374 0.000544214
167    0.430759    0.437361 0.000542406
168    0.435653     0.43735 0.000539263
169    0.434803    0.437335 0.000536275
170    0.434217    0.437317 0.000533426
171    0.443811    0.437355 0.000531656
172    0.436749    0.437351 0.000528567
173    0.429275    0.437305 0.000527573
174    0.446962     0.43736  0.00052746
175    0.443801    0.437397 0.000525727
176    0.429502    0.437352 0.000524653
177    0.440702    0.437371 0.000522023
178    0.438142    0.437376   0.0005191
179    0.452118    0.437458 0.000522721
180    0.431315    0.437424 0.000520928
181    0.437802    0.437426 0.000518046
182    0.439743    0.437439 0.000515349
183    0.439639    0.437451 0.000512667
184    0.422803    0.437371  0.00051605
185    0.432968    0.437347 0.000513804
186    0.441557     0.43737 0.000511535
187    0.437041    0.437368 0.000508796
188    0.429993    0.437329   0.0005076
189    0.440998    0.437348  0.00050528
190    0.430229    0.437311 0.000504008
191    0.441427    0.437332 0.000501826
192    0.445243    0.437374 0.000500902
193    0.435447    0.437364   0.0004984
194    0.453339    0.437446 0.000502616
195     0.42966    0.437406 0.000501623
196    0.447291    0.437456 0.000501599
197    0.435118    0.437445 0.000499188
198    0.439514    0.437455  0.00049677
199    0.442627    0.437481 0.000494951
200    0.438667    0.437487 0.000492505
