1   -0.722651   -0.722651           0
2   -0.723688    -0.72317   0.0005184
3   -0.720467   -0.722269 0.000949221
4   -0.719422   -0.721557 0.000978205
5   -0.721272     -0.7215 0.000759858
6   -0.720611   -0.721352 0.000637867
7    -0.72188   -0.721427 0.000544347
8   -0.721128    -0.72139 0.000472902
9    -0.72285   -0.721552 0.000447483
10    -0.72012   -0.721409 0.000425093
11   -0.721216   -0.721391 0.000384911
12   -0.721882   -0.721432 0.000353741
13     -0.7216   -0.721445  0.00032565
14   -0.720226   -0.721358 0.000313826
15   -0.720475   -0.721299 0.000298026
16   -0.720998    -0.72128 0.000279411
17   -0.721115   -0.721271  0.00026264
18     -0.7196   -0.721178 0.000264443
19   -0.721155   -0.721177 0.000250141
20   -0.721733   -0.721204 0.000238928
21   -0.720973   -0.721193 0.000227534
22   -0.720834   -0.721177 0.000217561
23   -0.721485    -0.72119 0.000208316
24    -0.71971   -0.721129 0.000208764
25   -0.719912    -0.72108  0.00020607
26   -0.720314   -0.721051 0.000200169
27   -0.719638   -0.720998 0.000199588
28   -0.721278   -0.721008 0.000192588
29   -0.721013   -0.721008 0.000185828
30   -0.719416   -0.720955 0.000187211
31   -0.721834   -0.720984 0.000183274
32    -0.72116   -0.720989 0.000177539
33   -0.722219   -0.721027 0.000176066
34    -0.72032   -0.721006 0.000172068
35    -0.72107   -0.721008  0.00016709
36   -0.720454   -0.720992 0.000163107
37   -0.720718   -0.720985  0.00015881
38   -0.722686    -0.72103  0.00016093
39   -0.719141   -0.720981 0.000164061
40   -0.721965   -0.721006 0.000161786
41   -0.718976   -0.720956 0.000165375
42   -0.719672   -0.720926  0.00016426
43   -0.720058   -0.720905  0.00016166
44   -0.719314   -0.720869 0.000162034
45   -0.719904   -0.720848 0.000159839
46   -0.720307   -0.720836 0.000156766
47   -0.719582   -0.720809 0.000155697
48   -0.720709   -0.720807 0.000152433
49   -0.720837   -0.720808 0.000149291
50   -0.718814   -0.720768 0.000151611
51   -0.720354    -0.72076 0.000148831
52   -0.717418   -0.720696 0.000159468
53   -0.719726   -0.720677 0.000157495
54   -0.722035   -0.720703 0.000156583
55   -0.720427   -0.720698 0.000153792
56   -0.722592   -0.720731 0.000154763
57   -0.721238    -0.72074 0.000152284
58   -0.720888   -0.720743 0.000149657
59   -0.720754   -0.720743 0.000147099
60   -0.720813   -0.720744 0.000144631
61   -0.721328   -0.720754 0.000142562
62   -0.720469   -0.720749 0.000140319
63    -0.72132   -0.720758 0.000138371
64    -0.72153    -0.72077 0.000136724
65   -0.719872   -0.720756 0.000135311
66   -0.722853   -0.720788 0.000136979
67   -0.720752   -0.720788  0.00013492
68   -0.720187   -0.720779 0.000133214
69   -0.720285   -0.720772 0.000131464
70    -0.72077   -0.720772 0.000129573
71   -0.719419   -0.720753 0.000129147
72   -0.720261   -0.720746 0.000127524
73    -0.72215   -0.720765 0.000127228
74   -0.719461   -0.720747 0.000126729
75   -0.718757   -0.720721 0.000127814
76   -0.721734   -0.720734 0.000126824
77   -0.720098   -0.720726 0.000125439
78   -0.721986   -0.720742 0.000124869
79   -0.720659   -0.720741 0.000123283
80   -0.719405   -0.720724 0.000122872
81   -0.721189    -0.72073 0.000121481
82   -0.720112   -0.720722 0.000120227
83   -0.722141    -0.72074 0.000119993
84   -0.718691   -0.720715 0.000121038
85   -0.719192   -0.720697  0.00012094
86   -0.721794    -0.72071 0.000120203
87   -0.718611   -0.720686 0.000121238
88   -0.723536   -0.720718 0.000124151
89   -0.719432   -0.720704 0.000123596
90   -0.718958   -0.720684 0.000123745
91   -0.721426   -0.720693 0.000122648
92   -0.720554   -0.720691 0.000121317
93   -0.721195   -0.720696 0.000120128
94   -0.720744   -0.720697 0.000118844
95   -0.718989   -0.720679 0.000118953
96   -0.720123   -0.720673  0.00011785
97   -0.721904   -0.720686 0.000117317
98    -0.72085   -0.720688 0.000116125
99   -0.719757   -0.720678  0.00011533
100   -0.720738   -0.720679 0.000114173
101   -0.721408   -0.720686 0.000113267
102   -0.720517   -0.720684 0.000112163
103   -0.721008   -0.720687 0.000111113
104   -0.720139   -0.720682 0.000110166
105   -0.723392   -0.720708 0.000112122
106    -0.71961   -0.720698 0.000111542
107   -0.720472   -0.720696 0.000110515
108   -0.720534   -0.720694 0.000109497
109    -0.72105   -0.720697 0.000108537
110   -0.720979     -0.7207 0.000107576
111   -0.719874   -0.720692 0.000106862
112   -0.720974   -0.720695 0.000105933
113   -0.722542   -0.720711 0.000106257
114   -0.722334   -0.720726 0.000106279
115   -0.721854   -0.720735 0.000105807
116   -0.719602   -0.720726 0.000105345
117   -0.723088   -0.720746 0.000106375
118   -0.719886   -0.720738 0.000105721
119   -0.722584   -0.720754  0.00010597
120   -0.719933   -0.720747 0.000105305
121    -0.71945   -0.720736 0.000104981
122   -0.720262   -0.720733 0.000104189
123    -0.72056   -0.720731 0.000103348
124   -0.720456   -0.720729 0.000102535
125   -0.719278   -0.720717 0.000102371
126   -0.718869   -0.720703  0.00010261
127   -0.719974   -0.720697  0.00010196
128   -0.722507   -0.720711 0.000102144
129   -0.721171   -0.720715 0.000101412
130    -0.72056   -0.720713 0.000100636
131   -0.718688   -0.720698 0.000101055
132   -0.720414   -0.720696 0.000100309
133    -0.72224   -0.720707 0.000100227
134   -0.721266   -0.720712 9.95632e-05
135   -0.720389   -0.720709 9.88519e-05
136   -0.722691   -0.720724 9.91987e-05
137   -0.719261   -0.720713 9.90493e-05
138    -0.71993   -0.720707 9.84927e-05
139   -0.721264   -0.720711 9.78635e-05
140   -0.719627   -0.720704 9.74701e-05
141   -0.722419   -0.720716 9.75382e-05
142   -0.720062   -0.720711 9.69581e-05
143   -0.721371   -0.720716 9.63883e-05
144   -0.721069   -0.720718 9.57479e-05
145   -0.719682   -0.720711 9.53537e-05
146    -0.72163   -0.720717 9.49074e-05
147   -0.721539   -0.720723 9.44252e-05
148   -0.721618   -0.720729 9.39796e-05
149   -0.720245   -0.720726 9.34033e-05
150   -0.721504   -0.720731 9.29235e-05
151   -0.722936   -0.720746 9.34539e-05
152   -0.720765   -0.720746 9.28371e-05
153   -0.721075   -0.720748 9.22535e-05
154   -0.721406   -0.720752 9.17522e-05
155   -0.721141   -0.720755 9.11928e-05
156   -0.719933   -0.720749 9.07594e-05
157   -0.719298    -0.72074 9.06523e-05
158    -0.72028   -0.720737 9.01238e-05
159   -0.722099   -0.720746 8.99639e-05
160   -0.719032   -0.720735 9.00393e-05
161   -0.723235   -0.720751 9.08157e-05
162   -0.720154   -0.720747 9.03286e-05
163   -0.719971   -0.720742 8.98988e-05
164   -0.719408   -0.720734 8.97186e-05
165   -0.718698   -0.720722 9.00232e-05
166   -0.720926   -0.720723 8.94878e-05
167    -0.72325   -0.720738 9.02278e-05
168   -0.722232   -0.720747 9.01289e-05
169   -0.720011   -0.720743 8.96997e-05
170   -0.720064   -0.720739 8.92598e-05
171   -0.720917    -0.72074 8.87424e-05
172   -0.720253   -0.720737 8.82704e-05
173   -0.719699   -0.720731 8.79634e-05
174   -0.721416   -0.720735  8.7545e-05
175    -0.72219   -0.720743 8.74398e-05
176   -0.720683   -0.720743 8.69422e-05
177   -0.720371   -0.720741 8.64751e-05
178   -0.720133   -0.720737 8.60557e-05
179   -0.719571   -0.720731 8.58212e-05
180   -0.720798   -0.720731 8.53439e-05
181   -0.720152   -0.720728 8.49314e-05
182    -0.72141   -0.720732 8.45464e-05
183   -0.720032   -0.720728   8.417e-05
184   -0.719498   -0.720721 8.39779e-05
185   -0.720267   -0.720719 8.35588e-05
186   -0.722458   -0.720728 8.36325e-05
187   -0.720659   -0.720728 8.31849e-05
188   -0.721581   -0.720732 8.28656e-05
189   -0.720026   -0.720728 8.25107e-05
190   -0.722219   -0.720736 8.24495e-05
191   -0.721754   -0.720742 8.21894e-05
192   -0.721554   -0.720746 8.18695e-05
193   -0.721762   -0.720751 8.16141e-05
194   -0.721344   -0.720754 8.12498e-05
195   -0.719987    -0.72075 8.09277e-05
196   -0.721122   -0.720752  8.0536e-05
197   -0.721531   -0.720756 8.02237e-05
198   -0.721056   -0.720758 7.98319e-05
199   -0.720128   -0.720754 7.94927e-05
200   -0.718357   -0.720742 7.99976e-05
1   -0.722349   -0.722349           0
2   -0.723286   -0.722818   0.0004688
3   -0.720718   -0.722118 0.000750256
4   -0.719726    -0.72152 0.000799304
5   -0.721502   -0.721516 0.000619148
6   -0.720842   -0.721404 0.000517895
7   -0.721965   -0.721484 0.000444972
8   -0.721155   -0.721443 0.000387544
9   -0.722782   -0.721592 0.000372777
10   -0.719795   -0.721412 0.000378746
11   -0.721173    -0.72139 0.000343279
12   -0.722261   -0.721463 0.000321655
13   -0.721411   -0.721459 0.000295906
14    -0.71971   -0.721334 0.000301083
15    -0.72033   -0.721267 0.000288181
16   -0.720765   -0.721236  0.00027139
17   -0.720786   -0.721209 0.000256298
18   -0.719861   -0.721134 0.000252986
19   -0.721411   -0.721149 0.000239744
20   -0.721734   -0.721178 0.000229318
21   -0.721149   -0.721177 0.000218129
22   -0.720518   -0.721147  0.00021012
23   -0.721173   -0.721148  0.00020078
24   -0.719744   -0.721089 0.000200936
25   -0.720472   -0.721065 0.000194307
26   -0.720248   -0.721033 0.000189309
27   -0.719301   -0.720969 0.000193134
28   -0.721374   -0.720984  0.00018667
29   -0.721206   -0.720991 0.000180282
30   -0.719194   -0.720931  0.00018419
31   -0.721944   -0.720964 0.000181119
32   -0.721203   -0.720972 0.000175527
33   -0.721546   -0.720989 0.000171012
34   -0.720229   -0.720967 0.000167405
35   -0.721179   -0.720973 0.000162665
36   -0.720536   -0.720961 0.000158547
37   -0.720918   -0.720959 0.000154207
38   -0.723128   -0.721016 0.000160577
39    -0.71911   -0.720968 0.000163863
40   -0.721936   -0.720992 0.000161539
41   -0.718958   -0.720942 0.000165171
42   -0.719779   -0.720915 0.000163552
43   -0.720054   -0.720895 0.000160951
44    -0.71919   -0.720856  0.00016195
45   -0.719922   -0.720835 0.000159665
46   -0.720366   -0.720825 0.000156488
47   -0.719469   -0.720796 0.000155816
48   -0.720413   -0.720788 0.000152744
49   -0.721206   -0.720797 0.000149838
50   -0.718518   -0.720751 0.000153718
51   -0.720653   -0.720749 0.000150687
52   -0.717862   -0.720694 0.000157844
53   -0.719688   -0.720675 0.000155995
54   -0.721842   -0.720696 0.000154597
55   -0.720334    -0.72069 0.000151903
56   -0.722478   -0.720722 0.000152547
57   -0.720981   -0.720726 0.000149916
58    -0.72097    -0.72073 0.000147369
59   -0.720707    -0.72073  0.00014485
60   -0.720706   -0.720729 0.000142416
61    -0.72139    -0.72074  0.00014048
62   -0.720666   -0.720739 0.000138201
63   -0.721019   -0.720744 0.000136062
64   -0.721318   -0.720753  0.00013422
65   -0.719773   -0.720737 0.000132996
66   -0.722488   -0.720764 0.000133624
67   -0.720992   -0.720767 0.000131659
68   -0.720358   -0.720761 0.000129848
69   -0.720251   -0.720754 0.000128165
70   -0.720971   -0.720757 0.000126359
71   -0.719237   -0.720736 0.000126394
72   -0.720131   -0.720727 0.000124908
73   -0.721643    -0.72074 0.000123823
74    -0.71965   -0.720725 0.000123023
75   -0.718522   -0.720696 0.000124877
76   -0.721838   -0.720711 0.000124137
77   -0.719854     -0.7207 0.000123018
78   -0.721874   -0.720715  0.00012236
79    -0.72084   -0.720716 0.000120812
80   -0.719146   -0.720697 0.000120897
81   -0.720683   -0.720696 0.000119395
82   -0.720402   -0.720693 0.000117985
83   -0.721859   -0.720707 0.000117399
84    -0.71889   -0.720685 0.000117993
85   -0.719016   -0.720666 0.000118239
86   -0.722094   -0.720682 0.000118031
87   -0.718238   -0.720654 0.000120001
88   -0.723706   -0.720689 0.000123593
89   -0.719275   -0.720673 0.000123224
90   -0.719205   -0.720657 0.000122935
91    -0.72153   -0.720666 0.000121954
92   -0.720734   -0.720667 0.000120624
93    -0.72125   -0.720673 0.000119484
94   -0.720862   -0.720675 0.000118223
95   -0.719138   -0.720659 0.000118086
96   -0.720035   -0.720653 0.000117031
97   -0.721603   -0.720662 0.000116232
98   -0.721347   -0.720669 0.000115252
99    -0.71975    -0.72066 0.000114458
100   -0.720715   -0.720661 0.000113309
101   -0.720757   -0.720662 0.000112186
102   -0.720819   -0.720663 0.000111091
103   -0.721314   -0.720669 0.000110189
104   -0.719861   -0.720662 0.000109401
105   -0.723341   -0.720687 0.000111317
106   -0.719536   -0.720676 0.000110796
107   -0.720621   -0.720676 0.000109757
108   -0.720469   -0.720674 0.000108753
109   -0.720653   -0.720674  0.00010775
110   -0.720622   -0.720673 0.000106767
111   -0.719542   -0.720663 0.000106291
112   -0.720894   -0.720665 0.000105357
113   -0.722635   -0.720683 0.000105866
114   -0.722286   -0.720697 0.000105873
115    -0.72164   -0.720705 0.000105268
116    -0.71944   -0.720694 0.000104925
117   -0.722549    -0.72071 0.000105225
118   -0.719789   -0.720702 0.000104621
119   -0.722938   -0.720721 0.000105426
120   -0.719936   -0.720714 0.000104748
121     -0.7198   -0.720707 0.000104153
122   -0.720339   -0.720704  0.00010334
123    -0.72028     -0.7207 0.000102554
124    -0.72056   -0.720699  0.00010173
125   -0.719594    -0.72069 0.000101299
126   -0.718566   -0.720673 0.000101896
127   -0.720086   -0.720669 0.000101196
128   -0.722379   -0.720682 0.000101288
129   -0.720741   -0.720683 0.000100501
130    -0.72077   -0.720683 9.97267e-05
131   -0.718728   -0.720668 0.000100082
132   -0.720477   -0.720667 9.93312e-05
133     -0.7222   -0.720678 9.92532e-05
134   -0.721117   -0.720682  9.8564e-05
135   -0.720272   -0.720679 9.78782e-05
136   -0.723034   -0.720696 9.86869e-05
137     -0.7196   -0.720688   9.829e-05
138   -0.720195   -0.720684 9.76405e-05
139    -0.72143    -0.72069 9.70839e-05
140   -0.719754   -0.720683 9.66196e-05
141   -0.722286   -0.720694 9.66035e-05
142    -0.72015   -0.720691 9.59973e-05
143   -0.721358   -0.720695  9.5438e-05
144   -0.721496   -0.720701 9.49359e-05
145   -0.719686   -0.720694 9.45381e-05
146   -0.721578     -0.7207 9.40833e-05
147   -0.721917   -0.720708  9.3807e-05
148   -0.721326   -0.720712 9.32646e-05
149   -0.720789   -0.720713  9.2638e-05
150   -0.721192   -0.720716 9.20738e-05
151   -0.723158   -0.720732 9.28812e-05
152   -0.720907   -0.720733 9.22753e-05
153   -0.720907   -0.720735 9.16772e-05
154   -0.721363   -0.720739 9.11714e-05
155   -0.720994    -0.72074 9.05962e-05
156   -0.719832   -0.720734 9.02017e-05
157   -0.719595   -0.720727 8.99186e-05
158   -0.720806   -0.720728 8.93491e-05
159   -0.722365   -0.720738 8.93804e-05
160   -0.718898   -0.720726 8.95617e-05
161   -0.722734   -0.720739 8.98732e-05
162   -0.720139   -0.720735 8.93934e-05
163    -0.71965   -0.720729 8.90926e-05
164   -0.719534   -0.720721 8.88466e-05
165   -0.718478   -0.720708 8.93465e-05
166    -0.72077   -0.720708 8.88075e-05
167    -0.72332   -0.720724  8.9649e-05
168   -0.722358   -0.720733 8.96434e-05
169   -0.720066   -0.720729  8.9199e-05
170   -0.719616   -0.720723 8.89143e-05
171   -0.721219   -0.720726 8.84404e-05
172    -0.72047   -0.720724 8.79373e-05
173    -0.71993    -0.72072 8.75481e-05
174   -0.721334   -0.720723 8.71151e-05
175   -0.721874    -0.72073  8.6865e-05
176   -0.720714    -0.72073   8.637e-05
177   -0.720275   -0.720727 8.59191e-05
178   -0.720547   -0.720726  8.5441e-05
179   -0.719594    -0.72072 8.51976e-05
180   -0.720667    -0.72072 8.47235e-05
181    -0.72003   -0.720716 8.43401e-05
182   -0.721597   -0.720721  8.4015e-05
183   -0.720171   -0.720718 8.36085e-05
184   -0.719646   -0.720712 8.33565e-05
185   -0.720846   -0.720713 8.29078e-05
186   -0.722152    -0.72072 8.28233e-05
187   -0.720469   -0.720719 8.23902e-05
188   -0.721586   -0.720724 8.20803e-05
189   -0.719619   -0.720718 8.18537e-05
190   -0.722304   -0.720726 8.18487e-05
191   -0.721845   -0.720732 8.16295e-05
192   -0.721723   -0.720737 8.13672e-05
193   -0.721933   -0.720743 8.11812e-05
194   -0.721333   -0.720746 8.08189e-05
195   -0.720499   -0.720745 8.04133e-05
196   -0.721326   -0.720748  8.0057e-05
197   -0.721976   -0.720754 7.98931e-05
198   -0.720912   -0.720755 7.94926e-05
199   -0.720096   -0.720752 7.91614e-05
200     -0.7184    -0.72074 7.96375e-05
