49.6993           0
47.5296     2.16973
48.7432     1.74415
49.7948     1.62076
50.0113     1.27397
50.6342     1.21242
51.1136     1.13129
51.2755    0.993005
51.1425    0.885783
51.3364    0.815643
51.1649    0.757433
50.8779    0.748647
51.1659    0.746437
51.2008     0.69195
51.533    0.724769
51.4334    0.685241
51.5683    0.657665
51.2696    0.688239
51.4294    0.670339
51.4243     0.63596
51.4897    0.608446
51.5723    0.585972
51.5618    0.560015
51.7292    0.561701
51.6305    0.547721
51.7072     0.53179
51.6421    0.515836
51.6517    0.497164
51.5996    0.482534
51.6982    0.476484
51.5757    0.476841
51.5794    0.461713
51.4204    0.474897
51.4277    0.460776
51.4301    0.447424
51.4555    0.435561
51.428    0.424521
51.4714    0.415475
51.5442    0.411167
51.6292    0.409675
51.6226    0.399612
51.6521    0.391092
51.654    0.381893
51.6465    0.373189
51.6515    0.364837
51.608    0.359465
51.6612     0.35574
51.6279     0.34984
51.5929    0.344407
51.5498    0.340193
51.4893    0.338904
51.4068    0.342414
51.3811     0.33687
51.3666    0.330888
51.3851    0.325343
51.4515    0.326303
51.4965    0.323673
51.5777    0.328241
51.6355    0.327767
51.5887    0.325635
51.5602    0.321525
51.5534    0.316369
51.5836    0.312769
51.6144    0.309377
51.6652     0.30878
51.7062    0.306822
51.7248    0.302778
51.6881    0.300537
51.6601    0.297472
51.7055    0.296685
51.7082    0.292489
51.6575    0.292835
51.6163    0.291715
51.6563     0.29052
51.6055    0.291094
51.6172    0.287476
51.6498    0.285579
51.6245    0.283024
51.6209    0.279441
51.5901    0.277644
51.6199    0.275814
51.6569    0.274921
51.6761    0.272273
51.6848    0.269152
51.652    0.267989
51.6244     0.26629
51.6222    0.263221
51.6503    0.261725
51.6619    0.259029
51.6782    0.256652
51.6307    0.258228
51.6433    0.255716
51.6819    0.255878
51.7026    0.253989
51.6662    0.253932
51.6777    0.251539
51.6601    0.249556
51.6775    0.247613
51.6376    0.248339
51.6271    0.246065
51.6734    0.247987
51.6633    0.245754
51.6501    0.243711
51.6626    0.241679
51.6328    0.241222
51.6293     0.23896
51.6149    0.237154
51.6794    0.243646
51.6935     0.24181
51.6742    0.240376
51.6624    0.238493
51.6366    0.237758
51.5881    0.240584
51.5794    0.238622
51.5914     0.23684
51.5922    0.234791
51.5976    0.232839
51.6102      0.2312
51.5849    0.230641
51.564    0.229662
51.5688    0.227806
51.5888    0.226815
51.5792    0.225168
51.5701    0.223532
51.5494      0.2227
51.5457    0.220956
51.5428     0.21923
51.5078    0.220303
51.5065    0.218592
51.4794    0.218581
51.4974    0.217645
51.4889    0.216154
51.4404    0.219936
51.4613    0.219288
51.461    0.217658
51.4839    0.217265
51.4893    0.215742
51.4899    0.214173
51.5092    0.213502
51.5111    0.211981
51.5224    0.210773
51.5159    0.209384
51.5022    0.208369
51.5344    0.209413
51.5303    0.208005
51.5195    0.206854
51.5343    0.205973
51.5322    0.204588
51.5352    0.203233
51.5393    0.201915
51.5351    0.200617
51.5328    0.199307
51.533       0.198
51.5308    0.196723
51.515    0.196086
51.5322    0.195589
51.518     0.19486
51.5022     0.19427
51.496    0.193143
51.468    0.193965
51.4668     0.19276
51.4596      0.1917
51.4478     0.19089
51.4746    0.191615
51.4925    0.191284
51.4943    0.190137
51.4928    0.189001
51.4961    0.187901
51.4713    0.188429
51.4521    0.188304
51.4656    0.187686
51.4652    0.186592
51.4426     0.18689
51.4615    0.186772
51.456    0.185781
51.4465    0.184971
51.4247     0.18521
51.4288    0.184213
51.4136    0.183813
51.416    0.182806
51.403    0.182262
51.4011    0.181267
51.4075    0.180386
51.4246    0.180216
51.4416    0.180039
51.4338    0.179237
51.4352    0.178281
51.4383    0.177359
51.463    0.178138
51.4555    0.177356
51.4754    0.177542
51.4624    0.177095
51.4787    0.176931
51.4809     0.17603
51.4789    0.175137
51.4793    0.174241
51.4637    0.174052
51.4782    0.173777
51.4804    0.172915
51.4912    0.172384
50.8447           0
48.1102     2.73444
49.1314     1.88023
50.0854     1.63637
50.2417     1.27712
50.8261     1.19539
51.2788     1.10705
51.4188    0.968907
51.2703    0.867302
51.4524    0.796828
51.2712    0.743198
50.9735    0.740878
51.2552    0.737452
51.285    0.683395
51.6126    0.715623
51.5078    0.677558
51.6389     0.64982
51.3364    0.683267
51.4921    0.664783
51.4832    0.630731
51.5463     0.60325
51.6271    0.580832
51.6139    0.555161
51.7791    0.556594
51.6783    0.543285
51.7527    0.527245
51.6868    0.511607
51.6943    0.493054
51.6409    0.478731
51.7376    0.472497
51.6139    0.473443
51.6161    0.458415
51.4559    0.472307
51.4617    0.458242
51.4628    0.444958
51.4872    0.433111
51.4586    0.422212
51.5016    0.413194
51.5737     0.40887
51.6576    0.407253
51.6506    0.397258
51.6793    0.388744
51.681      0.3796
51.673    0.370959
51.6775    0.362649
51.6332    0.357443
51.6857    0.353673
51.6519    0.347873
51.6163    0.342546
51.5728    0.338432
51.5121    0.337248
51.429    0.340968
51.403    0.335488
51.3882    0.329548
51.4063    0.324006
51.4723    0.324944
51.5167    0.322263
51.5972    0.326749
51.6548    0.326274
51.6077    0.324218
51.5788    0.320169
51.5718    0.315041
51.6017    0.311441
51.632    0.308027
51.6826    0.307436
51.7232    0.305458
51.7415    0.301421
51.7046    0.299241
51.6761    0.296249
51.7211    0.295441
51.7237    0.291262
51.6727    0.291676
51.6317    0.290561
51.6713    0.289333
51.6202    0.290001
51.6317    0.286392
51.6639     0.28448
51.6385    0.281956
51.6349    0.278387
51.604    0.276619
51.6337    0.274796
51.6703    0.273878
51.6894    0.271232
51.698    0.268122
51.665    0.266999
51.6371    0.265346
51.6349    0.262287
51.6626     0.26077
51.6743    0.258085
51.6903    0.255706
51.6425    0.257371
51.6548    0.254857
51.6933    0.255019
51.7139    0.253134
51.6772    0.253129
51.6888    0.250747
51.671    0.248789
51.6884    0.246852
51.6484    0.247605
51.6379     0.24534
51.6843    0.247294
51.674    0.245074
51.6608    0.243043
51.6732    0.241017
51.6433    0.240584
51.6398     0.23833
51.6251    0.236548
51.6895    0.243029
51.7035    0.241198
51.6841     0.23978
51.6722    0.237908
51.6464    0.237183
51.5978    0.240049
51.5891     0.23809
51.601    0.236308
51.6016    0.234263
51.607    0.232313
51.6194    0.230672
51.5939    0.230148
51.5729    0.229182
51.5778    0.227332
51.5977    0.226344
51.5881    0.224705
51.5789    0.223075
51.5582    0.222242
51.5545    0.220503
51.5515     0.21878
51.5166     0.21986
51.5152    0.218154
51.4883    0.218136
51.5061    0.217198
51.4976    0.215713
51.449    0.219537
51.4699    0.218892
51.4694    0.217265
51.4923    0.216876
51.4977    0.215355
51.4983    0.213789
51.5175    0.213114
51.5193    0.211594
51.5306    0.210388
51.524    0.209005
51.51    0.208007
51.5421    0.209039
51.538    0.207633
51.5272    0.206489
51.5419    0.205605
51.5398    0.204222
51.5429    0.202871
51.547    0.201554
51.5427    0.200261
51.5404    0.198952
51.5405    0.197648
51.5382    0.196374
51.5222    0.195757
51.5395    0.195267
51.5252     0.19455
51.5093    0.193966
51.5031    0.192841
51.475    0.193684
51.4738    0.192481
51.4667    0.191422
51.4548    0.190617
51.4817    0.191355
51.4995    0.191021
51.5012    0.189875
51.4997    0.188741
51.503    0.187643
51.4782    0.188178
51.4589     0.18806
51.4724    0.187444
51.472    0.186352
51.4492    0.186665
51.468    0.186543
51.4625    0.185555
51.4528    0.184752
51.4311    0.184993
51.4352    0.183999
51.4199    0.183608
51.4224    0.182601
51.4093    0.182059
51.4076    0.181064
51.414    0.180186
51.431    0.180011
51.4479    0.179826
51.44    0.179031
51.4412    0.178075
51.4443    0.177151
51.4689    0.177926
51.4614    0.177146
51.4812    0.177323
51.4681     0.17688
51.4844    0.176716
51.4866    0.175815
51.4846    0.174922
51.4849    0.174028
51.4694    0.173838
51.4838    0.173559
51.4858    0.172696
51.4965    0.172163
