1   -0.912976   -0.912976           0
2   -0.911043    -0.91201   0.0009664
3   -0.913104   -0.912374 0.000666625
4   -0.916589   -0.913428  0.00115424
5    -0.91405   -0.913552 0.000902672
6   -0.912962   -0.913454 0.000743575
7   -0.913688   -0.913487 0.000629325
8   -0.913131   -0.913443 0.000546826
9   -0.912891   -0.913382 0.000486134
10   -0.913893   -0.913433 0.000437808
11   -0.915896   -0.913657 0.000454945
12   -0.916198   -0.913868 0.000466204
13     -0.9152   -0.913971 0.000440909
14   -0.913405    -0.91393   0.0004102
15    -0.91389   -0.913928 0.000381885
16   -0.909758   -0.913667 0.000442163
17   -0.916056   -0.913808 0.000438468
18   -0.909214   -0.913552 0.000485808
19   -0.917498    -0.91376 0.000504262
20    -0.91177   -0.913661 0.000488628
21   -0.918254   -0.913879 0.000513685
22   -0.911227   -0.913759 0.000504397
23   -0.913362   -0.913741 0.000482277
24   -0.920901    -0.91404 0.000549722
25   -0.914104   -0.914042 0.000527281
26   -0.913272   -0.914013 0.000507461
27   -0.912741   -0.913966 0.000490571
28   -0.917034   -0.914075 0.000485259
29   -0.912256   -0.914012  0.00047241
30    -0.91224   -0.913953   0.0004602
31   -0.917536   -0.914069 0.000459866
32   -0.914782   -0.914091 0.000445821
33   -0.910998   -0.913998 0.000442148
34   -0.915861   -0.914052 0.000432433
35   -0.914912   -0.914077 0.000420614
36   -0.913165   -0.914052 0.000409547
37   -0.914886   -0.914074 0.000398963
38   -0.914146   -0.914076 0.000388327
39    -0.91731   -0.914159 0.000387224
40   -0.914174   -0.914159  0.00037742
41    -0.91531   -0.914187 0.000369168
42   -0.911278   -0.914118 0.000366869
43   -0.913643   -0.914107 0.000358405
44   -0.912032    -0.91406 0.000353327
45   -0.913498   -0.914047 0.000345612
46   -0.913144   -0.914028 0.000338585
47   -0.919494   -0.914144 0.000351126
48   -0.914422    -0.91415 0.000343782
49   -0.915424   -0.914176 0.000337696
50   -0.912723   -0.914147 0.000332146
51    -0.91132   -0.914091 0.000330253
52    -0.90724    -0.91396 0.000349617
53   -0.911653   -0.913916 0.000345708
54   -0.914517   -0.913927 0.000339428
55   -0.914174   -0.913932  0.00033323
56   -0.915507    -0.91396 0.000328433
57   -0.916797    -0.91401 0.000326436
58   -0.915526   -0.914036 0.000321822
59   -0.910371   -0.913974 0.000322361
60   -0.915776   -0.914004 0.000318363
61    -0.91084   -0.913952 0.000317367
62   -0.913006   -0.913937 0.000312579
63    -0.91437   -0.913943 0.000307654
64   -0.911365   -0.913903 0.000305477
65      -0.917   -0.913951 0.000304491
66   -0.915522   -0.913975 0.000300785
67   -0.912899   -0.913959 0.000296697
68   -0.918851   -0.914031 0.000301026
69    -0.91423   -0.914033 0.000296645
70   -0.913326   -0.914023 0.000292551
71   -0.917826   -0.914077 0.000293331
72   -0.911907   -0.914047 0.000290794
73   -0.918758   -0.914111 0.000293956
74   -0.920314   -0.914195 0.000301827
75   -0.910354   -0.914144 0.000302149
76   -0.911547    -0.91411 0.000300098
77   -0.916013   -0.914134 0.000297205
78   -0.912768   -0.914117 0.000293892
79   -0.915478   -0.914134 0.000290659
80   -0.910094   -0.914084 0.000291412
81   -0.912046   -0.914059 0.000288889
82   -0.911638   -0.914029 0.000286866
83   -0.918288    -0.91408 0.000287997
84    -0.91389   -0.914078 0.000284557
85   -0.913755   -0.914074 0.000281215
86   -0.912949   -0.914061 0.000278234
87   -0.914269   -0.914064 0.000275027
88   -0.916162   -0.914087 0.000272927
89   -0.914955   -0.914097 0.000270019
90   -0.909427   -0.914045 0.000271997
91    -0.91121   -0.914014 0.000270791
92   -0.916434    -0.91404 0.000269119
93   -0.918304   -0.914086 0.000270129
94    -0.91784   -0.914126 0.000270207
95   -0.914653   -0.914132 0.000267405
96   -0.913379   -0.914124 0.000264721
97   -0.913202   -0.914114  0.00026215
98   -0.913864   -0.914112 0.000259474
99   -0.910194   -0.914072 0.000259871
100   -0.910104   -0.914033 0.000260301
101   -0.911906   -0.914011  0.00025857
102   -0.911707   -0.913989 0.000257018
103   -0.911539   -0.913965 0.000255619
104   -0.913227   -0.913958 0.000253248
105   -0.913722   -0.913956 0.000250835
106   -0.917026   -0.913985  0.00025014
107   -0.914138   -0.913986 0.000247795
108   -0.918141   -0.914025 0.000248486
109   -0.913629   -0.914021 0.000246222
110   -0.913398   -0.914015 0.000244039
111    -0.91345    -0.91401 0.000241884
112   -0.910165   -0.913976 0.000242161
113   -0.915142   -0.913986 0.000240231
114   -0.916594   -0.914009  0.00023921
115   -0.917712   -0.914041 0.000239297
116   -0.911373   -0.914018 0.000238338
117   -0.917722    -0.91405 0.000238402
118   -0.916142   -0.914068 0.000237038
119   -0.914322    -0.91407 0.000235047
120    -0.91231   -0.914055 0.000233541
121   -0.918853   -0.914095 0.000234972
122   -0.915376   -0.914105 0.000233275
123   -0.911082   -0.914081 0.000232673
124   -0.911757   -0.914062 0.000231548
125   -0.914704   -0.914067 0.000229746
126   -0.912854   -0.914057 0.000228118
127   -0.911574   -0.914038 0.000227158
128   -0.913709   -0.914035 0.000225391
129   -0.914126   -0.914036 0.000223638
130   -0.908368   -0.913992 0.000226154
131   -0.917373   -0.914018 0.000225899
132   -0.912467   -0.914007 0.000224489
133   -0.911725   -0.913989 0.000223455
134    -0.91659   -0.914009 0.000222629
135   -0.912379   -0.913997 0.000221303
136   -0.916496   -0.914015 0.000220437
137   -0.913027   -0.914008 0.000218941
138   -0.914242    -0.91401 0.000217355
139   -0.918365   -0.914041 0.000218048
140   -0.913922    -0.91404 0.000216487
141   -0.912101   -0.914026 0.000215386
142   -0.911261   -0.914007 0.000214749
143   -0.909968   -0.913979 0.000215104
144   -0.912989   -0.913972 0.000213715
145   -0.912022   -0.913958 0.000212662
146   -0.915467   -0.913969 0.000211453
147   -0.914189    -0.91397 0.000210015
148   -0.914254   -0.913972   0.0002086
149   -0.912541   -0.913962 0.000207418
150   -0.912616   -0.913953 0.000206226
151   -0.912136   -0.913941 0.000205209
152    -0.91331   -0.913937 0.000203896
153   -0.914651   -0.913942 0.000202613
154   -0.914123   -0.913943 0.000201296
155   -0.912853   -0.913936 0.000200117
156   -0.914416   -0.913939 0.000198854
157    -0.91165   -0.913925 0.000198121
158   -0.911874   -0.913912  0.00019729
159   -0.919659   -0.913948 0.000199351
160   -0.911123    -0.91393 0.000198886
161   -0.914632   -0.913934 0.000197695
162   -0.910528   -0.913913 0.000197592
163   -0.914603   -0.913918 0.000196422
164   -0.914598   -0.913922 0.000195265
165   -0.915725   -0.913933 0.000194385
166   -0.917192   -0.913952 0.000194206
167   -0.914245   -0.913954 0.000193047
168   -0.914088   -0.913955 0.000191896
169   -0.909869   -0.913931 0.000192284
170   -0.911256   -0.913915 0.000191796
171   -0.915024   -0.913921 0.000190781
172   -0.912024    -0.91391 0.000189989
173   -0.912918   -0.913905 0.000188975
174   -0.915128   -0.913912 0.000188017
175   -0.913462   -0.913909 0.000186957
176    -0.91239   -0.913901 0.000186092
177   -0.914387   -0.913903 0.000185058
178   -0.914101   -0.913904 0.000184019
179   -0.914974    -0.91391 0.000183086
180   -0.912654   -0.913903 0.000182199
181   -0.911195   -0.913888 0.000181807
182    -0.90968   -0.913865 0.000182278
183   -0.913133   -0.913861 0.000181323
184   -0.912899   -0.913856 0.000180411
185   -0.908576   -0.913828 0.000181688
186   -0.915707   -0.913838 0.000180991
187     -0.9184   -0.913862 0.000181667
188   -0.912781   -0.913856 0.000180789
189   -0.916069   -0.913868 0.000180211
190   -0.908515    -0.91384  0.00018146
191   -0.915622   -0.913849 0.000180749
192   -0.911186   -0.913835 0.000180339
193   -0.916974   -0.913852 0.000180138
194   -0.914477   -0.913855 0.000179236
195   -0.911718   -0.913844 0.000178651
196    -0.91511    -0.91385 0.000177854
197   -0.914173   -0.913852 0.000176957
198   -0.915091   -0.913858 0.000176172
199   -0.916194    -0.91387 0.000175677
200   -0.913397   -0.913868 0.000174812
1    -0.91357    -0.91357           0
2   -0.911082   -0.912326    0.001244
3   -0.913085   -0.912579 0.000761504
4   -0.916544    -0.91357  0.00112813
5   -0.914067   -0.913669 0.000879488
6   -0.913019   -0.913561 0.000726231
7   -0.913538   -0.913558 0.000613786
8    -0.91313   -0.913504 0.000534242
9   -0.912814   -0.913428  0.00047735
10   -0.913808   -0.913466 0.000428646
11   -0.915867   -0.913684 0.000444969
12   -0.916146   -0.913889 0.000455061
13   -0.915216   -0.913991  0.00043086
14   -0.913446   -0.913952 0.000400792
15   -0.913875   -0.913947 0.000373153
16    -0.90975   -0.913685 0.000436618
17   -0.915957   -0.913818 0.000431357
18   -0.909208   -0.913562 0.000480625
19   -0.917469   -0.913768 0.000498957
20   -0.911734   -0.913666 0.000484149
21   -0.918349   -0.913889  0.00051166
22   -0.911162   -0.913765 0.000503357
23    -0.91335   -0.913747 0.000481312
24   -0.920904   -0.914045 0.000548889
25    -0.91409   -0.914047 0.000526479
26   -0.913358   -0.914021 0.000506518
27   -0.912875   -0.913978  0.00048924
28   -0.917126   -0.914091 0.000484665
29   -0.912134   -0.914023 0.000472494
30    -0.91213    -0.91396 0.000460816
31   -0.917526   -0.914075 0.000460311
32   -0.914794   -0.914098 0.000446259
33   -0.911022   -0.914004  0.00044245
34   -0.915904    -0.91406  0.00043286
35   -0.914872   -0.914083  0.00042095
36   -0.913184   -0.914058 0.000409852
37   -0.914963   -0.914083 0.000399371
38   -0.914192   -0.914086 0.000388729
39   -0.917355    -0.91417   0.0003878
40   -0.914155   -0.914169 0.000377981
41   -0.915226   -0.914195 0.000369546
42   -0.911237   -0.914125 0.000367453
43   -0.913806   -0.914117 0.000358883
44      -0.912   -0.914069 0.000353918
45   -0.913499   -0.914056 0.000346195
46   -0.913115   -0.914036 0.000339203
47   -0.919354   -0.914149 0.000350662
48   -0.914346   -0.914153 0.000343303
49   -0.915398   -0.914179 0.000337183
50   -0.912819   -0.914151 0.000331487
51   -0.911429   -0.914098 0.000329279
52   -0.907186   -0.913965 0.000349178
53   -0.911642   -0.913921  0.00034532
54   -0.914496   -0.913932 0.000339032
55   -0.914122   -0.913935 0.000332829
56    -0.91561   -0.913965 0.000328196
57   -0.916781   -0.914015 0.000326149
58   -0.915485    -0.91404 0.000321477
59   -0.910432   -0.913979 0.000321844
60   -0.915768   -0.914009 0.000317837
61   -0.910773   -0.913956 0.000317052
62   -0.912973    -0.91394 0.000312299
63   -0.914339   -0.913946 0.000307367
64   -0.911326   -0.913905 0.000305283
65   -0.917005   -0.913953  0.00030431
66   -0.915581   -0.913978 0.000300677
67   -0.912821    -0.91396 0.000296658
68   -0.918803   -0.914031 0.000300815
69   -0.914267   -0.914035 0.000296443
70   -0.913355   -0.914025 0.000292339
71   -0.917808   -0.914078 0.000293075
72   -0.911931   -0.914049 0.000290511
73   -0.918635   -0.914111 0.000293312
74   -0.920358   -0.914196 0.000301385
75   -0.910272   -0.914144 0.000301908
76   -0.911669   -0.914111 0.000299683
77   -0.915931   -0.914135 0.000296709
78   -0.912723   -0.914117 0.000293438
79   -0.915608   -0.914135 0.000290315
80   -0.910184   -0.914086 0.000290887
81   -0.912083   -0.914061 0.000288335
82   -0.911502    -0.91403 0.000286502
83   -0.918306   -0.914082 0.000287679
84   -0.913886   -0.914079 0.000284243
85    -0.91377   -0.914076 0.000280902
86   -0.913024   -0.914063 0.000277886
87    -0.91419   -0.914065 0.000274677
88   -0.916066   -0.914088 0.000272488
89   -0.914912   -0.914097 0.000269568
90   -0.909485   -0.914046 0.000271438
91   -0.911214   -0.914015 0.000270235
92   -0.916358    -0.91404 0.000268493
93    -0.91833   -0.914086 0.000269566
94   -0.917925   -0.914127 0.000269791
95   -0.914563   -0.914132 0.000266976
96    -0.91336   -0.914124 0.000264302
97   -0.913147   -0.914113 0.000261757
98   -0.913808    -0.91411 0.000259091
99   -0.910258   -0.914071 0.000259396
100    -0.91005   -0.914031  0.00025992
101   -0.911914    -0.91401 0.000258186
102   -0.911803   -0.913989 0.000256556
103   -0.911587   -0.913965 0.000255121
104   -0.913157   -0.913958 0.000252775
105   -0.913661   -0.913955 0.000250372
106   -0.917037   -0.913984 0.000249698
107   -0.914077   -0.913985 0.000247355
108   -0.918059   -0.914022 0.000247941
109   -0.913674   -0.914019 0.000245677
110   -0.913435   -0.914014 0.000243491
111   -0.913405   -0.914008  0.00024135
112   -0.910333   -0.913976 0.000241426
113   -0.915128   -0.913986 0.000239497
114   -0.916528   -0.914008 0.000238432
115   -0.917672    -0.91404 0.000238487
116   -0.911312   -0.914016 0.000237589
117   -0.917702   -0.914048 0.000237647
118   -0.916094   -0.914065 0.000236262
119   -0.914245   -0.914067 0.000234273
120    -0.91231   -0.914052 0.000232773
121   -0.918941   -0.914093 0.000234351
122   -0.915363   -0.914103 0.000232655
123   -0.911162   -0.914079 0.000231991
124   -0.911763    -0.91406  0.00023087
125   -0.914765   -0.914066 0.000229085
126   -0.912949   -0.914057 0.000227432
127   -0.911696   -0.914039 0.000226399
128   -0.913773   -0.914036 0.000224633
129   -0.914163   -0.914037 0.000222887
130    -0.90833   -0.913994 0.000225482
131   -0.917346   -0.914019 0.000225212
132   -0.912394   -0.914007 0.000223838
133   -0.911715    -0.91399 0.000222816
134   -0.916496   -0.914008 0.000221937
135   -0.912574   -0.913998 0.000220543
136   -0.916656   -0.914017 0.000219786
137   -0.913066    -0.91401 0.000218286
138   -0.914227   -0.914012 0.000216704
139   -0.918251   -0.914042 0.000217291
140   -0.913894   -0.914041 0.000215736
141   -0.912114   -0.914028 0.000214636
142   -0.911104   -0.914007 0.000214111
143   -0.909904   -0.913978 0.000214536
144   -0.912938   -0.913971 0.000213164
145   -0.911942   -0.913957  0.00021215
146   -0.915557   -0.913968 0.000210977
147   -0.914227    -0.91397 0.000209544
148   -0.914296   -0.913972 0.000208135
149    -0.91259   -0.913963 0.000206941
150   -0.912568   -0.913953 0.000205767
151    -0.91219   -0.913942 0.000204733
152   -0.913298   -0.913938 0.000203426
153   -0.914643   -0.913942 0.000202145
154   -0.914165   -0.913944 0.000200833
155   -0.912725   -0.913936 0.000199688
156   -0.914328   -0.913938  0.00019842
157    -0.91168   -0.913924 0.000197676
158   -0.911869   -0.913911 0.000196851
159   -0.919672   -0.913947 0.000198937
160   -0.911154    -0.91393 0.000198459
161   -0.914803   -0.913935 0.000197297
162   -0.910544   -0.913914 0.000197189
163   -0.914538   -0.913918 0.000196013
164    -0.91455   -0.913922 0.000194853
165   -0.915686   -0.913932 0.000193963
166   -0.917267   -0.913953 0.000193835
167   -0.914254   -0.913954 0.000192679
168   -0.914133   -0.913955 0.000191532
169   -0.909869   -0.913931 0.000191925
170   -0.911214   -0.913915  0.00019146
171   -0.914994   -0.913922 0.000190442
172   -0.911957    -0.91391 0.000189676
173   -0.912928   -0.913904 0.000188662
174   -0.915075   -0.913911 0.000187695
175   -0.913632    -0.91391 0.000186626
176   -0.912381   -0.913901 0.000185766
177   -0.914376   -0.913904 0.000184733
178   -0.914077   -0.913905 0.000183695
179   -0.914928    -0.91391 0.000182755
180   -0.912643   -0.913903 0.000181873
181   -0.911126   -0.913888 0.000181515
182   -0.909714   -0.913865 0.000181966
183   -0.913128   -0.913861 0.000181014
184   -0.912912   -0.913856 0.000180101
185   -0.908603   -0.913827 0.000181361
186   -0.915747   -0.913838 0.000180679
187    -0.91816   -0.913861  0.00018119
188   -0.912757   -0.913855  0.00018032
189   -0.915894   -0.913866 0.000179687
190    -0.90857   -0.913838   0.0001809
191   -0.915834   -0.913848 0.000180253
192   -0.911157   -0.913834 0.000179859
193   -0.916934    -0.91385 0.000179644
194   -0.914334   -0.913853 0.000178733
195    -0.91173   -0.913842 0.000178147
196   -0.915082   -0.913848 0.000177349
197   -0.914299   -0.913851 0.000176461
198   -0.915131   -0.913857 0.000175687
199   -0.916213   -0.913869 0.000175202
200   -0.913403   -0.913867 0.000174339
