1    0.336765    0.336765           0
2    0.332949    0.334857  0.00190828
3    0.336814    0.335509  0.00128033
4    0.339532    0.336515  0.00135317
5    0.337869    0.336786  0.00108256
6    0.335166    0.336516 0.000924225
7    0.331947    0.335863  0.00101794
8    0.337228    0.336034 0.000897925
9    0.341331    0.336622 0.000986692
10    0.344701     0.33743  0.00119647
11      0.3373    0.337418  0.00108231
12    0.343198      0.3379  0.00109914
13    0.334789    0.337661    0.001039
14    0.341975    0.337969  0.00101009
15     0.33743    0.337933 0.000941031
16     0.34417    0.338323 0.000962718
17    0.332486    0.337979 0.000967295
18    0.335335    0.337832 0.000923734
19     0.33438    0.337651 0.000892456
20    0.339343    0.337735 0.000850875
21    0.335053    0.337608 0.000819364
22    0.339564    0.337697 0.000786279
23    0.337815    0.337702 0.000751333
24    0.340696    0.337826 0.000730083
25    0.340027    0.337914 0.000705783
26    0.339068    0.337959 0.000679545
27    0.336609    0.337909 0.000655799
28    0.333621    0.337756 0.000650237
29    0.338398    0.337778 0.000627806
30    0.334817    0.337679 0.000614497
31    0.339436    0.337736 0.000597041
32    0.340547    0.337824 0.000584722
33    0.335636    0.337757 0.000570592
34    0.336512    0.337721 0.000554767
35     0.33726    0.337708 0.000538844
36    0.338115    0.337719 0.000523785
37     0.33861    0.337743 0.000510001
38    0.342144    0.337859 0.000509728
39    0.339655    0.337905 0.000498619
40    0.338912     0.33793 0.000486646
41     0.33488    0.337856 0.000480421
42    0.342122    0.337957 0.000479723
43    0.342398    0.338061 0.000479685
44     0.33928    0.338088 0.000469475
45    0.336368     0.33805 0.000460512
46    0.338802    0.338066 0.000450686
47    0.336661    0.338036 0.000442006
48    0.335179    0.337977 0.000436775
49    0.334573    0.337907 0.000433373
50    0.335604    0.337861  0.00042711
51    0.337101    0.337846 0.000418917
52    0.333742    0.337768 0.000418298
53    0.346074    0.337924 0.000439242
54    0.340152    0.337965 0.000433001
55    0.339258    0.337989 0.000425705
56    0.336293    0.337959 0.000419129
57     0.33393    0.337888 0.000417734
58    0.342832    0.337973 0.000419226
59     0.34337    0.338065 0.000422092
60    0.335674    0.338025 0.000416905
61    0.336506       0.338 0.000410769
62    0.337612    0.337994 0.000404138
63    0.336647    0.337972 0.000398246
64    0.336386    0.337948 0.000392757
65    0.341027    0.337995  0.00038956
66    0.343204    0.338074 0.000391648
67    0.339551    0.338096 0.000386388
68    0.336196    0.338068 0.000381688
69    0.334431    0.338015 0.000379791
70    0.335464    0.337979 0.000376097
71    0.340945    0.338021 0.000373109
72    0.339369    0.338039 0.000368366
73    0.334487    0.337991 0.000366531
74    0.333933    0.337936 0.000365678
75    0.336777     0.33792   0.0003611
76    0.335172    0.337884 0.000358148
77    0.339092      0.3379 0.000353814
78    0.338101    0.337902 0.000349258
79    0.342234    0.337957 0.000349141
80    0.338405    0.337963 0.000344795
81    0.342158    0.338015 0.000344427
82    0.339654    0.338035 0.000340788
83    0.339986    0.338058 0.000337476
84    0.337225    0.338048 0.000333582
85    0.340448    0.338077 0.000330841
86    0.339311    0.338091 0.000327286
87    0.337868    0.338088 0.000323513
88    0.337733    0.338084 0.000319841
89    0.341555    0.338123 0.000318622
90    0.337341    0.338115 0.000315181
91    0.334258    0.338072 0.000314566
92    0.337882     0.33807 0.000311135
93    0.345716    0.338152 0.000318561
94    0.340452    0.338177 0.000316102
95      0.3364    0.338158 0.000313316
96    0.335584    0.338131 0.000311193
97    0.341718    0.338168 0.000310179
98    0.338929    0.338176 0.000307096
99    0.335712    0.338151 0.000304995
100    0.333653    0.338106 0.000305263
101    0.335559    0.338081 0.000303275
102     0.33799     0.33808 0.000300289
103    0.341395    0.338112 0.000299095
104    0.339215    0.338123 0.000296395
105    0.340838    0.338149 0.000294695
106    0.336618    0.338134 0.000292259
107    0.339029    0.338143 0.000289635
108     0.34163    0.338175 0.000288752
109    0.338841    0.338181 0.000286156
110    0.337021     0.33817 0.000283738
111    0.336706    0.338157  0.00028148
112    0.335418    0.338133 0.000280025
113    0.342529    0.338172  0.00028025
114    0.343295    0.338217 0.000281392
115    0.336343      0.3382  0.00027941
116    0.337962    0.338198 0.000276998
117    0.340558    0.338218  0.00027536
118    0.340057    0.338234 0.000273461
119    0.340326    0.338252 0.000271723
120    0.337233    0.338243 0.000269582
121    0.335128    0.338217 0.000268582
122    0.337418    0.338211 0.000266452
123    0.338134     0.33821 0.000264277
124    0.340823    0.338231 0.000262983
125    0.340319    0.338248 0.000261404
126    0.339199    0.338256 0.000259431
127    0.338314    0.338256 0.000257381
128    0.337435     0.33825 0.000255443
129    0.336183    0.338234 0.000253961
130    0.340379     0.33825 0.000252539
131     0.33918    0.338257 0.000250705
132    0.340306    0.338273 0.000249282
133    0.334381    0.338243 0.000249125
134    0.340945    0.338264 0.000248079
135    0.336531    0.338251 0.000246568
136    0.336488    0.338238 0.000245092
137    0.330211    0.338179 0.000250251
138    0.341236    0.338201 0.000249417
139    0.336723    0.338191 0.000247844
140    0.336847    0.338181 0.000246255
141    0.333699    0.338149  0.00024656
142     0.33859    0.338152 0.000244837
143    0.337451    0.338148 0.000243168
144    0.337481    0.338143 0.000241518
145     0.34128    0.338165  0.00024082
146    0.339451    0.338173 0.000239327
147    0.340215    0.338187 0.000238099
148    0.338685    0.338191 0.000236509
149     0.34016    0.338204 0.000235288
150    0.336018    0.338189 0.000234168
151    0.336998    0.338181 0.000232745
152    0.338245    0.338182 0.000231209
153    0.342524     0.33821  0.00023144
154    0.334088    0.338183 0.000231485
155    0.338493    0.338185 0.000229995
156    0.338143    0.338185 0.000228516
157    0.336348    0.338173 0.000227357
158    0.339476    0.338182 0.000226064
159    0.335735    0.338166 0.000225164
160    0.341504    0.338187 0.000224723
161     0.34069    0.338203 0.000223863
162    0.338273    0.338203 0.000222477
163    0.335767    0.338188 0.000221613
164    0.330798    0.338143  0.00022482
165    0.336102    0.338131 0.000223795
166    0.340889    0.338147 0.000223063
167    0.337467    0.338143  0.00022176
168    0.335795    0.338129 0.000220879
169    0.334183    0.338106 0.000220807
170    0.336521    0.338097 0.000219702
171    0.336946     0.33809 0.000218517
172    0.341106    0.338107  0.00021795
173    0.340387    0.338121 0.000217086
174    0.341668    0.338141 0.000216796
175    0.339591    0.338149 0.000215713
176     0.34237    0.338173  0.00021582
177    0.341838    0.338194 0.000215594
178    0.339986    0.338204 0.000214615
179    0.340231    0.338215 0.000213713
180    0.334625    0.338195 0.000213456
181     0.33819    0.338195 0.000212274
182    0.334886    0.338177 0.000211886
183    0.338941    0.338181 0.000210766
184    0.338484    0.338183 0.000209624
185    0.333926     0.33816 0.000209754
186    0.339159    0.338165 0.000208692
187    0.339372    0.338172 0.000207674
188    0.333577    0.338147 0.000208007
189    0.333207    0.338121 0.000208548
190    0.332052    0.338089 0.000209893
191    0.337178    0.338085 0.000208845
192    0.337527    0.338082 0.000207775
193    0.336709    0.338075 0.000206818
194    0.337946    0.338074  0.00020575
195    0.338752    0.338077 0.000204722
196    0.342358    0.338099 0.000204842
197    0.333683    0.338077 0.000205029
198    0.335639    0.338064 0.000204362
199    0.339702    0.338073 0.000203499
200    0.338742    0.338076 0.000202507
1     0.33817     0.33817           0
2    0.331658    0.334914  0.00325618
3      0.3381    0.335976  0.00215914
4    0.339521    0.336862  0.00176537
5    0.334661    0.336422   0.0014366
6    0.337539    0.336608  0.00118766
7    0.332074     0.33596  0.00119463
8    0.338678      0.3363  0.00108893
9    0.342245    0.336961  0.00116557
10    0.346221    0.337887   0.0013944
11    0.335457    0.337666  0.00128048
12    0.343655    0.338165  0.00127101
13    0.334449    0.337879  0.00120359
14    0.341058    0.338106  0.00113721
15    0.337883    0.338091  0.00105879
16    0.343951    0.338458  0.00105594
17    0.334747    0.338239  0.00101561
18    0.335126    0.338066 0.000973023
19    0.336737    0.337996 0.000923044
20    0.342002    0.338197 0.000898291
21    0.335412    0.338064 0.000864671
22    0.337861    0.338055 0.000824483
23    0.338495    0.338074 0.000788052
24    0.340617     0.33818 0.000761906
25    0.340839    0.338286 0.000738493
26    0.339084    0.338317 0.000710184
27    0.337614    0.338291 0.000683871
28       0.334    0.338138  0.00067658
29    0.340829     0.33823 0.000659397
30    0.336766    0.338182 0.000638906
31    0.339681     0.33823 0.000619843
32    0.339773    0.338278 0.000602094
33    0.338151    0.338274 0.000583576
34    0.334234    0.338156 0.000578487
35    0.335084    0.338068  0.00056853
36     0.33905    0.338095 0.000553184
37     0.34163    0.338191 0.000546445
38    0.340612    0.338254 0.000535672
39    0.335828    0.338192 0.000525453
40    0.339665    0.338229 0.000513472
41    0.332418    0.338087  0.00052046
42    0.341476    0.338168 0.000514287
43    0.340372    0.338219 0.000504793
44    0.340942    0.338281 0.000497055
45    0.336565    0.338243 0.000487378
46    0.339756    0.338276 0.000477798
47    0.338231    0.338275 0.000467523
48    0.336176    0.338231 0.000459763
49     0.33572     0.33818 0.000453189
50    0.332771    0.338072 0.000457021
51     0.33506    0.338013 0.000451846
52    0.332705    0.337911 0.000454674
53    0.343894    0.338023 0.000460078
54    0.340205    0.338064 0.000453281
55    0.341847    0.338133 0.000450249
56    0.338041    0.338131 0.000442139
57    0.331828     0.33802 0.000448168
58    0.340074    0.338056 0.000441794
59    0.345074    0.338175 0.000450239
60    0.338615    0.338182 0.000442732
61    0.334534    0.338122 0.000439502
62    0.336514    0.338096 0.000433133
63    0.336213    0.338066  0.00042725
64    0.336133    0.338036 0.000421606
65    0.338718    0.338047 0.000415201
66     0.34285     0.33812 0.000415289
67    0.339263    0.338137 0.000409399
68    0.336644    0.338115 0.000403931
69    0.334368     0.33806 0.000401721
70     0.33577    0.338028  0.00039729
71    0.341479    0.338076  0.00039466
72    0.340724    0.338113 0.000390873
73    0.333526     0.33805  0.00039057
74    0.333341    0.337987 0.000390476
75    0.335439    0.337953 0.000386728
76       0.332    0.337874 0.000389561
77    0.340334    0.337906 0.000385794
78    0.336589    0.337889  0.00038119
79    0.341846    0.337939 0.000379652
80    0.341725    0.337987  0.00037785
81    0.343448    0.338054 0.000379198
82    0.337724     0.33805 0.000374567
83    0.337339    0.338042 0.000370126
84    0.340877    0.338075 0.000367247
85    0.341283    0.338113 0.000364858
86    0.336719    0.338097 0.000360954
87    0.337603    0.338091 0.000356826
88    0.340338    0.338117 0.000353671
89    0.337896    0.338114 0.000349684
90    0.337573    0.338108 0.000345829
91    0.333135    0.338054 0.000346347
92    0.335621    0.338027  0.00034358
93    0.345097    0.338103 0.000348265
94    0.340523    0.338129   0.0003455
95    0.336788    0.338115 0.000342135
96    0.336915    0.338102 0.000338783
97     0.33625    0.338083 0.000335815
98    0.337688    0.338079 0.000332395
99    0.334206     0.33804 0.000331339
100    0.333303    0.337993 0.000331412
101    0.334587    0.337959 0.000329842
102    0.338464    0.337964  0.00032663
103    0.340952    0.337993 0.000324741
104    0.338789    0.338001 0.000321694
105    0.342294    0.338041 0.000321229
106    0.334696     0.33801 0.000319746
107    0.341106    0.338039 0.000318063
108    0.339389    0.338051 0.000315352
109    0.338702    0.338057 0.000312502
110    0.334395    0.338024 0.000311433
111    0.337035    0.338015 0.000308743
112     0.33614    0.337998 0.000306431
113     0.34162     0.33803 0.000305394
114    0.340948    0.338056 0.000303783
115    0.331643       0.338  0.00030625
116    0.337326    0.337994 0.000303654
117    0.339347    0.338006 0.000301269
118     0.33937    0.338018 0.000298929
119    0.344408    0.338071 0.000301232
120    0.336126    0.338055  0.00029915
121    0.339945    0.338071 0.000297078
122    0.339489    0.338082 0.000294863
123    0.337317    0.338076 0.000292522
124     0.34141    0.338103 0.000291396
125     0.34123    0.338128 0.000290136
126    0.336268    0.338113 0.000288203
127    0.339919    0.338127 0.000286278
128    0.339089    0.338135 0.000284132
129     0.33889    0.338141 0.000281981
130    0.340267    0.338157 0.000280282
131    0.339883     0.33817 0.000278446
132    0.340001    0.338184 0.000276676
133    0.334435    0.338156 0.000276031
134    0.339672    0.338167 0.000274197
135    0.336261    0.338153 0.000272525
136     0.33645    0.338141 0.000270803
137    0.333452    0.338106 0.000270989
138    0.338798    0.338111 0.000269065
139    0.336944    0.338103 0.000267254
140    0.338313    0.338105 0.000265342
141    0.336001     0.33809 0.000263876
142    0.337319    0.338084 0.000262067
143    0.337003    0.338077 0.000260338
144    0.334517    0.338052 0.000259703
145     0.34112    0.338073 0.000258772
146    0.338781    0.338078 0.000257039
147    0.340257    0.338093 0.000255715
148    0.335528    0.338075 0.000254572
149    0.340401    0.338091 0.000253339
150    0.336186    0.338078 0.000251964
151    0.335635    0.338062 0.000250812
152    0.337907    0.338061 0.000249159
153    0.342353    0.338089  0.00024911
154    0.333947    0.338062 0.000248944
155    0.338439    0.338065 0.000247345
156    0.337885    0.338064 0.000245757
157    0.337598    0.338061 0.000244205
158    0.339367    0.338069 0.000242795
159    0.334856    0.338049 0.000242108
160    0.342281    0.338075  0.00024204
161    0.340123    0.338088 0.000240868
162    0.336872     0.33808 0.000239494
163     0.33706    0.338074 0.000238103
164    0.332247    0.338039 0.000239299
165    0.338063    0.338039 0.000237844
166    0.341255    0.338058   0.0002372
167    0.336716     0.33805 0.000235912
168    0.336891    0.338043 0.000234605
169    0.334814    0.338024 0.000233994
170    0.338537    0.338027 0.000232633
171    0.333482       0.338 0.000232791
172    0.337186    0.337996 0.000231482
173    0.343315    0.338026 0.000232184
174    0.342414    0.338052 0.000232219
175    0.338509    0.338054 0.000230903
176    0.340118    0.338066 0.000229887
177    0.340425    0.338079 0.000228972
178    0.339214    0.338086 0.000227772
179    0.340065    0.338097 0.000226765
180    0.334167    0.338075 0.000226556
181    0.340594    0.338089 0.000225731
182    0.332259    0.338057  0.00022676
183      0.3377    0.338055 0.000225526
184    0.339785    0.338064 0.000224494
185    0.332102    0.338032 0.000225592
186      0.3414     0.33805 0.000225105
187     0.33551    0.338037  0.00022431
188    0.331484    0.338002 0.000225819
189    0.335043    0.337986 0.000225166
190    0.334855     0.33797 0.000224583
191    0.338928    0.337975  0.00022346
192    0.338394    0.337977 0.000222304
193    0.339015    0.337982 0.000221215
194    0.335233    0.337968 0.000220527
195    0.336577    0.337961 0.000219509
196    0.340286    0.337973 0.000218709
197    0.331729    0.337941 0.000219892
198    0.336764    0.337935 0.000218859
199    0.341609    0.337954 0.000218538
200    0.339744    0.337963 0.000217626
