1     5.71608    0.114322           0
2     3.97432    0.096904   0.0174176
3      4.7612    0.096344   0.0100716
4     4.83316   0.0964238  0.00712217
5     4.70288   0.0959506  0.00553707
6     4.96368   0.0965044   0.0045548
7      4.5528   0.0957261   0.0039274
8      4.1378   0.0941048  0.00376787
9      4.2528   0.0930994  0.00347172
10     4.79792   0.0933853  0.00311834
11     4.00808   0.0921831  0.00306614
12     5.23396   0.0932245  0.00298642
13      4.4416   0.0928866  0.00276781
14     4.15264   0.0921842  0.00265702
15     4.29228   0.0917616  0.00250939
16     5.49752   0.0928984  0.00260811
17     4.29952    0.092492  0.00248336
18     5.36032   0.0933095  0.00247994
19     4.55884   0.0931973  0.00234847
20     4.60128   0.0931387  0.00222872
21     4.33684   0.0928338  0.00214175
22     4.29348   0.0925173  0.00206647
23     4.00544   0.0919778  0.00204695
24     4.27952   0.0917116   0.0019778
25     4.54852    0.091682  0.00189727
26     4.50908   0.0916243  0.00182375
27     4.47016    0.091542  0.00175683
28     4.67872   0.0916146  0.00169448
29     4.63924    0.091655   0.0016355
30     4.56848   0.0916454  0.00158007
31     4.96156   0.0918901  0.00154772
32     4.87968   0.0920684  0.00150914
33      4.2032   0.0918258  0.00148266
34      3.9354     0.09144  0.00148924
35     4.33328   0.0913036  0.00145249
36     4.87284   0.0914745  0.00142187
37     5.02908   0.0917206  0.00140464
38      5.0898   0.0919858  0.00139265
39       5.227   0.0923077  0.00139415
40      3.8266   0.0919133  0.00141492
41     4.42908    0.091832  0.00138237
42      5.0166   0.0920344  0.00136415
43     4.51752   0.0919953  0.00133262
44     4.69472   0.0920384   0.0013027
45     4.52352   0.0920036   0.0012739
46        4.42   0.0919252  0.00124836
47     4.40624   0.0918444  0.00122418
48     4.89472   0.0919704  0.00120502
49     4.69924   0.0920115  0.00118088
50     4.92972   0.0921432  0.00116449
51     4.81764   0.0922257  0.00114441
52     5.19088   0.0924486  0.00114412
53      5.5058    0.092782  0.00117078
54     4.36648    0.092681  0.00115332
55      4.8908   0.0927744    0.001136
56     4.71864   0.0928029   0.0011159
57     3.74596   0.0924892  0.00114016
58     4.28912   0.0923735  0.00112628
59      5.1902   0.0925673  0.00112385
60     5.16644   0.0927466  0.00111943
61     4.58376   0.0927291  0.00110106
62     3.59384   0.0923927  0.00113417
63     4.32568   0.0922994  0.00111992
64      3.8942   0.0920742  0.00112506
65     4.97392   0.0921881  0.00111346
66     4.85392   0.0922622  0.00109896
67     4.48568   0.0922242   0.0010831
68     4.33688   0.0921435   0.0010701
69     4.14988   0.0920109  0.00106277
70     4.00684   0.0918413  0.00106113
71     4.82876    0.091908   0.0010482
72     4.28228    0.091821  0.00103719
73     4.73916   0.0918616  0.00102369
74     4.72296   0.0918967  0.00101037
75     4.25576   0.0918063   0.0010009
76     4.77588   0.0918551 0.000988849
77     4.82684   0.0919159 0.000977815
78     4.74832    0.091955 0.000965989
79     5.12576   0.0920887 0.000963006
80     4.60368   0.0920885 0.000950892
81     4.19976   0.0919886  0.00094438
82        4.77   0.0920302 0.000933719
83     4.13116   0.0919168 0.000929338
84     4.08936   0.0917962 0.000926092
85     4.83172   0.0918532 0.000916901
86     4.83992   0.0919107 0.000907999
87     4.85592   0.0919705 0.000899496
88     4.46928   0.0919411   0.0008897
89     4.56704   0.0919344 0.000879673
90     4.84764   0.0919902 0.000871629
91     4.73592   0.0920201 0.000862519
92     5.34096    0.092181 0.000868125
93     5.12892   0.0922928 0.000865987
94     4.80992   0.0923343 0.000857732
95      4.5242   0.0923149 0.000848879
96     5.61036   0.0925221  0.00086517
97     4.88024   0.0925745 0.000857806
98     4.80772    0.092611 0.000849793
99     4.49736   0.0925841 0.000841596
100     4.14972   0.0924882 0.000838639
101     4.82724   0.0925284 0.000831265
102     4.50392   0.0925044 0.000823425
103     4.46324   0.0924729 0.000815998
104     4.22788   0.0923968  0.00081169
105     4.75612   0.0924228 0.000804341
106     4.46548   0.0923934 0.000797258
107     4.58644   0.0923872 0.000789796
108     5.03308   0.0924638 0.000786191
109      4.8974   0.0925141 0.000780568
110     5.23312   0.0926245 0.000781285
111     4.97292   0.0926861 0.000776658
112     5.09876    0.092769 0.000774148
113     4.35228   0.0927184 0.000768936
114      4.3954   0.0926762 0.000763329
115     4.49824   0.0926526 0.000757029
116     4.79828   0.0926812 0.000751018
117     4.73724   0.0926988  0.00074478
118      4.2688   0.0926368 0.000741045
119      4.9078   0.0926831 0.000736253
120     4.59652   0.0926769 0.000730119
121     4.16064   0.0925987 0.000728272
122     5.23664   0.0926981 0.000729094
123     5.19848   0.0927897 0.000728925
124      4.4524   0.0927596 0.000723652
125      4.2574   0.0926987 0.000720418
126      4.3268   0.0926498 0.000716349
127     4.69124    0.092659 0.000710746
128     4.37592   0.0926189 0.000706314
129     4.34244   0.0925741 0.000702244
130     4.70476   0.0925858 0.000696919
131     4.94932   0.0926347 0.000693302
132     4.83072   0.0926648  0.00068869
133      4.7954   0.0926892 0.000683927
134     4.33976   0.0926452 0.000680228
135     4.61412   0.0926426 0.000675176
136     4.95752   0.0926904 0.000671899
137      5.3916   0.0928009 0.000676072
138     4.65772   0.0928035  0.00067116
139     4.70808   0.0928133 0.000666385
140      4.7042   0.0928223  0.00066167
141       5.139    0.092893 0.000660746
142     3.97848   0.0927991 0.000662751
143     4.50016   0.0927796 0.000658391
144       4.508   0.0927614 0.000654056
145     5.17404   0.0928353 0.000653723
146      5.4162   0.0929414  0.00065784
147     5.02176   0.0929924 0.000655336
148      4.6512   0.0929926 0.000650893
149     4.90552   0.0930269 0.000647421
150       3.985   0.0929381 0.000649199
151     4.79256   0.0929574 0.000645174
152       4.704   0.0929648 0.000640958
153     4.83024   0.0929886 0.000637199
154      4.3584   0.0929508 0.000634175
155      4.1012   0.0928803 0.000634002
156     4.93128   0.0929171    0.000631
157     4.57128   0.0929076  0.00062704
158     4.62332   0.0929048 0.000623065
159     5.11856   0.0929643  0.00062199
160     5.08192   0.0930186 0.000620463
161      4.6156   0.0930142 0.000616613
162     4.84936   0.0930387 0.000613286
163     4.48692   0.0930184 0.000609848
164     4.61208   0.0930137 0.000606136
165      4.7464   0.0930253 0.000602563
166     4.73724   0.0930357 0.000599012
167     4.56344   0.0930251 0.000595508
168     4.03908   0.0929522 0.000596422
169      4.7212   0.0929609 0.000592947
170     4.21756   0.0929103  0.00059162
171      4.7694   0.0929248 0.000588329
172     4.87252   0.0929511  0.00058549
173     4.44856   0.0929281  0.00058255
174     4.90488   0.0929578 0.000579954
175      3.9918   0.0928828 0.000581485
176     4.12272   0.0928235   0.0005812
177     4.18692   0.0927722 0.000580182
178     4.87872   0.0927992 0.000577543
179     4.66188   0.0928016 0.000574313
180     4.34388   0.0927687 0.000572061
181     4.21512    0.092722 0.000570812
182      4.9486   0.0927563 0.000568704
183     3.93332   0.0926793 0.000570805
184     5.19416   0.0927402  0.00057095
185     4.16412   0.0926891 0.000570152
186     3.64628   0.0925828 0.000576947
187     4.30192   0.0925478  0.00057492
188     4.99496   0.0925869 0.000573189
189     4.61016   0.0925849 0.000570152
190     4.82504   0.0926055 0.000567518
191     4.35064   0.0925762 0.000565297
192     5.37452   0.0926539 0.000567685
193     4.57008   0.0926474 0.000564773
194     3.79112   0.0925607 0.000568508
195      4.4094   0.0925383  0.00056603
196     4.50504   0.0925258 0.000563272
197      4.2208   0.0924847 0.000561915
198     4.51828    0.092474 0.000559173
199     4.10264   0.0924216 0.000558815
200     5.34688   0.0924942 0.000560731
1     5.71772    0.114354           0
2     3.98636   0.0970408   0.0173136
3     4.75888   0.0964197   0.0100153
4     4.84744    0.096552  0.00708311
5       4.706   0.0960656  0.00550807
6     4.97776   0.0966472  0.00453477
7     4.55096   0.0958432  0.00391601
8     4.13304   0.0941954  0.00377049
9     4.23848   0.0931481  0.00348629
10     4.80276   0.0934388  0.00313175
11     4.02308   0.0922591  0.00306862
12     5.23904   0.0933025  0.00298929
13     4.42324   0.0929304  0.00277482
14     4.14492   0.0922138  0.00266705
15     4.28352   0.0917776  0.00252091
16     5.50148   0.0929183  0.00261953
17     4.29404   0.0925044   0.0024952
18     5.34832   0.0933078  0.00248592
19     4.56728   0.0932045  0.00235371
20     4.58212   0.0931264  0.00223429
21     4.34108   0.0928262  0.00214633
22     4.27628   0.0924944  0.00207318
23       4.008   0.0919581   0.0020523
24      4.2736   0.0916878  0.00198342
25     4.57232   0.0916782  0.00190246
26     4.51344    0.091624  0.00182863
27     4.46368   0.0915369  0.00176175
28      4.6814   0.0916116   0.0016993
29     4.64732   0.0916576  0.00164031
30      4.5496   0.0916354  0.00158484
31     4.95076   0.0918735  0.00155124
32      4.8646   0.0920428   0.0015115
33      4.1996   0.0917989  0.00148515
34     3.93616   0.0914143  0.00149125
35     4.31624   0.0912689   0.0014553
36     4.87116   0.0914398  0.00142459
37     5.02072   0.0916824  0.00140663
38     5.05812   0.0919319  0.00139165
39     5.24016   0.0922619   0.0013951
40      3.8334    0.091872  0.00141456
41     4.41932    0.091787  0.00138224
42     5.00764   0.0919862  0.00136356
43     4.51304   0.0919461  0.00133207
44     4.69324   0.0919897  0.00130218
45     4.53372   0.0919605  0.00127325
46     4.39864   0.0918738  0.00124827
47     4.41368   0.0917972  0.00122382
48     4.87636   0.0919165  0.00120399
49     4.69336   0.0919564  0.00117983
50     4.92764   0.0920883   0.0011635
51     4.82456   0.0921746  0.00114372
52     5.18648   0.0923968  0.00114331
53     5.49868   0.0927285  0.00116954
54     4.36196   0.0926268  0.00115217
55     4.88872   0.0927204  0.00113489
56     4.71328    0.092748  0.00111478
57     3.76684   0.0924425  0.00113686
58     4.29336   0.0923292  0.00112282
59     5.19256   0.0925245  0.00112077
60     5.15728   0.0927015  0.00111606
61     4.57288   0.0926811   0.0010978
62     3.59292   0.0923452  0.00113097
63     4.31816   0.0922503  0.00111692
64      3.9006   0.0920278  0.00112161
65       4.973   0.0921422  0.00111012
66     4.84076    0.092213  0.00109547
67     4.48544   0.0921756  0.00107964
68     4.34672   0.0920985  0.00106643
69     4.15984   0.0919695  0.00105875
70      4.0004   0.0917986  0.00105742
71     4.83008   0.0918663  0.00104461
72     4.27972   0.0917792  0.00103368
73     4.74728   0.0918225  0.00102034
74     4.74052   0.0918629  0.00100727
75     4.26452   0.0917753 0.000997602
76     4.77276   0.0918237 0.000985578
77     4.82528   0.0918845 0.000974593
78     4.74084   0.0919221 0.000962751
79     5.12708   0.0920565 0.000959945
80     4.59732   0.0920551  0.00094787
81     4.20884   0.0919579 0.000941135
82     4.79368   0.0920056 0.000930812
83     4.14696   0.0918964 0.000925995
84       4.082   0.0917743 0.000923016
85     4.84264    0.091834 0.000914047
86     4.83144   0.0918898 0.000905075
87     4.85256   0.0919491 0.000896576
88     4.48016   0.0919225  0.00088673
89     4.55368   0.0919129 0.000876762
90     4.84776    0.091969 0.000868774
91      4.7444    0.092001 0.000859773
92      5.3356   0.0921609 0.000865279
93     5.13464   0.0922742 0.000863384
94     4.79892   0.0923136 0.000855058
95     4.55372   0.0923005  0.00084611
96     5.58636   0.0925029 0.000861358
97     4.87952   0.0925553 0.000854044
98     4.79044   0.0925885 0.000845936
99     4.48908   0.0925602 0.000837827
100     4.13724    0.092462 0.000835194
101     4.84404   0.0925058  0.00082804
102     4.50844   0.0924829 0.000820202
103     4.46984   0.0924529 0.000812752
104     4.22632   0.0923767   0.0008085
105     4.75532   0.0924027 0.000801185
106      4.4802   0.0923763  0.00079403
107     4.59756   0.0923723 0.000786584
108     5.01228   0.0924452 0.000782669
109      4.8898   0.0924943 0.000777008
110     5.24592   0.0926073 0.000778152
111      4.9758   0.0926695 0.000773618
112     5.08576   0.0927503 0.000770922
113     4.35884   0.0927009 0.000765659
114     4.39824   0.0926594 0.000760049
115     4.50704   0.0926375  0.00075373
116     4.79384   0.0926654 0.000747725
117     4.75548   0.0926863 0.000741601
118     4.27452   0.0926253 0.000737814
119     4.89764   0.0926701 0.000732956
120     4.58988   0.0926628 0.000726859
121     4.16152   0.0925849  0.00072503
122     5.25724   0.0926878 0.000726395
123     5.22072   0.0927832 0.000726745
124     4.48432   0.0927582 0.000721293
125     4.24224   0.0926949 0.000718295
126     4.31652   0.0926444 0.000714359
127       4.668     0.09265 0.000708735
128     4.37956   0.0926105 0.000704286
129     4.33552   0.0925647   0.0007003
130     4.70736   0.0925769 0.000694999
131     4.93488   0.0926236 0.000691254
132     4.82668   0.0926533 0.000686636
133     4.78924   0.0926768 0.000681861
134     4.34484   0.0926337 0.000678126
135     4.61036   0.0926305 0.000673092
136     4.95224   0.0926777 0.000669787
137     5.38568   0.0927874 0.000673877
138     4.65628   0.0927899 0.000668981
139      4.6896   0.0927971  0.00066419
140     4.71332   0.0928076 0.000659512
141      5.1618   0.0928815 0.000658981
142      3.9986   0.0927906  0.00066061
143        4.48   0.0927683 0.000656353
144      4.5262   0.0927527 0.000651966
145      5.1542    0.092824 0.000651362
146     5.40744   0.0929289 0.000655346
147     5.04548   0.0929832 0.000653133
148     4.65544   0.0929841 0.000648705
149      4.8906   0.0930165 0.000645151
150      3.9806   0.0929271 0.000647036
151     4.80416    0.092948 0.000643077
152      4.6928    0.092954  0.00063886
153     4.82332    0.092977 0.000635086
154      4.3458   0.0929376 0.000632175
155     4.09116   0.0928659 0.000632163
156     4.94984   0.0929052 0.000629326
157     4.55132   0.0928932 0.000625419
158      4.6176   0.0928898 0.000621457
159     5.12424   0.0929501 0.000620478
160     5.08608    0.093005  0.00061902
161     4.62936   0.0930024 0.000615169
162     4.87148   0.0930297  0.00061197
163       4.475    0.093008  0.00060859
164     4.61608   0.0930039 0.000604882
165     4.75248   0.0930163 0.000601332
166     4.71036   0.0930234 0.000597742
167     4.55692   0.0930121 0.000594259
168     4.04052   0.0929395  0.00059516
169      4.7266   0.0929489 0.000591702
170     4.24532   0.0929016 0.000590111
171     4.76296   0.0929154 0.000586812
172     4.87572   0.0929422 0.000584003
173     4.44548   0.0929188 0.000581085
174     4.91732     0.09295 0.000578577
175     3.98448   0.0928743  0.00058023
176     4.15564   0.0928188 0.000579584
177     4.17512   0.0927662 0.000578699
178     4.89336   0.0927948 0.000576152
179     4.66112   0.0927972 0.000572929
180      4.3388   0.0927638 0.000570718
181     4.22572   0.0927182 0.000569384
182     4.95968   0.0927538 0.000567363
183     3.91972   0.0926753 0.000569684
184       5.204   0.0927373  0.00056996
185     4.19092   0.0926891 0.000568917
186       3.648    0.092583 0.000575706
187     4.30156    0.092548 0.000573689
188     5.00352    0.092588 0.000572031
189     4.60704   0.0925856 0.000569001
190     4.82304    0.092606 0.000566366
191       4.353    0.092577 0.000564141
192      5.3776    0.092655 0.000566589
193     4.59508   0.0926511 0.000563659
194     3.78044   0.0925632 0.000567585
195      4.3948   0.0925393 0.000565174
196     4.51556   0.0925279 0.000562398
197     4.21572   0.0924862 0.000561087
198     4.49884   0.0924735  0.00055839
199      4.1004    0.092421  0.00055806
200     5.32992   0.0924918  0.00055977
