1     2.67352   0.0534704           0
2      2.0898   0.0476332   0.0058372
3     2.34824   0.0474104  0.00337747
4     2.37556   0.0474356  0.00238836
5     2.20988    0.046788  0.00196009
6     2.39896   0.0469865  0.00161267
7       2.514    0.047457  0.00144188
8     2.35432   0.0474107  0.00124956
9     1.86472   0.0462867  0.00157413
10     2.57348    0.046805  0.00150031
11     2.00452   0.0461945  0.00148805
12     2.33644   0.0462391  0.00135912
13     2.06488    0.045859  0.00130672
14     2.29036   0.0458553  0.00120979
15     2.10392   0.0456035  0.00115406
16      2.6124   0.0460188  0.00115665
17     2.13244   0.0458205  0.00110441
18     2.96836   0.0465731  0.00128476
19      2.7754   0.0470434  0.00130307
20     2.43096   0.0471222  0.00123871
21     2.41804   0.0471811  0.00117973
22     2.19924   0.0470359  0.00113417
23      2.0026   0.0467322  0.00112547
24     2.15716   0.0465827  0.00108788
25     2.43204    0.046665   0.0010467
26      2.1682    0.046538  0.00101362
27     2.20832   0.0464502 0.000979306
28     1.79416   0.0460728  0.00101635
29     2.17764   0.0459859 0.000984517
30      2.3698   0.0460329 0.000952295
31     2.25732   0.0460043 0.000921507
32     2.69488    0.046251 0.000925714
33     2.12892   0.0461397 0.000904099
34     1.88472   0.0458913 0.000911598
35     2.09136   0.0457752 0.000892753
36     2.27932   0.0457699 0.000867616
37      2.7478   0.0460182 0.000879606
38     2.43056   0.0460864 0.000858861
39     2.47788   0.0461754  0.00084127
40     2.27324   0.0461577 0.000820161
41     2.24576   0.0461274 0.000800481
42     2.45108   0.0461963 0.000784223
43     2.09108   0.0460945 0.000772497
44     2.04448   0.0459763  0.00076395
45      2.0968   0.0458865 0.000752158
46       2.628   0.0460315 0.000749794
47     2.48572   0.0461099 0.000737841
48     2.28972   0.0461033 0.000722335
49     2.21776   0.0460677 0.000708339
50     2.31596   0.0460727 0.000694046
51     2.42424     0.04612 0.000681943
52     2.33372   0.0461306 0.000668785
53     2.62548    0.046251 0.000666994
54     2.50576   0.0463226 0.000658426
55     2.50236   0.0463903 0.000649882
56     2.44052   0.0464335 0.000639633
57     1.99456   0.0463187 0.000638709
58     2.33652   0.0463258  0.00062764
59      2.5586    0.046408 0.000622355
60     2.43712   0.0464469  0.00061313
61     2.53852   0.0465177 0.000607146
62     1.89752   0.0463796 0.000613049
63       2.018    0.046284  0.00061076
64     2.17976    0.046242 0.000602608
65      2.3418   0.0462511 0.000593335
66     2.06424   0.0461759 0.000589101
67     1.98024   0.0460778 0.000588472
68       2.281   0.0460711 0.000579793
69     2.22344   0.0460479   0.0005718
70     1.85664   0.0459205 0.000577783
71     2.62528   0.0460133 0.000577089
72     1.87604   0.0458953 0.000581114
73     2.22408   0.0458759 0.000573425
74     2.36312   0.0458947 0.000565934
75     2.51916   0.0459545 0.000561535
76     2.56984   0.0460261 0.000558705
77     2.65236   0.0461173  0.00055889
78      2.2268    0.046097 0.000552051
79     2.39124   0.0461189 0.000545456
80     2.39988   0.0461424 0.000539107
81      2.0816   0.0460867 0.000535314
82     2.77412   0.0462013 0.000541018
83     2.33988   0.0462085 0.000534508
84     1.80536   0.0460882 0.000541625
85      2.4046   0.0461118 0.000535734
86     2.59664   0.0461795 0.000533777
87      2.5002   0.0462234 0.000529434
88     2.32756   0.0462272 0.000523396
89     2.34516   0.0462348 0.000517538
90     2.38892   0.0462519 0.000512042
91     2.12476   0.0462106 0.000508064
92      2.6146   0.0462767  0.00050684
93     2.72144   0.0463644 0.000508966
94     2.49436   0.0464019 0.000504915
95      2.2984   0.0463973 0.000499593
96     2.81472   0.0465004 0.000504997
97     2.45356   0.0465269 0.000500466
98      2.2442   0.0465101 0.000495616
99     2.24152   0.0464932 0.000490878
100       2.026   0.0464334 0.000489601
101     2.56952   0.0464825 0.000487208
102      2.1182   0.0464421 0.000484095
103     2.20944   0.0464203  0.00047987
104     2.00444   0.0463594 0.000479118
105      2.4028   0.0463755 0.000474808
106     2.47172   0.0464044 0.000471191
107     2.07308   0.0463582 0.000469047
108      2.1346   0.0463243 0.000465922
109     2.39792   0.0463392 0.000461871
110     2.75896   0.0464196 0.000464655
111     2.61616   0.0464728 0.000463512
112       2.703   0.0465405 0.000464323
113     2.24464    0.046526 0.000460427
114     2.52604    0.046561 0.000457713
115     2.49736   0.0465904  0.00045467
116     2.34928   0.0465938 0.000450746
117     2.77376   0.0466698 0.000453279
118     2.32784   0.0466688 0.000449422
119      2.4832    0.046694 0.000446339
120     2.52788   0.0467262 0.000443774
121     2.16832   0.0466984 0.000440966
122     2.41736   0.0467119 0.000437545
123     2.15284   0.0466822  0.00043499
124       2.445   0.0467001 0.000431838
125     2.08152   0.0466595 0.000430285
126      2.1552   0.0466313 0.000427788
127       2.656   0.0466824 0.000427471
128     2.31428   0.0466793 0.000424129
129     2.26192   0.0466681 0.000420977
130     2.11804    0.046635 0.000419038
131     2.52368   0.0466643 0.000416858
132      2.2868   0.0466573 0.000413748
133     2.56688   0.0466925  0.00041213
134      2.0724   0.0466533 0.000410911
135     2.16828    0.046629 0.000408583
136     2.39412   0.0466382 0.000405672
137     2.64148   0.0466834 0.000405228
138     2.46212   0.0467019 0.000402708
139     2.61372    0.046742 0.000401805
140     2.06424    0.046703 0.000400825
141       2.141   0.0466755 0.000398923
142     1.89144   0.0466132 0.000400974
143      2.2594   0.0466032 0.000398284
144     2.25292   0.0465925 0.000395654
145     2.52068   0.0466188 0.000393799
146      2.6578   0.0466636 0.000393647
147      2.6758   0.0467102 0.000393729
148     2.10852   0.0466796 0.000392261
149     2.20268   0.0466619 0.000390018
150     2.05056   0.0466243 0.000389236
151     2.67292   0.0466695  0.00038929
152     2.36832   0.0466741 0.000386748
153     2.53712   0.0467007 0.000385131
154     2.23064   0.0466871 0.000382862
155     2.11312   0.0466586 0.000381453
156     1.98612   0.0466141 0.000381599
157     2.34832   0.0466164 0.000379168
158     2.44796   0.0466312 0.000377052
159      2.4626   0.0466477 0.000375035
160     2.51836   0.0466709 0.000373408
161       1.851    0.046611 0.000375892
162     2.23044   0.0465986 0.000373769
163     2.27196   0.0465915 0.000371537
164     1.96952   0.0465476 0.000371866
165     2.27556   0.0465413 0.000369659
166     2.49528   0.0465616 0.000367984
167     2.01044   0.0465236 0.000367746
168     2.28004   0.0465181 0.000365592
169     1.98652   0.0464779 0.000365635
170     2.22884   0.0464667  0.00036365
171     2.16488   0.0464482 0.000361992
172     2.50276   0.0464692 0.000360491
173     2.44796   0.0464835 0.000358691
174     2.59156   0.0465143 0.000357945
175     2.30448   0.0465119 0.000355902
176     2.14296   0.0464911 0.000354482
177     2.17488   0.0464742 0.000352879
178       2.636   0.0465093 0.000352641
179     2.31204   0.0465078 0.000350669
180      2.0216    0.046474 0.000350345
181      2.0696   0.0464459 0.000349534
182       2.425   0.0464572 0.000347791
183     2.17024   0.0464406 0.000346287
184      2.2366   0.0464313 0.000344525
185     2.13704   0.0464113 0.000343238
186      2.2718   0.0464061 0.000341428
187     2.26416   0.0464001  0.00033965
188     2.11624   0.0463784 0.000338533
189      2.2068   0.0463665 0.000336947
190     2.19876   0.0463539 0.000335405
191     2.27588   0.0463496 0.000333673
192     2.82692   0.0464026 0.000336145
193     2.30616   0.0464012 0.000334402
194     2.27908    0.046397 0.000332701
195     2.38956   0.0464041 0.000331068
196     2.31176   0.0464032 0.000329375
197     2.14508   0.0463855 0.000328181
198      2.5172   0.0464055 0.000327131
199     1.90324   0.0463635  0.00032817
200     2.49384   0.0463811 0.000326997
1     2.65896   0.0531792           0
2     2.09592   0.0475488   0.0056304
3       2.368   0.0474859  0.00325132
4     2.35208   0.0473748  0.00230171
5     2.22108   0.0467842  0.00187819
6     2.40152   0.0469919  0.00154754
7     2.51548   0.0474658  0.00139114
8     2.32264   0.0473392   0.0012114
9       1.851   0.0461926  0.00156717
10     2.58584    0.046745  0.00150664
11     2.00592   0.0461426  0.00149002
12     2.34816    0.046211  0.00136192
13      2.0696   0.0458403  0.00130647
14     2.27788   0.0458201  0.00120973
15     2.10252   0.0455688  0.00115389
16      2.6018    0.045973  0.00115257
17     2.12824   0.0457725  0.00110106
18     2.95944   0.0465179  0.00127795
19     2.78676    0.047003  0.00130254
20     2.43556   0.0470884  0.00123864
21     2.41668   0.0471477  0.00117967
22     2.19096   0.0469964  0.00113491
23       1.997   0.0466896    0.001127
24     2.13708   0.0465251  0.00109149
25     2.43756   0.0466141   0.0010507
26     2.14724    0.046473   0.0010193
27     2.20028   0.0463816 0.000985068
28     1.81232   0.0460197  0.00101591
29      2.1836   0.0459387  0.00098359
30      2.3656   0.0459845  0.00095134
31     2.26856   0.0459647 0.000920352
32     2.68496   0.0462064 0.000923325
33     2.12092   0.0460916  0.00090224
34     1.88268   0.0458434 0.000909804
35     2.07672   0.0457203 0.000891965
36     2.27628   0.0457149 0.000866851
37      2.7354    0.045958 0.000877433
38     2.40072   0.0460121 0.000855744
39     2.49724   0.0461129  0.00083959
40     2.26984    0.046095 0.000818527
41        2.24   0.0460634 0.000798938
42     2.44848   0.0461326 0.000782748
43     2.07836   0.0460265 0.000771667
44      2.0424   0.0459088 0.000763056
45     2.12412   0.0458326 0.000749783
46     2.59544   0.0459647 0.000745104
47     2.49552   0.0460487 0.000733896
48     2.29004   0.0460435 0.000718462
49      2.2004    0.046002 0.000704872
50     2.30012    0.046002 0.000690631
51     2.41816   0.0460483 0.000678535
52      2.3302    0.046059 0.000665444
53     2.61724   0.0461776 0.000663454
54      2.5222   0.0462566 0.000655829
55     2.49992   0.0463246 0.000647379
56     2.42612   0.0463638 0.000636924
57     2.02892   0.0462623  0.00063383
58      2.3304   0.0462683 0.000622834
59     2.54068   0.0463453 0.000617015
60     2.43236   0.0463837 0.000607856
61     2.51944   0.0464494 0.000601403
62       1.894   0.0463111 0.000607554
63     2.02452   0.0462188  0.00060493
64      2.1918   0.0461815 0.000596566
65      2.3654   0.0461989 0.000587572
66     2.05616    0.046122 0.000583689
67     1.98412   0.0460258  0.00058289
68     2.27792    0.046019 0.000574295
69     2.22016   0.0459955 0.000566395
70     1.84416   0.0458654 0.000573222
71     2.64788   0.0459653 0.000573852
72     1.86664   0.0458454 0.000578388
73      2.2334   0.0458292 0.000570638
74     2.35564   0.0458466 0.000563141
75     2.53032     0.04591 0.000559195
76     2.57008   0.0459823 0.000556499
77      2.6478   0.0460729 0.000556642
78     2.21248   0.0460495 0.000549956
79     2.38432   0.0460702 0.000543345
80     2.38304   0.0460901 0.000536878
81     2.10136   0.0460399 0.000532576
82      2.7826   0.0461572 0.000538943
83     2.32824   0.0461621 0.000532433
84       1.803   0.0460418 0.000539628
85     2.42732   0.0460713 0.000534055
86     2.58776   0.0461374 0.000531931
87     2.49616   0.0461809 0.000527579
88     2.33232   0.0461862 0.000521576
89     2.32876   0.0461905 0.000515701
90     2.36752   0.0462034 0.000510101
91     2.13356   0.0461646 0.000505956
92      2.6074   0.0462297 0.000504634
93      2.7224    0.046318  0.00050694
94      2.4866   0.0463543 0.000502832
95      2.3248   0.0463558 0.000497513
96     2.81856   0.0464602 0.000503236
97     2.44684   0.0464857 0.000498675
98     2.24248    0.046469 0.000493843
99       2.235   0.0464511 0.000489155
100      1.9996   0.0463865 0.000488528
101     2.58648   0.0464394 0.000486551
102     2.11504   0.0463989 0.000483463
103     2.20712    0.046377 0.000479247
104     1.99952   0.0463155 0.000478573
105     2.38616    0.046329 0.000474183
106     2.47088   0.0463581 0.000470591
107      2.0858   0.0463147 0.000468187
108     2.10884   0.0462764 0.000465411
109     2.38204   0.0462889 0.000461291
110     2.77848   0.0463733   0.0004648
111      2.6228   0.0464281 0.000463842
112     2.68472    0.046493 0.000464238
113      2.2602   0.0464816 0.000460253
114      2.5428   0.0465199 0.000457808
115     2.50524   0.0465511 0.000454879
116     2.33192   0.0465518 0.000450942
117     2.77904    0.046629 0.000453682
118     2.31636   0.0466265 0.000449828
119     2.45756   0.0466477 0.000446536
120     2.51988   0.0466789 0.000443901
121     2.15916     0.04665 0.000441164
122     2.43368   0.0466666 0.000437847
123     2.18212    0.046642 0.000434968
124     2.45824   0.0466624 0.000431926
125     2.06808     0.04662  0.00043055
126      2.1366   0.0465891 0.000428232
127     2.64188   0.0466383 0.000427687
128      2.3148   0.0466356  0.00042434
129     2.27136   0.0466263 0.000421142
130       2.109   0.0465921 0.000419288
131     2.52616   0.0466221 0.000417155
132     2.28692   0.0466154 0.000414037
133      2.5524   0.0466487 0.000412262
134     2.06532   0.0466088 0.000411111
135     2.18456   0.0465872 0.000408626
136     2.37316   0.0465937 0.000405662
137     2.61712   0.0466356  0.00040487
138      2.4596   0.0466542 0.000402352
139     2.60476   0.0466933 0.000401361
140       2.083   0.0466574 0.000400102
141     2.16396   0.0466334 0.000397976
142      1.9202   0.0465754 0.000399391
143      2.2708   0.0465673 0.000396671
144     2.27004   0.0465592  0.00039399
145         2.5    0.046583 0.000391982
146     2.66756   0.0466293 0.000392038
147     2.68152   0.0466769 0.000392264
148     2.12276   0.0466484 0.000390648
149     2.18632   0.0466288 0.000388512
150     2.05348   0.0465917 0.000387689
151     2.69884   0.0466407 0.000388206
152     2.35564   0.0466438 0.000385656
153     2.53312     0.04667 0.000384027
154     2.21088   0.0466541 0.000381857
155     2.11972   0.0466266 0.000380379
156     1.99096    0.046583 0.000380444
157      2.3256   0.0465825 0.000378014
158     2.47116   0.0466005 0.000376043
159     2.46808   0.0466179 0.000374074
160       2.504   0.0466395 0.000372358
161     1.87104   0.0465823 0.000374442
162      2.2426   0.0465716 0.000372277
163     2.26636   0.0465639 0.000370064
164     1.98356   0.0465219 0.000370195
165     2.28236   0.0465166 0.000367982
166     2.48484   0.0465358  0.00036626
167      2.0064   0.0464974 0.000366077
168     2.29996   0.0464944 0.000363903
169     1.97736   0.0464533 0.000364072
170     2.23884   0.0464435 0.000362058
171      2.1462   0.0464229 0.000360523
172     2.51356   0.0464453 0.000359118
173     2.45024   0.0464601 0.000357343
174      2.5844   0.0464901 0.000356551
175      2.2876   0.0464859 0.000354533
176     2.15832    0.046467 0.000353017
177     2.18412   0.0464513 0.000351369
178     2.64876   0.0464879 0.000351307
179     2.29836    0.046485 0.000349351
180      2.0308   0.0464524 0.000348931
181     2.08616   0.0464263 0.000347981
182      2.4264   0.0464378 0.000346256
183     2.18168   0.0464225 0.000344699
184     2.24512   0.0464143 0.000342921
185     2.15636   0.0463965 0.000341524
186     2.26104   0.0463902 0.000339742
187      2.2684   0.0463847 0.000337965
188     2.16748   0.0463686  0.00033655
189     2.21624   0.0463577 0.000334939
190     2.18948   0.0463442 0.000333445
191     2.26164   0.0463384 0.000331746
192       2.849   0.0463938 0.000334635
193      2.3408    0.046396 0.000332904
194     2.28016   0.0463919 0.000331209
195     2.37576   0.0463977 0.000329556
196     2.32504   0.0463982 0.000327871
197        2.15    0.046381 0.000326658
198     2.48912   0.0463981 0.000325458
199     1.90168   0.0463561 0.000326535
200     2.48312   0.0463726 0.000325319
