2.95504           0
2.95877    0.003736
2.99201   0.0333084
2.9832   0.0251474
2.97771   0.0202359
2.97291   0.0172074
2.96983   0.0148645
2.96229   0.0149199
2.96566   0.0135835
2.96089   0.0130529
2.9688   0.0142088
2.96268   0.0143427
2.96343   0.0132151
2.96302   0.0122419
2.96325    0.011399
2.96759   0.0115134
2.96892   0.0108956
2.97178   0.0106644
2.97193   0.0100886
2.97476  0.00997985
2.97055   0.0103841
2.97473    0.010747
2.97606   0.0103558
2.97366   0.0102027
2.9757  0.00999705
2.97741  0.00975593
2.9775  0.00938807
2.97597  0.00917586
2.97714  0.00893097
2.9747  0.00896574
2.97716  0.00901441
2.97783  0.00875362
2.97902  0.00856714
2.97925  0.00831445
2.97774  0.00821248
2.97805  0.00798708
2.97628   0.0079668
2.97567  0.00777841
2.97392  0.00777594
2.97642  0.00798138
2.97568  0.00781915
2.97684  0.00771721
2.97598    0.007584
2.97687  0.00746276
2.97583  0.00736873
2.97729  0.00735272
2.97901  0.00739867
2.97831  0.00727666
2.97764  0.00715853
2.97755  0.00701449
2.97587  0.00707807
2.9759   0.0069407
2.9758  0.00680925
2.97693  0.00677722
2.9775  0.00667706
2.97806   0.0065804
2.97794  0.00646491
2.97801  0.00635282
2.97917  0.00635145
2.97964    0.006262
2.97914  0.00617852
2.98011  0.00615533
2.98142  0.00619717
2.98179  0.00611057
2.98124  0.00604089
2.98217  0.00602012
2.9815  0.00596694
2.98159  0.00587918
2.98169  0.00579436
2.98149  0.00571472
2.98143  0.00563399
2.98174  0.00556404
2.98199  0.00549295
2.97997  0.00578047
2.97917  0.00576004
2.97758  0.00590017
2.97771  0.00582453
2.97743  0.00575618
2.97822  0.00573659
2.97902   0.0057206
2.97932   0.0056578
2.97864  0.00563021
2.97881  0.00556472
2.97859  0.00550254
2.97816  0.00545433
2.978    0.005393
2.97791  0.00533147
2.97847  0.00530016
2.97835   0.0052415
2.9784  0.00518316
2.97785  0.00515558
2.97744  0.00511552
2.97826  0.00512683
2.97836  0.00507288
2.97818  0.00502256
2.97915  0.00506517
2.97952  0.00502646
2.97883  0.00502381
2.97903  0.00497692
2.97814  0.00500659
2.9789  0.00501569
2.9786  0.00497549
2.97903  0.00494592
2.97848  0.00492935
2.97832  0.00488485
2.97798   0.0048502
2.97732  0.00484964
2.97728  0.00480477
2.97707  0.00476496
2.97673  0.00473366
2.97586  0.00477105
2.97604  0.00473193
2.97607  0.00468993
2.97632  0.00465544
2.97591  0.00463285
2.97597  0.00459312
2.97668  0.00460925
2.97646   0.0045754
2.97732  0.00461763
2.97731    0.004579
2.97716  0.00454338
2.97657  0.00454508
2.97585   0.0045644
2.97627  0.00454632
2.97604   0.0045155
2.97654   0.0045073
2.97637  0.00447472
2.97626  0.00444121
2.97672  0.00443143
2.97624  0.00442324
2.97588  0.00440479
2.97577  0.00437249
2.97683  0.00446718
2.97679  0.00443397
2.97631  0.00442665
2.97612  0.00439794
2.97579  0.00437845
2.97575  0.00434677
2.97556  0.00431953
2.97587  0.00429982
2.97616  0.00427864
2.97651  0.00426272
2.97636  0.00423537
2.97678   0.0042265
2.97691   0.0041994
2.97678  0.00417259
2.97673  0.00414446
2.97663  0.00411758
2.97697   0.0041039
2.97711  0.00407912
2.97744   0.0040649
2.9777  0.00404645
2.97762  0.00402074
2.97769  0.00399521
2.97791  0.00397568
2.97755  0.00396673
2.97739  0.00394474
2.97711  0.00392953
2.978  0.00400404
2.97781  0.00398345
2.97844  0.00400911
2.97838  0.00398482
2.97873  0.00397625
2.97901  0.00396206
2.97912  0.00393934
2.97867  0.00394069
2.97858  0.00391814
2.97846  0.00389667
2.97798  0.00390248
2.97765  0.00389404
2.97772  0.00387199
2.97801  0.00385998
2.97747  0.00387484
2.97791  0.00387707
2.97762  0.00386584
2.97767  0.00384411
2.97811   0.0038475
2.97786  0.00383395
2.97847  0.00386121
2.97803  0.00386496
2.97747  0.00388432
2.97767  0.00386858
2.97827  0.00389393
2.97839  0.00387445
2.97854  0.00385616
2.97845  0.00383643
2.97824  0.00382119
2.97784  0.00382263
2.9777   0.0038047
2.97793  0.00379164
2.97832  0.00379139
2.97833   0.0037716
2.97854  0.00375783
2.97836  0.00374269
2.97784  0.00375934
2.97796  0.00374206
2.97824  0.00373308
2.97848  0.00372198
2.97818  0.00371485
2.97822  0.00369637
2.95836           0
2.9602  0.00184629
2.9962   0.0360091
2.98742   0.0269309
2.97892   0.0225276
2.97595   0.0186327
2.97063   0.0166211
2.96272   0.0164221
2.96567   0.0147802
2.96063   0.0141493
2.96843   0.0149885
2.96295   0.0147374
2.96428   0.0136208
2.96405   0.0126124
2.96461   0.0117547
2.96882   0.0117772
2.97052   0.0111926
2.97308   0.0108586
2.97327   0.0102728
2.97527   0.0099491
2.97106   0.0103555
2.97484   0.0105705
2.97594   0.0101602
2.97369  0.00998517
2.97607  0.00986895
2.97781  0.00964106
2.97774  0.00927738
2.97625  0.00906384
2.97724   0.0088017
2.97484  0.00883635
2.9775  0.00895155
2.97847  0.00872203
2.97971  0.00854294
2.97966  0.00828799
2.97819  0.00818032
2.97835  0.00795133
2.97681  0.00788408
2.97603  0.00771366
2.97415  0.00774469
2.97651  0.00790978
2.97564  0.00776337
2.97689  0.00767769
2.97603  0.00754609
2.97683  0.00741568
2.97572  0.00733371
2.97729  0.00734237
2.97893  0.00737119
2.97806  0.00726855
2.97741  0.00714864
2.97727  0.00700564
2.97547  0.00709674
2.97562  0.00696047
2.97552  0.00682862
2.97654  0.00677856
2.97693  0.00666556
2.97746  0.00656662
2.97731  0.00645206
2.97746  0.00634142
2.97842  0.00630713
2.97889  0.00621879
2.97845  0.00613147
2.97941  0.00610792
2.9808   0.0061676
2.98114  0.00607989
2.98063  0.00600734
2.98151  0.00598196
2.98098  0.00591651
2.9811   0.0058301
2.98145  0.00575572
2.98126  0.00567597
2.9812   0.0055958
2.98147  0.00552391
2.9817  0.00545268
2.97973  0.00572595
2.97892  0.00570776
2.97726  0.00587035
2.97738  0.00579479
2.97705  0.00572931
2.97803  0.00573932
2.97878  0.00571702
2.97903   0.0056515
2.97841  0.00561615
2.97862   0.0055519
2.97827  0.00549654
2.97777  0.00545444
2.97755  0.00539521
2.97748  0.00533325
2.97816  0.00531601
2.97809  0.00525636
2.97811  0.00519766
2.97763   0.0051625
2.97728  0.00511844
2.97813  0.00513356
2.97819  0.00507903
2.97796  0.00503035
2.97898  0.00508107
2.97932  0.00503978
2.9786  0.00503975
2.9788  0.00499249
2.97793   0.0050177
2.97868  0.00502397
2.97839  0.00498293
2.97876  0.00494836
2.97814  0.00493989
2.97793  0.00489697
2.97768  0.00485728
2.97703  0.00485479
2.97695  0.00481035
2.97671  0.00477196
2.97635  0.00474183
2.97551  0.00477456
2.97573  0.00473685
2.97581  0.00469538
2.97606   0.0046612
2.9757  0.00463511
2.97572  0.00459506
2.97634   0.0045968
2.9761   0.0045639
2.97696  0.00460574
2.97689  0.00456767
2.9768  0.00453066
2.97622  0.00453132
2.97553  0.00454572
2.976  0.00453345
2.97579  0.00450194
2.97624  0.00448827
2.97604   0.0044571
2.97589  0.00442487
2.97632  0.00441125
2.9758  0.00440726
2.97545  0.00438754
2.97543  0.00435421
2.97646  0.00444216
2.97639  0.00440947
2.97593  0.00440143
2.97574  0.00437288
2.97548  0.00434873
2.97545  0.00431717
2.97527   0.0042898
2.97559  0.00427087
2.97588  0.00425013
2.97627  0.00423827
2.97613  0.00421086
2.97648  0.00419616
2.97661  0.00416912
2.97646  0.00414296
2.97647  0.00411468
2.97637  0.00408814
2.97672  0.00407586
2.97687  0.00405137
2.97716  0.00403476
2.97739  0.00401521
2.97728  0.00399066
2.97735  0.00396539
2.97751  0.00394287
2.97705  0.00394443
2.97685   0.0039241
2.97658  0.00390845
2.97748  0.00398572
2.97728  0.00396598
2.97792  0.00399413
2.97784  0.00397031
2.97823  0.00396502
2.97849  0.00394956
2.97853  0.00392576
2.97809  0.00392683
2.97801  0.00390417
2.97794   0.0038814
2.97747  0.00388638
2.97714  0.00387752
2.97722   0.0038556
2.97756  0.00384811
2.97701  0.00386561
2.97752  0.00387679
2.97719  0.00386847
2.97729  0.00384772
2.97777  0.00385621
2.97756  0.00384053
2.97813  0.00386166
2.97772  0.00386214
2.9772  0.00387515
2.97742  0.00386008
2.97805  0.00388995
2.97814  0.00386977
2.97836   0.0038553
2.97824  0.00383649
2.97804  0.00382136
2.97766   0.0038197
2.97751  0.00380244
2.97773  0.00378903
2.97811  0.00378786
2.97809  0.00376813
2.97833  0.00375599
2.97816   0.0037403
2.97769  0.00375027
2.97779  0.00373235
2.97806  0.00372328
2.97827  0.00371023
2.97798  0.00370249
2.97802  0.00368411
