1    -0.61393    -0.61393           0
2   -0.615115   -0.614522   0.0005928
3   -0.614005    -0.61435 0.000383282
4   -0.612978   -0.614007 0.000437204
5   -0.615083   -0.614222  0.00040129
6    -0.61149   -0.613767 0.000561032
7   -0.614312   -0.613845 0.000480516
8   -0.612112   -0.613628 0.000469121
9   -0.614462   -0.613721 0.000423987
10   -0.613102   -0.613659 0.000384233
11   -0.614451   -0.613731 0.000354937
12   -0.612826   -0.613655 0.000332679
13   -0.614155   -0.613694 0.000308425
14   -0.610755   -0.613484 0.000354398
15   -0.613637   -0.613494 0.000330084
16   -0.614531   -0.613559 0.000315494
17   -0.612658   -0.613506 0.000301061
18   -0.613797   -0.613522 0.000284303
19   -0.614555   -0.613577 0.000274365
20   -0.613411   -0.613568 0.000260417
21   -0.614365   -0.613606 0.000250593
22   -0.614034   -0.613626  0.00023972
23   -0.615314   -0.613699  0.00024053
24   -0.613986   -0.613711   0.0002306
25   -0.613622   -0.613707 0.000221212
26    -0.61392   -0.613716 0.000212691
27    -0.61207   -0.613655  0.00021354
28   -0.613608   -0.613653 0.000205779
29   -0.613213   -0.613638 0.000199135
30    -0.61184   -0.613578   0.0002015
31   -0.614371   -0.613603 0.000196565
32   -0.613115   -0.613588 0.000190934
33   -0.614309    -0.61361 0.000186341
34   -0.612808   -0.613586  0.00018231
35   -0.612774   -0.613563 0.000178539
36   -0.613131   -0.613551 0.000173923
37   -0.612394    -0.61352 0.000172026
38   -0.613307   -0.613514 0.000167532
39   -0.613829   -0.613522 0.000163379
40   -0.614282   -0.613541 0.000160369
41   -0.613539   -0.613541 0.000156408
42   -0.612301   -0.613512 0.000155471
43   -0.612013   -0.613477 0.000155763
44   -0.613006   -0.613466 0.000152557
45   -0.613078   -0.613458 0.000149377
46    -0.61348   -0.613458 0.000146095
47   -0.613389   -0.613457  0.00014296
48   -0.613645   -0.613461 0.000140005
49   -0.613221   -0.613456 0.000137205
50   -0.611973   -0.613426 0.000137666
51   -0.612784   -0.613413 0.000135525
52   -0.613152   -0.613408 0.000132988
53   -0.613584   -0.613412 0.000130497
54   -0.614182   -0.613426 0.000128851
55   -0.612917   -0.613417 0.000126825
56   -0.613555   -0.613419 0.000124564
57   -0.612357   -0.613401  0.00012377
58   -0.612576   -0.613386 0.000122446
59   -0.613819   -0.613394 0.000120576
60   -0.613424   -0.613394  0.00011855
61   -0.613037   -0.613388 0.000116738
62   -0.613338   -0.613388 0.000114842
63   -0.613147   -0.613384 0.000113069
64   -0.612763   -0.613374  0.00011171
65   -0.611594   -0.613347 0.000113338
66   -0.614861    -0.61337 0.000113941
67   -0.612491   -0.613356  0.00011299
68    -0.61236   -0.613342 0.000112277
69   -0.614357   -0.613356 0.000111611
70   -0.611067   -0.613324 0.000114764
71   -0.612315    -0.61331 0.000114024
72   -0.612949   -0.613305 0.000112541
73   -0.614498   -0.613321 0.000112185
74   -0.612291   -0.613307  0.00011153
75    -0.61205    -0.61329 0.000111303
76   -0.613424   -0.613292 0.000109843
77   -0.615125   -0.613316 0.000110989
78   -0.614413    -0.61333 0.000110456
79    -0.61247   -0.613319 0.000109591
80   -0.613381    -0.61332 0.000108215
81   -0.614333   -0.613332   0.0001076
82   -0.612968   -0.613328 0.000106372
83   -0.613832   -0.613334 0.000105258
84    -0.61289   -0.613329 0.000104132
85   -0.612682   -0.613321 0.000103181
86   -0.614338   -0.613333 0.000102657
87   -0.612811   -0.613327 0.000101647
88    -0.61297   -0.613323 0.000100567
89    -0.61203   -0.613308 0.000100486
90    -0.61304   -0.613305 9.94075e-05
91   -0.613758    -0.61331 9.84351e-05
92   -0.613936   -0.613317 9.75966e-05
93    -0.61448    -0.61333 9.73479e-05
94   -0.612674   -0.613323 9.65592e-05
95   -0.612944   -0.613319 9.56205e-05
96   -0.614526   -0.613331  9.5452e-05
97    -0.61417    -0.61334 9.48575e-05
98   -0.613261   -0.613339  9.3888e-05
99   -0.614685   -0.613353 9.39237e-05
100   -0.612494   -0.613344  9.3375e-05
101   -0.612728   -0.613338 9.26468e-05
102   -0.612846   -0.613333 9.18605e-05
103   -0.614032    -0.61334  9.1217e-05
104   -0.612859   -0.613335 9.04538e-05
105   -0.615349   -0.613354 9.16176e-05
106   -0.613226   -0.613353 9.07573e-05
107   -0.614221   -0.613361   9.027e-05
108   -0.613579   -0.613363  8.9453e-05
109   -0.612898   -0.613359 8.87315e-05
110   -0.613232   -0.613358 8.79287e-05
111   -0.612934   -0.613354 8.72165e-05
112   -0.612978   -0.613351 8.64996e-05
113   -0.614122   -0.613358 8.60017e-05
114    -0.61196   -0.613345  8.6121e-05
115   -0.615026    -0.61336 8.66102e-05
116   -0.614202   -0.613367 8.61663e-05
117   -0.614251   -0.613375 8.57602e-05
118   -0.613133   -0.613373  8.5055e-05
119   -0.614382   -0.613381  8.4763e-05
120   -0.613715   -0.613384 8.40998e-05
121   -0.614797   -0.613396 8.42152e-05
122   -0.614616   -0.613406  8.4119e-05
123   -0.613179   -0.613404 8.34526e-05
124    -0.61351   -0.613405 8.27813e-05
125   -0.613723   -0.613407 8.21559e-05
126   -0.614456   -0.613416 8.19252e-05
127   -0.612427   -0.613408 8.16493e-05
128   -0.613259   -0.613407 8.10172e-05
129    -0.61364   -0.613408 8.04071e-05
130   -0.614102   -0.613414 7.99646e-05
131   -0.611763   -0.613401 8.03458e-05
132   -0.612947   -0.613398  7.9809e-05
133   -0.614454   -0.613406 7.96041e-05
134   -0.614261   -0.613412 7.92652e-05
135   -0.613549   -0.613413 7.86823e-05
136   -0.612309   -0.613405 7.85226e-05
137   -0.612706     -0.6134 7.81142e-05
138   -0.613333   -0.613399 7.75476e-05
139   -0.613736   -0.613402 7.70258e-05
140   -0.612944   -0.613398 7.65435e-05
141   -0.613502   -0.613399 7.60023e-05
142   -0.612458   -0.613393 7.57559e-05
143   -0.613771   -0.613395 7.52709e-05
144   -0.614502   -0.613403 7.51408e-05
145   -0.612702   -0.613398  7.4777e-05
146   -0.612915   -0.613395 7.43367e-05
147   -0.614002   -0.613399 7.39445e-05
148   -0.613418   -0.613399 7.34433e-05
149   -0.613336   -0.613399   7.295e-05
150   -0.613806   -0.613401  7.2513e-05
151   -0.614682    -0.61341 7.25285e-05
152   -0.615162   -0.613421 7.29657e-05
153   -0.613434   -0.613421 7.24872e-05
154   -0.613451   -0.613422 7.20153e-05
155   -0.613118    -0.61342 7.15759e-05
156   -0.613966   -0.613423 7.12019e-05
157   -0.612549   -0.613418 7.09658e-05
158   -0.613088   -0.613415  7.0546e-05
159   -0.614659   -0.613423  7.0536e-05
160   -0.612739   -0.613419 7.02241e-05
161   -0.615074   -0.613429 7.05391e-05
162   -0.613506    -0.61343 7.01039e-05
163   -0.612157   -0.613422 7.01089e-05
164   -0.614542   -0.613429 7.00142e-05
165   -0.612878   -0.613425 6.96685e-05
166   -0.614045   -0.613429 6.93479e-05
167   -0.613357   -0.613429 6.89328e-05
168   -0.616296   -0.613446 7.06147e-05
169   -0.613515   -0.613446 7.01968e-05
170   -0.613296   -0.613445 6.97883e-05
171   -0.612946   -0.613442 6.94405e-05
172    -0.61349   -0.613443 6.90361e-05
173   -0.613013    -0.61344 6.86809e-05
174   -0.615507   -0.613452 6.93106e-05
175   -0.613418   -0.613452 6.89137e-05
176   -0.613293   -0.613451  6.8527e-05
177   -0.615259   -0.613461 6.89003e-05
178   -0.612427   -0.613455 6.87579e-05
179     -0.6136   -0.613456 6.83775e-05
180   -0.613549   -0.613457 6.79985e-05
181   -0.613269   -0.613456 6.76298e-05
182    -0.61185   -0.613447 6.78336e-05
183   -0.613709   -0.613448 6.74771e-05
184   -0.612763   -0.613445 6.72126e-05
185   -0.613315   -0.613444  6.6852e-05
186   -0.613704   -0.613445 6.65063e-05
187   -0.613477   -0.613445 6.61499e-05
188   -0.612752   -0.613442 6.59004e-05
189   -0.613266   -0.613441 6.55574e-05
190   -0.613517   -0.613441 6.52127e-05
191    -0.61359   -0.613442 6.48751e-05
192   -0.614309   -0.613447  6.4694e-05
193   -0.613971   -0.613449 6.44153e-05
194    -0.61244   -0.613444 6.42932e-05
195   -0.612904   -0.613441 6.40226e-05
196    -0.61443   -0.613446 6.38947e-05
197   -0.614197    -0.61345 6.36836e-05
198   -0.614219   -0.613454 6.34801e-05
199   -0.612701    -0.61345 6.32736e-05
200   -0.613078   -0.613448 6.29839e-05
1   -0.613272   -0.613272           0
2   -0.614782   -0.614027   0.0007552
3   -0.614123   -0.614059 0.000437188
4   -0.613054   -0.613808 0.000398331
5   -0.615118    -0.61407 0.000404829
6   -0.611845   -0.613699   0.0004968
7   -0.614042   -0.613748 0.000422712
8   -0.611722   -0.613495 0.000445176
9   -0.614506   -0.613607 0.000408357
10    -0.61281   -0.613527 0.000373851
11   -0.614595   -0.613624 0.000351819
12   -0.613011   -0.613573 0.000325206
13   -0.613688   -0.613582 0.000299276
14   -0.610686   -0.613375 0.000345765
15    -0.61343   -0.613379 0.000321911
16   -0.613946   -0.613414 0.000303195
17   -0.612534   -0.613363 0.000289468
18   -0.614546   -0.613428 0.000280715
19   -0.614562   -0.613488 0.000272146
20   -0.613315   -0.613479 0.000258325
21   -0.614846   -0.613544 0.000254193
22   -0.613366   -0.613536 0.000242498
23   -0.615141   -0.613606 0.000241988
24   -0.613592   -0.613606 0.000231687
25   -0.613826   -0.613614   0.0002224
26   -0.613722   -0.613618 0.000213715
27   -0.611704   -0.613548 0.000217528
28   -0.614142   -0.613569 0.000210689
29   -0.613302    -0.61356 0.000203502
30   -0.611915   -0.613505   0.0002041
31   -0.614795   -0.613546 0.000201747
32    -0.61307   -0.613532 0.000195906
33   -0.613242   -0.613523  0.00019008
34   -0.612229   -0.613485 0.000188291
35    -0.61312   -0.613474 0.000183129
36   -0.613152   -0.613465 0.000178194
37   -0.612664   -0.613444 0.000174659
38   -0.613722   -0.613451 0.000170158
39   -0.613522   -0.613453 0.000165748
40   -0.613968   -0.613466 0.000162063
41   -0.613144   -0.613458 0.000158256
42   -0.612232   -0.613429 0.000157175
43   -0.611189   -0.613377 0.000162075
44    -0.61268   -0.613361 0.000159138
45   -0.612922   -0.613351 0.000155868
46   -0.613958   -0.613364 0.000153012
47    -0.61316    -0.61336 0.000149784
48   -0.613515   -0.613363 0.000146666
49   -0.613451   -0.613365 0.000143653
50   -0.611981   -0.613337 0.000143447
51   -0.612614   -0.613323 0.000141319
52   -0.613466   -0.613326 0.000138601
53   -0.613875   -0.613336 0.000136356
54   -0.614402   -0.613356 0.000135254
55   -0.612707   -0.613344 0.000133295
56   -0.613298   -0.613343 0.000130895
57   -0.612096   -0.613321 0.000130427
58     -0.6132   -0.613319 0.000128176
59   -0.614314   -0.613336 0.000127107
60   -0.613792   -0.613344 0.000125201
61   -0.613291   -0.613343 0.000123135
62   -0.613579   -0.613347 0.000121192
63   -0.612706   -0.613336 0.000119686
64   -0.612632   -0.613325 0.000118315
65   -0.612134   -0.613307 0.000117913
66   -0.614523   -0.613326 0.000117565
67   -0.612312    -0.61331 0.000116781
68   -0.612386   -0.613297 0.000115852
69   -0.614405   -0.613313 0.000115284
70   -0.611056   -0.613281 0.000118111
71   -0.612632   -0.613272 0.000116794
72   -0.612979   -0.613267 0.000115232
73   -0.614438   -0.613284 0.000114769
74   -0.612312    -0.61327 0.000113966
75   -0.611912   -0.613252 0.000113885
76   -0.613038   -0.613249 0.000112412
77   -0.614541   -0.613266 0.000112203
78   -0.614578   -0.613283 0.000112024
79   -0.612262    -0.61327 0.000111349
80   -0.613058   -0.613267  0.00010998
81   -0.613278   -0.613268 0.000108614
82      -0.613   -0.613264 0.000107331
83   -0.613774    -0.61327 0.000106208
84   -0.613059   -0.613268 0.000104966
85   -0.612648   -0.613261  0.00010398
86   -0.614538   -0.613276 0.000103831
87   -0.612826    -0.61327 0.000102761
88   -0.613352   -0.613271 0.000101591
89    -0.61199   -0.613257 0.000101468
90   -0.612837   -0.613252 0.000100443
91    -0.61388   -0.613259 9.95726e-05
92   -0.613698   -0.613264 9.85996e-05
93   -0.614541   -0.613278 9.84953e-05
94   -0.612765   -0.613272 9.75945e-05
95   -0.613136   -0.613271 9.65723e-05
96   -0.614544   -0.613284 9.64771e-05
97   -0.613587   -0.613287 9.55285e-05
98   -0.613341   -0.613288 9.45503e-05
99   -0.615485    -0.61331 9.61857e-05
100   -0.612546   -0.613302 9.55252e-05
101    -0.61204    -0.61329 9.53968e-05
102   -0.613414   -0.613291 9.44648e-05
103   -0.614142   -0.613299 9.39078e-05
104   -0.612205   -0.613289 9.35939e-05
105   -0.615229   -0.613307 9.45218e-05
106   -0.613142   -0.613306 9.36388e-05
107   -0.613683   -0.613309 9.28266e-05
108   -0.613709   -0.613313 9.20375e-05
109   -0.612915   -0.613309 9.12622e-05
110   -0.613173   -0.613308 9.04372e-05
111   -0.613014   -0.613305 8.96578e-05
112   -0.612957   -0.613302 8.89081e-05
113   -0.613749   -0.613306 8.82064e-05
114   -0.611957   -0.613294 8.82268e-05
115   -0.615115    -0.61331  8.8878e-05
116   -0.614238   -0.613318 8.84712e-05
117   -0.613728   -0.613322 8.77817e-05
118   -0.612877   -0.613318 8.71162e-05
119   -0.614522   -0.613328 8.69713e-05
120    -0.61368   -0.613331 8.62933e-05
121   -0.615048   -0.613345 8.67458e-05
122   -0.614026   -0.613351 8.62124e-05
123   -0.613013   -0.613348 8.55528e-05
124   -0.613829   -0.613352 8.49486e-05
125   -0.613931   -0.613356 8.43936e-05
126   -0.614454   -0.613365 8.41734e-05
127    -0.61277    -0.61336 8.36396e-05
128   -0.612936   -0.613357 8.30498e-05
129   -0.613354   -0.613357 8.24035e-05
130   -0.614376   -0.613365 8.21419e-05
131    -0.61191   -0.613354 8.22653e-05
132   -0.613042   -0.613352 8.16739e-05
133    -0.61411   -0.613357 8.12581e-05
134   -0.613933   -0.613362 8.07637e-05
135   -0.613267   -0.613361 8.01663e-05
136   -0.612451   -0.613354 7.98552e-05
137   -0.613043   -0.613352 7.93027e-05
138   -0.613406   -0.613352 7.87269e-05
139   -0.613984   -0.613357 7.82905e-05
140   -0.612931   -0.613354 7.77887e-05
141   -0.613432   -0.613354  7.7237e-05
142   -0.612611   -0.613349 7.68695e-05
143   -0.613677   -0.613351 7.63645e-05
144   -0.614442   -0.613359 7.62093e-05
145   -0.612746   -0.613355    7.58e-05
146   -0.612958   -0.613352  7.5328e-05
147   -0.614598    -0.61336 7.52927e-05
148   -0.613083   -0.613359 7.48057e-05
149   -0.613592    -0.61336 7.43185e-05
150   -0.613968   -0.613364 7.39325e-05
151   -0.614341   -0.613371 7.37255e-05
152   -0.614683   -0.613379 7.37461e-05
153   -0.613256   -0.613379  7.3267e-05
154    -0.61353   -0.613379 7.27963e-05
155   -0.613293   -0.613379 7.23273e-05
156   -0.613467   -0.613379 7.18644e-05
157   -0.613046   -0.613377 7.14367e-05
158   -0.613024   -0.613375 7.10183e-05
159   -0.614574   -0.613383 7.09722e-05
160     -0.6126   -0.613378 7.06967e-05
161   -0.614558   -0.613385 7.06378e-05
162   -0.613181   -0.613384 7.02118e-05
163    -0.61172   -0.613374 7.05224e-05
164   -0.614149   -0.613378 7.02502e-05
165   -0.612403   -0.613372 7.00728e-05
166   -0.614725   -0.613381 7.01242e-05
167   -0.613038   -0.613379 6.97332e-05
168    -0.61611   -0.613395 7.11986e-05
169   -0.613154   -0.613393 7.07905e-05
170   -0.612627   -0.613389  7.0517e-05
171    -0.61336   -0.613389 7.01036e-05
172    -0.61399   -0.613392 6.97826e-05
173   -0.613154   -0.613391 6.93918e-05
174   -0.615235   -0.613401 6.98013e-05
175   -0.613112     -0.6134  6.9421e-05
176   -0.612557   -0.613395 6.91914e-05
177   -0.615747   -0.613408 7.00711e-05
178   -0.612354   -0.613402 6.99278e-05
179    -0.61361   -0.613404 6.95457e-05
180    -0.61372   -0.613405 6.91806e-05
181   -0.612773   -0.613402  6.8886e-05
182   -0.612518   -0.613397 6.86782e-05
183    -0.61432   -0.613402 6.84879e-05
184   -0.612669   -0.613398 6.82311e-05
185   -0.613917   -0.613401 6.79192e-05
186   -0.613749   -0.613403  6.7579e-05
187   -0.613848   -0.613405 6.72588e-05
188   -0.612381     -0.6134 6.71216e-05
189   -0.613381     -0.6134 6.67655e-05
190   -0.613458     -0.6134 6.64139e-05
191   -0.613218   -0.613399 6.60722e-05
192   -0.614278   -0.613403 6.58866e-05
193   -0.614051   -0.613407 6.56302e-05
194   -0.612566   -0.613402 6.54346e-05
195    -0.61304   -0.613401 6.51247e-05
196   -0.614294   -0.613405 6.49518e-05
197   -0.614901   -0.613413 6.50657e-05
198   -0.614245   -0.613417 6.48725e-05
199   -0.612651   -0.613413 6.46603e-05
200   -0.612971   -0.613411 6.43741e-05
