33.9668           0
33.0379     0.92894
32.6703    0.650212
32.7768    0.471947
32.6121    0.400972
32.3515    0.418434
32.3134    0.355689
32.6187    0.433742
32.6223    0.382541
32.891    0.435067
32.9075    0.393881
32.9661    0.364301
32.8057    0.371538
32.8873    0.353542
32.8071    0.338759
32.8458    0.319233
32.9363    0.313227
32.9817    0.298772
32.922    0.288842
32.8875    0.276178
32.8809    0.262781
32.9235    0.254151
32.8993    0.244048
32.9212    0.234678
32.9605    0.228495
32.8812    0.233396
32.9404     0.23226
32.9501    0.224021
33.032    0.231158
32.9959    0.226225
32.965    0.220977
32.9358    0.215935
33.0321    0.230353
33.0555      0.2247
33.0438      0.2185
32.9876    0.219654
32.9832    0.213681
32.972    0.208283
32.9801    0.203036
32.9114    0.209499
32.9061    0.204393
32.9138    0.199614
32.9138    0.194917
32.8853     0.19256
32.8503     0.19146
32.8617    0.187601
32.8362    0.185339
32.8134    0.182861
32.819    0.179179
32.791    0.177776
32.7766    0.174847
32.7765    0.171452
32.7572    0.169281
32.7469    0.166438
32.7093    0.167642
32.7503    0.169637
32.7644    0.167229
32.7535    0.164678
32.7461    0.162035
32.7363     0.15961
32.7187     0.15796
32.7151    0.155432
32.6702    0.159408
32.6845    0.157547
32.7073     0.15678
32.7437    0.158607
32.7294    0.156873
32.7258    0.154592
32.7485    0.154021
32.7424    0.151926
32.7594    0.150728
32.7568    0.148643
32.7496    0.146766
32.7566    0.144938
32.7698      0.1436
32.7519    0.142828
32.7181    0.144954
32.6931    0.145255
32.7114    0.144567
32.7233    0.143247
32.6973    0.143848
32.7139    0.143054
32.7158    0.141333
32.7254    0.139964
32.7436    0.139503
32.7417    0.137884
32.7406    0.136295
32.7462    0.134852
32.7348    0.133809
32.7493    0.133107
32.7434    0.131771
32.7406    0.130361
32.7472    0.129121
32.7438    0.127786
32.7754     0.13033
32.7594    0.129953
32.7485    0.129068
32.7514    0.127777
32.7306    0.128178
32.7444    0.127645
32.7398     0.12646
32.7431    0.125257
32.7468     0.12409
32.7342    0.123532
32.7131    0.124156
32.7246    0.123518
32.7251    0.122359
32.7338    0.121532
32.7212    0.121066
32.7294    0.120243
32.7443    0.120081
32.7452    0.119008
32.7559    0.118432
32.7641    0.117675
32.7662    0.116666
32.795    0.119196
32.8018    0.118367
32.8121    0.117813
32.7866     0.11958
32.8014    0.119504
32.7818    0.120124
32.7964    0.120031
32.798    0.119061
32.7965    0.118106
32.7817      0.1181
32.7968    0.118132
32.7985    0.117211
32.8025     0.11636
32.8028    0.115455
32.8018    0.114568
32.8159    0.114559
32.8162    0.113688
32.8331    0.114101
32.8256    0.113495
32.8239    0.112663
32.818    0.111992
32.837    0.112798
32.8248    0.112647
32.8283     0.11189
32.829     0.11109
32.8323    0.110347
32.8254    0.109785
32.827    0.109027
32.8218    0.108393
32.8118    0.108111
32.8089    0.107407
32.8141    0.106803
32.8103    0.106149
32.8116    0.105442
32.8051    0.104935
32.7991    0.104408
32.7942    0.103838
32.7935    0.103159
32.7837    0.102956
32.7945    0.102856
32.7905    0.102272
32.7919    0.101628
32.7867    0.101117
32.7807    0.100659
32.7768    0.100105
32.7874    0.100047
32.7985    0.100049
32.7898   0.0998156
32.7955   0.0993666
32.805   0.0992208
32.8058    0.098625
32.8039   0.0980521
32.7932   0.0980476
32.7829     0.09801
32.7789   0.0975141
32.7726   0.0971458
32.7614    0.097232
32.7503   0.0973049
32.7456   0.0968589
32.7483   0.0963421
32.7663   0.0974741
32.7758    0.097388
32.7722   0.0969066
32.7805    0.096718
32.7728   0.0964859
32.7765   0.0960238
32.7754   0.0955012
32.7779   0.0950116
32.7823   0.0945928
32.7784   0.0941586
32.7668   0.0943675
32.7729   0.0940604
32.7749   0.0935791
32.782   0.0933527
32.7826   0.0928619
32.7654   0.0939505
32.7639   0.0934724
32.7694    0.093151
32.7722   0.0927126
32.7862   0.0932911
32.7889   0.0928531
32.7868    0.092404
32.7872   0.0919368
32.7952   0.0918193
32.7921     0.09141
33.9375           0
33.0071    0.930463
32.6444    0.648155
32.7613    0.472983
32.5986    0.400876
32.3388    0.417896
32.304    0.354891
32.613    0.435809
32.6177    0.384376
32.888    0.437311
32.9041    0.395889
32.9613    0.365905
32.8019    0.372432
32.8831    0.354235
32.8043    0.339049
32.8448    0.319724
32.9361    0.313895
32.981    0.299327
32.9208    0.289464
32.8872    0.276655
32.8803    0.263242
32.9231    0.254616
32.8991    0.244481
32.9211    0.235105
32.9608    0.228975
32.8816    0.233807
32.9405    0.232571
32.9494    0.224288
33.0307    0.231184
32.9943    0.226305
32.9636    0.221026
32.935    0.215901
33.0318     0.23054
33.0552     0.22488
33.0434    0.218678
32.9868    0.219935
32.9828    0.213946
32.9714    0.208548
32.9792     0.20328
32.9106    0.209682
32.9055    0.204568
32.9129    0.199775
32.9134    0.195074
32.8853    0.192659
32.8502    0.191568
32.8614     0.18769
32.836    0.185396
32.8133    0.182906
32.8189    0.179222
32.7906    0.177865
32.7766    0.174907
32.7762    0.171511
32.7574    0.169291
32.7471    0.166445
32.7098    0.167593
32.7509    0.169623
32.7651     0.16723
32.7545    0.164665
32.747    0.162023
32.737    0.159616
32.7192    0.157985
32.7158    0.155452
32.6711    0.159373
32.6855    0.157528
32.7088     0.15682
32.7448    0.158572
32.7306    0.156835
32.7267     0.15456
32.7495    0.154006
32.7435    0.151909
32.7603    0.150687
32.7577    0.148601
32.7506    0.146724
32.7576      0.1449
32.771    0.143577
32.7531    0.142798
32.7194    0.144905
32.6943    0.145227
32.7126    0.144544
32.7246    0.143229
32.6986    0.143825
32.7149    0.142993
32.7166     0.14127
32.7262    0.139908
32.7444    0.139439
32.7423    0.137823
32.7411    0.136235
32.7468    0.134799
32.7353     0.13377
32.7499    0.133074
32.7439    0.131739
32.7409    0.130333
32.7474    0.129087
32.7439    0.127753
32.7757    0.130326
32.7596    0.129962
32.7488    0.129062
32.7516    0.127767
32.731    0.128138
32.7451    0.127633
32.7405    0.126447
32.744    0.125252
32.7476    0.124082
32.7353    0.123501
32.7143    0.124096
32.726    0.123469
32.7261     0.12231
32.7348    0.121487
32.7221    0.121038
32.7304     0.12022
32.7454    0.120073
32.7463    0.118999
32.7571    0.118431
32.7652    0.117672
32.7674    0.116665
32.7962    0.119174
32.8031    0.118354
32.8133    0.117791
32.7878    0.119557
32.8027    0.119487
32.783    0.120118
32.7978    0.120048
32.7989    0.119073
32.7975    0.118118
32.7827    0.118105
32.7977    0.118125
32.7995    0.117206
32.8033    0.116349
32.8037    0.115444
32.8026    0.114558
32.8166    0.114532
32.8169    0.113662
32.8339     0.11408
32.8265    0.113468
32.8247    0.112638
32.8189     0.11196
32.838    0.112772
32.8256    0.112636
32.8292    0.111881
32.8299    0.111081
32.833    0.110334
32.826    0.109775
32.8276    0.109017
32.8221    0.108398
32.8121    0.108113
32.8091    0.107411
32.8145    0.106815
32.8107    0.106162
32.8121    0.105457
32.8057    0.104946
32.7997    0.104422
32.7947    0.103852
32.7942    0.103173
32.7844    0.102964
32.7952    0.102864
32.7912    0.102279
32.7926    0.101634
32.7874    0.101123
32.7815    0.100655
32.7775    0.100106
32.7881    0.100047
32.7992     0.10004
32.7905   0.0998075
32.796    0.099354
32.8054   0.0991959
32.8063   0.0986007
32.8044   0.0980279
32.7939   0.0980056
32.7837    0.097957
32.7797   0.0974608
32.7732   0.0971066
32.762   0.0971921
32.751   0.0972505
32.7463   0.0968031
32.749    0.096286
32.767   0.0974198
32.7765   0.0973344
32.773   0.0968519
32.7812   0.0966604
32.7735   0.0964319
32.7772   0.0959697
32.7762    0.095446
32.7788    0.094957
32.7831   0.0945376
32.7793   0.0941017
32.7676   0.0943136
32.7738   0.0940099
32.7758   0.0935301
32.7828   0.0932946
32.7834   0.0928045
32.7663   0.0938867
32.7647    0.093411
32.7701   0.0930841
32.7729   0.0926458
32.787   0.0932321
32.7895     0.09279
32.7875   0.0923401
32.7877   0.0918729
32.7957   0.0917562
32.7926    0.091349
