1    0.424635    0.424635           0
2    0.423201    0.423918  0.00071749
3    0.425994     0.42461 0.000806434
4    0.424584    0.424604  0.00057027
5    0.418632    0.423409  0.00127337
6    0.426288    0.423889  0.00114505
7    0.429563      0.4247  0.00126237
8    0.425479    0.424797  0.00109758
9    0.435923    0.426033  0.00157014
10    0.428206    0.426251  0.00142109
11    0.436431    0.427176  0.00158395
12    0.415122    0.426172   0.0017606
13    0.427425    0.426268  0.00162238
14    0.438627    0.427151  0.00174224
15    0.427855    0.427198  0.00162261
16    0.429232    0.427325  0.00152313
17    0.425261    0.427203  0.00143587
18    0.423015    0.426971  0.00137361
19    0.427926    0.427021  0.00130027
20    0.426877    0.427014  0.00123357
21    0.423955    0.426868  0.00118237
22    0.432842     0.42714  0.00115959
23    0.431273    0.427319   0.0011225
24    0.428716    0.427378  0.00107629
25    0.429066    0.427445  0.00103455
26    0.418171    0.427088  0.00105603
27    0.427336    0.427098   0.0010162
28    0.431673    0.427261 0.000992778
29    0.441573    0.427755  0.00107759
30    0.427083    0.427732  0.00104129
31    0.432194    0.427876  0.00101738
32    0.439423    0.428237  0.00104908
33    0.440187    0.428599  0.00107935
34    0.435099     0.42879  0.00106443
35    0.428965    0.428795  0.00103358
36    0.428943    0.428799  0.00100447
37    0.428597    0.428794 0.000976961
38    0.432376    0.428888 0.000955566
39    0.422355    0.428721 0.000945697
40    0.422518    0.428566 0.000934702
41    0.428948    0.428575 0.000911667
42     0.43596    0.428751 0.000906903
43     0.42706    0.428711 0.000886434
44    0.423302    0.428588 0.000874737
45    0.424605      0.4285 0.000859646
46    0.435386     0.42865 0.000853974
47    0.423484     0.42854 0.000842803
48    0.423146    0.428427 0.000832676
49    0.415956    0.428173 0.000854297
50    0.433931    0.428288 0.000844923
51    0.432064    0.428362 0.000831493
52    0.431338    0.428419 0.000817353
53    0.426132    0.428376 0.000802943
54    0.424633    0.428307 0.000790977
55    0.418291    0.428125 0.000797533
56    0.417448    0.427934 0.000806033
57    0.422687    0.427842 0.000797099
58     0.42565    0.427804 0.000784146
59    0.439155    0.427997 0.000794389
60    0.426323    0.427969 0.000781535
61    0.428499    0.427977 0.000768666
62    0.434882    0.428089 0.000764324
63    0.430108    0.428121 0.000752776
64     0.43233    0.428187 0.000743835
65    0.438013    0.428338 0.000747742
66    0.437788    0.428481  0.00075012
67    0.434627    0.428573 0.000744512
68    0.436922    0.428696 0.000743688
69    0.429309    0.428704 0.000732884
70    0.441091    0.428881 0.000743697
71     0.42278    0.428795 0.000738167
72    0.430068    0.428813 0.000728057
73    0.429331     0.42882 0.000718049
74    0.423162    0.428744 0.000712395
75    0.431236    0.428777 0.000703618
76    0.431796    0.428817 0.000695433
77     0.42783    0.428804 0.000686462
78    0.428618    0.428801 0.000677608
79    0.439732     0.42894 0.000683135
80    0.431759    0.428975 0.000675461
81    0.426016    0.428939  0.00066807
82    0.420911    0.428841 0.000667094
83    0.434418    0.428908 0.000662425
84    0.428767    0.428906 0.000654493
85    0.438897    0.429024 0.000657341
86    0.429665    0.429031 0.000649696
87    0.425395    0.428989 0.000643543
88    0.436629    0.429076 0.000642084
89     0.43441    0.429136 0.000637652
90    0.439769    0.429254   0.0006415
91    0.428125    0.429242 0.000634532
92    0.431936    0.429271  0.00062828
93     0.42549     0.42923 0.000622816
94    0.423428    0.429169  0.00061924
95    0.429951    0.429177 0.000612742
96    0.428726    0.429172 0.000606344
97    0.436367    0.429246 0.000604626
98    0.425627     0.42921 0.000599563
99    0.428722    0.429205 0.000593497
100    0.424795     0.42916 0.000589184
101     0.41936    0.429063 0.000591337
102    0.428285    0.429056  0.00058556
103    0.426248    0.429029 0.000580488
104    0.427897    0.429018 0.000574982
105    0.426259    0.428991 0.000570086
106    0.431946    0.429019 0.000565369
107    0.435851    0.429083 0.000563688
108    0.431105    0.429102 0.000558758
109    0.430366    0.429113 0.000553729
110    0.430265    0.429124 0.000548772
111    0.435042    0.429177 0.000546413
112    0.418871    0.429085 0.000549276
113    0.424832    0.429048 0.000545693
114    0.424703    0.429009 0.000542226
115    0.414556    0.428884 0.000551988
116      0.4334    0.428923 0.000548593
117    0.421683    0.428861 0.000547392
118    0.428506    0.428858 0.000542742
119     0.42393    0.428816 0.000539752
120    0.434747    0.428866 0.000537513
121    0.438468    0.428945 0.000538927
122    0.426404    0.428924 0.000534897
123    0.430819     0.42894 0.000530754
124    0.431757    0.428963 0.000526946
125    0.432152    0.428988 0.000523336
126    0.429769    0.428994 0.000519203
127    0.436911    0.429057 0.000518857
128    0.421115    0.428995 0.000518513
129    0.418544    0.428913 0.000520817
130    0.437382    0.428979 0.000520885
131    0.430138    0.428987 0.000516969
132    0.421498    0.428931 0.000516166
133    0.431037    0.428947 0.000512515
134    0.427099    0.428933 0.000508863
135    0.421419    0.428877 0.000508137
136      0.4342    0.428916 0.000505903
137    0.430826     0.42893  0.00050239
138    0.431212    0.428947  0.00049901
139    0.422026    0.428897 0.000497903
140    0.433257    0.428928 0.000495314
141    0.431721    0.428948 0.000492187
142    0.433499     0.42898 0.000489758
143    0.434704     0.42902 0.000487966
144    0.431279    0.429036 0.000484819
145    0.434994    0.429077 0.000483214
146    0.429089    0.429077 0.000479893
147    0.435492     0.42912 0.000478611
148    0.423959    0.429086 0.000476644
149    0.416652    0.429002 0.000480733
150     0.43308    0.429029  0.00047829
151    0.425805    0.429008 0.000475592
152    0.424261    0.428977 0.000473484
153    0.421069    0.428925  0.00047321
154    0.424203    0.428894 0.000471126
155    0.433463    0.428924 0.000469004
156    0.428838    0.428923 0.000465988
157    0.429691    0.428928 0.000463036
158    0.427821    0.428921  0.00046015
159    0.424369    0.428893 0.000458142
160    0.431426    0.428908 0.000455545
161    0.438992    0.428971 0.000457019
162     0.43032    0.428979 0.000454265
163    0.432083    0.428998 0.000451871
164    0.428423    0.428995 0.000449121
165    0.437734    0.429048 0.000449521
166    0.430355    0.429056 0.000446875
167     0.41808     0.42899 0.000449027
168     0.41691    0.428918   0.0004521
169    0.429463    0.428921 0.000449429
170    0.425739    0.428903 0.000447169
171    0.435169    0.428939 0.000446054
172    0.416024    0.428864 0.000449766
173    0.423918    0.428836 0.000448072
174    0.431792    0.428853 0.000445813
175    0.435162    0.428889 0.000444722
176    0.424245    0.428862 0.000442975
177    0.427591    0.428855 0.000440524
178    0.432319    0.428875 0.000438474
179    0.439372    0.428933 0.000439943
180    0.437997    0.428984 0.000440381
181    0.425812    0.428966 0.000438291
182    0.425021    0.428944 0.000436415
183    0.430557    0.428953 0.000434113
184    0.422447    0.428918 0.000433193
185    0.418748    0.428863 0.000434338
186    0.427995    0.428858 0.000432022
187    0.433503    0.428883 0.000430422
188    0.423213    0.428853 0.000429188
189    0.431924    0.428869  0.00042722
190    0.423783    0.428842 0.000425808
191    0.428825    0.428842 0.000423572
192    0.425353    0.428824 0.000421752
193     0.43574     0.42886 0.000421089
194    0.443624    0.428936 0.000425769
195    0.424663    0.428914 0.000424147
196    0.430079     0.42892 0.000422019
197    0.433223    0.428942 0.000420439
198    0.425238    0.428923 0.000418728
199    0.440407    0.428981 0.000420597
200    0.441163    0.429042 0.000422898
1    0.428501    0.428501           0
2    0.423282    0.425891  0.00260944
3    0.425014    0.425599  0.00153467
4    0.424521    0.425329  0.00111814
5    0.418642    0.423992   0.0015934
6    0.428132    0.424682  0.00147269
7    0.431997    0.425727   0.0016252
8    0.425879    0.425746  0.00140759
9    0.435099    0.426785  0.00161895
10    0.430905    0.427197  0.00150551
11    0.437873    0.428168  0.00167225
12    0.414368    0.427018  0.00191124
13    0.426041    0.426943  0.00175969
14    0.437733    0.427713  0.00180226
15    0.427823    0.427721  0.00167783
16    0.429528    0.427834  0.00157353
17     0.42868    0.427883  0.00147891
18    0.423333    0.427631  0.00141706
19    0.425125    0.427499  0.00134688
20    0.428304    0.427539  0.00127839
21    0.422799    0.427313  0.00123677
22    0.435927    0.427705  0.00124252
23    0.433143    0.427941  0.00121058
24    0.429965    0.428026  0.00116211
25    0.428042    0.428026  0.00111465
26    0.419818    0.427711  0.00111648
27    0.427839    0.427715  0.00107435
28    0.432309    0.427879  0.00104819
29    0.443717    0.428426  0.00114943
30    0.428064    0.428414  0.00111052
31    0.432331     0.42854  0.00108151
32    0.441631    0.428949  0.00112423
33     0.44005    0.429285  0.00114038
34    0.434867     0.42945  0.00111844
35    0.429261    0.429444  0.00108603
36    0.432135    0.429519  0.00105808
37    0.428822      0.4295  0.00102925
38    0.430667    0.429531  0.00100227
39    0.425087    0.429417 0.000982862
40     0.42123    0.429212 0.000979595
41    0.426341    0.429142 0.000957966
42    0.436616     0.42932 0.000951666
43    0.429524    0.429325 0.000929283
44    0.424246    0.429209 0.000915225
45    0.426438    0.429148 0.000896773
46    0.435941    0.429295 0.000889407
47     0.42228    0.429146 0.000882986
48    0.425097    0.429062 0.000868502
49    0.414977    0.428774  0.00089785
50     0.43424    0.428884 0.000886474
51    0.433071    0.428966 0.000872789
52    0.430641    0.428998 0.000856446
53    0.427415    0.428968 0.000840662
54    0.426387     0.42892 0.000826331
55    0.419394    0.428747 0.000829454
56    0.419729    0.428586 0.000830274
57    0.420882    0.428451   0.0008267
58    0.426595    0.428419 0.000812952
59    0.438239    0.428585 0.000816205
60    0.424931    0.428525 0.000804794
61    0.426696    0.428495 0.000792058
62    0.431513    0.428543 0.000780698
63    0.428308    0.428539 0.000768215
64    0.432834    0.428607 0.000759087
65    0.435447    0.428712 0.000754692
66    0.438481     0.42886 0.000757767
67    0.432395    0.428913 0.000748234
68    0.437866    0.429044 0.000748815
69    0.426362    0.429005 0.000738906
70    0.441369    0.429182 0.000749387
71    0.424476    0.429116 0.000741724
72     0.42956    0.429122 0.000731375
73    0.428799    0.429117 0.000721301
74    0.423213    0.429038 0.000715947
75    0.430965    0.429063 0.000706804
76    0.432076    0.429103 0.000698568
77     0.42828    0.429092 0.000689518
78    0.430773    0.429114 0.000680962
79    0.435713    0.429197 0.000677456
80    0.432554    0.429239 0.000670249
81    0.427408    0.429217 0.000662308
82    0.417636    0.429076 0.000669253
83    0.432327    0.429115   0.0006623
84    0.428897    0.429112 0.000654373
85    0.438446    0.429222 0.000655885
86    0.429263    0.429222 0.000648214
87     0.42697    0.429197 0.000641243
88    0.435391    0.429267 0.000637811
89    0.432719    0.429306 0.000631795
90     0.43853    0.429408 0.000633087
91    0.428145    0.429394 0.000626245
92    0.428689    0.429387 0.000619449
93    0.425242    0.429342  0.00061437
94    0.425407      0.4293 0.000609239
95    0.432266    0.429331   0.0006036
96    0.429234     0.42933  0.00059728
97    0.436671    0.429406 0.000595916
98    0.423677    0.429348 0.000592694
99    0.428241    0.429336 0.000586783
100    0.427803    0.429321 0.000581088
101    0.417711    0.429206 0.000586678
102    0.426976    0.429184 0.000581309
103    0.424178    0.429136 0.000577685
104    0.430908    0.429153 0.000572358
105    0.426684    0.429129 0.000567368
106    0.429546    0.429133 0.000562004
107    0.433899    0.429178 0.000558505
108    0.429729    0.429183 0.000553333
109    0.428323    0.429175  0.00054829
110    0.432168    0.429202 0.000543963
111    0.438948     0.42929 0.000546145
112    0.418174    0.429191 0.000550272
113    0.420371    0.429113 0.000550937
114    0.427819    0.429101 0.000546201
115    0.414329    0.428973  0.00055646
116    0.430749    0.428988 0.000551855
117    0.419613    0.428908 0.000552954
118    0.429388    0.428912 0.000548263
119    0.424255    0.428873 0.000545043
120    0.435766     0.42893 0.000543525
121    0.438448    0.429009 0.000544724
122    0.426375    0.428987 0.000540672
123    0.429886    0.428995 0.000536308
124    0.431209    0.429013 0.000532265
125    0.435366    0.429063 0.000530431
126    0.428698    0.429061 0.000526212
127    0.434849    0.429106 0.000524038
128    0.420333    0.429038 0.000524426
129    0.418122    0.428953 0.000527179
130    0.434276    0.428994 0.000524709
131    0.427201     0.42898 0.000520868
132    0.422007    0.428927 0.000519599
133    0.429958    0.428935 0.000515735
134    0.426443    0.428917  0.00051221
135    0.421101    0.428859 0.000511687
136    0.431291    0.428877 0.000508225
137    0.430885    0.428891 0.000504715
138    0.428571    0.428889  0.00050105
139    0.424702    0.428859 0.000498343
140    0.431479    0.428877 0.000495125
141    0.430892    0.428892 0.000491808
142     0.43552    0.428938 0.000490558
143    0.435917    0.428987 0.000489554
144    0.429375     0.42899  0.00048615
145    0.432467    0.429014 0.000483381
146    0.427974    0.429007 0.000480111
147     0.43549    0.429051 0.000478869
148    0.424763    0.429022 0.000476504
149    0.412886    0.428914 0.000485527
150     0.43258    0.428938 0.000482898
151    0.424918    0.428911 0.000480428
152    0.424606    0.428883 0.000478096
153    0.419715    0.428823 0.000478726
154    0.422857    0.428784 0.000477183
155    0.435563    0.428828 0.000476107
156    0.426002     0.42881 0.000473392
157    0.429989    0.428818 0.000470427
158    0.429801    0.428824 0.000467482
159    0.424275    0.428795 0.000465412
160    0.434071    0.428828 0.000463668
161    0.438419    0.428888 0.000464614
162    0.429673    0.428893 0.000461762
163    0.432026    0.428912 0.000459323
164    0.430455    0.428921 0.000456611
165    0.438995    0.428982 0.000457923
166    0.429994    0.428988 0.000455197
167    0.417221    0.428918 0.000457916
168    0.417247    0.428848 0.000460453
169     0.42643    0.428834 0.000457944
170    0.425825    0.428816 0.000455586
171    0.434017    0.428847 0.000453934
172    0.413197    0.428756 0.000460369
173    0.424165    0.428729 0.000458469
174    0.432532    0.428751  0.00045635
175     0.43654    0.428796 0.000455912
176    0.422999    0.428763 0.000454509
177    0.426943    0.428752 0.000452051
178    0.429243    0.428755 0.000449513
179    0.438911    0.428812 0.000450581
180    0.434263    0.428842 0.000449093
181     0.42911    0.428844 0.000446607
182    0.425666    0.428826 0.000444489
183    0.427593     0.42882 0.000442105
184    0.420374    0.428774 0.000442085
185    0.418494    0.428718 0.000443186
186    0.429324    0.428721 0.000440809
187    0.431486    0.428736 0.000438695
188    0.422185    0.428701 0.000437744
189    0.435601    0.428738  0.00043695
190    0.424011    0.428713 0.000435355
191    0.430396    0.428722 0.000433159
192    0.423368    0.428694 0.000431799
193    0.437969    0.428742 0.000432236
194    0.442337    0.428812 0.000435675
195     0.42242    0.428779 0.000434672
196    0.429843    0.428785 0.000432483
197     0.43285    0.428805 0.000430777
198    0.429711     0.42881  0.00042862
199    0.441455    0.428873 0.000431169
200     0.44386    0.428948 0.000435502
