1.59151           0
1.57668   0.0148242
1.5829   0.0105807
1.58561  0.00795751
1.58347  0.00652503
1.58308  0.00534233
1.5859  0.00532397
1.58483  0.00473237
1.5872  0.00479993
1.58707   0.0042952
1.58934  0.00449857
1.58932  0.00410664
1.58718  0.00434124
1.58851  0.00423329
1.58966  0.00410408
1.59068  0.00397273
1.59136  0.00379261
1.59147  0.00357768
1.59365  0.00402132
1.59494  0.00402875
1.59488  0.00383268
1.59571  0.00374776
1.59562  0.00358211
1.59319  0.00420249
1.59406  0.00412234
1.5963  0.00455159
1.59644  0.00438201
1.59643  0.00422262
1.59698   0.0041113
1.5962  0.00404676
1.59651  0.00392617
1.59713  0.00385114
1.59823  0.00389122
1.59837  0.00377768
1.59693  0.00394108
1.59668   0.0038379
1.59579  0.00383905
1.59636  0.00378016
1.59574  0.00373351
1.59621  0.00366899
1.59543  0.00366155
1.59563   0.0035789
1.5964  0.00357807
1.59577  0.00355303
1.59562  0.00347623
1.5959  0.00341102
1.59519  0.00341156
1.59523  0.00333994
1.59497  0.00328131
1.59514  0.00321977
1.59509   0.0031564
1.59443  0.00316628
1.59449  0.00310666
1.59463  0.00305165
1.5949  0.00300816
1.59466  0.00296367
1.59413  0.00295914
1.59435   0.0029157
1.5947  0.00288739
1.59436  0.00285918
1.59455  0.00281852
1.59489  0.00279342
1.59496  0.00274945
1.59523  0.00272025
1.5951  0.00268153
1.59537  0.00265423
1.59474  0.00268781
1.59427  0.00268883
1.59427  0.00264959
1.59456  0.00262819
1.59482   0.0026038
1.59499  0.00257297
1.59473  0.00255034
1.59456  0.00252135
1.59411  0.00252952
1.59387  0.00250716
1.5939  0.00247462
1.59378  0.00244579
1.59399  0.00242357
1.59445  0.00243734
1.59391  0.00246828
1.59361  0.00245585
1.59375  0.00242997
1.59324   0.0024535
1.5929  0.00244831
1.59294     0.00242
1.5934  0.00243618
1.59374  0.00243149
1.59343  0.00242353
1.59322  0.00240563
1.59309   0.0023824
1.59307  0.00235653
1.59304  0.00233121
1.59303  0.00230631
1.59284  0.00228926
1.5929  0.00226602
1.59306  0.00224796
1.59305  0.00222491
1.59296  0.00220433
1.59292  0.00218254
1.59274  0.00216791
1.59302  0.00216501
1.59327  0.00215832
1.59305  0.00214867
1.59305  0.00212811
1.5931  0.00210845
1.59285  0.00210314
1.59265  0.00209377
1.59266  0.00207454
1.59289  0.00206858
1.59251  0.00208604
1.59274  0.00207996
1.59265  0.00206327
1.59273  0.00204671
1.59258  0.00203479
1.59263  0.00201795
1.59281  0.00200835
1.59266  0.00199688
1.59283  0.00198711
1.59272  0.00197336
1.5926  0.00196055
1.59235   0.0019601
1.59234  0.00194416
1.59244  0.00193092
1.59245  0.00191543
1.59232  0.00190422
1.5925  0.00189805
1.59254  0.00188344
1.59274  0.00188019
1.5926  0.00187139
1.59256  0.00185737
1.59235  0.00185569
1.59258  0.00185646
1.59252  0.00184362
1.5925  0.00183007
1.59248   0.0018166
1.59246  0.00180353
1.59244  0.00179045
1.59249  0.00177806
1.59258  0.00176766
1.59257  0.00175509
1.59249  0.00174442
1.59242   0.0017337
1.59253  0.00172513
1.59254   0.0017132
1.59237  0.00170936
1.59227  0.00170096
1.59222  0.00168995
1.59237  0.00168471
1.59237  0.00167344
1.59215  0.00167708
1.59196  0.00167578
1.59199  0.00166505
1.59189  0.00165741
1.59185  0.00164725
1.59189  0.00163732
1.59185  0.00162749
1.59169  0.00162531
1.59208  0.00166132
1.59218   0.0016544
1.59243  0.00166276
1.59239  0.00165306
1.59238  0.00164291
1.5924  0.00163295
1.59239  0.00162303
1.59235   0.0016137
1.59232  0.00160433
1.59235  0.00159507
1.59258  0.00160243
1.59249   0.0015957
1.5924  0.00158896
1.59232  0.00158183
1.59224  0.00157458
1.59221  0.00156581
1.59209   0.0015611
1.59211  0.00155228
1.5921  0.00154349
1.59191  0.00154642
1.59207  0.00154568
1.59186  0.00155076
1.59194  0.00154415
1.59216  0.00155083
1.59217  0.00154238
1.59223  0.00153495
1.59232  0.00152959
1.59235   0.0015216
1.59256  0.00152777
1.59229  0.00154277
1.59221  0.00153698
1.59215  0.00153008
1.59223  0.00152446
1.59222  0.00151652
1.59229   0.0015104
1.59228  0.00150263
1.59227  0.00149496
1.59221  0.00148868
1.59232  0.00148577
1.5926  0.00150403
1.59244  0.00150527
1.59238  0.00149884
1.59315           0
1.57943   0.0137263
1.58587   0.0102133
1.58702  0.00731244
1.58337  0.00673623
1.58438    0.005592
1.5867  0.00526647
1.58551  0.00471475
1.58746   0.0045944
1.58673  0.00417456
1.58887  0.00434136
1.58941  0.00399957
1.58776  0.00403297
1.58897  0.00392619
1.58988  0.00376725
1.591  0.00369569
1.59158  0.00352059
1.59153  0.00331974
1.59364  0.00378385
1.59473  0.00375205
1.59491  0.00357367
1.59543  0.00344572
1.59538  0.00329283
1.59282  0.00405912
1.59402  0.00407282
1.59635  0.00455427
1.59653  0.00438595
1.59647  0.00422681
1.5968  0.00409172
1.59612  0.00401074
1.59656  0.00390382
1.59746  0.00388539
1.59858  0.00392991
1.59859   0.0038126
1.59723  0.00394663
1.59675  0.00386545
1.59591  0.00385184
1.59634  0.00377443
1.59574  0.00372562
1.59604  0.00364369
1.59519   0.0036544
1.59527  0.00356726
1.59591  0.00354183
1.59536  0.00350491
1.59516   0.0034318
1.59555  0.00337957
1.59486  0.00337838
1.5949  0.00330745
1.59472  0.00324435
1.59473  0.00317885
1.59465  0.00311718
1.59405   0.0031145
1.5941  0.00305561
1.59431  0.00300568
1.59465  0.00297029
1.59447  0.00292232
1.59404  0.00290251
1.5943  0.00286425
1.59462  0.00283308
1.5943  0.00280381
1.59452  0.00276606
1.59482  0.00273761
1.59493  0.00269594
1.5951  0.00265917
1.59497  0.00262097
1.59514  0.00258634
1.59458  0.00260922
1.59413   0.0026083
1.59412  0.00257029
1.59432  0.00254191
1.59469  0.00253227
1.59481   0.0024998
1.59454  0.00248059
1.59442  0.00244942
1.59391  0.00247043
1.59364  0.00245206
1.59365  0.00242001
1.59342  0.00239948
1.59379  0.00239691
1.59423  0.00240756
1.59369  0.00243809
1.5934  0.00242516
1.5935   0.0023976
1.59291  0.00244142
1.59257  0.00243626
1.59255  0.00240784
1.59294  0.00241229
1.59338   0.0024241
1.59317  0.00240539
1.59293  0.00239101
1.59285  0.00236596
1.59281  0.00234034
1.59274  0.00231631
1.59272  0.00229158
1.59253  0.00227549
1.59258  0.00225215
1.59272  0.00223338
1.59273  0.00221049
1.59269  0.00218843
1.59262  0.00216753
1.5925  0.00214913
1.59284  0.00215463
1.59304  0.00214255
1.59282  0.00213289
1.59286  0.00211289
1.59296  0.00209536
1.59273  0.00208924
1.59249   0.0020834
1.59246  0.00206441
1.59273  0.00206366
1.59237  0.00207661
1.59264   0.0020759
1.5926  0.00205791
1.59266  0.00204059
1.59258  0.00202411
1.59266  0.00200812
1.59284  0.00199926
1.59273  0.00198571
1.59284  0.00197248
1.59277  0.00195741
1.5927  0.00194247
1.59243  0.00194554
1.59242  0.00192966
1.5926  0.00192183
1.59257  0.00190662
1.59242  0.00189701
1.59262  0.00189225
1.59265  0.00187761
1.5929  0.00188067
1.59279  0.00186983
1.59275  0.00185587
1.59258   0.0018498
1.5928  0.00184978
1.59277  0.00183629
1.59273  0.00182297
1.59271  0.00180962
1.59267  0.00179693
1.5927  0.00178411
1.59274  0.00177167
1.59276  0.00175919
1.59273  0.00174693
1.59264  0.00173726
1.59254  0.00172762
1.59268  0.00172069
1.59263  0.00170929
1.59246  0.00170662
1.59238  0.00169676
1.59235  0.00168544
1.59249  0.00167973
1.59255  0.00166965
1.59235  0.00167069
1.59213  0.00167463
1.5922  0.00166495
1.59212  0.00165595
1.59209  0.00164549
1.59208  0.00163493
1.59205   0.0016247
1.59191  0.00162066
1.59233  0.00166329
1.59241  0.00165502
1.59271  0.00167102
1.59265   0.0016615
1.59267  0.00165141
1.59265  0.00164149
1.59264  0.00163152
1.59262  0.00162179
1.59258  0.00161263
1.59265  0.00160446
1.59286  0.00160923
1.59274  0.00160463
1.59266  0.00159688
1.59259  0.00158948
1.59251  0.00158213
1.59251  0.00157302
1.59242  0.00156645
1.59246  0.00155809
1.59245  0.00154929
1.59231  0.00154733
1.59245   0.0015452
1.59223  0.00155157
1.59231  0.00154467
1.5925  0.00154829
1.59252  0.00153993
1.59259  0.00153323
1.5927  0.00152854
1.59271  0.00152034
1.59289  0.00152274
1.59263  0.00153672
1.59254  0.00153129
1.59247  0.00152464
1.59258  0.00152072
1.59255  0.00151322
1.59263  0.00150794
1.59264  0.00150015
1.59261  0.00149262
1.59254  0.00148657
1.59266  0.00148347
1.59292  0.00149879
1.59278  0.00149813
1.59269  0.00149324
