1    0.399451    0.399451           0
2    0.368968     0.38421   0.0152414
3     0.35911    0.375843   0.0121422
4    0.308148    0.358919    0.018977
5    0.336867    0.354509   0.0153469
6    0.338129    0.351779   0.0128246
7    0.341493     0.35031    0.010938
8    0.330423    0.347824   0.0097933
9    0.311664    0.343806  0.00952564
10    0.326748      0.3421  0.00868907
11    0.339835    0.341894  0.00786226
12    0.363803     0.34372   0.0074058
13    0.339224    0.343374  0.00682112
14    0.328235    0.342293  0.00640705
15    0.277037    0.337942  0.00738258
16    0.326902    0.337252  0.00694016
17    0.334504    0.337091  0.00652114
18    0.366528    0.338726  0.00636199
19    0.338272    0.338702  0.00601788
20    0.339436    0.338739  0.00570918
21     0.29809    0.336803  0.00576518
22    0.299225    0.335095  0.00575617
23    0.292562    0.333246  0.00580276
24    0.309314    0.332249   0.0056445
25    0.367472    0.333658  0.00559434
26    0.326325    0.333376  0.00538226
27    0.377186    0.334998  0.00542731
28    0.294292    0.333544  0.00542819
29    0.330851    0.333452  0.00523849
30    0.318789    0.332963  0.00508441
31    0.343407      0.3333  0.00492919
32    0.328394    0.333146  0.00477513
33    0.345457    0.333519  0.00464318
34    0.300667    0.332553  0.00460701
35    0.333096    0.332569  0.00447347
36    0.327432    0.332426  0.00434978
37    0.283019    0.331091  0.00443632
38    0.332975     0.33114  0.00431828
39    0.289349    0.330069  0.00434045
40    0.326144    0.329971  0.00423169
41    0.343071     0.33029  0.00413953
42    0.330431    0.330293  0.00403977
43    0.341799    0.330561  0.00395377
44    0.362227    0.331281  0.00392934
45    0.315526    0.330931  0.00385695
46    0.343434    0.331202  0.00378195
47    0.296304     0.33046  0.00377437
48    0.345101    0.330765  0.00370747
49    0.326222    0.330672   0.0036322
50    0.302556     0.33011  0.00360297
51    0.311592    0.329747  0.00355023
52    0.299673    0.329168    0.003529
53    0.306678    0.328744  0.00348769
54    0.384562    0.329778  0.00357518
55    0.324508    0.329682  0.00351088
56    0.278454    0.328767  0.00356692
57    0.326275    0.328723  0.00350405
58    0.300804    0.328242   0.0034766
59    0.287397     0.32755  0.00348658
60    0.311439    0.327281  0.00343848
61    0.314024    0.327064  0.00338862
62    0.334377    0.327182   0.0033356
63    0.327948    0.327194  0.00328225
64    0.309646     0.32692  0.00324218
65    0.333194    0.327016  0.00319337
66    0.297597    0.326571  0.00317604
67    0.306239    0.326267  0.00314297
68    0.332988    0.326366  0.00309798
69    0.314611    0.326196   0.0030575
70    0.356967    0.326635   0.0030454
71    0.364747    0.327172  0.00304981
72    0.265087     0.32631  0.00312834
73     0.32733    0.326324  0.00308522
74    0.303611    0.326017  0.00305868
75    0.308554    0.325784  0.00302659
76    0.332806    0.325876  0.00298793
77    0.304966    0.325605  0.00296135
78    0.310614    0.325413  0.00292945
79    0.359068    0.325839  0.00292334
80    0.348429    0.326121  0.00290034
81    0.335319    0.326235  0.00286656
82    0.342424    0.326432  0.00283827
83    0.310218    0.326237  0.00281066
84    0.377513    0.326847   0.0028433
85    0.329322    0.326876   0.0028098
86    0.315003    0.326738  0.00278036
87    0.284019    0.326247  0.00279174
88    0.301374    0.325964  0.00277427
89    0.279946    0.325447  0.00279123
90    0.315619    0.325338   0.0027622
91    0.326301    0.325349   0.0027317
92    0.330136    0.325401  0.00270234
93    0.350333    0.325669  0.00268654
94     0.37654     0.32621  0.00271234
95    0.323025    0.326177  0.00268385
96    0.295578    0.325858   0.0026748
97    0.325714    0.325856  0.00264709
98    0.310279    0.325697  0.00262475
99    0.335921    0.325801  0.00260016
100    0.311426    0.325657  0.00257803
101    0.286014    0.325264  0.00258238
102     0.35274    0.325534  0.00257109
103    0.297403    0.325261  0.00256061
104    0.311357    0.325127  0.00253939
105    0.324763    0.325123  0.00251509
106     0.35141    0.325371  0.00250357
107    0.359554    0.325691  0.00250055
108    0.326377    0.325697   0.0024773
109    0.339714    0.325826  0.00245783
110    0.322121    0.325792  0.00243562
111    0.307435    0.325627  0.00241923
112    0.318849    0.325566   0.0023983
113    0.292369    0.325273  0.00239507
114    0.320676    0.325232  0.00237431
115    0.312691    0.325123  0.00235609
116    0.329744    0.325163  0.00233604
117     0.32287    0.325143  0.00231607
118    0.306927    0.324989  0.00230154
119    0.292456    0.324716  0.00229843
120    0.334822      0.3248  0.00228075
121    0.306811    0.324651  0.00226671
122    0.307289    0.324509  0.00225255
123    0.381563    0.324973  0.00228181
124    0.358789    0.325245   0.0022797
125    0.315609    0.325168   0.0022627
126    0.279002    0.324802  0.00227438
127    0.310531     0.32469   0.0022592
128    0.339575    0.324806  0.00224449
129    0.358228    0.325065  0.00224205
130    0.344471    0.325214  0.00222973
131    0.288263    0.324932  0.00223055
132    0.319078    0.324888  0.00221404
133    0.313665    0.324803  0.00219895
134    0.331371    0.324852  0.00218302
135    0.320505     0.32482  0.00216703
136    0.293253    0.324588  0.00216353
137    0.341499    0.324712  0.00215122
138    0.316794    0.324654  0.00213635
139    0.358673    0.324899  0.00213499
140    0.301537    0.324732  0.00212625
141    0.312501    0.324645   0.0021129
142    0.333274    0.324706  0.00209884
143    0.343449    0.324837  0.00208823
144    0.313467    0.324758  0.00207518
145    0.335851    0.324835  0.00206224
146    0.310165    0.324734  0.00205053
147    0.337223    0.324819   0.0020383
148    0.357664    0.325041  0.00203661
149    0.338245     0.32513  0.00202484
150    0.313297    0.325051  0.00201284
151    0.364439    0.325312  0.00201641
152    0.325916    0.325316   0.0020031
153    0.299317    0.325146  0.00199721
154    0.348777    0.325299  0.00199012
155    0.331655     0.32534  0.00197767
156     0.29074    0.325118  0.00197743
157    0.360493    0.325344  0.00197767
158     0.32275    0.325327  0.00196518
159    0.305334    0.325202  0.00195683
160    0.360612    0.325423  0.00195711
161    0.332056    0.325464  0.00194535
162    0.269531    0.325119   0.0019639
163    0.307218    0.325009   0.0019549
164    0.328681    0.325031  0.00194307
165    0.349628     0.32518    0.001937
166     0.31907    0.325144  0.00192565
167    0.330149    0.325174  0.00191432
168    0.274008    0.324869  0.00192711
169    0.316181    0.324818  0.00191636
170     0.32414    0.324814  0.00190506
171    0.347104    0.324944  0.00189837
172    0.306674    0.324838  0.00189028
173    0.350917    0.324989  0.00188536
174    0.331285    0.325025  0.00187485
175    0.340808    0.325115  0.00186628
176    0.340062      0.3252  0.00185759
177    0.356763    0.325378  0.00185565
178      0.3361    0.325438  0.00184618
179    0.322559    0.325422  0.00183591
180    0.311775    0.325346  0.00182726
181    0.319443    0.325314  0.00181742
182    0.345479    0.325425   0.0018108
183    0.354269    0.325582  0.00180777
184    0.309095    0.325493  0.00180015
185    0.321758    0.325472   0.0017905
186    0.362753    0.325673  0.00179209
187    0.352617    0.325817   0.0017883
188    0.334851    0.325865  0.00177941
189    0.322379    0.325847  0.00177007
190    0.326483     0.32585  0.00176073
191    0.314057    0.325788  0.00175257
192    0.325563    0.325787  0.00174342
193    0.315774    0.325735  0.00173514
194    0.311278    0.325661  0.00172778
195    0.322648    0.325645  0.00171897
196    0.379231    0.325919  0.00173189
197    0.337774    0.325979  0.00172413
198    0.341282    0.326056  0.00171714
199    0.354576    0.326199  0.00171449
200     0.29421    0.326039  0.00171338
1    0.393926    0.393926           0
2    0.369461    0.381694   0.0122325
3    0.357428    0.373605   0.0107379
4    0.308508    0.357331   0.0179583
5     0.33593    0.353051    0.014554
6    0.337186    0.350407   0.0121739
7    0.340577    0.349003   0.0103842
8    0.330414    0.346679  0.00928833
9    0.310265    0.342633  0.00913626
10    0.326643    0.341034  0.00832669
11    0.339798    0.340922  0.00753261
12    0.363971    0.342842  0.00713953
13    0.340508    0.342663  0.00656987
14     0.32714    0.341554  0.00618275
15    0.278317    0.337338  0.00713458
16    0.326475    0.336659  0.00670824
17    0.333671    0.336484  0.00630374
18    0.365226     0.33808    0.006154
19    0.337625    0.338056  0.00582115
20    0.340731     0.33819  0.00552405
21    0.297576    0.336256  0.00559904
22    0.300412    0.334627  0.00558157
23    0.293034    0.332818  0.00563162
24     0.30958     0.33185  0.00547812
25    0.366952    0.333254  0.00543879
26    0.326279    0.332986  0.00523231
27    0.376893    0.334612  0.00529089
28    0.293552    0.333146  0.00530513
29    0.331268    0.333081  0.00511934
30    0.319323    0.332622  0.00496697
31    0.341881    0.332921  0.00481335
32    0.328083     0.33277  0.00466296
33    0.344815    0.333135  0.00453416
34    0.301136    0.332194  0.00449834
35    0.332942    0.332215  0.00436797
36    0.327073    0.332072  0.00424731
37    0.284029    0.330774  0.00433019
38    0.332313    0.330814  0.00421489
39    0.288657    0.329733  0.00424531
40    0.325407    0.329625  0.00413923
41    0.341953    0.329926   0.0040482
42    0.330233    0.329933  0.00395064
43    0.341407      0.3302  0.00386689
44    0.362527    0.330935  0.00384876
45    0.315195    0.330585  0.00377848
46    0.343441    0.330864  0.00370598
47     0.29605    0.330124  0.00370116
48    0.346133    0.330457  0.00363855
49    0.326942    0.330385  0.00356424
50    0.302907    0.329836  0.00353521
51    0.311911    0.329484  0.00348297
52    0.300232    0.328922  0.00346135
53    0.306073    0.328491  0.00342268
54     0.38471    0.329532  0.00351635
55    0.325479    0.329458  0.00345261
56    0.279208    0.328561  0.00350713
57    0.326067    0.328517  0.00344533
58    0.301884    0.328058  0.00341641
59    0.287562    0.327372  0.00342743
60    0.309741    0.327078  0.00338261
61    0.314823    0.326877  0.00333276
62    0.335345    0.327013   0.0032814
63    0.327857    0.327027  0.00322893
64    0.309315     0.32675   0.0031901
65    0.332086    0.326832  0.00314171
66     0.29774    0.326391  0.00312499
67    0.306419    0.326093  0.00309239
68    0.332625    0.326189  0.00304809
69    0.314235    0.326016  0.00300858
70    0.357163    0.326461  0.00299849
71    0.365351    0.327009  0.00300628
72    0.265679    0.326157  0.00308419
73    0.325923    0.326154  0.00304165
74    0.302985    0.325841  0.00301655
75    0.308601    0.325611  0.00298493
76    0.332881    0.325706  0.00294694
77    0.305178     0.32544  0.00292061
78    0.309861     0.32524  0.00288983
79    0.359908    0.325679  0.00288657
80     0.34849    0.325964  0.00286449
81    0.336019    0.326088  0.00283163
82    0.343132    0.326296  0.00280459
83    0.309102    0.326089  0.00277833
84    0.378148    0.326709  0.00281415
85    0.329696    0.326744  0.00278106
86    0.315034    0.326608  0.00275191
87    0.284383    0.326122  0.00276305
88    0.301041    0.325837   0.0027463
89    0.281168    0.325335  0.00276127
90    0.315952    0.325231   0.0027324
91    0.325661    0.325236  0.00270222
92    0.331308    0.325302   0.0026735
93    0.351614    0.325585  0.00265968
94     0.37505    0.326111  0.00268334
95    0.323248    0.326081  0.00265512
96    0.295859    0.325766  0.00264611
97    0.325697    0.325765  0.00261869
98    0.311432    0.325619  0.00259595
99    0.336019    0.325724  0.00257174
100    0.313309      0.3256  0.00254892
101    0.285219      0.3252  0.00255503
102    0.351805    0.325461  0.00254327
103     0.29648     0.32518  0.00253413
104    0.309975    0.325033  0.00251389
105    0.325729     0.32504  0.00248985
106    0.351679    0.325291  0.00247902
107    0.360728    0.325623  0.00247797
108    0.325673    0.325623  0.00245492
109     0.34163     0.32577  0.00243672
110     0.32166    0.325733  0.00241476
111    0.307484    0.325568  0.00239855
112    0.319445    0.325513  0.00237766
113    0.292141    0.325218  0.00237496
114    0.319672    0.325169  0.00235454
115    0.311836    0.325054  0.00233685
116    0.328952    0.325087  0.00231686
117    0.321898     0.32506  0.00229714
118    0.307673    0.324913  0.00228235
119    0.291077    0.324628  0.00228088
120    0.334178    0.324708  0.00226319
121      0.3058    0.324552  0.00224984
122    0.306313    0.324402  0.00223633
123     0.38074     0.32486  0.00226487
124    0.359718    0.325141  0.00226405
125    0.314143    0.325053  0.00224759
126    0.278041     0.32468  0.00226068
127    0.310888    0.324571  0.00224544
128    0.339875    0.324691  0.00223103
129     0.35709    0.324942  0.00222787
130    0.344599    0.325093  0.00221583
131    0.289139    0.324819  0.00221591
132    0.317288    0.324762   0.0021998
133    0.313906     0.32468  0.00218473
134    0.331865    0.324734  0.00216902
135    0.319866    0.324698   0.0021532
136    0.293194    0.324466  0.00214982
137    0.341434     0.32459  0.00213767
138    0.315438    0.324524  0.00212315
139    0.358843    0.324771  0.00212224
140    0.301895    0.324607  0.00211335
141    0.312031    0.324518   0.0021002
142    0.332627    0.324575  0.00208614
143    0.345296     0.32472  0.00207656
144    0.313989    0.324645  0.00206344
145    0.334948    0.324717  0.00205039
146    0.310219    0.324617  0.00203872
147    0.336401    0.324697  0.00202639
148    0.356802    0.324914   0.0020243
149    0.337769    0.325001  0.00201252
150    0.314104    0.324928  0.00200038
151    0.363492    0.325183  0.00200343
152    0.326304    0.325191  0.00199022
153    0.300047    0.325026  0.00198399
154    0.348053    0.325176  0.00197673
155    0.331861    0.325219  0.00196441
156    0.290126    0.324994  0.00196469
157    0.360447     0.32522  0.00196516
158    0.322181    0.325201  0.00195278
159    0.305005    0.325074  0.00194461
160    0.361253      0.3253   0.0019456
161    0.332256    0.325343  0.00193396
162    0.270426    0.325004  0.00195165
163     0.30743    0.324896  0.00194263
164    0.328692    0.324919  0.00193089
165    0.349954    0.325071  0.00192514
166     0.31772    0.325027  0.00191402
167    0.329048    0.325051  0.00190268
168      0.2739    0.324746  0.00191567
169    0.316379    0.324697  0.00190494
170    0.323954    0.324692  0.00189371
171    0.347383    0.324825  0.00188727
172    0.305681    0.324714  0.00187957
173    0.352382    0.324874   0.0018755
174    0.330801    0.324908  0.00186501
175    0.339121    0.324989   0.0018561
176    0.339806    0.325073  0.00184744
177    0.356295     0.32525  0.00184542
178    0.336391    0.325312  0.00183609
179    0.321688    0.325292  0.00182592
180    0.313037    0.325224  0.00181702
181    0.320055    0.325195  0.00180718
182    0.345025    0.325304  0.00180052
183    0.353903    0.325461  0.00179746
184    0.309712    0.325375  0.00178972
185    0.320683     0.32535   0.0017802
186    0.362214    0.325548  0.00178166
187    0.352596    0.325693    0.001778
188    0.333393    0.325733  0.00176899
189    0.322353    0.325716   0.0017597
190    0.325812    0.325716  0.00175041
191    0.314244    0.325656  0.00174226
192    0.323984    0.325647  0.00173318
193    0.314885    0.325592  0.00172508
194    0.311616     0.32552  0.00171767
195    0.322985    0.325507  0.00170889
196     0.37947    0.325782   0.0017223
197    0.337019    0.325839  0.00171448
198    0.340875    0.325915  0.00170749
199    0.355233    0.326062  0.00170527
200    0.294525    0.325904  0.00170403
