2.60124           0
2.63582   0.0345806
2.63095   0.0205506
2.64626   0.0211121
2.65067   0.0169378
2.64274   0.0159442
2.6363   0.0149344
2.63733   0.0129746
2.63538   0.0116073
2.63786   0.0106746
2.63847  0.00967433
2.63439  0.00972746
2.63411  0.00895228
2.63613  0.00853209
2.63307   0.0085125
2.63619  0.00855176
2.63325  0.00855533
2.6371  0.00893713
2.63853  0.00857497
2.64031  0.00832662
2.64061    0.007926
2.63788  0.00803785
2.63498  0.00820783
2.63279  0.00815767
2.63376  0.00788421
2.63391  0.00757635
2.63462  0.00732509
2.63556  0.00712102
2.63389  0.00707058
2.63415  0.00683563
2.63269  0.00677066
2.63201  0.00659089
2.62951  0.00686079
2.62979  0.00666198
2.63055  0.00651358
2.62961  0.00639918
2.62967  0.00622409
2.62926  0.00607205
2.62808  0.00603172
2.62844   0.0058906
2.62916   0.0057899
2.62924  0.00565088
2.62827  0.00560205
2.62796  0.00548192
2.62806  0.00535951
2.62923  0.00537233
2.62994    0.005304
2.63021   0.0051993
2.62848  0.00537854
2.62839  0.00527059
2.63019  0.00546896
2.62985  0.00537338
2.62995  0.00527201
2.63034  0.00518808
2.63065  0.00510215
2.63029  0.00502313
2.63069  0.00495071
2.63152  0.00493552
2.63252  0.00495169
2.63204  0.00489196
2.63147  0.00484394
2.63197   0.0047907
2.6309  0.00483378
2.62989  0.00486277
2.62847  0.00499311
2.6283  0.00492011
2.6284  0.00484722
2.62846  0.00477582
2.62809  0.00472098
2.62809  0.00465305
2.62868  0.00462507
2.62922  0.00459274
2.62943  0.00453413
2.62953  0.00447365
2.62961  0.00441424
2.62916  0.00437852
2.6284  0.00438802
2.62846  0.00433182
2.62874  0.00428597
2.62873  0.00423207
2.62764   0.0043186
2.62713  0.00429655
2.62754   0.0042648
2.62715  0.00423196
2.6269  0.00418923
2.62741  0.00417152
2.62735  0.00412384
2.62693  0.00409778
2.62725  0.00406357
2.62687  0.00403588
2.6264  0.00401913
2.62645  0.00397559
2.62656  0.00393399
2.62629  0.00390067
2.62616  0.00386154
2.62635  0.00382579
2.6269  0.00382493
2.62649  0.00380801
2.62648  0.00376935
2.62689  0.00375341
2.62668  0.00372194
2.62674  0.00368582
2.62718  0.00367548
2.62718  0.00363997
2.62753  0.00362216
2.62775  0.00359447
2.6279  0.00356413
2.62782  0.00353202
2.62758  0.00350729
2.62739  0.00348058
2.62754  0.00345244
2.62755  0.00342148
2.62778  0.00339888
2.62766   0.0033711
2.62802  0.00336108
2.6279    0.003334
2.62797  0.00330607
2.62837  0.00330258
2.628  0.00329598
2.62792  0.00326942
2.62768   0.0032511
2.62775  0.00322508
2.62747  0.00321074
2.62756  0.00318596
2.6273  0.00317055
2.62691   0.0031695
2.62698  0.00314525
2.62611  0.00324069
2.62585   0.0032257
2.6261  0.00321062
2.62574  0.00320634
2.62606  0.00319793
2.62595   0.0031759
2.62604  0.00315341
2.62592   0.0031321
2.6254  0.00315231
2.62513  0.00314104
2.6255  0.00314081
2.62547  0.00311835
2.62592  0.00312891
2.62612  0.00311283
2.62597  0.00309446
2.62604  0.00307367
2.62632  0.00306541
2.62708  0.00313614
2.62704  0.00311478
2.62744  0.00311852
2.62765  0.00310434
2.62801  0.00310542
2.62811  0.00308613
2.62821  0.00306719
2.62813   0.0030479
2.62831  0.00303294
2.62862  0.00302922
2.62853  0.00301088
2.62852  0.00299152
2.62847  0.00297291
2.62845  0.00295408
2.62821  0.00294531
2.62814  0.00292766
2.62862  0.00294871
2.6287  0.00293146
2.62885  0.00291762
2.62911  0.00291089
2.62928  0.00289829
2.62931  0.00288095
2.62954  0.00287242
2.62952  0.00285536
2.62967  0.00284286
2.62937  0.00284284
2.62939   0.0028263
2.62919  0.00281709
2.62951  0.00281845
2.62944  0.00280291
2.62938  0.00278759
2.62933  0.00277222
2.62949  0.00276122
2.62931  0.00275142
2.62888  0.00276942
2.62887    0.002754
2.62894  0.00273948
2.62885  0.00272581
2.62874  0.00271329
2.62897  0.00270842
2.62877  0.00270094
2.62918  0.00271784
2.62953  0.00272561
2.62962  0.00271266
2.62915  0.00273965
2.62932  0.00273029
2.62898  0.00273634
2.62916  0.00272756
2.62929  0.00271661
2.62951  0.00271148
2.62982  0.00271543
2.62979  0.00270169
2.62984  0.00268833
2.62987  0.00267491
2.62953  0.00268272
2.62956  0.00266946
2.60099           0
2.63315    0.032154
2.63372   0.0185729
2.64959   0.0206007
2.6547   0.0167553
2.64769   0.0153733
2.64153    0.014376
2.64075   0.0124745
2.63856   0.0112171
2.64051   0.0102199
2.64013  0.00925195
2.63616  0.00933133
2.63642  0.00858735
2.63876  0.00828815
2.63626  0.00811156
2.63877  0.00799175
2.63578  0.00807875
2.63883  0.00820303
2.64092  0.00803651
2.64248   0.0077825
2.64247  0.00740266
2.63968  0.00758814
2.63728  0.00763673
2.63509  0.00763393
2.63575  0.00735249
2.63575  0.00706404
2.63607  0.00680492
2.63678  0.00659572
2.6351  0.00658144
2.63548  0.00636947
2.63428  0.00627643
2.63362  0.00611306
2.63097  0.00648973
2.63117  0.00629914
2.63197  0.00616896
2.63111   0.0060571
2.63122   0.0058923
2.63053  0.00577704
2.62904  0.00582052
2.62965  0.00570528
2.63014  0.00558641
2.63006   0.0054524
2.62914   0.0054023
2.62887  0.00528521
2.62906  0.00516992
2.63022  0.00518751
2.6309   0.0051214
2.63112  0.00501821
2.6296   0.0051426
2.62941  0.00504221
2.63129  0.00528567
2.6309   0.0051973
2.63098  0.00509882
2.63148  0.00502909
2.63187  0.00495224
2.63126  0.00490111
2.63164   0.0048287
2.63252  0.00482685
2.63336  0.00481745
2.63293  0.00475619
2.6325  0.00469669
2.63305  0.00465325
2.6321  0.00467681
2.63118  0.00469501
2.62981  0.00482077
2.62957  0.00475304
2.62974   0.0046846
2.6299    0.004618
2.62936  0.00458301
2.62947  0.00451837
2.6301  0.00449921
2.63081  0.00449318
2.63104  0.00443714
2.6311  0.00437718
2.63117   0.0043189
2.63068  0.00428938
2.62987  0.00430984
2.63004  0.00425766
2.63029  0.00421044
2.63018  0.00415871
2.62902  0.00426934
2.62842  0.00425936
2.62871   0.0042175
2.62818  0.00420037
2.62786  0.00416289
2.6285  0.00416458
2.62842  0.00411725
2.62794  0.00409844
2.6283  0.00406801
2.62784  0.00404881
2.62734  0.00403563
2.62727  0.00399205
2.6273  0.00394898
2.62702  0.00391637
2.62692  0.00387621
2.62703  0.00383708
2.62762  0.00384334
2.62718  0.00382985
2.62723  0.00379135
2.62773  0.00378663
2.62758  0.00375224
2.62756   0.0037153
2.62793  0.00369743
2.62789  0.00366194
2.62832  0.00365245
2.62846  0.00362041
2.62861  0.00358966
2.62857  0.00355653
2.62837  0.00352911
2.62813  0.00350556
2.62838   0.0034829
2.62833  0.00345207
2.62856  0.00342923
2.62837  0.00340389
2.62881  0.00340164
2.62868  0.00337472
2.62863  0.00334612
2.62897  0.00333533
2.62858  0.00332958
2.62846  0.00330404
2.62825   0.0032831
2.62826  0.00325608
2.62795  0.00324404
2.62799  0.00321799
2.62773  0.00320219
2.62738   0.0031958
2.62741  0.00317067
2.62648  0.00328196
2.62622  0.00326659
2.62641  0.00324677
2.62603  0.00324337
2.62628  0.00322829
2.62619  0.00320541
2.62632  0.00318425
2.62626  0.00316122
2.62576  0.00317683
2.62557  0.00315906
2.62591  0.00315436
2.62588  0.00313182
2.62624  0.00313057
2.62643  0.00311442
2.6263  0.00309531
2.62642  0.00307598
2.62669  0.00306647
2.62739   0.0031236
2.62737  0.00310218
2.62777  0.00310649
2.62799  0.00309361
2.62834  0.00309228
2.62836  0.00307165
2.62842  0.00305189
2.62835  0.00303251
2.62843  0.00301354
2.62881   0.0030188
2.62875  0.00299988
2.62877  0.00298067
2.62872  0.00296203
2.62869  0.00294349
2.62838  0.00294124
2.62829  0.00292407
2.62875  0.00294242
2.62881  0.00292486
2.62902  0.00291405
2.62927  0.00290705
2.62946  0.00289555
2.6296  0.00288167
2.62985  0.00287529
2.62981  0.00285842
2.62997   0.0028458
2.62959  0.00285399
2.62961  0.00283734
2.62947  0.00282467
2.62973  0.00282078
2.62962  0.00280693
2.62954  0.00279178
2.62942  0.00277846
2.62962  0.00276964
2.62943  0.00276079
2.62903  0.00277448
2.62896  0.00275975
2.62898  0.00274455
2.62888  0.00273127
2.62879   0.0027179
2.62901  0.00271172
2.62881  0.00270396
2.62915  0.00271058
2.62951  0.00271945
2.6295  0.00270495
2.62906  0.00272589
2.62924   0.0027172
2.62886  0.00272897
2.62898  0.00271741
2.62914  0.00270751
2.62926  0.00269631
2.62954  0.00269753
2.6295  0.00268415
2.62955  0.00267095
2.62957  0.00265752
2.62923  0.00266608
2.62925   0.0026528
