1    0.378604    0.378604           0
2    0.382192    0.380398  0.00179383
3    0.377907    0.379568  0.00132749
4    0.380464    0.379792 0.000965039
5    0.373337    0.378501  0.00149175
6     0.38262    0.379187  0.00139817
7    0.373129    0.378322  0.00146475
8     0.38258    0.378854  0.00137566
9    0.381272    0.379123  0.00124261
10    0.372518    0.378462  0.00129288
11     0.37374    0.378033  0.00124577
12    0.373626    0.377666  0.00119506
13    0.379273    0.377789  0.00110623
14    0.371547    0.377344  0.00111701
15    0.379717    0.377502  0.00105185
16    0.373863    0.377274  0.00100985
17    0.379496    0.377405 0.000957554
18    0.375867     0.37732 0.000906828
19    0.376712    0.377288 0.000858368
20    0.377513    0.377299 0.000814398
21    0.372651    0.377078 0.000805645
22    0.379327     0.37718 0.000774926
23    0.379033     0.37726 0.000744839
24    0.376919    0.377246 0.000713271
25    0.381089      0.3774 0.000701201
26    0.377435    0.377401 0.000673693
27    0.377483    0.377404 0.000648269
28    0.376978    0.377389 0.000624873
29    0.374406    0.377286 0.000611653
30    0.379186    0.377349 0.000594298
31    0.378385    0.377383 0.000575777
32    0.377125    0.377375 0.000557552
33    0.378464    0.377408 0.000541401
34    0.379745    0.377477 0.000529713
35    0.378157    0.377496 0.000514723
36    0.379606    0.377555 0.000503645
37    0.380908    0.377645  0.00049816
38    0.381198    0.377739 0.000493806
39    0.370682    0.377558 0.000513888
40    0.381352    0.377653 0.000509776
41    0.376258    0.377619 0.000498349
42    0.385878    0.377815 0.000524594
43    0.382973    0.377935 0.000526106
44    0.377165    0.377918 0.000514308
45    0.376009    0.377875 0.000504535
46    0.381153    0.377947 0.000498562
47    0.374405    0.377871 0.000493623
48    0.376707    0.377847 0.000483838
49    0.378081    0.377852 0.000473885
50    0.378195    0.377859 0.000464361
51    0.380521    0.377911  0.00045815
52    0.382206    0.377993 0.000456781
53    0.376283    0.377961  0.00044924
54    0.379986    0.377999 0.000442433
55    0.378381    0.378006  0.00043437
56    0.374477    0.377943 0.000431172
57    0.378784    0.377957 0.000423797
58    0.374492    0.377898 0.000420691
59    0.379949    0.377932 0.000414958
60    0.376753    0.377913 0.000408457
61    0.380882    0.377961 0.000404643
62    0.382937    0.378042 0.000406071
63    0.376841    0.378023 0.000400028
64     0.37404     0.37796 0.000398615
65     0.37898    0.377976 0.000392748
66    0.376355    0.377951 0.000387531
67    0.373797    0.377889 0.000386708
68    0.384696     0.37799 0.000393908
69    0.372078    0.377904 0.000397501
70    0.379908    0.377933 0.000392826
71    0.377644    0.377928 0.000387275
72    0.376705    0.377911 0.000382236
73    0.376966    0.377899 0.000377186
74    0.374194    0.377848 0.000375406
75    0.373752    0.377794 0.000374373
76     0.37496    0.377757 0.000371291
77    0.378569    0.377767 0.000366589
78    0.379742    0.377792 0.000362743
79    0.382598    0.377853 0.000363251
80    0.378806    0.377865 0.000358879
81    0.374337    0.377822 0.000357086
82    0.378689    0.377832 0.000352863
83    0.376966    0.377822 0.000348742
84    0.373189    0.377767 0.000348951
85    0.382991    0.377828 0.000350256
86    0.378473    0.377836  0.00034624
87    0.380571    0.377867 0.000343678
88    0.377904    0.377867 0.000339751
89    0.375769    0.377844 0.000336738
90     0.37849    0.377851 0.000333053
91    0.382585    0.377903 0.000333456
92    0.373015     0.37785 0.000334063
93     0.37697     0.37784 0.000330587
94    0.374475    0.377805 0.000329005
95    0.379992    0.377828 0.000326337
96    0.376272    0.377811 0.000323326
97    0.380636    0.377841 0.000321298
98     0.37077    0.377768 0.000326083
99    0.379483    0.377786 0.000323237
100      0.3728    0.377736 0.000323849
101    0.373502    0.377694 0.000323355
102    0.379976    0.377716  0.00032095
103    0.379181    0.377731 0.000318137
104     0.37512    0.377705 0.000316061
105    0.379735    0.377725 0.000313632
106    0.380206    0.377748  0.00031154
107    0.382204     0.37779 0.000311412
108    0.377709    0.377789 0.000308516
109    0.379844    0.377808 0.000306253
110    0.379079     0.37782 0.000303676
111    0.379165    0.377832 0.000301172
112    0.370363    0.377765  0.00030583
113    0.377035    0.377758  0.00030318
114    0.371933    0.377707 0.000304822
115    0.376204    0.377694 0.000302443
116    0.382891    0.377739 0.000303152
117     0.37637    0.377727 0.000300778
118    0.381716    0.377761 0.000300128
119    0.381536    0.377793 0.000299281
120    0.379967    0.377811 0.000297329
121     0.38178    0.377844 0.000296681
122    0.372205    0.377798 0.000297847
123    0.379285     0.37781 0.000295663
124    0.381735    0.377841 0.000294973
125     0.37968    0.377856 0.000292973
126    0.379257    0.377867 0.000290851
127    0.374588    0.377841 0.000289705
128    0.377305    0.377837 0.000287463
129    0.378845    0.377845 0.000285333
130    0.381144     0.37787 0.000284265
131     0.37758    0.377868 0.000282095
132    0.375517     0.37785 0.000280516
133    0.380071    0.377867 0.000278899
134    0.375502    0.377849 0.000277372
135     0.37424    0.377823 0.000276604
136    0.376264    0.377811 0.000274802
137    0.380732    0.377833 0.000273621
138    0.378159    0.377835 0.000271641
139    0.372747    0.377798 0.000272153
140    0.379266    0.377809 0.000270405
141    0.380726    0.377829 0.000269276
142    0.382391    0.377862 0.000269296
143    0.376268     0.37785 0.000267639
144    0.385062    0.377901 0.000270451
145    0.377209    0.377896 0.000268622
146    0.380253    0.377912 0.000267264
147    0.379878    0.377925 0.000265776
148    0.374619    0.377903 0.000264918
149    0.376651    0.377895 0.000263268
150    0.383271     0.37793 0.000263952
151    0.371653    0.377889 0.000265474
152    0.377942    0.377889 0.000263722
153    0.383899    0.377928 0.000264921
154    0.380689    0.377946 0.000263805
155    0.383392    0.377981 0.000264441
156    0.376926    0.377975 0.000262828
157    0.375729     0.37796  0.00026154
158    0.382419    0.377989 0.000261407
159    0.378057    0.377989 0.000259758
160    0.375144    0.377971 0.000258741
161    0.378473    0.377974 0.000257148
162    0.372708    0.377942 0.000257615
163    0.373463    0.377914   0.0002575
164    0.377017    0.377909 0.000255984
165    0.381049    0.377928 0.000255139
166    0.376101    0.377917 0.000253836
167      0.3773    0.377913 0.000252338
168    0.375795    0.377901 0.000251148
169    0.378908    0.377907 0.000249729
170    0.381458    0.377927 0.000249133
171    0.382573    0.377955 0.000249158
172    0.379378    0.377963 0.000247843
173    0.387409    0.378018 0.000252384
174    0.381281    0.378036 0.000251629
175    0.382535    0.378062 0.000251504
176    0.377273    0.378058 0.000250111
177    0.378314    0.378059 0.000248698
178    0.374151    0.378037  0.00024827
179    0.374608    0.378018 0.000247621
180    0.379292    0.378025 0.000246343
181    0.371714     0.37799 0.000247448
182    0.373011    0.377963   0.0002476
183     0.38053    0.377977 0.000246643
184    0.376506    0.377969 0.000245429
185    0.378987    0.377974 0.000244161
186    0.378121    0.377975 0.000242846
187    0.381738    0.377995 0.000242381
188    0.368775    0.377946 0.000246025
189    0.378542    0.377949 0.000244741
190    0.385505    0.377989 0.000246675
191    0.379473    0.377997 0.000245504
192    0.377386    0.377994 0.000244242
193    0.381318    0.378011 0.000243583
194     0.38469    0.378045 0.000244758
195    0.375081     0.37803 0.000243973
196    0.374953    0.378014 0.000243232
197    0.380694    0.378028 0.000242376
198     0.38156    0.378046 0.000241808
199    0.385997    0.378086 0.000243885
200    0.385479    0.378123 0.000245463
1     0.38365     0.38365           0
2    0.382801    0.383225 0.000424226
3    0.378035    0.381495  0.00174731
4    0.378899    0.380846  0.00139566
5    0.373415     0.37936  0.00183782
6    0.381526    0.379721  0.00154338
7    0.374293    0.378946  0.00151744
8    0.382261     0.37936  0.00137795
9    0.380106    0.379443  0.00121806
10    0.377626    0.379261  0.00110451
11    0.374014    0.378784  0.00110712
12    0.374401    0.378419  0.00107465
13    0.377992    0.378386 0.000989077
14    0.371583      0.3779  0.00103667
15    0.375832    0.377762 0.000974885
16     0.37426    0.377543 0.000937817
17     0.37782     0.37756 0.000881076
18    0.378411    0.377607 0.000832031
19    0.372104    0.377317 0.000838624
20     0.37773    0.377338 0.000795856
21    0.371609    0.377065 0.000804661
22     0.38129    0.377257 0.000790881
23    0.379455    0.377353 0.000761729
24     0.37761    0.377363 0.000729378
25    0.377958    0.377387 0.000699999
26    0.377783    0.377402  0.00067271
27     0.38038    0.377513 0.000656642
28    0.375372    0.377436 0.000637357
29    0.375546    0.377371 0.000618432
30    0.380904    0.377489 0.000608957
31    0.376684    0.377463 0.000589557
32    0.378888    0.377507 0.000572572
33    0.381172    0.377618 0.000565954
34    0.383369    0.377788 0.000574517
35     0.38201    0.377908 0.000570756
36    0.378048    0.377912 0.000554689
37    0.380631    0.377986 0.000544472
38    0.378199    0.377991  0.00052998
39     0.37126    0.377819 0.000544301
40    0.381998    0.377923 0.000540709
41     0.37533     0.37786 0.000531136
42    0.385123    0.378033 0.000546425
43    0.384114    0.378174 0.000551992
44    0.378826    0.378189 0.000539504
45    0.376408    0.378149 0.000528862
46     0.38055    0.378202 0.000519864
47    0.373949    0.378111 0.000516666
48    0.375688    0.378061   0.0005083
49    0.378054    0.378061 0.000497818
50    0.377286    0.378045 0.000488006
51    0.380496    0.378093 0.000480749
52    0.382093     0.37817  0.00047765
53    0.380304     0.37821 0.000470277
54    0.381939    0.378279 0.000466623
55    0.380557    0.378321 0.000459928
56     0.37703    0.378298 0.000452228
57     0.37606    0.378258 0.000445954
58    0.375597    0.378213 0.000440593
59    0.378878    0.378224 0.000433208
60    0.378571     0.37823 0.000425966
61    0.381191    0.378278 0.000421729
62    0.381019    0.378322  0.00041722
63    0.378785     0.37833  0.00041061
64    0.373459    0.378254 0.000411245
65    0.378435    0.378256 0.000404879
66    0.377482    0.378245  0.00039887
67    0.377504    0.378234 0.000393027
68    0.383523    0.378311 0.000394941
69    0.374006    0.378249 0.000394146
70    0.383852    0.378329 0.000396635
71    0.376083    0.378297 0.000392286
72    0.374289    0.378242 0.000390785
73    0.378936    0.378251 0.000385512
74     0.37249    0.378173 0.000388153
75    0.371801    0.378088 0.000392255
76    0.374311    0.378039 0.000390237
77    0.378873     0.37805 0.000385288
78    0.379195    0.378064 0.000380599
79    0.380176    0.378091   0.0003767
80    0.381883    0.378138 0.000374969
81    0.377337    0.378129 0.000370443
82    0.376279    0.378106 0.000366592
83     0.37819    0.378107  0.00036215
84    0.375135    0.378072 0.000359557
85    0.379563    0.378089 0.000355734
86    0.376393    0.378069 0.000352127
87    0.381914    0.378114  0.00035085
88    0.376101    0.378091 0.000347593
89    0.373126    0.378035 0.000348163
90    0.377845    0.378033  0.00034428
91    0.381823    0.378075 0.000343014
92    0.373587    0.378026 0.000342753
93    0.377834    0.378024 0.000339053
94    0.378905    0.378033 0.000335558
95    0.380419    0.378058 0.000332956
96     0.37939    0.378072 0.000329761
97    0.380597    0.378098  0.00032738
98    0.368735    0.378003 0.000337816
99    0.381802    0.378041 0.000336582
100    0.371955     0.37798 0.000338711
101    0.370576    0.377907 0.000343259
102      0.3754    0.377882 0.000340765
103    0.378971    0.377893 0.000337606
104    0.377814    0.377892 0.000334345
105    0.380666    0.377918 0.000332198
106    0.378479    0.377924 0.000329091
107    0.382789    0.377969 0.000329156
108     0.37895    0.377978 0.000326221
109    0.378044    0.377979 0.000323215
110    0.376525    0.377966 0.000320535
111    0.380004    0.377984 0.000318165
112    0.370708    0.377919 0.000321934
113    0.376047    0.377902 0.000319502
114    0.376226    0.377888 0.000317028
115    0.376536    0.377876 0.000314479
116    0.378187    0.377879 0.000311767
117    0.377968    0.377879 0.000309092
118    0.383126    0.377924 0.000309671
119    0.378255    0.377927  0.00030707
120      0.3816    0.377957 0.000306035
121    0.382071    0.377991 0.000305393
122    0.373521    0.377955 0.000305088
123    0.380856    0.377978 0.000303515
124    0.382329    0.378013 0.000303096
125    0.377601     0.37801 0.000300679
126    0.380154    0.378027 0.000298768
127    0.374108    0.377996 0.000298008
128    0.378257    0.377998 0.000295678
129     0.37653    0.377987 0.000293598
130    0.377613    0.377984 0.000291345
131    0.375418    0.377964 0.000289775
132    0.378418    0.377968 0.000287592
133    0.384435    0.378016 0.000289534
134    0.374875    0.377993  0.00028832
135    0.375108    0.377972 0.000286973
136    0.376461    0.377961 0.000285072
137    0.380914    0.377982 0.000283803
138    0.377933    0.377982 0.000281739
139    0.373545     0.37795  0.00028152
140    0.381038    0.377972 0.000280371
141    0.380654    0.377991 0.000279025
142    0.381516    0.378016 0.000278163
143    0.376907    0.378008 0.000276319
144    0.384337    0.378052 0.000277891
145    0.376812    0.378043   0.0002761
146    0.377731    0.378041 0.000274211
147    0.378729    0.378046  0.00027238
148    0.374753    0.378024 0.000271446
149    0.376024     0.37801 0.000269952
150    0.384927    0.378056 0.000272082
151    0.371007     0.37801 0.000274277
152    0.381535    0.378033 0.000273452
153    0.380669     0.37805 0.000272204
154    0.379103    0.378057 0.000270517
155    0.382405    0.378085 0.000270227
156    0.374418    0.378061 0.000269516
157    0.377337    0.378057 0.000267834
158    0.381112    0.378076 0.000266835
159    0.378475    0.378079 0.000265163
160    0.373914    0.378053 0.000264783
161    0.376271    0.378042 0.000263366
162    0.371422    0.378001 0.000264905
163    0.373152    0.377971  0.00026495
164    0.376879    0.377964 0.000263414
165    0.380625     0.37798 0.000262309
166    0.376708    0.377973 0.000260836
167     0.37546    0.377958 0.000259706
168    0.378342     0.37796 0.000258165
169    0.378739    0.377965 0.000256675
170    0.384195    0.378001 0.000257779
171    0.380252    0.378014 0.000256605
172    0.380407    0.378028 0.000255488
173    0.387228    0.378082 0.000259513
174    0.381014    0.378098 0.000258567
175    0.381334    0.378117 0.000257749
176    0.378314    0.378118 0.000256283
177     0.37765    0.378115 0.000254844
178    0.375985    0.378103 0.000253691
179     0.37555    0.378089 0.000252673
180    0.379202    0.378095 0.000251341
181    0.373797    0.378072 0.000251074
182     0.37333    0.378045 0.000251047
183    0.383106    0.378073 0.000251198
184    0.377206    0.378068 0.000249873
185    0.378408     0.37807 0.000248526
186    0.378559    0.378073   0.0002472
187    0.379149    0.378079 0.000245942
188    0.370613    0.378039 0.000247832
189    0.379651    0.378047 0.000246665
190    0.384155     0.37808  0.00024746
191     0.37973    0.378088 0.000246313
192    0.376999    0.378083 0.000245092
193    0.383403     0.37811 0.000245373
194    0.384558    0.378143 0.000246357
195    0.375345    0.378129  0.00024551
196    0.376956    0.378123 0.000244327
197    0.380437    0.378135 0.000243368
198    0.383496    0.378162 0.000243645
199     0.38545    0.378198 0.000245168
200    0.386146    0.378238 0.000247154
