1     2.69112   0.0538224           0
2     3.16248    0.058536   0.0047136
3     2.70152   0.0570341  0.00310831
4     3.10304   0.0582908   0.0025318
5     3.00996   0.0586725  0.00199792
6     2.77332   0.0581381  0.00171658
7     2.93008   0.0582043  0.00145229
8     2.91408    0.058214  0.00125775
9     2.64792     0.05763  0.00125356
10     3.24988   0.0583668  0.00134162
11     2.89976    0.058333  0.00121401
12     2.53176   0.0576915   0.0012805
13     2.70988   0.0574228  0.00120816
14     2.86884   0.0574195  0.00111855
15      2.8404   0.0573787  0.00104211
16     2.98372   0.0575222 0.000985305
17     3.06848   0.0577485 0.000952801
18     2.95292   0.0578213 0.000901253
19     2.93848   0.0578712 0.000853959
20      3.3816   0.0583592 0.000945783
21     3.19088   0.0586192 0.000936415
22     3.06516   0.0587412 0.000901134
23     3.35036   0.0591006 0.000933056
24      2.7814   0.0589559 0.000904974
25      2.8058   0.0588423 0.000875422
26     2.75464   0.0586981 0.000853352
27     3.12048   0.0588355 0.000832565
28     2.91324   0.0588151 0.000802539
29     2.80964   0.0587247 0.000779632
30     2.89152   0.0586949 0.000753786
31     2.93856   0.0586974 0.000729069
32     2.89848   0.0586746 0.000706285
33     2.94588    0.058682 0.000684587
34     2.88812   0.0586549 0.000664698
35     3.18964   0.0588017  0.00066191
36     2.97004   0.0588184 0.000643476
37     2.81028   0.0587478 0.000629815
38     2.64244   0.0585925 0.000632366
39     2.90268   0.0585787 0.000616094
40     3.02072   0.0586246 0.000602245
41     2.89752   0.0586082 0.000587602
42     3.25692   0.0587636 0.000594146
43      2.9924   0.0587889 0.000580712
44      3.0772   0.0588515 0.000570805
45     3.11156   0.0589266 0.000563009
46     2.84552   0.0588827 0.000552375
47     3.10608   0.0589517  0.00054487
48     3.09128   0.0590115 0.000536748
49     2.62344    0.058878 0.000542372
50     2.70664   0.0587831 0.000539822
51     2.70092   0.0586897 0.000537316
52       2.715   0.0586053 0.000533601
53     2.82028   0.0585638 0.000525079
54     2.83428    0.058529 0.000516437
55     3.22836   0.0586388 0.000518711
56     2.88232    0.058621 0.000509672
57     2.69736    0.058539 0.000507321
58     3.16788   0.0586221 0.000505373
59     3.19596   0.0587119 0.000504782
60     2.81432   0.0586715 0.000497941
61      3.0022    0.058694 0.000490227
62      3.0166   0.0587204 0.000482978
63     2.96616     0.05873 0.000475347
64     2.80656   0.0586894 0.000469619
65     2.84384   0.0586615 0.000463178
66     3.07388   0.0587041 0.000458098
67      3.0452    0.058737 0.000452402
68     2.66456   0.0586569 0.000452837
69     2.87868   0.0586412 0.000446502
70     3.37756   0.0587685 0.000458115
71     2.70096   0.0587016 0.000456544
72     2.99404    0.058718 0.000450456
73     3.01176   0.0587388 0.000444728
74     2.62444   0.0586543 0.000446734
75     2.93204   0.0586541 0.000440737
76       2.932   0.0586539 0.000434899
77     3.06104   0.0586873 0.000430507
78     3.11308   0.0587331 0.000427415
79     2.51708   0.0586269 0.000435134
80      3.1332   0.0586773 0.000432614
81     2.99036   0.0586913 0.000427467
82     3.16452   0.0587474 0.000425931
83     2.76648   0.0587062 0.000422778
84      3.1308   0.0587527   0.0004203
85     2.88404   0.0587401 0.000415517
86     3.18496   0.0587978 0.000414686
87     3.24948    0.058869 0.000416025
88     3.20504   0.0589284 0.000415545
89     2.85472   0.0589078 0.000411366
90     2.90368   0.0588985 0.000406875
91     2.85248   0.0588782 0.000402892
92     3.03088   0.0588971 0.000398937
93     2.64968   0.0588336 0.000399697
94     2.92944    0.058831  0.00039543
95     2.65796   0.0587713 0.000395775
96     2.78784   0.0587399 0.000392887
97     3.12036   0.0587777  0.00039065
98     2.93068   0.0587761 0.000386646
99     3.19096    0.058827 0.000386096
100     3.09412   0.0588576 0.000383435
101     3.11796   0.0588922   0.0003812
102     2.71404    0.058847 0.000380142
103     2.90432   0.0588396 0.000376505
104     3.22576   0.0588942  0.00037684
105     2.84172   0.0588746 0.000373749
106     2.94804   0.0588754 0.000370207
107     2.90552   0.0588683 0.000366801
108     2.67616   0.0588188 0.000366743
109     2.94064   0.0588187 0.000363363
110      2.6878   0.0587727 0.000362974
111     2.74516   0.0587378 0.000361375
112     3.14648   0.0587752 0.000360084
113      3.0912   0.0588022 0.000357902
114     2.98176   0.0588095 0.000354823
115     2.89516   0.0588017 0.000351813
116     2.82692   0.0587821 0.000349312
117     3.01752   0.0587955 0.000346573
118     2.81424   0.0587743 0.000344281
119     3.34164    0.058842 0.000348028
120     3.06448   0.0588624 0.000345718
121     2.91636    0.058858 0.000342877
122     2.90876   0.0588524 0.000340101
123     3.01624   0.0588643 0.000337537
124     2.91828   0.0588603 0.000334828
125     3.31308   0.0589195 0.000337375
126     2.75652   0.0588895 0.000336035
127      3.0652   0.0589085  0.00033392
128     3.14836   0.0589402 0.000332815
129     2.87108   0.0589284 0.000330435
130       3.071   0.0589476 0.000328443
131     3.17564   0.0589824 0.000327784
132     2.51436   0.0589165 0.000331894
133     3.27088   0.0589654 0.000332996
134      3.2094   0.0590044 0.000332792
135     2.82404   0.0589857 0.000330846
136     3.13396   0.0590129 0.000329525
137     3.16916   0.0590448 0.000328663
138     2.83272   0.0590274 0.000326732
139     2.70496    0.058992 0.000326305
140     2.77052   0.0589664 0.000324975
141     3.13032   0.0589922 0.000323693
142     3.27536   0.0590381 0.000324663
143     2.60384   0.0589894 0.000326039
144     2.62104   0.0589438 0.000326965
145     2.82492   0.0589269  0.00032514
146     2.93072   0.0589248 0.000322912
147     3.04656   0.0589384 0.000320998
148      2.8768    0.058929 0.000318963
149     2.67708   0.0588928 0.000318872
150     3.15728   0.0589212 0.000318005
151      2.8574   0.0589094  0.00031611
152      3.3416   0.0589615  0.00031832
153     3.18252   0.0589922 0.000317714
154      3.0428   0.0590043 0.000315876
155     2.93192   0.0590019  0.00031384
156     3.15444   0.0590281 0.000312921
157       3.135   0.0590515   0.0003118
158     3.04104   0.0590627 0.000310022
159     2.65476   0.0590252 0.000310344
160     2.82536   0.0590094   0.0003088
161     2.63364   0.0589701 0.000309389
162     3.11632   0.0589908 0.000308171
163     2.87184   0.0589813 0.000306423
164      3.1362   0.0590041 0.000305402
165     2.90312   0.0589984 0.000303599
166     2.63292   0.0589602 0.000304172
167     2.84068   0.0589473 0.000302618
168     2.98876   0.0589523 0.000300852
169     3.07144   0.0589669 0.000299425
170     2.96284   0.0589686 0.000297664
171     2.79156   0.0589503 0.000296486
172     3.13288   0.0589718 0.000295544
173     3.07556   0.0589865 0.000294197
174     2.96356   0.0589882 0.000292506
175     2.93412   0.0589864 0.000290835
176     2.64016   0.0589513 0.000291304
177     2.99364   0.0589565 0.000289701
178     2.89168   0.0589502 0.000288138
179     3.02996   0.0589594 0.000286671
180     2.98712   0.0589637 0.000285108
181     2.90656   0.0589591 0.000283565
182     2.52488   0.0589126  0.00028581
183     3.15832   0.0589359 0.000285192
184     2.92164   0.0589332 0.000283651
185     2.66436   0.0589026  0.00028376
186     3.20288   0.0589303 0.000283588
187     2.64992   0.0588986 0.000283845
188      2.7448   0.0588773 0.000283133
189       3.167   0.0589009 0.000282619
190     2.72212   0.0588775 0.000282105
191     3.13692   0.0588977 0.000281352
192     3.45324   0.0589506 0.000284848
193     2.91356   0.0589471  0.00028339
194     3.30808   0.0589843 0.000284367
195     2.99316   0.0589888 0.000282941
196     3.41816   0.0590367 0.000285528
197     3.16248    0.059058 0.000284879
198     3.27684   0.0590908 0.000285319
199     2.69344   0.0590645 0.000285092
200     3.02128   0.0590713 0.000283745
1     2.65712   0.0531424           0
2       3.173   0.0583012   0.0051588
3     2.69244   0.0568171  0.00332772
4     3.09484    0.058087  0.00267387
5     3.02972   0.0585885  0.00213102
6      2.7916   0.0581291   0.0017996
7      2.9454   0.0582403    0.001525
8     2.92496   0.0582727  0.00132109
9     2.67128   0.0577341  0.00128355
10     3.22964     0.05842  0.00133731
11     2.88976   0.0583632  0.00121098
12     2.55676   0.0577609  0.00125891
13     2.67136   0.0574275  0.00120506
14      2.8794    0.057439  0.00111573
15     2.82236   0.0573729  0.00104079
16     2.98748   0.0575214 0.000984834
17     3.08712   0.0577697 0.000957832
18     2.92912   0.0578148  0.00090418
19     2.93444   0.0578608 0.000856505
20      3.3656   0.0583334 0.000939974
21     3.19492   0.0585984 0.000932539
22     3.05588   0.0587129 0.000896484
23     3.30248   0.0590319 0.000914085
24      2.7924   0.0588992 0.000885167
25       2.792   0.0587769 0.000857796
26     2.78084   0.0586553 0.000833058
27     3.12332   0.0587965 0.000813942
28     2.90132    0.058769 0.000784817
29     2.79016   0.0586667 0.000764145
30     2.86492   0.0586211 0.000739642
31     2.93576   0.0586241 0.000715391
32     2.89944   0.0586043 0.000692959
33     2.94232   0.0586116 0.000671672
34     2.88084   0.0585824 0.000652274
35      3.1894   0.0587311 0.000650593
36       2.961   0.0587447 0.000632408
37     2.81468   0.0586784 0.000618636
38     2.65524   0.0585317 0.000619743
39     2.86088   0.0584981 0.000604582
40     3.04632   0.0585588 0.000592393
41     2.88772   0.0585391 0.000578097
42     3.26308   0.0586992  0.00058643
43     2.98152   0.0587209 0.000573039
44     3.05972   0.0587771  0.00056268
45     3.10204   0.0588496 0.000554795
46     2.84944   0.0588091 0.000544106
47     3.08944   0.0588725 0.000536164
48     3.12168   0.0589467 0.000530093
49     2.62388   0.0588147 0.000535685
50     2.70204   0.0587192 0.000533476
51     2.71592   0.0586329 0.000529983
52     2.71492   0.0585496 0.000526334
53       2.799   0.0585011 0.000518579
54     2.82656   0.0584646 0.000510191
55       3.198   0.0585645 0.000510698
56     2.87168   0.0585443 0.000501902
57     2.70816   0.0584675 0.000498974
58     3.14948   0.0585454 0.000496456
59      3.1998   0.0586378 0.000496637
60     2.81676   0.0585995 0.000489795
61     2.98232   0.0586166 0.000482004
62     3.03368   0.0586498 0.000475326
63     2.92776   0.0586483 0.000467722
64     2.77412   0.0585988 0.000463006
65      2.8426    0.058572 0.000456619
66     3.06184   0.0586123 0.000451456
67      3.0274   0.0586412 0.000445605
68     2.66936    0.058564  0.00044575
69     2.88384   0.0585511 0.000439431
70     3.37536    0.058679  0.00045161
71     2.68232   0.0586082 0.000450812
72       2.984    0.058623 0.000444756
73     3.00048    0.058642 0.000439032
74     2.62092   0.0585579 0.000441149
75     2.93688   0.0585603 0.000435234
76     2.93892   0.0585632 0.000429479
77      3.0228   0.0585878 0.000424577
78     3.11612   0.0586357 0.000421824
79     2.51952   0.0585313  0.00042933
80     3.12272   0.0585803 0.000426756
81      3.0092   0.0586001  0.00042192
82       3.181   0.0586613 0.000421215
83     2.73816   0.0586144 0.000418751
84      3.1124   0.0586576 0.000415991
85     2.90144   0.0586502 0.000411134
86     3.18972   0.0587101 0.000410705
87     3.24128   0.0587803 0.000411998
88     3.20804   0.0588415 0.000411853
89     2.85636   0.0588222 0.000407654
90       2.895    0.058812 0.000403229
91     2.88288   0.0587993 0.000398975
92     3.05668   0.0588247  0.00039543
93     2.67588   0.0587676 0.000395295
94      2.9258   0.0587649 0.000391077
95     2.66852   0.0587081 0.000391083
96     2.81724   0.0586835  0.00038777
97     3.11064   0.0587199 0.000385472
98     2.96244   0.0587253 0.000381557
99     3.19876   0.0587783 0.000381388
100     3.10596   0.0588117  0.00037903
101     3.14748   0.0588527 0.000377488
102     2.73024   0.0588111 0.000376082
103     2.90916    0.058805 0.000372462
104     3.20096   0.0588551 0.000372255
105      2.8512   0.0588377 0.000369105
106     2.97684   0.0588443 0.000365666
107     2.88972   0.0588345 0.000362365
108      2.6878   0.0587874 0.000362061
109     2.94788    0.058789 0.000358727
110     2.69996   0.0587454 0.000358108
111     2.77292   0.0587158 0.000356101
112      3.1362   0.0587516 0.000354717
113     3.04588   0.0587708 0.000352086
114      3.0056   0.0587826 0.000349182
115     2.88488   0.0587731 0.000346261
116     2.84644   0.0587572 0.000343631
117      3.0158   0.0587705 0.000340942
118     2.82156   0.0587507 0.000338621
119     3.34936   0.0588199 0.000342823
120     3.04712   0.0588376 0.000340414
121     2.89696   0.0588302 0.000337671
122     2.89984   0.0588234 0.000334961
123     2.99712   0.0588325 0.000332351
124      2.9102   0.0588274 0.000329699
125      3.3454    0.058892 0.000333378
126     2.78816   0.0588672 0.000331653
127     3.08504   0.0588895 0.000329787
128     3.09444   0.0589129 0.000328038
129      2.8774   0.0589024 0.000325657
130     3.06816   0.0589213 0.000323696
131     3.18156   0.0589573 0.000323222
132     2.49792   0.0588891 0.000327928
133     3.27964   0.0589395 0.000329333
134     3.20948   0.0589787 0.000329206
135     2.83908   0.0589624 0.000327163
136     3.15524   0.0589928 0.000326174
137     3.17344   0.0590255 0.000325429
138      2.8366   0.0590089 0.000323489
139      2.7026   0.0589732 0.000323127
140      2.7666   0.0589472 0.000321864
141     3.13032   0.0589732 0.000320625
142     3.27664   0.0590194 0.000321693
143      2.5954   0.0589696 0.000323283
144     2.60296   0.0589217 0.000324597
145     2.79632    0.058901 0.000323012
146     2.94376   0.0589008 0.000320792
147     3.04464   0.0589144  0.00031889
148     2.89976   0.0589082 0.000316789
149     2.68636   0.0588734 0.000316571
150      3.1664   0.0589031 0.000315853
151     2.85944   0.0588917  0.00031396
152     3.35612   0.0589459 0.000316553
153     3.14152   0.0589713   0.0003155
154     3.03656   0.0589827 0.000313653
155     2.93632    0.058981 0.000311628
156      3.1388   0.0590054 0.000310578
157     3.13256   0.0590286 0.000309466
158     3.05392   0.0590416 0.000307774
159     2.66388   0.0590053 0.000307973
160     2.84612   0.0589923 0.000306319
161     2.64668   0.0589547 0.000306728
162     3.10872   0.0589745 0.000305476
163     2.85424   0.0589629 0.000303817
164     3.09244   0.0589805 0.000302471
165     2.92116   0.0589772 0.000300652
166     2.63304   0.0589391 0.000301248
167     2.82776   0.0589248 0.000299778
168       3.007   0.0589321 0.000298077
169     3.07584   0.0589474 0.000296702
170     2.98652    0.058952 0.000294987
171     2.79832   0.0589345 0.000293777
172     3.11412    0.058954 0.000292711
173      3.0576   0.0589667 0.000291292
174     2.97076   0.0589693 0.000289624
175     2.95296   0.0589698 0.000287965
176     2.65256   0.0589361 0.000288292
177     3.01688   0.0589441 0.000286768
178     2.93152   0.0589423 0.000285158
179     3.03944   0.0589526 0.000283748
180     2.96888    0.058955 0.000282177
181     2.91452   0.0589513 0.000280638
182     2.53252   0.0589057 0.000282794
183     3.18316   0.0589317 0.000282443
184     2.92768   0.0589296 0.000280912
185     2.67684   0.0589005 0.000280906
186     3.20892   0.0589289 0.000280829
187     2.66108   0.0588983 0.000280985
188     2.73828   0.0588764  0.00028035
189      3.1732   0.0589006 0.000279917
190     2.75592   0.0588807  0.00027915
191     3.08108   0.0588951 0.000278056
192     3.42816   0.0589454  0.00028115
193      2.9114   0.0589417 0.000279714
194     3.32312   0.0589805 0.000280956
195     2.98444   0.0589841 0.000279535
196      3.4206   0.0590322 0.000282234
197     3.17408   0.0590548 0.000281705
198     3.28124    0.059088 0.000282236
199     2.71492   0.0590639 0.000281843
200     3.05836   0.0590744 0.000280628
