1     2.30776   0.0461552           0
2     2.84064    0.051484   0.0053288
3      2.7104    0.052392  0.00320778
4     2.47848   0.0516864  0.00237546
5     2.70208   0.0521574  0.00189936
6     2.83104   0.0529013     0.00172
7     2.65868   0.0529402  0.00145419
8     2.74316   0.0531806   0.0012821
9      2.7568   0.0533979  0.00115139
10     2.81996    0.053698  0.00107268
11     2.88364   0.0540593  0.00103538
12      2.3366   0.0534487  0.00112525
13     2.63652   0.0533935  0.00103655
14     2.63288   0.0533409 0.000961098
15     2.64784   0.0533153   0.0008951
16     3.14172   0.0539102  0.00102714
17     2.89992   0.0541507 0.000994345
18     2.88192   0.0543445 0.000957292
19     2.49968   0.0541155 0.000934014
20     3.04924    0.054459 0.000950322
21     2.76604      0.0545 0.000904868
22     2.90356   0.0546623 0.000877896
23        2.91   0.0548161 0.000852843
24     2.62264   0.0547177 0.000822451
25     2.53148   0.0545541 0.000805638
26     2.58312   0.0544429 0.000781981
27      2.6006   0.0543529 0.000757829
28     2.45612   0.0541661 0.000753776
29      2.2706   0.0538642 0.000787475
30     2.88164   0.0539898 0.000771074
31     2.68668   0.0539816 0.000745832
32      2.3814    0.053783 0.000748946
33     2.57068   0.0537112 0.000729439
34     2.47984   0.0535902 0.000717932
35     3.00104   0.0537739 0.000720923
36      2.7568   0.0538118 0.000701632
37     2.86852    0.053908  0.00068915
38     2.65576   0.0538871 0.000671094
39     2.55996   0.0538182 0.000657283
40     2.67272   0.0538091 0.000640705
41     2.64592   0.0537874  0.00062526
42     2.87032   0.0538735 0.000616246
43     2.60476   0.0538322 0.000603163
44     2.83916   0.0538992   0.0005931
45     2.56548   0.0538417 0.000582619
46       2.684   0.0538382 0.000569823
47     2.53372   0.0537709 0.000561616
48     3.15016   0.0539632 0.000582465
49     2.69736   0.0539629 0.000570454
50     2.66708   0.0539504 0.000559067
51      2.3232   0.0538037 0.000567316
52     2.38768   0.0536873 0.000568335
53      2.7784   0.0537228 0.000558637
54     2.82884   0.0537756 0.000550736
55     2.54936   0.0537249 0.000543002
56     2.91496   0.0538066 0.000539438
57     2.52896     0.05375 0.000532906
58     2.62464   0.0537283 0.000524086
59     3.09568   0.0538671 0.000533481
60     2.63444   0.0538474 0.000524882
61     2.61676   0.0538226   0.0005168
62     2.77588     0.05385 0.000509131
63     2.51912   0.0537949 0.000503999
64     2.60092   0.0537672 0.000496837
65     2.25368   0.0536334  0.00050709
66      2.8176   0.0536746 0.000501044
67      2.3534    0.053576 0.000503264
68     2.56152   0.0535415 0.000497006
69     2.62368    0.053526 0.000489995
70     2.56024   0.0534929 0.000484081
71     2.35532   0.0534029 0.000485618
72      2.6068   0.0533853 0.000479149
73     2.51056   0.0533419 0.000474536
74      2.5824    0.053319 0.000468638
75      2.1694   0.0531865 0.000480935
76     2.65528   0.0531855 0.000474566
77     3.05596   0.0532885 0.000479562
78     2.12656   0.0531506 0.000493055
79     2.70944   0.0531637 0.000486951
80     2.85964   0.0532141 0.000483456
81     2.81568   0.0532524 0.000478981
82      2.7338   0.0532697 0.000473422
83     2.41716   0.0532104 0.000471435
84     2.57372   0.0531897 0.000466247
85     2.63556   0.0531841 0.000460764
86     2.78088   0.0532124 0.000456253
87     2.91392   0.0532706 0.000454722
88     2.45348   0.0532229 0.000452052
89      2.6738   0.0532257 0.000446953
90     2.57756   0.0532071 0.000442351
91     2.50908   0.0531739 0.000438724
92     2.48256   0.0531356 0.000435615
93     2.45812   0.0530929 0.000433019
94     2.95228   0.0531562 0.000433043
95     2.46544   0.0531157  0.00043037
96     2.45248   0.0530733 0.000427964
97     2.74032   0.0530912 0.000423906
98     2.71312   0.0531031 0.000419728
99     2.72424   0.0531171 0.000415701
100     2.64724   0.0531154 0.000411527
101     2.73144   0.0531304 0.000407708
102     2.81896   0.0531622 0.000404945
103      2.5742   0.0531459 0.000401325
104     2.88488   0.0531897  0.00039985
105     2.65576    0.053189 0.000396024
106     2.31628   0.0531242 0.000397578
107     2.48276   0.0530918 0.000395177
108     2.35296   0.0530359 0.000395466
109     2.72616   0.0530496 0.000392058
110     2.38816   0.0530015 0.000391439
111     2.65276    0.053002 0.000387897
112     2.60088   0.0529932 0.000384519
113     2.73964   0.0530092 0.000381433
114     2.65952   0.0530107 0.000378076
115       2.699   0.0530192 0.000374868
116       2.495   0.0529923 0.000372594
117     3.02148   0.0530558 0.000374826
118     2.41316   0.0530152 0.000373848
119     2.69636   0.0530229 0.000370773
120     2.76388   0.0530417  0.00036815
121     3.08144   0.0531127 0.000371928
122     2.79404   0.0531353 0.000369564
123     2.59316    0.053125 0.000366693
124     2.93548     0.05317 0.000366501
125     2.56728   0.0531554  0.00036385
126     2.65916   0.0531557 0.000360951
127     2.68804   0.0531604 0.000358129
128     2.92812   0.0532026 0.000357818
129      2.5548   0.0531863 0.000355409
130      2.6006   0.0531773  0.00035278
131     2.02768   0.0530809 0.000363097
132     2.38156   0.0530396 0.000362694
133     2.65612   0.0530402 0.000359957
134     2.49688   0.0530171  0.00035801
135     2.50468   0.0529954 0.000356007
136     2.83464   0.0530226 0.000354424
137     2.88468   0.0530567 0.000353476
138     2.08736   0.0529748 0.000360348
139     2.72744   0.0529861 0.000357925
140     2.69048    0.052992 0.000355408
141     2.62544   0.0529885 0.000352895
142      2.8528   0.0530172  0.00035157
143     2.56356    0.053005 0.000349316
144     2.26084   0.0529509 0.000351073
145     2.26936   0.0528987 0.000352524
146     2.50608   0.0528797 0.000350618
147     2.60956    0.052875 0.000348256
148     2.52668   0.0528592 0.000346256
149     2.82224   0.0528833 0.000344765
150     2.70968    0.052892 0.000342571
151       2.665   0.0528947 0.000340305
152     3.03868   0.0529465  0.00034201
153     2.81776   0.0529688 0.000340497
154     2.65012    0.052969 0.000338278
155     2.73776   0.0529806 0.000336286
156      2.6588   0.0529818 0.000334126
157     2.61492   0.0529775  0.00033202
158     2.49988   0.0529586  0.00033045
159     2.46104   0.0529351 0.000329206
160      2.5882   0.0529278 0.000327224
161     2.29292   0.0528839 0.000328136
162     3.10676    0.052941 0.000331067
163     2.71252    0.052949 0.000329127
164      3.1746   0.0530133 0.000333371
165     2.89876   0.0530434 0.000332707
166     2.52608   0.0530282 0.000331045
167     2.73108   0.0530377 0.000329195
168      2.8776   0.0530646 0.000328331
169     2.99484    0.053105 0.000328877
170     2.64904   0.0531043 0.000326937
171     2.60316   0.0530982 0.000325077
172     2.56716    0.053088 0.000323342
173     2.75956   0.0531001 0.000321698
174     2.93988   0.0531329 0.000321515
175       2.942   0.0531655 0.000321332
176     2.51604   0.0531493  0.00031991
177     2.61408   0.0531444 0.000318135
178     2.75788   0.0531557 0.000316545
179     2.72152   0.0531629 0.000314852
180     2.23716   0.0531161 0.000316572
181      2.2466   0.0530709 0.000318049
182     2.24908   0.0530264 0.000319404
183     2.71712   0.0530336 0.000317736
184      2.4194   0.0530084 0.000317011
185      2.6076   0.0530037 0.000315327
186     2.76536   0.0530161 0.000313871
187     2.71776   0.0530233  0.00031227
188      2.5842   0.0530162 0.000310687
189     2.09288   0.0529571 0.000314628
190       2.506   0.0529422 0.000313323
191     2.43932   0.0529204 0.000312437
192     2.59472   0.0529151 0.000310851
193     2.65728   0.0529163 0.000309239
194     2.58308   0.0529098 0.000307709
195      2.7682   0.0529224 0.000306385
196     3.02432    0.052961 0.000307251
197     2.66436   0.0529626 0.000305692
198      2.7484   0.0529728 0.000304313
199     2.46624   0.0529544 0.000303334
200       2.662   0.0529559 0.000301817
1     2.28324   0.0456648           0
2     2.82772   0.0511096   0.0054448
3     2.73552   0.0523099  0.00336491
4      2.4658   0.0515614  0.00249429
5     2.73824   0.0522021  0.00203553
6     2.84556   0.0529869    0.001838
7     2.65284   0.0529969  0.00155342
8     2.72832   0.0531931  0.00135953
9     2.73468   0.0533598  0.00121053
10     2.79832   0.0536205  0.00111367
11     2.86652   0.0539577  0.00106231
12     2.33796   0.0533579   0.0011403
13      2.6246   0.0532913  0.00105103
14      2.5868   0.0531802 0.000979387
15     2.64084   0.0531559 0.000912081
16     3.13744   0.0537555  0.00104277
17     2.90456   0.0540105  0.00101217
18     2.86564    0.054194 0.000971759
19     2.45696    0.053928 0.000956918
20      3.0396   0.0542712 0.000970521
21     2.79692   0.0543506 0.000926557
22     2.88372   0.0545016 0.000896263
23      2.9004   0.0546541 0.000869872
24     2.64476   0.0545808 0.000836058
25      2.5084   0.0544043 0.000821115
26     2.58624   0.0543012 0.000795605
27      2.5694   0.0541933 0.000773137
28      2.4606   0.0540154  0.00076596
29     2.27452   0.0537215 0.000795393
30     2.91864   0.0538765 0.000783908
31      2.6774   0.0538659 0.000758273
32     2.39068   0.0536768 0.000758165
33      2.6194   0.0536377 0.000735868
34     2.48784   0.0535236 0.000722965
35     3.00176   0.0537096 0.000726239
36     2.76348    0.053753 0.000707107
37     2.89408   0.0538645 0.000696724
38     2.67896    0.053857 0.000678183
39     2.53848   0.0537779 0.000665292
40     2.67416   0.0537705 0.000648488
41     2.65212   0.0537527 0.000632723
42     2.84128   0.0538259 0.000621793
43     2.59368   0.0537805 0.000608856
44     2.85228   0.0538547 0.000599468
45     2.55536   0.0537937 0.000589167
46     2.68964   0.0537936 0.000576217
47     2.50956    0.053717  0.00056901
48     3.15636    0.053913 0.000590522
49     2.71156   0.0539195 0.000578381
50     2.64992   0.0539011 0.000566995
51      2.3074   0.0537491 0.000576183
52     2.36488    0.053625 0.000578455
53     2.77468   0.0536603  0.00056853
54     2.84108   0.0537188 0.000560966
55     2.54952   0.0536692 0.000552902
56     2.89932   0.0537463 0.000548385
57     2.52492   0.0536893 0.000541683
58      2.6318   0.0536712 0.000532572
59     3.07732   0.0538046 0.000540217
60     2.64324    0.053789 0.000531368
61     2.62068   0.0537664 0.000523071
62     2.80056   0.0538026 0.000515837
63     2.53456   0.0537532  0.00050998
64      2.5914   0.0537232 0.000502849
65     2.26684   0.0535941 0.000511589
66     2.80592   0.0536324 0.000505228
67      2.3314   0.0535278 0.000508493
68     2.55328   0.0534916 0.000502266
69     2.59316    0.053468 0.000495496
70     2.57552   0.0534401 0.000489166
71     2.34844   0.0533489 0.000490765
72     2.61308   0.0533338 0.000484137
73      2.5218   0.0532941 0.000479106
74     2.54088   0.0532607 0.000473771
75     2.19076   0.0531347  0.00048408
76     2.62876   0.0531274 0.000477725
77      3.0568   0.0532314 0.000482816
78      2.1316   0.0530955  0.00049558
79     2.72652   0.0531136 0.000489604
80     2.85884   0.0531644 0.000486106
81     2.82264    0.053205  0.00048178
82     2.73016   0.0532221 0.000476174
83     2.41096   0.0531618 0.000474248
84     2.56072   0.0531386 0.000469142
85     2.63224   0.0531328 0.000463626
86     2.73736   0.0531516 0.000458587
87     2.88964   0.0532049 0.000456414
88     2.44924    0.053157 0.000453739
89     2.68364   0.0531628 0.000448649
90     2.59036   0.0531477 0.000443892
91     2.52084   0.0531177 0.000440012
92     2.49948   0.0530837 0.000436529
93     2.45504   0.0530409 0.000433928
94     2.92628   0.0530992 0.000433234
95     2.45948   0.0530581  0.00043062
96     2.46864   0.0530197 0.000427837
97     2.72276   0.0530345 0.000423662
98     2.72304    0.053049 0.000419569
99     2.75048   0.0530688 0.000415781
100      2.6222   0.0530626  0.00041165
101     2.72776   0.0530774 0.000407822
102     2.83792   0.0531135 0.000405413
103     2.55468   0.0530938 0.000401936
104      2.8994   0.0531409 0.000400825
105     2.65828   0.0531411 0.000396989
106     2.34608   0.0530825  0.00039758
107     2.51068   0.0530556 0.000394758
108       2.373   0.0530038 0.000394503
109      2.7116   0.0530151 0.000391029
110      2.3992   0.0529694 0.000390148
111     2.64968   0.0529696 0.000386617
112     2.59252   0.0529596  0.00038328
113     2.72756   0.0529737 0.000380134
114     2.70196    0.052983 0.000376901
115       2.703   0.0529924 0.000373726
116     2.49944   0.0529665 0.000371394
117     3.03908   0.0530333 0.000374216
118     2.41916   0.0529939 0.000373118
119     2.70868   0.0530038 0.000370102
120      2.7776    0.053025 0.000367619
121     3.05836   0.0530923 0.000370726
122     2.76056   0.0531097 0.000368085
123     2.58132   0.0530976 0.000365279
124     2.95208   0.0531456 0.000365478
125     2.58644   0.0531342  0.00036272
126     2.67664   0.0531374 0.000359844
127     2.67896   0.0531409 0.000357016
128     2.93932    0.053185 0.000356951
129     2.57052   0.0531712  0.00035444
130     2.58116   0.0531593 0.000351905
131      2.0508   0.0530666 0.000361302
132     2.36424   0.0530228  0.00036122
133     2.63192   0.0530199 0.000358505
134      2.5076   0.0529985 0.000356463
135     2.50084   0.0529764 0.000354501
136     2.86484   0.0530082 0.000353316
137     2.90244    0.053045 0.000352652
138     2.09168   0.0529638  0.00035939
139     2.74068   0.0529771 0.000357044
140     2.68972   0.0529829 0.000354532
141     2.62832   0.0529799 0.000352021
142     2.85328   0.0530087 0.000350716
143     2.56404   0.0529966 0.000348464
144     2.25472   0.0529418  0.00035036
145       2.255   0.0528877 0.000352113
146     2.51052   0.0528693 0.000350174
147      2.6156   0.0528656 0.000347804
148     2.51972   0.0528489 0.000345849
149     2.81948   0.0528726 0.000344341
150       2.712   0.0528817 0.000342159
151     2.63532   0.0528806 0.000339888
152     3.05124   0.0529342 0.000341869
153      2.8168   0.0529564 0.000340354
154     2.61652   0.0529523 0.000338162
155     2.74908   0.0529654 0.000336228
156     2.64596   0.0529651 0.000334066
157     2.60584   0.0529597 0.000331975
158     2.47796   0.0529382 0.000330569
159     2.45272   0.0529138  0.00032939
160     2.60248   0.0529084 0.000327369
161      2.2844   0.0528635 0.000328406
162     3.12196   0.0529226 0.000331682
163     2.72804   0.0529327 0.000329794
164     3.16508   0.0529959 0.000333819
165     2.92584   0.0530294 0.000333473
166     2.51744   0.0530132 0.000331851
167     2.73608   0.0530234 0.000330016
168     2.88916   0.0530518 0.000329267
169      2.9816   0.0530907 0.000329621
170     2.62712   0.0530875 0.000327692
171      2.5818    0.053079 0.000325881
172     2.55756   0.0530678 0.000324174
173      2.7404   0.0530778 0.000322452
174     2.93812   0.0531105 0.000322254
175      2.9464   0.0531438 0.000322127
176      2.5394   0.0531304 0.000320571
177      2.6386   0.0531284 0.000318761
178     2.76364   0.0531404 0.000317194
179     2.75752   0.0531516 0.000315617
180     2.23268   0.0531044 0.000317389
181     2.26692   0.0530615 0.000318534
182      2.2366   0.0530157 0.000320068
183     2.73232   0.0530247 0.000318439
184     2.40664   0.0529981 0.000317817
185     2.60684   0.0529934 0.000316129
186     2.74192   0.0530033 0.000314581
187     2.72744   0.0530116 0.000313004
188     2.61664    0.053008 0.000311355
189     2.10956   0.0529508 0.000314947
190     2.52948   0.0529383 0.000313532
191      2.3938   0.0529118  0.00031301
192     2.58756   0.0529058 0.000311434
193     2.66832   0.0529082 0.000309825
194     2.61168   0.0529047 0.000308244
195     2.72752   0.0529131 0.000306775
196     3.01816   0.0529511 0.000307564
197     2.66392   0.0529528 0.000306003
198     2.72028   0.0529601 0.000304542
199     2.47896   0.0529431 0.000303484
200      2.6836   0.0529468 0.000301984
