1      37.702     0.75404           0
2     33.4523    0.711543   0.0424972
3     37.3045    0.723059   0.0271039
4     37.4396    0.729492   0.0202163
5     37.6056    0.734016   0.0162999
6     35.4078    0.729706   0.0139893
7     32.6904    0.718863   0.0160421
8     36.0536    0.719139   0.0138956
9     38.2261    0.724182   0.0132516
10      36.804    0.725372   0.0119122
11     35.2086    0.723444    0.010946
12     38.9713     0.72811   0.0110276
13     36.5955    0.728402   0.0101481
14     38.0558    0.730739  0.00968157
15     39.7304    0.734996  0.00996822
16     37.2488     0.73562  0.00934525
17     37.5546     0.73653  0.00882538
18     38.1061    0.737952  0.00844125
19      33.918    0.734816  0.00857854
20     38.6166    0.736691   0.0083517
21     38.6583    0.738428  0.00813171
22     37.6474    0.739088  0.00778132
23     38.2664    0.740229  0.00752232
24     38.4644     0.74144  0.00730314
25     37.9691    0.742158  0.00704159
26      35.703    0.741077  0.00685111
27     39.3358    0.742767  0.00680575
28     36.2134    0.742107  0.00659138
29      38.409    0.743006  0.00642327
30     37.5968    0.743303  0.00621261
31     36.3527    0.742779  0.00603168
32     33.5971    0.740566  0.00624561
33     36.8874     0.74048    0.006054
34     33.4335    0.738368  0.00624145
35     37.5157    0.738709   0.0060701
36     34.0409    0.737101  0.00611433
37     35.7552    0.736507  0.00597643
38     37.1317    0.736668  0.00581926
39     32.4224    0.734406   0.0061028
40     37.3004    0.734696  0.00595534
41     38.8271    0.735717  0.00589727
42     33.9127    0.734349  0.00591554
43     37.4698    0.734698  0.00578692
44     37.3572    0.734981  0.00566094
45     39.1018    0.736027  0.00563164
46     37.2262    0.736212  0.00551095
47     38.9895    0.737139  0.00547155
48     37.8188     0.73754  0.00537132
49     33.9862     0.73636  0.00539126
50     33.4758    0.735023  0.00544888
51     37.9476    0.735492  0.00536154
52     38.0456    0.735981   0.0052801
53     33.4807    0.734729  0.00532874
54     35.3387    0.734211  0.00525469
55     35.1562    0.733646  0.00518914
56      34.699    0.732938  0.00514462
57     36.8034    0.732992  0.00505386
58     39.3983     0.73394   0.0050556
59      35.881    0.733664  0.00497687
60     37.5537    0.733954  0.00490182
61      33.744    0.732985   0.0049171
62     37.1662    0.733152  0.00484001
63     38.0318    0.733588  0.00478251
64     40.2534    0.734705  0.00483787
65     36.0755    0.734502  0.00476718
66     38.9408    0.735174  0.00474217
67      37.813    0.735488  0.00468144
68     40.5669    0.736604  0.00474505
69     37.7392    0.736867   0.0046832
70     37.5949    0.737082   0.0046208
71     35.0492    0.736574  0.00458354
72     37.9476    0.736884  0.00453011
73     34.2058    0.736162  0.00452572
74     35.1442    0.735712  0.00448673
75     38.8553    0.736264  0.00446078
76     36.8391    0.736271   0.0044017
77     34.9132    0.735777  0.00437211
78     36.5697    0.735721  0.00431606
79     35.2731    0.735338  0.00427826
80     38.0997    0.735671  0.00423756
81     35.7632    0.735419   0.0041925
82     35.2661    0.735052  0.00415729
83     38.1255    0.735383   0.0041202
84      36.946    0.735425  0.00407107
85     36.2212    0.735296  0.00402497
86     37.4808    0.735462  0.00398138
87     37.0152    0.735518  0.00393574
88     37.2524    0.735626  0.00389227
89     37.9915    0.735898  0.00385788
90     40.8016    0.736788   0.0039173
91     34.2116    0.736211  0.00391683
92       36.07     0.73605  0.00387737
93     38.0388    0.736316  0.00384465
94     34.7029    0.735866  0.00383001
95     39.3482    0.736404  0.00382746
96     37.1914    0.736481  0.00378817
97     38.2556    0.736776  0.00376051
98     36.3448    0.736676  0.00372331
99     35.0795    0.736321  0.00370251
100     34.3335    0.735825  0.00369877
101     39.3684    0.736335  0.00369735
102     34.5686    0.735894  0.00368737
103       38.17    0.736161  0.00366115
104     34.8479    0.735784  0.00364532
105     38.7321    0.736154  0.00362935
106     33.8014    0.735587  0.00363942
107     38.5505    0.735918  0.00362041
108     36.5049    0.735864  0.00358714
109     38.8146    0.736235  0.00357338
110     38.9732    0.736628  0.00356249
111     35.5474    0.736397  0.00353782
112     36.1453    0.736276  0.00350816
113     37.9735    0.736482  0.00348303
114     37.5762    0.736614  0.00345486
115     35.7011    0.736417  0.00343032
116     36.0894    0.736291  0.00340295
117     34.4892    0.735894  0.00339708
118     37.9416    0.736088  0.00337377
119     39.6118     0.73656  0.00337841
120      36.069    0.736433  0.00335253
121     33.2768    0.735847  0.00337594
122      37.478     0.73596  0.00335004
123      36.759    0.735953   0.0033227
124     37.8948     0.73613  0.00330054
125     34.6776     0.73579   0.0032917
126     37.6246    0.735922  0.00326816
127     38.0082    0.736113  0.00324794
128      36.148     0.73601  0.00322411
129     36.1729    0.735913  0.00320049
130     35.3231    0.735687  0.00318385
131     35.5155    0.735493  0.00316538
132     38.4498    0.735747  0.00315155
133     33.6363    0.735273  0.00316345
134     37.3402    0.735359  0.00314094
135     36.9815    0.735391  0.00311774
136     37.2744    0.735465  0.00309562
137     35.5784     0.73529  0.00307789
138     38.2878    0.735511  0.00306347
139     36.9026    0.735529  0.00304141
140     37.6489    0.735654  0.00302218
141      36.686     0.73564   0.0030007
142     36.1306    0.735549   0.0029809
143     37.1832    0.735605  0.00296053
144     39.1374    0.735933  0.00295807
145      33.944    0.735539  0.00296383
146     36.7757    0.735539  0.00294346
147     37.5251    0.735641  0.00292514
148     37.0447    0.735676  0.00290553
149      37.869    0.735822  0.00288963
150     39.5099    0.736185   0.0028931
151     35.7344    0.736042  0.00287741
152     37.8332    0.736178  0.00286163
153      36.848    0.736183  0.00284287
154     37.6646    0.736294  0.00282653
155      36.005     0.73619  0.00281018
156     33.0534    0.735708  0.00283333
157     35.7528    0.735576   0.0028183
158     36.0666    0.735486  0.00280185
159     35.7062    0.735352  0.00278742
160     34.3738    0.735053  0.00278606
161     39.9188    0.735446  0.00279649
162     38.2428    0.735628   0.0027851
163     34.4188    0.735338   0.0027831
164     35.8448    0.735225  0.00276836
165     38.6928    0.735459  0.00276148
166     36.7534    0.735457  0.00274479
167     38.1516    0.735622   0.0027333
168      35.997    0.735529  0.00271858
169      36.212    0.735462  0.00270327
170      37.445    0.735541  0.00268849
171     36.8986    0.735555  0.00267276
172     35.9892    0.735464  0.00265875
173     35.1041    0.735271  0.00265038
174     37.3458    0.735337  0.00263595
175     36.5758    0.735316  0.00262093
176     36.9905    0.735341  0.00260612
177     34.4554     0.73508  0.00260449
178     37.0154    0.735109  0.00258998
179     33.1693    0.734709  0.00260646
180     38.3068    0.734883  0.00259781
181      36.564    0.734863  0.00258349
182     35.8451    0.734765  0.00257115
183     37.8881     0.73489  0.00256015
184     37.3447    0.734956  0.00254704
185      35.615    0.734833  0.00253619
186     37.2457    0.734887   0.0025231
187     41.4164    0.735387  0.00255883
188     37.1304    0.735425  0.00254547
189     35.7924    0.735322  0.00253409
190     38.6889    0.735524  0.00252883
191     39.0054    0.735758  0.00252636
192     33.6018    0.735426  0.00253499
193     38.1339    0.735567  0.00252577
194     36.7791    0.735567  0.00251271
195     36.9517    0.735585  0.00249986
196     36.2157    0.735527  0.00248774
197     37.4912      0.7356  0.00247614
198     33.4806    0.735267  0.00248604
199     38.2125    0.735412   0.0024778
200     35.7616    0.735311  0.00246745
1     37.6289    0.752578           0
2     33.4425    0.710714    0.041864
3     37.3026    0.722493   0.0268878
4     37.4492    0.729116   0.0201331
5     37.6065    0.733719     0.01626
6     35.4058    0.729451   0.0139452
7     32.6922     0.71865   0.0159866
8     36.0546    0.718956   0.0138482
9       38.22    0.724005   0.0132156
10     36.8122    0.725229   0.0118836
11     35.2127    0.723322   0.0109169
12     38.9692    0.727994   0.0110065
13     36.5911    0.728288   0.0101288
14     38.0524    0.730628  0.00966496
15     39.7344    0.734899  0.00995965
16     37.2476    0.735527  0.00933757
17     37.5533    0.736441  0.00881861
18     38.1018    0.737863  0.00843498
19      33.909    0.734722  0.00857477
20     38.6134    0.736599  0.00834856
21     38.6546    0.738337  0.00812899
22     37.6396    0.738994  0.00777848
23     38.2661    0.740139  0.00752023
24     38.4652    0.741354  0.00730191
25     37.9624     0.74207  0.00704022
26     35.7064    0.740995  0.00684886
27     39.3369    0.742689   0.0068046
28     36.2136    0.742032  0.00658999
29     38.4036    0.742929  0.00642177
30     37.5982    0.743231  0.00621132
31     36.3528    0.742709  0.00603024
32     33.5818    0.740488  0.00624692
33     36.8893    0.740406  0.00605522
34       33.44      0.7383  0.00624055
35      37.517    0.738644  0.00606938
36     34.0363    0.737035  0.00611385
37     35.7615    0.736446  0.00597545
38     37.1245    0.736605  0.00581825
39     32.4191    0.734343  0.00610191
40     37.2985    0.734633   0.0059545
41     38.8308    0.735657  0.00589704
42     33.9147    0.734291  0.00591477
43     37.4686    0.734642  0.00578622
44     37.3692    0.734932   0.0056606
45     39.1002    0.735978  0.00563139
46     37.2259    0.736163  0.00551074
47     38.9893    0.737092  0.00547151
48     37.8183    0.737493  0.00537134
49     33.9914    0.736316   0.0053906
50     33.4677    0.734977  0.00544884
51     37.9556     0.73545  0.00536186
52      38.042    0.735939  0.00528036
53     33.4836    0.734688  0.00532854
54     35.3378    0.734171  0.00525445
55       35.16    0.733608  0.00518868
56     34.7035    0.732902  0.00514386
57     36.8185    0.732963  0.00505318
58     39.3894    0.733908  0.00505447
59     35.8939    0.733636  0.00497548
60     37.5595    0.733929   0.0049006
61     33.7435    0.732961  0.00491587
62      37.167    0.733128  0.00483883
63     38.0282    0.733564  0.00478128
64     40.2481    0.734679   0.0048364
65     36.0744    0.734476  0.00476574
66     38.9369    0.735147  0.00474065
67     37.8091    0.735461   0.0046799
68     40.5642    0.736576  0.00474348
69     37.7417     0.73684  0.00468171
70     37.5944    0.737055  0.00461935
71     35.0458    0.736546  0.00458218
72     37.9494    0.736858  0.00452883
73     34.2054    0.736135  0.00452444
74       35.14    0.735685  0.00448556
75     38.8638     0.73624  0.00445996
76     36.8452    0.736248  0.00440089
77     34.9282    0.735759  0.00437085
78     36.5713    0.735703   0.0043148
79     35.2647    0.735318  0.00427719
80     38.1055    0.735653  0.00423665
81     35.7645    0.735402  0.00419156
82     35.2636    0.735034   0.0041564
83     38.1275    0.735366  0.00411938
84     36.9343    0.735405  0.00407024
85     36.2279    0.735278  0.00402409
86     37.4856    0.735446  0.00398056
87     37.0068      0.7355  0.00393491
88     37.2607     0.73561  0.00389151
89     38.0002    0.735884  0.00385728
90      40.806    0.736776  0.00391699
91     34.2152    0.736199  0.00391638
92     36.0793     0.73604  0.00387684
93     38.0376    0.736306  0.00384412
94     34.7048    0.735857  0.00382942
95     39.3567    0.736397  0.00382715
96     37.1968    0.736475  0.00378789
97      38.256     0.73677  0.00376025
98     36.3465     0.73667  0.00372303
99     35.0836    0.736316  0.00370215
100     34.3278    0.735819  0.00369857
101     39.3728     0.73633  0.00369729
102      34.564    0.735888  0.00368741
103     38.1662    0.736155  0.00366113
104     34.8462    0.735778  0.00364533
105     38.7373    0.736149  0.00362947
106     33.8014    0.735582  0.00363953
107     38.5563    0.735914  0.00362063
108     36.4945    0.735858  0.00358738
109     38.8195     0.73623  0.00357372
110     38.9717    0.736623  0.00356279
111     35.5477    0.736391  0.00353812
112     36.1494    0.736272  0.00350843
113      37.972    0.736477  0.00348328
114     37.5815     0.73661  0.00345515
115     35.6988    0.736413  0.00343062
116     36.0978    0.736288   0.0034032
117     34.4914    0.735891  0.00339727
118     37.9422    0.736086  0.00337397
119     39.6124    0.736558  0.00337863
120     36.0729    0.736432  0.00335271
121     33.2848    0.735847  0.00337589
122     37.4786     0.73596  0.00334999
123     36.7524    0.735952  0.00332265
124     37.8953    0.736129   0.0033005
125      34.675    0.735788  0.00329171
126     37.6286    0.735921  0.00326819
127      38.019    0.736114  0.00324807
128     36.1484    0.736011  0.00322423
129     36.1758    0.735914  0.00320061
130     35.3147    0.735687  0.00318405
131     35.5068    0.735492  0.00316567
132     38.4627    0.735747  0.00315199
133     33.6454    0.735275  0.00316368
134     37.3378    0.735361  0.00314115
135     36.9727    0.735391  0.00311794
136     37.2772    0.735466  0.00309583
137     35.5755    0.735291  0.00307812
138      38.288    0.735511   0.0030637
139     36.8927    0.735528  0.00304163
140     37.6602    0.735655  0.00302246
141     36.6763    0.735639  0.00300099
142     36.1241    0.735547  0.00298122
143     37.1733    0.735602  0.00296082
144      39.141     0.73593  0.00295841
145     33.9525    0.735538  0.00296401
146     36.7656    0.735536  0.00294364
147     37.5233    0.735638  0.00292531
148     37.0419    0.735673  0.00290569
149     37.8711    0.735819  0.00288981
150     39.5143    0.736182  0.00289336
151     35.7332     0.73604  0.00287766
152     37.8389    0.736176  0.00286192
153     36.8436    0.736181  0.00284316
154     37.6677    0.736292  0.00282684
155     36.0003    0.736187   0.0028105
156     33.0636    0.735707  0.00283342
157     35.7506    0.735575   0.0028184
158     36.0644    0.735485  0.00280196
159     35.7066     0.73535  0.00278752
160     34.3754    0.735051  0.00278614
161     39.9252    0.735445  0.00279669
162     38.2434    0.735627   0.0027853
163     34.4182    0.735337   0.0027833
164     35.8434    0.735224  0.00276857
165      38.685    0.735458   0.0027616
166     36.7537    0.735455  0.00274492
167     38.1434    0.735619  0.00273336
168     35.9963    0.735526  0.00271865
169      36.212    0.735459  0.00270334
170     37.4446    0.735538  0.00268855
171     36.8913    0.735552  0.00267282
172     35.9839    0.735459  0.00265884
173     35.1083    0.735267  0.00265042
174     37.3396    0.735333  0.00263597
175     36.5712    0.735311  0.00262096
176     36.9946    0.735337  0.00260616
177     34.4588    0.735076  0.00260448
178     37.0144    0.735105  0.00258998
179     33.1533    0.734703  0.00260672
180     38.3114    0.734878  0.00259811
181     36.5627    0.734858  0.00258379
182     35.8559     0.73476   0.0025714
183     37.8936    0.734887  0.00256043
184      37.346    0.734952  0.00254732
185     35.6294    0.734831  0.00253639
186     37.2539    0.734886  0.00252332
187        41.4    0.735384  0.00255871
188     37.1314    0.735423  0.00254535
189     35.7936    0.735319  0.00253396
190     38.6867    0.735522  0.00252869
191     39.0106    0.735756  0.00252627
192     33.6028    0.735424  0.00253488
193     38.1405    0.735566   0.0025257
194     36.7827    0.735566  0.00251265
195     36.9426    0.735583  0.00249979
196     36.2124    0.735525  0.00248767
197     37.4894    0.735598  0.00247607
198     33.4846    0.735265  0.00248592
199     38.2138     0.73541  0.00247769
200     35.7535    0.735309  0.00246737
