22.107           0
21.3628    0.744154
21.4505    0.438483
21.3159    0.338002
21.2946    0.262681
21.2938     0.21448
21.5991    0.355035
21.5786     0.30815
21.5903     0.27201
21.6133    0.244378
21.576     0.22417
21.4466    0.242112
21.4192    0.224393
21.4659    0.212933
21.415    0.204652
21.3382    0.206275
21.3655    0.195684
21.2078    0.242716
21.2704    0.237964
21.2528     0.22644
21.3054    0.221717
21.2475     0.21919
21.2699    0.210644
21.3428    0.214435
21.4064    0.215304
21.4376     0.20919
21.47    0.203883
21.4447    0.198084
21.4002    0.196242
21.4289    0.191747
21.4648    0.188891
21.4434    0.184137
21.4345    0.178695
21.457    0.174813
21.4732    0.170525
21.5101    0.169769
21.4905    0.166279
21.4957    0.161929
21.4988    0.157753
21.5049    0.153878
21.5165    0.150524
21.491    0.149082
21.5198    0.148396
21.5235    0.145031
21.5131    0.142156
21.5352    0.140773
21.5669     0.14136
21.5927    0.140766
21.6051    0.138418
21.6097      0.1357
21.6226    0.133636
21.6117    0.131495
21.6233     0.12951
21.6314    0.127348
21.6387    0.125224
21.651    0.123582
21.6924    0.128266
21.7073     0.12691
21.7079    0.124742
21.7068    0.122651
21.7076    0.120626
21.7285    0.120489
21.7384    0.118973
21.7283    0.117531
21.7535    0.118409
21.7668    0.117355
21.7419    0.118237
21.7674     0.11924
21.781    0.118287
21.7828    0.116599
21.7705    0.115598
21.7634    0.114205
21.7528    0.113126
21.7768     0.11414
21.7947    0.114016
21.7769    0.113898
21.7913    0.113327
21.7908    0.111866
21.7846    0.110618
21.769    0.110328
21.7675    0.108969
21.7522    0.108712
21.7659    0.108268
21.7749    0.107346
21.7755    0.106078
21.7699    0.104983
21.7647    0.103904
21.7816    0.104107
21.7929    0.103548
21.7841    0.102772
21.7742    0.102114
21.7773    0.101046
21.7829    0.100107
21.792   0.0994537
21.7877    0.098494
21.7782   0.0979197
21.7814   0.0969563
21.7752   0.0961632
21.7677   0.0954824
21.7607   0.0947789
21.7587   0.0938565
21.7571    0.092946
21.7634   0.0922524
21.7625   0.0913655
21.7669   0.0906006
21.7724   0.0899096
21.7735   0.0890724
21.7862   0.0891431
21.7962    0.088886
21.7952   0.0880796
21.783   0.0881256
21.7721   0.0880216
21.7638    0.087627
21.7735   0.0873866
21.7591   0.0878084
21.7611   0.0870709
21.7599   0.0863314
21.7615   0.0856115
21.7721   0.0855514
21.765   0.0851325
21.7681    0.084481
21.7596   0.0842082
21.7496   0.0841258
21.7482   0.0834567
21.7448   0.0828523
21.749   0.0822972
21.7308   0.0836428
21.7403    0.083528
21.7395   0.0828821
21.7328   0.0825118
21.7366   0.0819665
21.7306    0.081565
21.7184   0.0818624
21.7323   0.0824272
21.7415   0.0823301
21.7459   0.0818401
21.7473   0.0812536
21.7475   0.0806629
21.7517    0.080187
21.7544   0.0796602
21.7572   0.0791416
21.752   0.0787543
21.7581   0.0784355
21.7441   0.0791296
21.742   0.0786097
21.7465   0.0781971
21.748   0.0776792
21.7484   0.0771535
21.7452   0.0767011
21.7544   0.0767434
21.7447   0.0768498
21.7475   0.0763923
21.7494    0.075916
21.754   0.0755583
21.7629   0.0755981
21.7611    0.075134
21.7612   0.0746541
21.7608   0.0741812
21.7717   0.0745095
21.776   0.0741712
21.7808   0.0738651
21.7783   0.0734527
21.7837   0.0732049
21.7795    0.072883
21.7799   0.0724409
21.7708   0.0725679
21.778   0.0724897
21.7881   0.0727629
21.7869    0.072341
21.7899    0.071978
21.7881   0.0715802
21.7847   0.0712428
21.784   0.0708332
21.7882   0.0705476
21.7947   0.0704508
21.7947   0.0700494
21.7955   0.0696574
21.802   0.0695708
21.8041   0.0692122
21.8045   0.0688279
21.7974   0.0688143
21.7962   0.0684464
21.7973   0.0680802
21.8013   0.0678278
21.7964   0.0676333
21.7958   0.0672722
21.7889   0.0672621
21.787   0.0669301
21.783   0.0666975
21.7651     0.06871
21.7719   0.0686903
21.7632   0.0688883
21.7635   0.0685314
21.7696   0.0684434
21.7616   0.0685617
21.764   0.0682557
21.7653   0.0679206
21.764   0.0675894
21.768   0.0673702
21.779   0.0679133
22.2126           0
21.4135    0.799096
21.4858    0.466979
21.3421    0.360111
21.3149     0.28026
21.312     0.22885
21.6139    0.358579
21.5902    0.311441
21.6014    0.274892
21.6235    0.246864
21.5843     0.22671
21.4533    0.244957
21.4264    0.226927
21.4717    0.214921
21.4206    0.206492
21.3441    0.207765
21.3718    0.197118
21.2141    0.243747
21.2755    0.238616
21.2576    0.227079
21.3095    0.222147
21.2511     0.21973
21.2726    0.211058
21.3449    0.214611
21.4081    0.215345
21.4395     0.20926
21.4721    0.203982
21.4465    0.198218
21.4015    0.196494
21.4296    0.191905
21.4656    0.189076
21.4439    0.184359
21.4353    0.178892
21.4579    0.175021
21.474    0.170708
21.5105    0.169861
21.4909    0.166363
21.4962    0.162014
21.4992    0.157832
21.5051    0.153948
21.5167    0.150598
21.4914    0.149138
21.5205    0.148507
21.5244    0.145147
21.514    0.142265
21.536    0.140867
21.5678    0.141449
21.5935    0.140842
21.6062    0.138516
21.6108    0.135795
21.6237    0.133732
21.6126    0.131601
21.6241    0.129604
21.6321    0.127428
21.6396    0.125319
21.6514    0.123625
21.6929    0.128313
21.7076    0.126945
21.7082    0.124776
21.7072    0.122683
21.7079    0.120657
21.7289    0.120544
21.7388    0.119027
21.7286    0.117592
21.7537     0.11845
21.767    0.117398
21.7421    0.118287
21.7676    0.119299
21.7815     0.11837
21.7836    0.116685
21.7711    0.115702
21.7639    0.114308
21.7535    0.113217
21.7773    0.114194
21.7952    0.114076
21.7773    0.113984
21.7917    0.113413
21.791    0.111952
21.785    0.110688
21.7696    0.110378
21.7682    0.109016
21.7527    0.108782
21.7664    0.108329
21.7752    0.107393
21.776    0.106125
21.7705    0.105024
21.7651    0.103953
21.7822    0.104183
21.7935    0.103625
21.7845    0.102858
21.7748     0.10219
21.7779    0.101121
21.7834    0.100178
21.7927   0.0995461
21.7885   0.0985815
21.7791   0.0980016
21.7823   0.0970364
21.7759   0.0962487
21.7683   0.0955805
21.7614   0.0948672
21.7594   0.0939445
21.7579   0.0930311
21.7643   0.0923433
21.7635   0.0914547
21.7679   0.0906868
21.7733   0.0899884
21.7744   0.0891499
21.7871   0.0892359
21.7972   0.0889843
21.7962   0.0881765
21.784   0.0882367
21.773   0.0881338
21.7645   0.0877561
21.7743   0.0875301
21.7598   0.0879637
21.7618   0.0872238
21.7605   0.0864848
21.7622   0.0857659
21.7726    0.085676
21.7655    0.085253
21.7685   0.0845976
21.7601    0.084319
21.7502   0.0842213
21.7488   0.0835514
21.7454   0.0829472
21.7496   0.0823933
21.7315   0.0837192
21.7409   0.0835884
21.7401   0.0829421
21.7335    0.082567
21.7373   0.0820261
21.7313   0.0816262
21.7192   0.0819151
21.733   0.0824702
21.7423   0.0823851
21.7468   0.0819003
21.7483   0.0813147
21.7485   0.0807235
21.7526   0.0802454
21.7552   0.0797132
21.7581   0.0791972
21.7528   0.0788155
21.7588   0.0784908
21.7447   0.0791982
21.7428   0.0786749
21.7471   0.0782559
21.7487   0.0777379
21.7491   0.0772116
21.7459    0.076757
21.7551   0.0767966
21.7453   0.0769082
21.7481   0.0764514
21.75   0.0759728
21.7544   0.0756091
21.7633   0.0756434
21.7615   0.0751779
21.7616   0.0746976
21.7612   0.0742244
21.772   0.0745415
21.7764   0.0742051
21.7813    0.073906
21.7788   0.0734919
21.7843   0.0732477
21.7799   0.0729315
21.7803   0.0724889
21.7713   0.0726139
21.7784   0.0725349
21.7886   0.0728111
21.7873   0.0723906
21.7903   0.0720258
21.7885   0.0716265
21.785   0.0712935
21.7843   0.0708837
21.7885   0.0705999
21.7951   0.0705047
21.795    0.070103
21.7959   0.0697114
21.8024   0.0696253
21.8046   0.0692698
21.805   0.0688852
21.798   0.0688681
21.7967   0.0684999
21.7979    0.068134
21.8018   0.0678782
21.797   0.0676803
21.7963   0.0673197
21.7893   0.0673197
21.7874   0.0669873
21.7834   0.0667541
21.7655   0.0687768
21.7724   0.0687656
21.7636   0.0689647
21.764   0.0686077
21.7701   0.0685206
21.7621   0.0686351
21.7645   0.0683275
21.7659   0.0679929
21.7646   0.0676607
21.7685   0.0674335
21.7794   0.0679784
