1   -0.476432   -0.476432           0
2   -0.478246   -0.477339   0.0009072
3   -0.477299   -0.477326 0.000523942
4   -0.476699   -0.477169 0.000402246
5   -0.477835   -0.477302 0.000338856
6   -0.476829   -0.477223 0.000287714
7   -0.477731   -0.477296  0.00025375
8   -0.476875   -0.477243 0.000225962
9   -0.477368   -0.477257  0.00019976
10   -0.477794   -0.477311 0.000186547
11   -0.476861    -0.47727 0.000173628
12    -0.47656   -0.477211 0.000169182
13   -0.478245    -0.47729 0.000174773
14   -0.476672   -0.477246 0.000167728
15   -0.476902   -0.477223 0.000157819
16   -0.478016   -0.477273 0.000155719
17   -0.476923   -0.477252 0.000147711
18   -0.477275   -0.477254 0.000139269
19    -0.47783   -0.477284 0.000135189
20   -0.476358   -0.477238 0.000136344
21   -0.477589   -0.477254 0.000130763
22   -0.477146   -0.477249 0.000124776
23   -0.476723   -0.477227 0.000121402
24   -0.477093   -0.477221 0.000116367
25   -0.477587   -0.477236 0.000112573
26   -0.479146   -0.477309 0.000130746
27   -0.477925   -0.477332 0.000127861
28   -0.477618   -0.477342 0.000123632
29   -0.476755   -0.477322 0.000120997
30   -0.476202   -0.477284 0.000122713
31   -0.478117   -0.477311 0.000121687
32   -0.477002   -0.477302  0.00011822
33   -0.477744   -0.477315 0.000115363
34   -0.477445   -0.477319 0.000111984
35    -0.47788   -0.477335 0.000109913
36   -0.476746   -0.477319 0.000108063
37    -0.47663     -0.4773 0.000106735
38   -0.477794   -0.477313 0.000104697
39    -0.47873   -0.477349 0.000108254
40   -0.478858   -0.477387 0.000112048
41   -0.478477   -0.477414 0.000112468
42    -0.47733   -0.477412 0.000109775
43   -0.476733   -0.477396 0.000108348
44   -0.477531   -0.477399 0.000105902
45   -0.476558    -0.47738 0.000105193
46   -0.477014   -0.477372 0.000103187
47    -0.47739   -0.477373 0.000100969
48   -0.478221    -0.47739  0.00010041
49   -0.477851     -0.4774 9.87885e-05
50   -0.476693   -0.477386 9.78196e-05
51   -0.476632   -0.477371 9.70141e-05
52   -0.476838   -0.477361 9.56794e-05
53   -0.478374    -0.47738 9.57865e-05
54   -0.478712   -0.477404 9.71802e-05
55   -0.478315   -0.477421 9.68238e-05
56   -0.476267     -0.4774 9.72855e-05
57   -0.476306   -0.477381 9.74741e-05
58   -0.478141   -0.477394 9.66703e-05
59   -0.478925    -0.47742 9.84956e-05
60   -0.477085   -0.477415 9.70013e-05
61   -0.478261   -0.477428 9.64013e-05
62   -0.477222   -0.477425 9.48919e-05
63   -0.476466    -0.47741 9.46074e-05
64   -0.476798     -0.4774 9.36063e-05
65    -0.47688   -0.477392 9.25019e-05
66   -0.479005   -0.477417 9.43092e-05
67   -0.477696   -0.477421 9.29845e-05
68   -0.476538   -0.477408 9.25232e-05
69   -0.477946   -0.477416 9.15048e-05
70   -0.477467   -0.477416 9.01912e-05
71   -0.476963    -0.47741 8.91407e-05
72   -0.476456   -0.477397 8.88871e-05
73   -0.477688   -0.477401 8.77517e-05
74   -0.476174   -0.477384   8.813e-05
75     -0.4764   -0.477371 8.79318e-05
76    -0.47673   -0.477363 8.71766e-05
77   -0.478917   -0.477383 8.83728e-05
78   -0.477971    -0.47739  8.7558e-05
79    -0.47557   -0.477367 8.94624e-05
80   -0.477202   -0.477365 8.83613e-05
81   -0.478347   -0.477377 8.81016e-05
82   -0.477341   -0.477377 8.70217e-05
83   -0.477843   -0.477383 8.61502e-05
84   -0.475045   -0.477355 8.95527e-05
85    -0.47795   -0.477362 8.87699e-05
86   -0.478126   -0.477371 8.81811e-05
87    -0.47649    -0.47736 8.77479e-05
88   -0.477453   -0.477362 8.67514e-05
89   -0.475459    -0.47734 8.83943e-05
90   -0.477566   -0.477343 8.74428e-05
91   -0.477579   -0.477345 8.65156e-05
92   -0.479246   -0.477366 8.80298e-05
93     -0.4774   -0.477366 8.70789e-05
94   -0.477808   -0.477371 8.62756e-05
95   -0.477378   -0.477371 8.53626e-05
96   -0.478163   -0.477379 8.48708e-05
97   -0.478443    -0.47739 8.47043e-05
98   -0.478418   -0.477401 8.44884e-05
99    -0.47643   -0.477391  8.4203e-05
100   -0.477973   -0.477397 8.35596e-05
101   -0.475931   -0.477382 8.39911e-05
102   -0.478278   -0.477391 8.36263e-05
103   -0.476712   -0.477384 8.30725e-05
104   -0.478245   -0.477393 8.26847e-05
105   -0.478627   -0.477405  8.2733e-05
106   -0.475886    -0.47739 8.31909e-05
107   -0.477608   -0.477392 8.24348e-05
108   -0.477296   -0.477391 8.16728e-05
109   -0.476195    -0.47738 8.16608e-05
110   -0.477837   -0.477385 8.10213e-05
111   -0.477619   -0.477387 8.03159e-05
112   -0.476744   -0.477381 7.98021e-05
113   -0.477157   -0.477379 7.91176e-05
114   -0.477795   -0.477383 7.85055e-05
115   -0.477539   -0.477384 7.78318e-05
116   -0.476726   -0.477378 7.73658e-05
117   -0.477141   -0.477376 7.67286e-05
118   -0.477845    -0.47738 7.61791e-05
119   -0.476835   -0.477376 7.56749e-05
120   -0.477445   -0.477376 7.50439e-05
121   -0.477352   -0.477376 7.44214e-05
122   -0.478864   -0.477388 7.48098e-05
123   -0.478232   -0.477395 7.45156e-05
124   -0.477056   -0.477392 7.39628e-05
125   -0.478448   -0.477401 7.38532e-05
126   -0.476594   -0.477394 7.35442e-05
127   -0.477227   -0.477393 7.29747e-05
128    -0.47692   -0.477389 7.24966e-05
129   -0.476354   -0.477381 7.23791e-05
130   -0.477539   -0.477383 7.18304e-05
131   -0.476734   -0.477378 7.14515e-05
132   -0.476651   -0.477372 7.11213e-05
133   -0.478592   -0.477381  7.1178e-05
134   -0.477558   -0.477383 7.06572e-05
135   -0.478339    -0.47739  7.0489e-05
136   -0.476506   -0.477383 7.02701e-05
137   -0.477214   -0.477382 6.97661e-05
138   -0.476514   -0.477376  6.9544e-05
139    -0.47788   -0.477379 6.91371e-05
140   -0.476038    -0.47737 6.93065e-05
141   -0.476949   -0.477367 6.88779e-05
142   -0.476904   -0.477363 6.84687e-05
143   -0.477411   -0.477364  6.7989e-05
144   -0.478078   -0.477369 6.76974e-05
145    -0.47847   -0.477376 6.76568e-05
146   -0.477323   -0.477376 6.71928e-05
147   -0.477733   -0.477378 6.67783e-05
148   -0.477298   -0.477378 6.63278e-05
149   -0.476674   -0.477373 6.60505e-05
150   -0.476749   -0.477369 6.57406e-05
151   -0.476789   -0.477365 6.54167e-05
152   -0.477408   -0.477365 6.49855e-05
153   -0.476634   -0.477361 6.47363e-05
154    -0.47748   -0.477361 6.43192e-05
155   -0.476278   -0.477354 6.42837e-05
156   -0.477176   -0.477353 6.38806e-05
157   -0.476931   -0.477351 6.35293e-05
158   -0.477406   -0.477351 6.31269e-05
159   -0.477304   -0.477351 6.27293e-05
160   -0.478542   -0.477358 6.27795e-05
161    -0.47724   -0.477357 6.23926e-05
162   -0.477158   -0.477356 6.20185e-05
163   -0.476496   -0.477351 6.18623e-05
164   -0.477477   -0.477352 6.14887e-05
165   -0.478784    -0.47736 6.17284e-05
166   -0.477197   -0.477359 6.13633e-05
167   -0.476917   -0.477357 6.10523e-05
168   -0.479488   -0.477369 6.19996e-05
169   -0.478898   -0.477378 6.22916e-05
170   -0.476846   -0.477375 6.20031e-05
171   -0.475475   -0.477364 6.26329e-05
172   -0.476931   -0.477362 6.23186e-05
173   -0.476504   -0.477357 6.21553e-05
174   -0.478104   -0.477361 6.19461e-05
175   -0.477184    -0.47736 6.15995e-05
176   -0.478565   -0.477367 6.16298e-05
177   -0.478629   -0.477374  6.1694e-05
178   -0.476019   -0.477366 6.18168e-05
179    -0.47619    -0.47736 6.18205e-05
180   -0.477018   -0.477358 6.15055e-05
181   -0.477885   -0.477361  6.1234e-05
182   -0.477675   -0.477362 6.09211e-05
183   -0.476051   -0.477355 6.10095e-05
184   -0.477386   -0.477355 6.06773e-05
185   -0.477834   -0.477358 6.04037e-05
186   -0.476472   -0.477353 6.02667e-05
187   -0.478728   -0.477361 6.03926e-05
188   -0.477952   -0.477364 6.01528e-05
189    -0.47847    -0.47737 6.01195e-05
190   -0.477077   -0.477368 5.98221e-05
191   -0.477845   -0.477371 5.95604e-05
192    -0.47735   -0.477371 5.92494e-05
193   -0.477582   -0.477372 5.89519e-05
194    -0.47668   -0.477368 5.87554e-05
195   -0.476763   -0.477365 5.85356e-05
196   -0.478122   -0.477369  5.8364e-05
197   -0.477117   -0.477368 5.80811e-05
198   -0.479064   -0.477376 5.84187e-05
199   -0.476803   -0.477373 5.81957e-05
200   -0.476467   -0.477369 5.80809e-05
1    -0.47648    -0.47648           0
2   -0.478731   -0.477606   0.0011256
3   -0.477661   -0.477624 0.000650126
4   -0.476688    -0.47739 0.000515837
5   -0.478298   -0.477572 0.000438865
6   -0.476862   -0.477453 0.000377319
7   -0.477232   -0.477422 0.000320456
8    -0.47656   -0.477314 0.000297694
9   -0.476976   -0.477276 0.000265214
10   -0.477544   -0.477303 0.000238719
11   -0.477014   -0.477277 0.000217519
12    -0.47675   -0.477233 0.000203357
13   -0.477637   -0.477264 0.000189622
14   -0.476549   -0.477213  0.00018284
15   -0.476674   -0.477177 0.000173972
16   -0.477915   -0.477223 0.000169149
17   -0.476715   -0.477193 0.000161673
18   -0.477682    -0.47722 0.000154822
19   -0.478144   -0.477269 0.000154303
20   -0.476163   -0.477214 0.000156479
21   -0.477656   -0.477235 0.000150324
22   -0.476398   -0.477197 0.000148285
23   -0.476978   -0.477187 0.000142011
24   -0.476901   -0.477175 0.000136489
25   -0.478094   -0.477212 0.000135979
26   -0.479427   -0.477297 0.000155969
27   -0.478696   -0.477349 0.000158771
28   -0.477954   -0.477371 0.000154511
29   -0.476955   -0.477356 0.000149775
30   -0.475885   -0.477307 0.000152784
31   -0.478842   -0.477357 0.000155842
32   -0.477211   -0.477352 0.000150962
33   -0.477066   -0.477344 0.000146573
34   -0.477078   -0.477336  0.00014241
35    -0.47747    -0.47734 0.000138335
36    -0.47713   -0.477334 0.000134564
37   -0.476139   -0.477301   0.0001348
38   -0.478096   -0.477322  0.00013286
39   -0.478584   -0.477355 0.000133391
40   -0.478174   -0.477375 0.000131618
41   -0.478293   -0.477398 0.000130304
42   -0.477088    -0.47739 0.000127377
43     -0.4762   -0.477363 0.000127423
44   -0.477094   -0.477356 0.000124642
45   -0.476315   -0.477333 0.000124018
46   -0.477616   -0.477339 0.000121448
47   -0.477157   -0.477336 0.000118899
48   -0.477947   -0.477348 0.000117091
49   -0.477474   -0.477351 0.000114705
50   -0.476346   -0.477331 0.000114172
51   -0.476371   -0.477312 0.000113482
52   -0.476429   -0.477295 0.000112567
53   -0.478821   -0.477324 0.000114114
54   -0.478739    -0.47735 0.000115007
55   -0.477658   -0.477356 0.000113035
56   -0.476976   -0.477349 0.000111205
57   -0.476506   -0.477334 0.000110234
58   -0.479006   -0.477363 0.000112089
59   -0.479221   -0.477394 0.000114585
60   -0.477309   -0.477393 0.000112668
61   -0.478882   -0.477417 0.000113461
62   -0.477213   -0.477414 0.000111665
63   -0.476181   -0.477394 0.000111608
64   -0.476805   -0.477385 0.000110236
65   -0.476976   -0.477379 0.000108709
66    -0.47845   -0.477395 0.000108272
67   -0.477005   -0.477389 0.000106803
68   -0.476083    -0.47737 0.000106959
69   -0.477434   -0.477371 0.000105402
70    -0.47681   -0.477363 0.000104194
71   -0.477549   -0.477366 0.000102749
72   -0.476702   -0.477356  0.00010173
73   -0.476659   -0.477347 0.000100781
74   -0.476352   -0.477333 0.000100314
75   -0.476654   -0.477324  9.9381e-05
76   -0.476405   -0.477312 9.88082e-05
77   -0.478278   -0.477325 9.83205e-05
78   -0.477658   -0.477329 9.71455e-05
79   -0.475331   -0.477304 9.91862e-05
80   -0.476909   -0.477299 9.80629e-05
81   -0.477592   -0.477302 9.69123e-05
82   -0.476717   -0.477295 9.59892e-05
83   -0.477779   -0.477301 9.50047e-05
84   -0.475178   -0.477276 9.72116e-05
85   -0.477715   -0.477281 9.62001e-05
86   -0.477603   -0.477285 9.51486e-05
87   -0.476366   -0.477274 9.46392e-05
88   -0.478122   -0.477284 9.40518e-05
89   -0.475781   -0.477267 9.45102e-05
90   -0.477694   -0.477272 9.35748e-05
91   -0.477778   -0.477277 9.27076e-05
92   -0.477918   -0.477284 9.19588e-05
93    -0.47672   -0.477278 9.11667e-05
94   -0.477608   -0.477282 9.02599e-05
95   -0.477352   -0.477282 8.93078e-05
96   -0.478118   -0.477291 8.88006e-05
97    -0.47771   -0.477295 8.79865e-05
98   -0.478718    -0.47731 8.82862e-05
99   -0.477126   -0.477308 8.74096e-05
100   -0.477803   -0.477313 8.66726e-05
101   -0.475763   -0.477298 8.71715e-05
102   -0.478382   -0.477308 8.69652e-05
103    -0.47715   -0.477307 8.61304e-05
104   -0.477413   -0.477308 8.53043e-05
105    -0.47901   -0.477324 8.60284e-05
106   -0.476314   -0.477315 8.57445e-05
107   -0.477918    -0.47732 8.51266e-05
108   -0.476938   -0.477317 8.44091e-05
109   -0.476355   -0.477308  8.4095e-05
110   -0.477779   -0.477312 8.34371e-05
111    -0.47732   -0.477312  8.2682e-05
112   -0.476829   -0.477308  8.2054e-05
113    -0.47711   -0.477306 8.13434e-05
114    -0.47736   -0.477307 8.06281e-05
115   -0.478174   -0.477314 8.02794e-05
116   -0.477394   -0.477315 7.95873e-05
117   -0.476946   -0.477312 7.89672e-05
118   -0.477782   -0.477316 7.83967e-05
119   -0.477202   -0.477315  7.7741e-05
120   -0.477371   -0.477315 7.70919e-05
121   -0.477947    -0.47732 7.66303e-05
122   -0.478102   -0.477327 7.62695e-05
123    -0.47861   -0.477337 7.63624e-05
124   -0.477234   -0.477336 7.57487e-05
125   -0.478584   -0.477346 7.58002e-05
126   -0.477058   -0.477344 7.52311e-05
127   -0.477042   -0.477342 7.46744e-05
128   -0.476482   -0.477335 7.43928e-05
129   -0.475274   -0.477319 7.55237e-05
130   -0.477893   -0.477323 7.50704e-05
131   -0.476787   -0.477319 7.46075e-05
132   -0.476907   -0.477316  7.4106e-05
133   -0.478622   -0.477326 7.41995e-05
134   -0.477472   -0.477327 7.36517e-05
135   -0.478246   -0.477334 7.34206e-05
136   -0.476482   -0.477328 7.31477e-05
137   -0.476728   -0.477323 7.27436e-05
138   -0.476912    -0.47732  7.2276e-05
139   -0.477683   -0.477323 7.18017e-05
140   -0.476715   -0.477319  7.1419e-05
141   -0.477266   -0.477318 7.09117e-05
142   -0.476298   -0.477311 7.07764e-05
143    -0.47736   -0.477311 7.02805e-05
144   -0.478477   -0.477319 7.02585e-05
145   -0.477179   -0.477318  6.9779e-05
146   -0.477698   -0.477321  6.9348e-05
147   -0.477518   -0.477322 6.88877e-05
148   -0.476803   -0.477319 6.85106e-05
149   -0.477211   -0.477318  6.8053e-05
150   -0.477461   -0.477319 6.76045e-05
151   -0.476314   -0.477312 6.74847e-05
152    -0.47699    -0.47731 6.70727e-05
153   -0.476509   -0.477305 6.68385e-05
154    -0.47783   -0.477309 6.64906e-05
155    -0.47687   -0.477306 6.61207e-05
156   -0.477046   -0.477304 6.57165e-05
157   -0.476728     -0.4773 6.53996e-05
158   -0.477386   -0.477301 6.49866e-05
159   -0.477629   -0.477303 6.46095e-05
160   -0.478061   -0.477308 6.43789e-05
161   -0.476976   -0.477306 6.40109e-05
162   -0.477064   -0.477304 6.36321e-05
163   -0.475866   -0.477295 6.38533e-05
164   -0.477026   -0.477294 6.34841e-05
165   -0.478424   -0.477301 6.34689e-05
166   -0.477208     -0.4773 6.30879e-05
167   -0.476773   -0.477297 6.27884e-05
168   -0.479451    -0.47731 6.37173e-05
169   -0.478298   -0.477315 6.36084e-05
170   -0.476962   -0.477313 6.32674e-05
171   -0.475763   -0.477304 6.35462e-05
172   -0.477302   -0.477304 6.31757e-05
173   -0.477027   -0.477303 6.28299e-05
174   -0.477843   -0.477306 6.25449e-05
175   -0.476755   -0.477303 6.22661e-05
176   -0.477842   -0.477306 6.19869e-05
177   -0.478738   -0.477314 6.21643e-05
178   -0.476336   -0.477308 6.20577e-05
179   -0.476608   -0.477304  6.1834e-05
180   -0.477077   -0.477303 6.15025e-05
181   -0.477541   -0.477304 6.11759e-05
182   -0.477928   -0.477308 6.09352e-05
183     -0.4766   -0.477304 6.07246e-05
184    -0.47713   -0.477303 6.04011e-05
185   -0.477715   -0.477305  6.0115e-05
186   -0.475917   -0.477298 6.02552e-05
187   -0.478966   -0.477307 6.05927e-05
188    -0.47711   -0.477306 6.02786e-05
189   -0.478808   -0.477314 6.04833e-05
190    -0.47719   -0.477313 6.01677e-05
191   -0.477955   -0.477316 5.99462e-05
192   -0.478003    -0.47732 5.97403e-05
193   -0.478342   -0.477325 5.96656e-05
194   -0.476853   -0.477323 5.94072e-05
195   -0.476443   -0.477318 5.92737e-05
196   -0.477646    -0.47732 5.89943e-05
197   -0.477406    -0.47732 5.86957e-05
198   -0.478845   -0.477328 5.89038e-05
199   -0.476546   -0.477324 5.87388e-05
200   -0.476462    -0.47732  5.8603e-05
