1    0.212987    0.212987           0
2    0.205052     0.20902  0.00396765
3    0.208874    0.208971  0.00229124
4    0.211534    0.209612  0.00174221
5    0.207224    0.209134  0.00143153
6    0.208305    0.208996  0.00117699
7    0.209376     0.20905 0.000996217
8     0.20844    0.208974 0.000866114
9    0.209104    0.208989 0.000763977
10    0.206866    0.208776 0.000715541
11    0.206619     0.20858 0.000676299
12    0.207207    0.208466 0.000627891
13    0.206258    0.208296 0.000602033
14    0.206067    0.208137 0.000579669
15    0.205641     0.20797 0.000564703
16    0.208004    0.207972 0.000528236
17    0.210845    0.208141 0.000524174
18    0.207094    0.208083 0.000497612
19    0.206816    0.208016 0.000475396
20    0.209174    0.208074 0.000454697
21    0.209012    0.208119   0.0004348
22     0.20963    0.208188 0.000420214
23    0.207398    0.208153 0.000402994
24    0.206361    0.208079 0.000392996
25    0.205523    0.207976 0.000390565
26    0.210345    0.208067 0.000386139
27    0.207992    0.208065 0.000371573
28    0.208482     0.20808 0.000358366
29    0.209497    0.208128 0.000349227
30    0.207348    0.208102 0.000338387
31    0.206548    0.208052 0.000331106
32    0.206969    0.208018 0.000322375
33     0.20659    0.207975 0.000315439
34    0.205976    0.207916 0.000311617
35    0.207327    0.207899 0.000303052
36    0.207759    0.207896 0.000294539
37    0.209054    0.207927 0.000288175
38    0.209905    0.207979  0.00028528
39    0.208896    0.208002 0.000278861
40    0.208271    0.208009 0.000271883
41    0.208216    0.208014 0.000265217
42    0.207315    0.207998  0.00025936
43    0.204801    0.207923 0.000263941
44    0.206289    0.207886 0.000260532
45     0.20683    0.207863 0.000255756
46    0.208065    0.207867 0.000250173
47    0.205026    0.207807 0.000252145
48    0.208194    0.207815 0.000246968
49    0.208596    0.207831 0.000242401
50    0.209191    0.207858 0.000239057
51    0.210519     0.20791 0.000240063
52    0.207194    0.207896 0.000235804
53     0.21007    0.207937  0.00023492
54    0.207662    0.207932 0.000230585
55    0.208606    0.207944 0.000226685
56    0.208187    0.207949 0.000222643
57    0.208871    0.207965   0.0002193
58    0.208512    0.207974 0.000215692
59     0.20932    0.207997 0.000213227
60    0.207186    0.207984 0.000210079
61    0.210479    0.208025 0.000210618
62    0.209715    0.208052 0.000208979
63    0.209129    0.208069 0.000206345
64    0.206696    0.208047 0.000204224
65    0.206921     0.20803 0.000201804
66    0.207249    0.208018 0.000199074
67    0.204231    0.207962 0.000204066
68    0.208403    0.207968 0.000201147
69    0.205959    0.207939 0.000200339
70    0.206434    0.207918 0.000198624
71    0.210724    0.207957 0.000199755
72    0.209339    0.207976 0.000197894
73    0.206901    0.207962  0.00019572
74    0.208136    0.207964 0.000193071
75    0.204107    0.207913   0.0001973
76     0.21117    0.207955 0.000199349
77      0.2079    0.207955 0.000196745
78    0.206624    0.207938 0.000194954
79    0.209143    0.207953 0.000193075
80    0.209126    0.207968 0.000191209
81    0.209803     0.20799 0.000190188
82    0.207427    0.207983  0.00018798
83    0.207235    0.207974 0.000185921
84    0.210082    0.207999 0.000185399
85    0.210063    0.208024 0.000184806
86    0.208348    0.208027 0.000182684
87    0.208834    0.208037  0.00018081
88    0.210436    0.208064 0.000180811
89    0.208125    0.208065 0.000178769
90    0.208347    0.208068 0.000176799
91    0.208759    0.208075 0.000175011
92    0.208962    0.208085 0.000173366
93    0.208878    0.208094 0.000171703
94    0.209105    0.208104 0.000170207
95    0.209927    0.208123 0.000169495
96    0.206672    0.208108   0.0001684
97    0.205265    0.208079 0.000169214
98     0.20793    0.208078 0.000167485
99    0.208953    0.208086 0.000166021
100    0.208289    0.208088 0.000164364
101    0.209989    0.208107 0.000163814
102    0.207976    0.208106 0.000162205
103     0.20786    0.208104  0.00016064
104    0.208441    0.208107 0.000159121
105    0.208028    0.208106   0.0001576
106    0.209342    0.208118 0.000156541
107    0.207307     0.20811 0.000155256
108    0.208601    0.208115 0.000153879
109     0.20933    0.208126 0.000152868
110    0.209383    0.208137 0.000151902
111     0.20711    0.208128 0.000150812
112    0.205925    0.208108 0.000150748
113    0.204656    0.208078 0.000152499
114    0.205995     0.20806 0.000152256
115    0.208083     0.20806 0.000150926
116    0.209122    0.208069 0.000149899
117     0.21033    0.208088 0.000149864
118      0.2092    0.208098 0.000148887
119     0.21063    0.208119 0.000149157
120    0.207503    0.208114 0.000147998
121    0.206951    0.208104 0.000147084
122    0.208185    0.208105 0.000145875
123     0.20939    0.208115 0.000145061
124    0.208662     0.20812 0.000143954
125    0.209976    0.208135 0.000143568
126    0.209573    0.208146 0.000142881
127    0.209739    0.208158 0.000142305
128    0.208814    0.208164 0.000141282
129    0.207315    0.208157 0.000140337
130    0.210494    0.208175 0.000140408
131    0.209236    0.208183 0.000139568
132    0.209398    0.208192 0.000138812
133    0.209018    0.208199 0.000137904
134    0.204726    0.208173 0.000139302
135    0.209357    0.208181 0.000138545
136    0.210279    0.208197 0.000138385
137     0.20979    0.208208 0.000137862
138    0.205728     0.20819 0.000138035
139    0.210891     0.20821 0.000138409
140    0.208478    0.208212 0.000137431
141    0.208809    0.208216 0.000136518
142    0.209793    0.208227 0.000136008
143    0.208751    0.208231 0.000135103
144    0.210895    0.208249 0.000135431
145    0.209932    0.208261 0.000134994
146    0.207201    0.208254 0.000134263
147    0.208216    0.208253 0.000133346
148    0.206356    0.208241 0.000133061
149    0.210139    0.208253 0.000132778
150    0.206623    0.208242 0.000132337
151    0.208737    0.208246 0.000131499
152    0.205635    0.208229 0.000131755
153    0.208253    0.208229 0.000130891
154    0.208687    0.208232 0.000130072
155    0.207687    0.208228 0.000129278
156    0.209832    0.208238 0.000128858
157    0.211422    0.208259 0.000129631
158    0.209676    0.208268  0.00012912
159    0.208764    0.208271 0.000128343
160    0.207528    0.208266 0.000127623
161    0.208151    0.208265  0.00012683
162    0.208739    0.208268 0.000126078
163    0.208154    0.208268 0.000125304
164    0.206044    0.208254 0.000125274
165    0.209322    0.208261 0.000124681
166    0.207996    0.208259 0.000123938
167    0.207787    0.208256 0.000123226
168    0.206924    0.208248 0.000122746
169    0.209675    0.208257 0.000122309
170    0.211446    0.208275 0.000123027
171    0.209584    0.208283 0.000122545
172     0.20983    0.208292 0.000122161
173    0.208963    0.208296 0.000121515
174    0.207864    0.208294  0.00012084
175    0.207961    0.208292 0.000120163
176    0.207681    0.208288 0.000119529
177    0.208605     0.20829 0.000118865
178    0.205609    0.208275 0.000119151
179    0.206884    0.208267 0.000118738
180    0.207858    0.208265 0.000118099
181    0.209033    0.208269 0.000117521
182    0.209083    0.208274 0.000116959
183    0.209847    0.208282 0.000116636
184    0.208559    0.208284  0.00011601
185    0.209645    0.208291 0.000115615
186    0.208774    0.208294 0.000115021
187    0.206637    0.208285 0.000114747
188     0.20454    0.208265 0.000115861
189    0.207459    0.208261 0.000115325
190    0.212612    0.208283  0.00011698
191    0.206596    0.208275 0.000116701
192    0.211248     0.20829  0.00011712
193    0.208421    0.208291 0.000116513
194    0.207397    0.208286 0.000116003
195    0.204835    0.208268 0.000116756
196    0.206628     0.20826  0.00011646
197     0.20627     0.20825 0.000116306
198    0.208785    0.208253 0.000115749
199    0.207405    0.208248 0.000115245
200    0.207122    0.208243 0.000114805
1    0.211141    0.211141           0
2    0.207656    0.209398  0.00174246
3    0.207742    0.208846  0.00114756
4    0.210604    0.209285 0.000922784
5    0.207386    0.208906 0.000809449
6     0.21038    0.209151 0.000705147
7    0.209684    0.209227 0.000600805
8    0.207829    0.209053 0.000548911
9    0.207523    0.208883 0.000513067
10    0.207358     0.20873 0.000483578
11    0.206856     0.20856 0.000469428
12    0.209238    0.208616 0.000432236
13     0.20917    0.208659 0.000399876
14     0.20486    0.208388 0.000458992
15     0.20596    0.208226 0.000456923
16    0.207702    0.208193 0.000428666
17    0.209711    0.208282 0.000412449
18    0.207301    0.208228 0.000392664
19    0.206847    0.208155 0.000378468
20    0.209634    0.208229 0.000366583
21    0.207752    0.208206  0.00034943
22     0.20934    0.208258  0.00033713
23    0.207457    0.208223 0.000324013
24    0.206384    0.208146 0.000319546
25     0.20873     0.20817 0.000307386
26    0.209973    0.208239 0.000303366
27    0.209081     0.20827 0.000293574
28    0.208018    0.208261 0.000283039
29     0.20788    0.208248  0.00027342
30    0.207197    0.208213 0.000266464
31    0.206537    0.208159 0.000263338
32    0.208325    0.208164 0.000255029
33    0.208439    0.208173 0.000247319
34    0.208453    0.208181 0.000240077
35    0.208879    0.208201  0.00023397
36    0.208482    0.208209 0.000227512
37     0.20825     0.20821  0.00022128
38    0.210475    0.208269 0.000223474
39    0.208887    0.208285 0.000218244
40    0.207353    0.208262 0.000213992
41     0.21037    0.208313  0.00021495
42    0.205477    0.208246 0.000220374
43    0.204926    0.208169 0.000228615
44    0.207802     0.20816 0.000223514
45    0.208644    0.208171 0.000218755
46     0.20729    0.208152 0.000214803
47    0.205924    0.208104 0.000215461
48    0.209904    0.208142 0.000214229
49     0.20784    0.208136 0.000209902
50    0.212012    0.208213 0.000219787
51    0.210446    0.208257 0.000219838
52    0.209868    0.208288 0.000217784
53    0.210001     0.20832 0.000216065
54    0.207867    0.208312 0.000212192
55    0.207669      0.2083 0.000208626
56    0.209081    0.208314 0.000205341
57    0.206766    0.208287 0.000203525
58    0.207018    0.208265 0.000201179
59    0.209493    0.208286 0.000198831
60    0.206454    0.208255 0.000197861
61    0.208849    0.208265 0.000194833
62    0.209445    0.208284 0.000192607
63    0.206468    0.208255 0.000191704
64    0.207799    0.208248 0.000188819
65    0.208148    0.208247 0.000185898
66    0.207413    0.208234 0.000183494
67    0.205867    0.208199 0.000184155
68    0.209025    0.208211 0.000181833
69     0.20592    0.208178 0.000182228
70    0.208296    0.208179 0.000179614
71    0.210912    0.208218 0.000181202
72    0.207638     0.20821 0.000178849
73    0.208546    0.208214 0.000176442
74     0.20831    0.208216 0.000174046
75    0.203188    0.208149 0.000184332
76    0.211814    0.208197 0.000188175
77    0.209226     0.20821 0.000186196
78    0.206546    0.208189 0.000185027
79    0.208378    0.208191 0.000182685
80    0.207569    0.208184 0.000180555
81     0.20923    0.208196 0.000178779
82    0.208696    0.208203  0.00017669
83    0.207182     0.20819 0.000174981
84    0.209536    0.208206 0.000173626
85    0.207217    0.208195 0.000171966
86     0.20912    0.208205 0.000170294
87    0.209323    0.208218 0.000168815
88    0.208393     0.20822 0.000166898
89     0.20962    0.208236  0.00016576
90    0.209315    0.208248 0.000164346
91    0.208436     0.20825 0.000162543
92    0.208296     0.20825 0.000160767
93    0.207974    0.208248 0.000159057
94     0.20722    0.208237 0.000157735
95    0.208032    0.208234 0.000156081
96    0.210303    0.208256 0.000155942
97    0.205845    0.208231 0.000156315
98    0.209389    0.208243 0.000155163
99    0.208841    0.208249 0.000153706
100    0.208676    0.208253 0.000152221
101    0.209145    0.208262 0.000150965
102    0.206226    0.208242 0.000150804
103    0.208127    0.208241 0.000149337
104    0.210254     0.20826 0.000149155
105    0.208054    0.208258 0.000147741
106    0.208558    0.208261 0.000146368
107    0.207429    0.208253 0.000145202
108    0.211903    0.208287 0.000147767
109    0.207736    0.208282 0.000146492
110    0.209041    0.208289 0.000145318
111    0.206707    0.208275 0.000144707
112    0.206854    0.208262 0.000143969
113    0.207734    0.208257 0.000142766
114    0.207141    0.208248 0.000141846
115    0.208213    0.208247 0.000140608
116    0.211976     0.20828 0.000143049
117     0.21037    0.208297 0.000142942
118    0.210005    0.208312 0.000142462
119    0.211433    0.208338 0.000143675
120    0.211315    0.208363 0.000144616
121    0.206857     0.20835 0.000143955
122    0.209107    0.208357 0.000142904
123    0.209143    0.208363 0.000141882
124    0.209674    0.208374  0.00014113
125    0.209339    0.208381 0.000140209
126    0.207619    0.208375 0.000139224
127    0.210381    0.208391 0.000139023
128    0.210864     0.20841  0.00013928
129    0.207138    0.208401 0.000138548
130     0.20999    0.208413 0.000138021
131     0.20987    0.208424 0.000137414
132    0.209541    0.208432 0.000136631
133    0.208104     0.20843 0.000135623
134    0.204033    0.208397 0.000138548
135    0.209836    0.208408  0.00013793
136    0.209521    0.208416 0.000137157
137    0.209315    0.208422  0.00013631
138    0.206347    0.208407 0.000136152
139    0.208859    0.208411 0.000135208
140    0.209169    0.208416 0.000134348
141    0.206951    0.208406 0.000133796
142    0.207727    0.208401 0.000132936
143    0.208081    0.208399 0.000132022
144    0.207352    0.208391 0.000131303
145    0.208202     0.20839 0.000130401
146    0.205768    0.208372 0.000130744
147    0.207574    0.208367 0.000129965
148    0.206918    0.208357 0.000129455
149    0.207486    0.208351 0.000128716
150    0.207376    0.208345  0.00012802
151    0.210402    0.208358 0.000127898
152    0.204097     0.20833 0.000130109
153     0.20849    0.208331  0.00012926
154    0.208132     0.20833 0.000128424
155    0.209189    0.208336 0.000127713
156    0.208451    0.208336 0.000126894
157    0.212445    0.208362 0.000128771
158    0.211461    0.208382 0.000129447
159     0.20879    0.208385 0.000128656
160    0.209692    0.208393  0.00012811
161    0.209395    0.208399 0.000127464
162    0.206905     0.20839  0.00012701
163     0.20592    0.208375 0.000127135
164    0.206985    0.208366 0.000126641
165    0.207478    0.208361 0.000125986
166    0.208249     0.20836 0.000125227
167    0.207509    0.208355 0.000124579
168    0.207055    0.208347 0.000124077
169    0.210878    0.208362 0.000124246
170    0.209705     0.20837 0.000123765
171    0.211342    0.208387 0.000124261
172     0.20893    0.208391 0.000123576
173    0.207586    0.208386 0.000122948
174    0.207518    0.208381 0.000122341
175    0.207787    0.208378 0.000121687
176    0.208216    0.208377 0.000120998
177    0.208171    0.208376 0.000120318
178    0.207151    0.208369 0.000119837
179    0.208458    0.208369 0.000119167
180    0.206719     0.20836 0.000118857
181    0.209437    0.208366 0.000118348
182    0.208348    0.208366 0.000117696
183    0.208309    0.208366 0.000117052
184    0.210689    0.208378 0.000117097
185    0.208142    0.208377 0.000116469
186    0.207774    0.208374 0.000115887
187    0.207086    0.208367 0.000115471
188     0.20582    0.208353 0.000115651
189    0.207637    0.208349 0.000115099
190    0.210327     0.20836 0.000114964
191    0.209327    0.208365 0.000114473
192    0.209586    0.208371 0.000114053
193    0.207872    0.208369  0.00011349
194    0.208611     0.20837  0.00011291
195    0.206778    0.208362 0.000112626
196     0.20763    0.208358 0.000112112
197     0.20531    0.208343 0.000112609
198    0.207773     0.20834 0.000112076
199    0.208318     0.20834 0.000111511
200    0.207726    0.208336 0.000110995
