1     0.28102     0.28102           0
2    0.280962    0.280991 2.88582e-05
3    0.280528    0.280837 0.000155268
4    0.282983    0.281373 0.000547729
5    0.283389    0.281776 0.000585274
6    0.283222    0.282017 0.000535152
7     0.28252    0.282089 0.000457965
8    0.283631    0.282282 0.000440936
9    0.282719     0.28233 0.000391886
10    0.283475    0.282445 0.000368716
11     0.28287    0.282483 0.000335754
12    0.280931    0.282354 0.000332692
13    0.280051    0.282177 0.000353629
14     0.28075    0.282075 0.000342885
15    0.283069    0.282141 0.000326014
16     0.28272    0.282177 0.000307098
17    0.282272    0.282183 0.000288522
18    0.281707    0.282157 0.000273306
19    0.282144    0.282156 0.000258522
20    0.278723    0.281984 0.000299362
21    0.283596    0.282061 0.000294911
22    0.278894    0.281917 0.000315898
23    0.281987     0.28192 0.000301866
24    0.279915    0.281836  0.00030085
25    0.290314    0.282176 0.000445262
26    0.284082    0.282249 0.000434031
27    0.280434    0.282182 0.000423024
28    0.277679    0.282021 0.000438207
29     0.28261    0.282041 0.000423315
30    0.279184    0.281946 0.000419905
31    0.277177    0.281792 0.000434294
32    0.283945    0.281859 0.000425852
33    0.283136    0.281898 0.000414555
34    0.279684    0.281833 0.000407414
35      0.2799    0.281778 0.000399438
36    0.281993    0.281784  0.00038823
37     0.28052     0.28175 0.000379134
38     0.28032    0.281712 0.000370934
39    0.283162    0.281749 0.000363206
40    0.281203    0.281735 0.000354272
41    0.281852    0.281738 0.000345535
42    0.284654    0.281808 0.000344279
43    0.280811    0.281785 0.000336976
44    0.282387    0.281798 0.000329514
45    0.276073    0.281671 0.000346326
46    0.283456     0.28171 0.000340929
47    0.280163    0.281677 0.000335216
48    0.283035    0.281705 0.000329375
49    0.284365    0.281759 0.000327117
50    0.279629    0.281717 0.000323327
51    0.282341    0.281729  0.00031716
52     0.28223    0.281739  0.00031115
53    0.284376    0.281789 0.000309252
54    0.279493    0.281746 0.000306433
55    0.280877     0.28173 0.000301225
56    0.281723     0.28173 0.000295797
57    0.278142    0.281667 0.000297301
58    0.283426    0.281697 0.000293701
59    0.283958    0.281736 0.000291211
60    0.284076    0.281775 0.000288961
61    0.280193    0.281749 0.000285365
62    0.277261    0.281676 0.000289907
63    0.281737    0.281677  0.00028527
64    0.282669    0.281693 0.000281204
65    0.283863    0.281726 0.000278851
66    0.281592    0.281724 0.000274601
67     0.27803    0.281669 0.000276034
68    0.280583    0.281653 0.000272414
69     0.27903    0.281615 0.000271115
70    0.277109    0.281551 0.000274858
71    0.285513    0.281607 0.000276645
72    0.287341    0.281686 0.000284166
73    0.282854    0.281702 0.000280703
74    0.279993    0.281679 0.000277845
75    0.279975    0.281656 0.000275055
76    0.282909    0.281673 0.000271912
77    0.283995    0.281703 0.000270046
78    0.282262     0.28171 0.000266658
79     0.28141    0.281706 0.000263289
80    0.281151    0.281699 0.000260069
81    0.280921     0.28169 0.000257018
82    0.278068    0.281646 0.000257678
83    0.284622    0.281682 0.000257067
84    0.277775    0.281635 0.000258212
85    0.280821    0.281625 0.000255335
86    0.281915    0.281629 0.000252371
87    0.283207    0.281647 0.000250112
88    0.280119     0.28163 0.000247862
89    0.281008    0.281623 0.000245161
90    0.280363    0.281609 0.000242825
91    0.280636    0.281598  0.00024038
92    0.280586    0.281587 0.000238007
93    0.284285    0.281616 0.000237214
94    0.283585    0.281637 0.000235611
95    0.281979    0.281641 0.000233145
96    0.281765    0.281642 0.000230707
97    0.280245    0.281627 0.000228771
98    0.280963    0.281621 0.000226526
99    0.280066    0.281605 0.000224775
100    0.282299    0.281612 0.000222625
101    0.284565    0.281641  0.00022234
102    0.279413    0.281619  0.00022123
103    0.281609    0.281619 0.000219072
104    0.282203    0.281625 0.000217028
105     0.28053    0.281614 0.000215204
106    0.279182    0.281591 0.000214395
107     0.28314    0.281606 0.000212874
108    0.280119    0.281592 0.000211343
109     0.27999    0.281577  0.00020991
110    0.280042    0.281563 0.000208461
111    0.283156    0.281578 0.000207072
112    0.280647    0.281569 0.000205383
113    0.284602    0.281596 0.000205319
114    0.283833    0.281616 0.000204453
115    0.276975    0.281576 0.000206647
116    0.281874    0.281578 0.000204874
117    0.279889    0.281564 0.000203628
118    0.284232    0.281586 0.000203158
119    0.279053    0.281565 0.000202565
120     0.28283    0.281576 0.000201146
121    0.285968    0.281612 0.000202753
122    0.282642     0.28162 0.000201261
123    0.279916    0.281606 0.000200098
124    0.283436    0.281621 0.000199026
125    0.280246     0.28161 0.000197733
126    0.276476    0.281569 0.000200345
127    0.281442    0.281568 0.000198764
128    0.279275    0.281551 0.000198017
129    0.281432     0.28155 0.000196478
130    0.282026    0.281553 0.000194995
131    0.282623    0.281561 0.000193673
132    0.281511    0.281561 0.000192201
133    0.281451     0.28156 0.000190752
134    0.287928    0.281608 0.000195196
135    0.280621      0.2816 0.000193882
136    0.279015    0.281581 0.000193388
137    0.279534    0.281567 0.000192552
138    0.283413     0.28158 0.000191619
139    0.283707    0.281595  0.00019085
140    0.282816    0.281604 0.000189683
141    0.283166    0.281615 0.000188658
142    0.282566    0.281622 0.000187445
143      0.2829    0.281631 0.000186344
144    0.277876    0.281605 0.000186873
145    0.281026    0.281601 0.000185623
146    0.283228    0.281612 0.000184684
147    0.280615    0.281605 0.000183549
148    0.281293    0.281603 0.000182316
149    0.282446    0.281609 0.000181177
150    0.282302    0.281613 0.000180024
151    0.284272    0.281631 0.000179693
152    0.283158    0.281641  0.00017879
153    0.279754    0.281628 0.000178045
154    0.280699    0.281622 0.000176988
155    0.284098    0.281638 0.000176566
156    0.284097    0.281654 0.000176137
157    0.281753    0.281655 0.000175013
158     0.28407     0.28167 0.000174572
159    0.283106    0.281679 0.000173706
160    0.281585    0.281679 0.000172618
161    0.280454    0.281671 0.000171711
162    0.284737     0.28169 0.000171694
163    0.278095    0.281668 0.000172057
164    0.280406     0.28166 0.000171177
165    0.277932    0.281637 0.000171631
166    0.284715    0.281656 0.000171598
167    0.279578    0.281644 0.000171021
168    0.284955    0.281663 0.000171139
169    0.280726    0.281658 0.000170213
170    0.280344     0.28165 0.000169385
171    0.285358    0.281672 0.000169782
172    0.279582     0.28166 0.000169229
173    0.280745    0.281654 0.000168331
174    0.283271    0.281664 0.000167618
175    0.280392    0.281656 0.000166816
176    0.278844     0.28164 0.000166633
177    0.283982    0.281654 0.000166217
178    0.282448    0.281658  0.00016534
179    0.281536    0.281657 0.000164416
180    0.284664    0.281674 0.000164351
181    0.280523    0.281668 0.000163564
182    0.279622    0.281656 0.000163051
183     0.28107    0.281653 0.000162189
184    0.279009    0.281639 0.000161944
185    0.281964    0.281641 0.000161076
186     0.28339     0.28165 0.000160483
187    0.286135    0.281674 0.000161414
188    0.280273    0.281667 0.000160726
189    0.280249    0.281659  0.00016005
190    0.280089    0.281651 0.000159419
191    0.282536    0.281655  0.00015865
192    0.278448    0.281639 0.000158704
193    0.278911    0.281625  0.00015851
194    0.281994    0.281626 0.000157703
195    0.278923    0.281613 0.000157503
196    0.282117    0.281615 0.000156719
197    0.280901    0.281612 0.000155963
198    0.279585    0.281601 0.000155511
199    0.281591    0.281601 0.000154727
200    0.282708    0.281607 0.000154051
1    0.278969    0.278969           0
2     0.27892    0.278945 2.43624e-05
3    0.281241     0.27971 0.000765442
4    0.283173    0.280576  0.00102094
5    0.283992    0.281259  0.00104512
6    0.284511    0.281801  0.00101093
7    0.281456    0.281752 0.000855816
8    0.282954    0.281902 0.000756247
9    0.282666    0.281987 0.000672332
10    0.285973    0.282385 0.000721447
11    0.281424    0.282298 0.000658404
12    0.279073    0.282029 0.000658371
13    0.280447    0.281907 0.000617729
14    0.282639     0.28196  0.00057429
15     0.28216    0.281973 0.000534802
16     0.28119    0.281924 0.000502653
17     0.28117     0.28188 0.000474237
18    0.281128    0.281838  0.00044906
19    0.277833    0.281627 0.000474186
20     0.28193    0.281642 0.000450107
21    0.280849    0.281605   0.0004298
22    0.279416    0.281505 0.000421705
23    0.281405    0.281501 0.000402977
24    0.281787    0.281513 0.000386005
25    0.286125    0.281697 0.000413661
26    0.282017     0.28171 0.000397622
27    0.280192    0.281653 0.000386716
28    0.278975    0.281558 0.000384733
29    0.282465    0.281589 0.000372546
30      0.2806    0.281556 0.000361421
31    0.278643    0.281462 0.000361974
32      0.2825    0.281494 0.000351978
33    0.282046    0.281511 0.000341555
34    0.280637    0.281485 0.000332353
35    0.281605    0.281489 0.000322735
36    0.281624    0.281493 0.000313665
37    0.282571    0.281522 0.000306458
38    0.280366    0.281491 0.000299832
39    0.283361    0.281539 0.000295953
40    0.282107    0.281554 0.000288809
41    0.281086    0.281542 0.000281908
42    0.285246     0.28163 0.000288902
43    0.282118    0.281642 0.000282331
44    0.280643    0.281619 0.000276772
45    0.278849    0.281557 0.000277466
46    0.280461    0.281534 0.000272411
47    0.282681    0.281558 0.000267667
48    0.283458    0.281598 0.000265004
49    0.282923    0.281625 0.000260945
50    0.279244    0.281577 0.000260067
51    0.281387    0.281573 0.000254944
52    0.281348    0.281569 0.000250031
53    0.281512    0.281568  0.00024527
54    0.280793    0.281554 0.000241113
55     0.27983    0.281522 0.000238753
56    0.283644     0.28156 0.000237492
57    0.281269    0.281555 0.000233344
58    0.281586    0.281556 0.000229286
59    0.285196    0.281617 0.000233659
60    0.282123    0.281626 0.000229886
61    0.281276     0.28162 0.000226159
62    0.277258     0.28155  0.00023334
63    0.281222    0.281544 0.000229665
64    0.281537    0.281544 0.000226048
65    0.282824    0.281564 0.000223413
66    0.282555    0.281579 0.000220514
67    0.276719    0.281506 0.000228992
68    0.280359     0.28149  0.00022623
69    0.278216    0.281442  0.00022792
70    0.279899     0.28142 0.000225719
71    0.283254    0.281446 0.000224012
72    0.284816    0.281493 0.000225785
73    0.282878    0.281512 0.000223478
74    0.279736    0.281488  0.00022174
75    0.279651    0.281463 0.000220129
76    0.285175    0.281512 0.000222637
77    0.286176    0.281573 0.000227923
78    0.282827    0.281589 0.000225556
79    0.282196    0.281596 0.000222815
80    0.281201    0.281591 0.000220068
81    0.279949    0.281571 0.000218278
82    0.279791    0.281549  0.00021669
83    0.280046    0.281531 0.000214828
84    0.280289    0.281517 0.000212771
85    0.280022    0.281499 0.000210987
86    0.282212    0.281507 0.000208684
87    0.281509    0.281507 0.000206271
88    0.282081    0.281514 0.000204018
89     0.28142    0.281513 0.000201715
90    0.280431    0.281501 0.000199823
91    0.282066    0.281507 0.000197712
92    0.279427    0.281484 0.000196853
93    0.283969    0.281511 0.000196549
94    0.283554    0.281533 0.000195658
95    0.282797    0.281546 0.000194044
96    0.284738    0.281579  0.00019487
97    0.276853    0.281531 0.000198909
98    0.281838    0.281534 0.000196894
99    0.282083    0.281539 0.000194974
100    0.281416    0.281538 0.000193019
101    0.284878    0.281571 0.000193938
102    0.279649    0.281552 0.000192949
103    0.281352     0.28155 0.000191077
104     0.28248    0.281559 0.000189442
105    0.281872    0.281562 0.000187652
106    0.280264     0.28155 0.000186277
107    0.282667     0.28156 0.000184823
108    0.279411    0.281541 0.000184182
109    0.280995    0.281536 0.000182553
110    0.277374    0.281498 0.000184799
111    0.282117    0.281503 0.000183212
112    0.279863    0.281489 0.000182159
113    0.285281    0.281522 0.000183632
114     0.28253    0.281531 0.000182229
115    0.276338    0.281486 0.000186197
116    0.281407    0.281485 0.000184586
117    0.281879    0.281489 0.000183032
118    0.283491    0.281506 0.000182267
119    0.281378    0.281504 0.000180732
120    0.284094    0.281526 0.000180514
121    0.284417     0.28155 0.000180604
122    0.281679    0.281551 0.000179121
123    0.279489    0.281534 0.000178447
124    0.282427    0.281541 0.000177149
125    0.282284    0.281547 0.000175826
126    0.276751    0.281509  0.00017853
127    0.283422    0.281524 0.000177758
128    0.280404    0.281516 0.000176581
129    0.280334    0.281506 0.000175446
130    0.282529    0.281514 0.000174269
131    0.285326    0.281543 0.000175364
132     0.28083    0.281538 0.000174114
133    0.280369    0.281529 0.000173023
134    0.287172    0.281571 0.000176814
135    0.280697    0.281565 0.000175619
136    0.279251    0.281548 0.000175151
137    0.279217    0.281531 0.000174698
138    0.282797     0.28154  0.00017367
139    0.282473    0.281547 0.000172547
140    0.282883    0.281556 0.000171576
141    0.282719    0.281565 0.000170554
142    0.282073    0.281568 0.000169387
143    0.280025    0.281557 0.000168544
144    0.279458    0.281543 0.000168003
145    0.279147    0.281526 0.000167656
146    0.279809    0.281514 0.000166919
147    0.282022    0.281518 0.000165815
148    0.281586    0.281518 0.000164692
149    0.284996    0.281542 0.000165239
150     0.28075    0.281536 0.000164219
151    0.281929    0.281539 0.000163148
152    0.285032    0.281562 0.000163692
153    0.280482    0.281555 0.000162772
154    0.282635    0.281562 0.000161863
155    0.284841    0.281583 0.000162201
156    0.283526    0.281596 0.000161638
157    0.282539    0.281602 0.000160718
158     0.28466    0.281621 0.000160866
159    0.282182    0.281624  0.00015989
160    0.281609    0.281624 0.000158888
161    0.281751    0.281625   0.0001579
162    0.283071    0.281634 0.000157176
163    0.279122    0.281619 0.000156967
164    0.278055    0.281597 0.000157513
165     0.28228    0.281601  0.00015661
166    0.286503    0.281631  0.00015844
167    0.278912    0.281614 0.000158327
168    0.281417    0.281613 0.000157386
169    0.281481    0.281612 0.000156454
170    0.282743    0.281619 0.000155673
171    0.284915    0.281638 0.000155956
172       0.281    0.281635 0.000155091
173    0.283474    0.281645 0.000154558
174    0.283761    0.281657 0.000154148
175    0.281317    0.281655 0.000153277
176    0.279768    0.281645  0.00015278
177    0.285207    0.281665 0.000153242
178    0.281393    0.281663 0.000152386
179    0.282114    0.281666 0.000151553
180    0.284204     0.28168 0.000151367
181    0.283149    0.281688 0.000150747
182    0.281903    0.281689 0.000149922
183    0.280179    0.281681 0.000149328
184    0.280013    0.281672 0.000148791
185    0.279882    0.281662   0.0001483
186    0.284123    0.281675 0.000148093
187    0.281575    0.281675   0.0001473
188    0.281785    0.281675 0.000146516
189    0.281004    0.281672 0.000145782
190    0.279521    0.281661 0.000145454
191     0.28195    0.281662 0.000144698
192      0.2803    0.281655 0.000144117
193    0.280284    0.281648 0.000143544
194    0.281822    0.281649 0.000142805
195    0.280685    0.281644 0.000142157
196    0.282159    0.281647 0.000141454
197    0.280512    0.281641 0.000140852
198     0.27925    0.281629 0.000140658
199    0.281034    0.281626 0.000139981
200    0.282761    0.281631 0.000139395
