1   -0.589856   -0.589856           0
2   -0.592006   -0.590931   0.0010752
3   -0.590334   -0.590732 0.000651864
4   -0.589368   -0.590391 0.000573402
5    -0.59105   -0.590523 0.000463264
6   -0.588096   -0.590118 0.000553787
7   -0.591301   -0.590287 0.000497583
8   -0.588504   -0.590064 0.000485162
9   -0.591622   -0.590238 0.000461565
10   -0.590099   -0.590224 0.000413068
11   -0.591147   -0.590308 0.000382951
12   -0.589254    -0.59022 0.000360434
13   -0.591115   -0.590289 0.000338629
14   -0.588082   -0.590131 0.000350917
15   -0.590654   -0.590166 0.000328543
16   -0.590891   -0.590211 0.000310649
17   -0.589579   -0.590174 0.000294163
18   -0.590269   -0.590179  0.00027739
19    -0.59171    -0.59026 0.000274479
20   -0.589995   -0.590247  0.00026073
21   -0.590733    -0.59027 0.000249081
22   -0.590518   -0.590281 0.000237758
23   -0.590494    -0.59029 0.000227375
24   -0.590755    -0.59031 0.000218555
25   -0.590736   -0.590327 0.000210322
26    -0.59036   -0.590328 0.000202075
27   -0.589168   -0.590285 0.000199138
28   -0.590283   -0.590285 0.000191894
29   -0.589413   -0.590255 0.000187586
30   -0.588968   -0.590212 0.000186234
31   -0.590152    -0.59021 0.000180136
32   -0.589674   -0.590193  0.00017522
33   -0.590678   -0.590208 0.000170463
34   -0.589078   -0.590175 0.000168678
35   -0.590114   -0.590173 0.000163797
36   -0.589982   -0.590168  0.00015927
37   -0.589474   -0.590149 0.000156038
38   -0.590915   -0.590169 0.000153209
39   -0.590635   -0.590181 0.000149706
40    -0.59153   -0.590215 0.000149759
41   -0.590877   -0.590231  0.00014695
42   -0.588754   -0.590196  0.00014766
43   -0.589651   -0.590183  0.00014474
44   -0.590502    -0.59019 0.000141598
45    -0.58983   -0.590182 0.000138647
46   -0.590822   -0.590196 0.000136311
47   -0.589722   -0.590186 0.000133761
48   -0.590798   -0.590199 0.000131565
49    -0.59059   -0.590207 0.000129099
50   -0.589014   -0.590183  0.00012872
51   -0.588837   -0.590157 0.000128903
52   -0.588752    -0.59013 0.000129254
53   -0.591357   -0.590153 0.000128888
54    -0.59108    -0.59017 0.000127639
55   -0.589874   -0.590165 0.000125413
56   -0.589491   -0.590153 0.000123739
57   -0.589632   -0.590143 0.000121891
58   -0.590515    -0.59015 0.000119942
59   -0.590691   -0.590159 0.000118248
60   -0.590109   -0.590158 0.000116264
61     -0.5906   -0.590165 0.000114571
62   -0.590114   -0.590165 0.000112711
63   -0.589733   -0.590158 0.000111119
64   -0.589986   -0.590155 0.000109402
65   -0.588709   -0.590133 0.000109981
66   -0.591592   -0.590155 0.000110535
67    -0.58953   -0.590146 0.000109272
68   -0.588997   -0.590129 0.000108971
69   -0.590826   -0.590139 0.000107854
70   -0.588477   -0.590115 0.000108921
71   -0.589184   -0.590102 0.000108174
72   -0.589878   -0.590099 0.000106706
73   -0.590646   -0.590106 0.000105501
74   -0.589128   -0.590093 0.000104902
75   -0.589374   -0.590084 0.000103937
76   -0.590418   -0.590088 0.000102654
77   -0.591954   -0.590112 0.000104169
78   -0.590614   -0.590119 0.000103026
79   -0.589997   -0.590117 0.000101726
80   -0.590989   -0.590128 0.000101035
81   -0.590792   -0.590136 0.000100116
82   -0.588925   -0.590121 9.99852e-05
83   -0.590773   -0.590129 9.90846e-05
84   -0.589597   -0.590123 9.81029e-05
85    -0.58924   -0.590113 9.74968e-05
86   -0.590453   -0.590116 9.64376e-05
87   -0.589661   -0.590111 9.54665e-05
88   -0.589746   -0.590107 9.44668e-05
89   -0.589522   -0.590101 9.36308e-05
90   -0.590512   -0.590105 9.26974e-05
91   -0.590954   -0.590114 9.21461e-05
92   -0.591341   -0.590128 9.21087e-05
93   -0.590765   -0.590135   9.137e-05
94   -0.590029   -0.590133 9.03998e-05
95    -0.58957   -0.590128 8.96399e-05
96   -0.590805   -0.590135 8.89813e-05
97   -0.590365   -0.590137 8.80912e-05
98   -0.590509   -0.590141 8.72702e-05
99   -0.590366   -0.590143 8.64142e-05
100    -0.58983    -0.59014 8.56028e-05
101   -0.589269   -0.590131 8.51888e-05
102   -0.589798   -0.590128 8.44126e-05
103    -0.59055   -0.590132 8.36895e-05
104   -0.589296   -0.590124 8.32699e-05
105   -0.592824    -0.59015 8.63886e-05
106   -0.589704   -0.590146  8.5673e-05
107   -0.591352   -0.590157 8.56143e-05
108   -0.589934   -0.590155 8.48428e-05
109   -0.589882   -0.590152 8.40982e-05
110   -0.591054    -0.59016 8.37328e-05
111    -0.58984   -0.590158 8.30252e-05
112   -0.589456   -0.590151 8.25187e-05
113   -0.590482   -0.590154 8.18374e-05
114   -0.589486   -0.590148 8.13276e-05
115    -0.59156   -0.590161 8.15464e-05
116   -0.591426   -0.590172 8.15725e-05
117   -0.591466   -0.590183 8.16251e-05
118   -0.589435   -0.590176 8.11779e-05
119   -0.590344   -0.590178 8.05052e-05
120   -0.590851   -0.590183 8.00285e-05
121   -0.590637   -0.590187 7.94528e-05
122   -0.592048   -0.590202 8.02616e-05
123   -0.591381   -0.590212 8.01809e-05
124   -0.590256   -0.590212 7.95324e-05
125   -0.590669   -0.590216 7.89781e-05
126   -0.590528   -0.590218 7.83879e-05
127   -0.589699   -0.590214 7.78756e-05
128   -0.589528   -0.590209 7.74506e-05
129   -0.590544   -0.590212 7.68918e-05
130   -0.590614   -0.590215 7.63609e-05
131   -0.589861   -0.590212 7.58239e-05
132   -0.590059   -0.590211 7.52562e-05
133   -0.591859   -0.590223 7.57096e-05
134   -0.591725   -0.590234 7.59735e-05
135   -0.590266   -0.590235 7.54089e-05
136   -0.588965   -0.590225 7.54325e-05
137   -0.589662   -0.590221 7.49925e-05
138   -0.589824   -0.590218 7.45027e-05
139   -0.590907   -0.590223 7.41306e-05
140   -0.589533   -0.590218 7.37643e-05
141   -0.590549   -0.590221 7.32768e-05
142   -0.588966   -0.590212 7.32931e-05
143   -0.590574   -0.590214 7.28229e-05
144   -0.591283   -0.590222 7.26953e-05
145   -0.590773   -0.590226 7.22922e-05
146    -0.58948    -0.59022 7.19767e-05
147   -0.590706   -0.590224 7.15615e-05
148   -0.591603   -0.590233 7.16849e-05
149   -0.590294   -0.590234 7.12033e-05
150   -0.590507   -0.590235 7.07506e-05
151   -0.591912   -0.590246 7.11522e-05
152   -0.591146   -0.590252 7.09297e-05
153    -0.59024   -0.590252 7.04646e-05
154   -0.590341   -0.590253 7.00079e-05
155   -0.589126   -0.590246 6.99334e-05
156   -0.591269   -0.590252 6.97925e-05
157   -0.588946   -0.590244 6.98441e-05
158   -0.589891   -0.590242 6.94366e-05
159   -0.591413   -0.590249 6.93905e-05
160   -0.589701   -0.590246 6.90405e-05
161   -0.591326   -0.590252 6.89381e-05
162   -0.590259   -0.590252 6.85112e-05
163   -0.589043   -0.590245 6.84924e-05
164   -0.591064    -0.59025 6.82565e-05
165   -0.590248    -0.59025 6.78416e-05
166   -0.590829   -0.590253 6.75218e-05
167   -0.590293   -0.590254 6.71167e-05
168   -0.592944    -0.59027 6.86111e-05
169    -0.59075   -0.590272 6.82632e-05
170   -0.590749   -0.590275 6.79183e-05
171   -0.590288   -0.590275   6.752e-05
172   -0.590691   -0.590278 6.71698e-05
173   -0.589853   -0.590275 6.68256e-05
174   -0.590808   -0.590278 6.65109e-05
175   -0.589968   -0.590277 6.61535e-05
176   -0.590733   -0.590279 6.58277e-05
177   -0.591973   -0.590289 6.61504e-05
178   -0.588565   -0.590279 6.64869e-05
179   -0.589949   -0.590277 6.61401e-05
180   -0.590178   -0.590277  6.5774e-05
181   -0.590421   -0.590277 6.54144e-05
182   -0.588522   -0.590268 6.57655e-05
183   -0.590333   -0.590268 6.54061e-05
184   -0.589374   -0.590263 6.52308e-05
185   -0.590451   -0.590264 6.48852e-05
186   -0.590288   -0.590264 6.45355e-05
187   -0.590558   -0.590266 6.42087e-05
188   -0.589835   -0.590264 6.39074e-05
189   -0.590195   -0.590263 6.35694e-05
190   -0.590093   -0.590262 6.32403e-05
191   -0.590061   -0.590261 6.29171e-05
192   -0.590546   -0.590263 6.26061e-05
193    -0.59137   -0.590269 6.25443e-05
194   -0.588717   -0.590261 6.27331e-05
195    -0.58969   -0.590258 6.24793e-05
196   -0.591069   -0.590262 6.22973e-05
197   -0.591013   -0.590266 6.20974e-05
198   -0.591771   -0.590273 6.22491e-05
199    -0.58957    -0.59027 6.20363e-05
200   -0.590138   -0.590269 6.17289e-05
1   -0.589595   -0.589595           0
2   -0.591614   -0.590605   0.0010096
3   -0.590928   -0.590713 0.000592765
4   -0.589549   -0.590422 0.000510223
5   -0.590795   -0.590496 0.000402218
6   -0.588082   -0.590094 0.000519444
7    -0.59104   -0.590229 0.000459346
8   -0.588008   -0.589951 0.000485105
9   -0.591645    -0.59014  0.00046737
10   -0.590014   -0.590127 0.000418215
11   -0.591256    -0.59023 0.000391965
12   -0.589453   -0.590165 0.000363623
13   -0.590723   -0.590208  0.00033723
14   -0.588109   -0.590058  0.00034635
15   -0.590374   -0.590079 0.000323123
16   -0.590227   -0.590088 0.000302396
17   -0.589435    -0.59005 0.000286638
18   -0.590898   -0.590097 0.000274318
19   -0.591645   -0.590178 0.000271966
20   -0.590157   -0.590177 0.000258012
21   -0.591056   -0.590219 0.000248959
22    -0.58983   -0.590202  0.00023803
23   -0.590381   -0.590209 0.000227579
24   -0.590358   -0.590216 0.000217979
25   -0.591194   -0.590255 0.000212707
26   -0.590402    -0.59026 0.000204441
27   -0.589104   -0.590217 0.000201331
28   -0.590973   -0.590244 0.000195874
29   -0.589514   -0.590219 0.000190671
30   -0.589058   -0.590181 0.000188232
31   -0.590699   -0.590197 0.000182826
32   -0.589875   -0.590187 0.000177306
33   -0.589731   -0.590173 0.000172404
34   -0.588722   -0.590131 0.000172621
35   -0.590309   -0.590136 0.000167694
36   -0.589931    -0.59013 0.000163068
37   -0.589882   -0.590123 0.000158742
38   -0.591157   -0.590151 0.000156883
39   -0.590189   -0.590152  0.00015281
40   -0.591408   -0.590183 0.000152217
41   -0.590477    -0.59019 0.000148631
42    -0.58856   -0.590151 0.000150152
43    -0.58885   -0.590121 0.000149711
44   -0.590026   -0.590119 0.000146285
45   -0.589771   -0.590111 0.000143206
46   -0.591091   -0.590132  0.00014167
47   -0.589344   -0.590116 0.000139634
48   -0.590704   -0.590128 0.000137242
49    -0.59088   -0.590143 0.000135286
50   -0.589042   -0.590121 0.000134371
51   -0.588712   -0.590094 0.000134578
52   -0.589029   -0.590073 0.000133543
53   -0.591522     -0.5901  0.00013382
54   -0.591214   -0.590121 0.000132929
55   -0.589678   -0.590113 0.000130738
56   -0.589624   -0.590104 0.000128678
57   -0.589442   -0.590093 0.000126934
58    -0.59125   -0.590113 0.000126311
59   -0.590891   -0.590126 0.000124851
60   -0.590242   -0.590128 0.000122768
61   -0.590941   -0.590141 0.000121472
62    -0.59033   -0.590144 0.000119536
63   -0.589339   -0.590131 0.000118315
64   -0.589658   -0.590124 0.000116687
65   -0.589197    -0.59011 0.000115759
66   -0.591592   -0.590132 0.000116183
67   -0.589378   -0.590121 0.000114989
68   -0.588906   -0.590103 0.000114687
69   -0.590802   -0.590113 0.000113465
70   -0.588096   -0.590084 0.000115485
71   -0.589258   -0.590073 0.000114441
72   -0.589894    -0.59007 0.000112867
73   -0.590325   -0.590074 0.000111365
74   -0.589298   -0.590063 0.000110349
75   -0.589435   -0.590055  0.00010919
76   -0.590296   -0.590058  0.00010779
77   -0.591163   -0.590072 0.000107345
78   -0.590592   -0.590079 0.000106169
79   -0.589763   -0.590075 0.000104893
80   -0.590534   -0.590081 0.000103732
81   -0.589739   -0.590077  0.00010253
82   -0.588597   -0.590058 0.000102867
83   -0.590773   -0.590067 0.000101984
84   -0.589539   -0.590061 0.000100959
85   -0.589051   -0.590049 0.000100468
86   -0.590634   -0.590056 9.95258e-05
87    -0.58968   -0.590051 9.84699e-05
88   -0.590149   -0.590053 9.73508e-05
89    -0.58971   -0.590049 9.63275e-05
90   -0.590157    -0.59005 9.52588e-05
91   -0.590982    -0.59006 9.47618e-05
92   -0.590845   -0.590069 9.41134e-05
93   -0.590971   -0.590078 9.36004e-05
94   -0.590438   -0.590082 9.26785e-05
95   -0.589542   -0.590077 9.18736e-05
96   -0.590706   -0.590083 9.11474e-05
97   -0.589864   -0.590081 9.02311e-05
98   -0.590805   -0.590088 8.96107e-05
99   -0.591115   -0.590099 8.93055e-05
100   -0.589637   -0.590094 8.85284e-05
101   -0.588675    -0.59008 8.87661e-05
102   -0.590378   -0.590083 8.79399e-05
103    -0.59072   -0.590089 8.73014e-05
104   -0.588424   -0.590073 8.79277e-05
105   -0.592944     -0.5901 9.12779e-05
106   -0.589789   -0.590097 9.04604e-05
107   -0.590813   -0.590104 8.98601e-05
108   -0.590016   -0.590103 8.90279e-05
109   -0.589762     -0.5901  8.8263e-05
110    -0.59133   -0.590111 8.81682e-05
111   -0.589642   -0.590107 8.74727e-05
112    -0.58947   -0.590101 8.68744e-05
113   -0.590147   -0.590102 8.61031e-05
114    -0.58924   -0.590094 8.56787e-05
115    -0.59164   -0.590108 8.59874e-05
116    -0.59136   -0.590118 8.59238e-05
117    -0.59119   -0.590128 8.56775e-05
118   -0.589006   -0.590118 8.54781e-05
119   -0.590579   -0.590122 8.48453e-05
120   -0.590723   -0.590127 8.42843e-05
121   -0.590778   -0.590132 8.37576e-05
122   -0.591274   -0.590142 8.35932e-05
123    -0.59096   -0.590148 8.31773e-05
124    -0.59056   -0.590152 8.25705e-05
125   -0.590829   -0.590157 8.20862e-05
126    -0.59031   -0.590158 8.14412e-05
127   -0.589837   -0.590156  8.0837e-05
128   -0.589462    -0.59015 8.03857e-05
129   -0.590077    -0.59015 7.97622e-05
130   -0.590987   -0.590156 7.94079e-05
131   -0.589875   -0.590154 7.88287e-05
132   -0.590163   -0.590154 7.82292e-05
133   -0.591618   -0.590165 7.84146e-05
134   -0.591406   -0.590174 7.83765e-05
135   -0.590072   -0.590174 7.77974e-05
136   -0.589514   -0.590169 7.73757e-05
137   -0.589821   -0.590166 7.68508e-05
138   -0.589893   -0.590164 7.63176e-05
139   -0.590923    -0.59017  7.5963e-05
140   -0.589373   -0.590164  7.5633e-05
141   -0.590717   -0.590168  7.5197e-05
142   -0.589013    -0.59016 7.51074e-05
143   -0.590766   -0.590164 7.47008e-05
144   -0.591299   -0.590172 7.45979e-05
145   -0.590347   -0.590173 7.40915e-05
146    -0.58929   -0.590167 7.38307e-05
147   -0.591315   -0.590175 7.37415e-05
148   -0.591253   -0.590182 7.36027e-05
149   -0.590368   -0.590184 7.31177e-05
150   -0.590946   -0.590189 7.28061e-05
151   -0.591598   -0.590198 7.29225e-05
152    -0.59067   -0.590201 7.25078e-05
153   -0.590053     -0.5902 7.20389e-05
154   -0.590514   -0.590202 7.15985e-05
155   -0.589619   -0.590198 7.12344e-05
156   -0.590672   -0.590201 7.08414e-05
157   -0.589162   -0.590195 7.06996e-05
158   -0.589787   -0.590192 7.02981e-05
159   -0.591154   -0.590198 7.01158e-05
160   -0.589672   -0.590195 6.97537e-05
161   -0.590954     -0.5902 6.94791e-05
162    -0.59007   -0.590199 6.90535e-05
163   -0.588701    -0.59019 6.92412e-05
164   -0.590646   -0.590192  6.8874e-05
165    -0.58975    -0.59019 6.85077e-05
166   -0.591349   -0.590197 6.84508e-05
167   -0.589955   -0.590195 6.80551e-05
168   -0.592773   -0.590211 6.93667e-05
169   -0.590152    -0.59021 6.89559e-05
170   -0.589886   -0.590208 6.85756e-05
171   -0.590894   -0.590212 6.82913e-05
172   -0.591077   -0.590217 6.80788e-05
173   -0.590058   -0.590216 6.76905e-05
174   -0.590712   -0.590219 6.73606e-05
175   -0.589547   -0.590216 6.70846e-05
176    -0.58968   -0.590212 6.67717e-05
177   -0.592578   -0.590226 6.77247e-05
178   -0.588662   -0.590217 6.79135e-05
179   -0.590315   -0.590218 6.75353e-05
180   -0.590314   -0.590218 6.71611e-05
181   -0.590256   -0.590218 6.67894e-05
182   -0.589197   -0.590213 6.66581e-05
183   -0.591109   -0.590218 6.64735e-05
184   -0.589046   -0.590211 6.64169e-05
185    -0.59103   -0.590216 6.62052e-05
186   -0.590192   -0.590216 6.58484e-05
187   -0.590901   -0.590219 6.55977e-05
188   -0.589462   -0.590215  6.5372e-05
189   -0.590464   -0.590217 6.50385e-05
190   -0.590262   -0.590217 6.46957e-05
191   -0.589669   -0.590214   6.442e-05
192   -0.590576   -0.590216 6.41114e-05
193   -0.591592   -0.590223 6.41757e-05
194   -0.588878   -0.590216 6.42191e-05
195   -0.589578   -0.590213 6.39727e-05
196   -0.591006   -0.590217 6.37742e-05
197   -0.591541   -0.590223 6.38046e-05
198   -0.591819   -0.590232 6.39911e-05
199   -0.589416   -0.590227 6.38005e-05
200   -0.590021   -0.590226 6.34891e-05
