1   -0.963926   -0.963926           0
2   -0.967202   -0.965564   0.0016376
3    -0.97227   -0.967799  0.00242718
4   -0.976139   -0.969884  0.00270047
5   -0.971544   -0.970216  0.00211795
6   -0.973557   -0.970773  0.00181671
7   -0.974106   -0.971249  0.00160751
8   -0.973438   -0.971523  0.00141879
9   -0.976456   -0.972071  0.00136605
10   -0.974384   -0.972302  0.00124353
11   -0.973563   -0.972417  0.00113064
12   -0.969128   -0.972143   0.0010679
13   -0.972984   -0.972208 0.000984455
14   -0.972842   -0.972253 0.000912553
15   -0.980856   -0.972826  0.00102502
16   -0.975613   -0.973001  0.00097451
17   -0.973686   -0.973041 0.000916282
18   -0.969563   -0.972848  0.00088522
19   -0.973578   -0.972886 0.000838215
20   -0.974606   -0.972972 0.000799839
21   -0.976666   -0.973148 0.000780864
22   -0.978072   -0.973372  0.00077744
23   -0.976696   -0.973516 0.000756799
24   -0.977051   -0.973664 0.000739398
25   -0.969717   -0.973506 0.000726564
26   -0.973656   -0.973512 0.000698084
27   -0.968222   -0.973316 0.000699713
28   -0.978411   -0.973498 0.000698388
29   -0.973282    -0.97349 0.000673916
30   -0.974379    -0.97352 0.000651739
31   -0.972888   -0.973499 0.000630694
32   -0.975146   -0.973551  0.00061283
33   -0.970766   -0.973466 0.000599932
34   -0.977986   -0.973599 0.000597004
35   -0.974822   -0.973634 0.000580748
36   -0.975034   -0.973673 0.000565722
37   -0.979552   -0.973832 0.000572702
38   -0.974826   -0.973858  0.00055804
39   -0.978254   -0.973971 0.000555108
40   -0.974176   -0.973976 0.000541077
41   -0.972094    -0.97393 0.000529707
42   -0.974242   -0.973938 0.000516994
43   -0.973283   -0.973922 0.000505057
44   -0.968941   -0.973809 0.000506267
45   -0.975325   -0.973843 0.000496033
46   -0.972893   -0.973822  0.00048557
47   -0.976787   -0.973885 0.000479296
48   -0.972586   -0.973858 0.000469985
49   -0.974979   -0.973881 0.000460862
50   -0.976533   -0.973934 0.000454654
51   -0.974078   -0.973937 0.000445659
52   -0.978123   -0.974017 0.000444358
53   -0.976318   -0.974061  0.00043805
54    -0.96888   -0.973965 0.000440438
55   -0.974266    -0.97397 0.000432391
56   -0.980229   -0.974082 0.000439061
57   -0.973998   -0.974081 0.000431292
58   -0.977053   -0.974132 0.000426877
59   -0.978227   -0.974201 0.000425282
60   -0.975768   -0.974227 0.000418949
61   -0.976579   -0.974266 0.000413823
62   -0.973138   -0.974248   0.0004075
63   -0.973706   -0.974239 0.000401072
64   -0.976722   -0.974278 0.000396657
65   -0.974858   -0.974287 0.000390609
66   -0.977597   -0.974337   0.0003879
67   -0.975618   -0.974356 0.000382545
68   -0.974006   -0.974351 0.000376912
69   -0.973427   -0.974338 0.000371651
70   -0.969163   -0.974264 0.000373687
71   -0.969733     -0.9742 0.000373873
72   -0.980261   -0.974284 0.000378133
73   -0.975178   -0.974296 0.000373118
74   -0.978432   -0.974352  0.00037226
75   -0.977214    -0.97439  0.00036924
76   -0.972184   -0.974361 0.000365504
77   -0.977088   -0.974397  0.00036246
78   -0.975466    -0.97441 0.000358045
79   -0.969771   -0.974352 0.000358329
80   -0.971678   -0.974318 0.000355396
81   -0.972808     -0.9743 0.000351476
82   -0.971736   -0.974268 0.000348568
83   -0.975872   -0.974288 0.000344884
84   -0.968043   -0.974213 0.000348769
85   -0.973642   -0.974207 0.000344707
86   -0.975989   -0.974227 0.000341305
87   -0.979331   -0.974286 0.000342422
88   -0.976595   -0.974312 0.000339524
89   -0.977493   -0.974348 0.000337584
90   -0.974704   -0.974352 0.000333835
91   -0.975077    -0.97436 0.000330242
92   -0.974462   -0.974361 0.000326635
93    -0.97388   -0.974356 0.000323145
94   -0.967379   -0.974282 0.000328191
95   -0.974523   -0.974284 0.000324728
96   -0.978638    -0.97433 0.000324513
97   -0.973275   -0.974319 0.000321334
98   -0.975741   -0.974333 0.000318369
99   -0.974445   -0.974334 0.000315139
100   -0.976469   -0.974356 0.000312701
101   -0.978122   -0.974393 0.000311827
102   -0.971331   -0.974363  0.00031021
103    -0.97753   -0.974394 0.000308718
104   -0.975974   -0.974409 0.000306113
105   -0.974966   -0.974414  0.00030323
106   -0.970998   -0.974382  0.00030208
107   -0.971675   -0.974357 0.000300311
108   -0.976853    -0.97438 0.000298413
109   -0.972899   -0.974366 0.000295975
110   -0.975787   -0.974379 0.000293556
111   -0.976989   -0.974403 0.000291848
112   -0.975648   -0.974414 0.000289444
113   -0.977728   -0.974443 0.000288367
114   -0.976006   -0.974457 0.000286155
115   -0.975101   -0.974462 0.000283711
116   -0.973872   -0.974457   0.0002813
117   -0.974373   -0.974457 0.000278887
118   -0.977101   -0.974479  0.00027742
119   -0.979093   -0.974518 0.000277797
120    -0.97387   -0.974512 0.000275526
121   -0.976816   -0.974531 0.000273901
122   -0.977093   -0.974552 0.000272457
123   -0.967683   -0.974497 0.000275943
124   -0.971531   -0.974473 0.000274752
125   -0.974165    -0.97447 0.000272556
126   -0.980021   -0.974514 0.000273949
127   -0.976293   -0.974528 0.000272144
128   -0.971512   -0.974505 0.000271036
129   -0.971696   -0.974483 0.000269807
130   -0.971605   -0.974461 0.000268637
131   -0.978829   -0.974494 0.000268656
132   -0.975546   -0.974502 0.000266732
133   -0.975461   -0.974509 0.000264817
134   -0.973698   -0.974503 0.000262903
135    -0.97463   -0.974504  0.00026095
136   -0.977998    -0.97453 0.000260295
137   -0.972197   -0.974513 0.000258949
138     -0.9764   -0.974526 0.000257429
139   -0.969046   -0.974487 0.000258593
140   -0.976045   -0.974498 0.000256981
141   -0.977266   -0.974518 0.000255905
142   -0.974282   -0.974516 0.000254102
143    -0.97269   -0.974503 0.000252642
144   -0.976021   -0.974514 0.000251103
145   -0.971642   -0.974494 0.000250151
146   -0.976152   -0.974505 0.000248691
147   -0.973573   -0.974499 0.000247075
148    -0.97025    -0.97447 0.000247074
149   -0.972544   -0.974457  0.00024575
150   -0.975229   -0.974463  0.00024416
151   -0.968467   -0.974423 0.000245766
152   -0.974144   -0.974421 0.000244151
153   -0.977373    -0.97444 0.000243316
154   -0.970661   -0.974416 0.000242974
155   -0.973051   -0.974407 0.000241562
156   -0.978462   -0.974433 0.000241412
157   -0.971144   -0.974412 0.000240782
158   -0.974597   -0.974413 0.000239256
159    -0.97509   -0.974417 0.000237785
160   -0.969299   -0.974386  0.00023845
161   -0.974877   -0.974389 0.000236984
162   -0.980243   -0.974425 0.000238273
163   -0.978429   -0.974449 0.000238077
164   -0.975392   -0.974455 0.000236691
165   -0.974789   -0.974457 0.000235261
166   -0.974942    -0.97446 0.000233857
167   -0.973808   -0.974456 0.000232486
168   -0.981107   -0.974496 0.000234464
169   -0.975014   -0.974499 0.000233093
170   -0.973774   -0.974494 0.000231757
171   -0.970693   -0.974472 0.000231468
172   -0.976138   -0.974482 0.000230322
173   -0.973176   -0.974474 0.000229111
174   -0.972965   -0.974466 0.000227956
175   -0.973704   -0.974461 0.000226691
176   -0.971738   -0.974446  0.00022593
177   -0.970613   -0.974424 0.000225691
178   -0.971218   -0.974406 0.000225142
179   -0.976056   -0.974415  0.00022407
180   -0.976109   -0.974425  0.00022302
181    -0.97527   -0.974429 0.000221834
182   -0.969829   -0.974404 0.000222055
183   -0.971512   -0.974388 0.000221403
184   -0.976317   -0.974399 0.000220446
185   -0.975142   -0.974403 0.000219288
186   -0.970394   -0.974381 0.000219168
187   -0.972005   -0.974369 0.000218363
188   -0.972638   -0.974359 0.000217394
189   -0.973834   -0.974357 0.000216258
190   -0.974278   -0.974356 0.000215117
191   -0.976728   -0.974369 0.000214348
192   -0.974746   -0.974371 0.000213238
193   -0.977125   -0.974385  0.00021261
194   -0.974944   -0.974388  0.00021153
195   -0.975474   -0.974393 0.000210516
196   -0.966658   -0.974354 0.000213126
197   -0.972226   -0.974343 0.000212316
198   -0.973674    -0.97434 0.000211268
199   -0.971219   -0.974324 0.000210788
200   -0.978443   -0.974345  0.00021074
1   -0.964267   -0.964267           0
2    -0.96719   -0.965729   0.0014616
3   -0.972352   -0.967937  0.00236351
4   -0.976107   -0.969979  0.00263924
5   -0.971558   -0.970295   0.0020686
6   -0.973598   -0.970846  0.00177647
7   -0.974141   -0.971316  0.00157346
8    -0.97344   -0.971582  0.00138827
9    -0.97649   -0.972127  0.00134029
10   -0.974349   -0.972349   0.0012192
11   -0.973598   -0.972463  0.00110864
12   -0.969096   -0.972182  0.00105022
13   -0.972954   -0.972242 0.000967882
14   -0.972875   -0.972287 0.000897226
15   -0.980856   -0.972858  0.00101195
16   -0.975632   -0.973032 0.000962334
17   -0.973726   -0.973072  0.00090488
18   -0.969582   -0.972878 0.000874883
19   -0.973565   -0.972915 0.000828345
20    -0.97456   -0.972997 0.000790132
21   -0.976674   -0.973172 0.000771689
22   -0.978035   -0.973393 0.000768266
23   -0.976694   -0.973537 0.000748005
24   -0.977027   -0.973682  0.00073078
25   -0.969706   -0.973523 0.000718759
26   -0.973683   -0.973529 0.000690589
27   -0.968234   -0.973333 0.000692859
28   -0.978435   -0.973515 0.000692076
29   -0.973242   -0.973506 0.000667851
30   -0.974366   -0.973534 0.000645843
31   -0.972946   -0.973515 0.000624951
32   -0.975163   -0.973567 0.000607293
33   -0.970773   -0.973482 0.000594661
34   -0.977949   -0.973614 0.000591674
35   -0.974822   -0.973648 0.000575558
36   -0.975059   -0.973687 0.000560713
37   -0.979547   -0.973846 0.000567879
38   -0.974834   -0.973872 0.000553344
39   -0.978272   -0.973985 0.000550652
40   -0.974162   -0.973989 0.000536727
41   -0.972146   -0.973944   0.0005254
42   -0.974267   -0.973952 0.000512796
43    -0.97329   -0.973936 0.000500965
44   -0.968986   -0.973824 0.000502214
45   -0.975312   -0.973857 0.000492039
46   -0.972842   -0.973835  0.00048173
47   -0.976779   -0.973897 0.000475513
48   -0.972554   -0.973869 0.000466343
49   -0.974962   -0.973892  0.00045727
50   -0.976518   -0.973944   0.0004511
51   -0.974094   -0.973947 0.000442177
52   -0.978067   -0.974026 0.000440769
53   -0.976325    -0.97407 0.000434542
54   -0.968853   -0.973973 0.000437226
55   -0.974248   -0.973978 0.000429232
56   -0.980237    -0.97409 0.000436063
57   -0.974008   -0.974089 0.000428347
58   -0.977014   -0.974139 0.000423909
59   -0.978226   -0.974208  0.00042238
60   -0.975794   -0.974235  0.00041612
61   -0.976536   -0.974272 0.000410977
62    -0.97309   -0.974253 0.000404744
63   -0.973685   -0.974244  0.00039837
64   -0.976733   -0.974283 0.000394019
65   -0.974898   -0.974293 0.000388025
66   -0.977613   -0.974343 0.000385398
67   -0.975589   -0.974362 0.000380058
68   -0.974026   -0.974357 0.000374459
69    -0.97344   -0.974343 0.000369232
70   -0.969194    -0.97427  0.00037128
71   -0.969696   -0.974205 0.000371639
72   -0.980226   -0.974289  0.00037586
73   -0.975198   -0.974301 0.000370884
74   -0.978475   -0.974358 0.000370161
75   -0.977222   -0.974396 0.000367184
76   -0.972179   -0.974367 0.000363492
77   -0.977072   -0.974402 0.000360457
78   -0.975488   -0.974416 0.000356078
79   -0.969726   -0.974357 0.000356518
80    -0.97172   -0.974324 0.000353573
81   -0.972811   -0.974305 0.000349679
82   -0.971749   -0.974274 0.000346792
83   -0.975894   -0.974293 0.000343145
84   -0.968037   -0.974219  0.00034712
85   -0.973658   -0.974212 0.000343075
86      -0.976   -0.974233 0.000339699
87   -0.979304   -0.974291 0.000340794
88   -0.976576   -0.974317 0.000337898
89   -0.977435   -0.974352 0.000335911
90   -0.974734   -0.974356 0.000332185
91    -0.97509   -0.974365 0.000328613
92   -0.974357   -0.974364 0.000325022
93   -0.973834   -0.974359 0.000321559
94   -0.967467   -0.974285 0.000326458
95   -0.974538   -0.974288 0.000323014
96   -0.978614   -0.974333 0.000322793
97   -0.973298   -0.974322 0.000319627
98   -0.975704   -0.974337 0.000316662
99   -0.974472   -0.974338  0.00031345
100   -0.976416   -0.974359 0.000310995
101   -0.978154   -0.974396 0.000310184
102   -0.971379   -0.974367 0.000308549
103   -0.977566   -0.974398 0.000307114
104   -0.976022   -0.974413 0.000304548
105   -0.974976   -0.974419 0.000301681
106   -0.970949   -0.974386 0.000300609
107   -0.971632    -0.97436 0.000298897
108   -0.976904   -0.974384 0.000297051
109   -0.972875    -0.97437 0.000294639
110   -0.975787   -0.974383 0.000292232
111   -0.976914   -0.974406 0.000290484
112   -0.975667   -0.974417 0.000288099
113   -0.977702   -0.974446 0.000287014
114   -0.976035    -0.97446 0.000284827
115   -0.975115   -0.974466 0.000282397
116   -0.973904   -0.974461 0.000279993
117    -0.97439    -0.97446 0.000277591
118   -0.977082   -0.974482 0.000276123
119   -0.979139   -0.974522 0.000276575
120   -0.973885   -0.974516 0.000274312
121   -0.976867   -0.974536 0.000272729
122   -0.977123   -0.974557 0.000271314
123   -0.967734   -0.974501 0.000274756
124   -0.971518   -0.974477 0.000273591
125   -0.974234   -0.974475 0.000271401
126   -0.980051    -0.97452 0.000272851
127   -0.976309   -0.974534  0.00027106
128   -0.971502    -0.97451 0.000269975
129   -0.971731   -0.974489 0.000268739
130   -0.971643   -0.974467  0.00026756
131   -0.978787     -0.9745  0.00026755
132   -0.975619   -0.974508 0.000265651
133   -0.975438   -0.974515 0.000263739
134   -0.973645   -0.974509 0.000261844
135   -0.974678    -0.97451   0.0002599
136   -0.978021   -0.974536  0.00025927
137   -0.972168   -0.974518 0.000257951
138   -0.976482   -0.974533 0.000256469
139   -0.969056   -0.974493 0.000257648
140   -0.976045   -0.974504 0.000256041
141   -0.977304   -0.974524 0.000254993
142   -0.974278   -0.974522 0.000253197
143   -0.972638   -0.974509 0.000251765
144   -0.976003    -0.97452 0.000250226
145   -0.971682     -0.9745 0.000249264
146   -0.976104   -0.974511 0.000247794
147   -0.973602   -0.974505  0.00024618
148   -0.970235   -0.974476 0.000246207
149   -0.972608   -0.974463  0.00024487
150   -0.975222   -0.974469 0.000243285
151    -0.96852   -0.974429 0.000244858
152    -0.97413   -0.974427  0.00024325
153   -0.977349   -0.974446 0.000242408
154    -0.97071   -0.974422 0.000242048
155   -0.972992   -0.974413 0.000240658
156   -0.978462   -0.974439 0.000240515
157    -0.97112   -0.974418 0.000239912
158   -0.974624   -0.974419 0.000238392
159   -0.975144   -0.974423 0.000236932
160   -0.969278   -0.974391 0.000237632
161   -0.974843   -0.974394 0.000236168
162   -0.980246    -0.97443  0.00023747
163     -0.9784   -0.974455 0.000237262
164    -0.97544   -0.974461 0.000235887
165   -0.974786   -0.974463 0.000234461
166   -0.974997   -0.974466 0.000233067
167   -0.973813   -0.974462   0.0002317
168    -0.98112   -0.974502 0.000233702
169   -0.974998   -0.974504 0.000232333
170   -0.973808     -0.9745 0.000230999
171   -0.970723   -0.974478 0.000230704
172   -0.976133   -0.974488  0.00022956
173   -0.973141    -0.97448 0.000228362
174   -0.972979   -0.974471  0.00022721
175   -0.973741   -0.974467 0.000225946
176   -0.971792   -0.974452 0.000225173
177    -0.97059    -0.97443 0.000224957
178   -0.971198   -0.974412 0.000224426
179   -0.976088   -0.974421 0.000223365
180   -0.976024    -0.97443 0.000222299
181   -0.975262   -0.974435 0.000221115
182    -0.96984    -0.97441 0.000221341
183   -0.971514   -0.974394 0.000220696
184   -0.976293   -0.974404 0.000219736
185   -0.975176   -0.974408 0.000218585
186     -0.9704   -0.974387 0.000218472
187    -0.97203   -0.974374 0.000217666
188   -0.972643   -0.974365 0.000216701
189   -0.973838   -0.974362 0.000215569
190    -0.97427   -0.974362 0.000214432
191   -0.976754   -0.974374 0.000213674
192   -0.974762   -0.974376 0.000212567
193   -0.977142   -0.974391 0.000211948
194   -0.974922   -0.974393 0.000210871
195   -0.975518   -0.974399 0.000209866
196   -0.966626   -0.974359 0.000212526
197   -0.972254   -0.974349 0.000211714
198    -0.97371   -0.974346 0.000210667
199   -0.971198    -0.97433 0.000210201
200   -0.978456    -0.97435 0.000210163
