1   -0.721024   -0.721024           0
2   -0.721856    -0.72144    0.000416
3   -0.720029    -0.72097 0.000528168
4   -0.719701   -0.720652 0.000489997
5   -0.722051   -0.720932 0.000471512
6   -0.720664   -0.720887 0.000387574
7   -0.720091   -0.720774 0.000346749
8   -0.721266   -0.720835 0.000306523
9    -0.72023   -0.720768 0.000278556
10   -0.721018   -0.720793 0.000250395
11   -0.720798   -0.720793 0.000226491
12   -0.719998   -0.720727 0.000217113
13   -0.720938   -0.720743  0.00020037
14   -0.720046   -0.720694 0.000192071
15   -0.720238   -0.720663 0.000181365
16   -0.720802   -0.720672 0.000169872
17   -0.719946   -0.720629 0.000165187
18    -0.71943   -0.720563 0.000169382
19   -0.720338   -0.720551 0.000160656
20   -0.720461   -0.720546 0.000152478
21   -0.721678     -0.7206 0.000154732
22   -0.719674   -0.720558 0.000153425
23   -0.721158   -0.720584 0.000148908
24   -0.719597   -0.720543 0.000148386
25   -0.719294   -0.720493 0.000150835
26   -0.721261   -0.720523 0.000147895
27   -0.720477   -0.720521 0.000142323
28   -0.720374   -0.720516 0.000137245
29   -0.719318   -0.720474 0.000138714
30   -0.720402   -0.720472 0.000134033
31   -0.721059   -0.720491 0.000131014
32   -0.720184   -0.720481 0.000127215
33      -0.721   -0.720497 0.000124298
34   -0.723003   -0.720571 0.000141331
35   -0.721208   -0.720589 0.000138436
36   -0.721549   -0.720616 0.000137153
37   -0.720408    -0.72061 0.000133512
38   -0.720998    -0.72062 0.000130353
39     -0.7216   -0.720645 0.000129428
40   -0.719387   -0.720614 0.000130013
41   -0.721344   -0.720632 0.000128046
42   -0.719035   -0.720594 0.000130614
43   -0.718379   -0.720542 0.000137545
44   -0.721925   -0.720574 0.000138008
45   -0.721336   -0.720591 0.000135966
46   -0.723456   -0.720653 0.000146845
47   -0.721131   -0.720663 0.000144046
48   -0.720523    -0.72066 0.000141043
49   -0.720853   -0.720664 0.000138191
50    -0.72084   -0.720668 0.000135445
51   -0.721925   -0.720692 0.000135032
52   -0.719606   -0.720671 0.000134046
53   -0.720154   -0.720662 0.000131855
54   -0.720973   -0.720667 0.000129518
55   -0.720123   -0.720657 0.000127526
56   -0.721045   -0.720664 0.000125419
57   -0.720206   -0.720656 0.000123461
58   -0.720659   -0.720656 0.000121313
59   -0.717976   -0.720611   0.0001276
60   -0.718592   -0.720577  0.00012989
61   -0.720739    -0.72058  0.00012777
62   -0.721458   -0.720594 0.000126487
63   -0.722355   -0.720622 0.000127564
64   -0.721328   -0.720633 0.000126039
65   -0.721504   -0.720646 0.000124806
66   -0.721736   -0.720663 0.000124004
67   -0.721597   -0.720677 0.000122932
68   -0.721221   -0.720685 0.000121374
69   -0.719518   -0.720668 0.000120791
70   -0.719805   -0.720656  0.00011969
71   -0.721179   -0.720663 0.000118222
72   -0.719883   -0.720652 0.000117071
73   -0.721624   -0.720666 0.000116221
74   -0.719619   -0.720651 0.000115508
75   -0.721475   -0.720662 0.000114486
76   -0.722366   -0.720685 0.000115173
77   -0.721819     -0.7207 0.000114618
78   -0.721187   -0.720706 0.000113312
79    -0.72047   -0.720703 0.000111908
80   -0.720728   -0.720703 0.000110501
81   -0.719877   -0.720693 0.000109604
82   -0.720736   -0.720693  0.00010826
83   -0.721446   -0.720703 0.000107332
84   -0.719912   -0.720693 0.000106463
85   -0.720962   -0.720696 0.000105251
86   -0.721182   -0.720702 0.000104173
87   -0.720966   -0.720705 0.000103014
88   -0.720251     -0.7207 0.000101967
89   -0.720346   -0.720696 0.000100893
90   -0.718598   -0.720673 0.000102452
91    -0.72069   -0.720673  0.00010132
92   -0.721549   -0.720682 0.000100664
93   -0.718963   -0.720664 0.000101277
94   -0.721819   -0.720676 0.000100945
95   -0.721766   -0.720688 0.000100534
96   -0.720621   -0.720687 9.94833e-05
97   -0.718338   -0.720663 0.000101387
98   -0.720294   -0.720659 0.000100418
99     -0.7204   -0.720656 9.94328e-05
100   -0.721709   -0.720667 9.89946e-05
101   -0.720053   -0.720661 9.81979e-05
102   -0.721328   -0.720667 9.74502e-05
103    -0.71896   -0.720651 9.79126e-05
104   -0.719877   -0.720643 9.72516e-05
105   -0.722349   -0.720659 9.76811e-05
106   -0.719243   -0.720646 9.76733e-05
107   -0.721488   -0.720654 9.70755e-05
108   -0.719898   -0.720647 9.64272e-05
109   -0.721707   -0.720657 9.60323e-05
110    -0.71945   -0.720646 9.57859e-05
111   -0.721781   -0.720656 9.54683e-05
112    -0.71987   -0.720649 9.48717e-05
113   -0.722194   -0.720663 9.50168e-05
114   -0.719149   -0.720649 9.51112e-05
115   -0.723102   -0.720671 9.66635e-05
116   -0.719626   -0.720662 9.62491e-05
117   -0.721114   -0.720665 9.55011e-05
118   -0.719494   -0.720656  9.5207e-05
119   -0.720893   -0.720658 9.44246e-05
120   -0.722211   -0.720671 9.45253e-05
121   -0.719536   -0.720661 9.42086e-05
122    -0.71983   -0.720654  9.3681e-05
123   -0.721957   -0.720665 9.35177e-05
124   -0.720832   -0.720666 9.27702e-05
125   -0.720322   -0.720664 9.20664e-05
126   -0.721066   -0.720667 9.13885e-05
127    -0.72229   -0.720679 9.15622e-05
128   -0.719222   -0.720668 9.15544e-05
129   -0.721338   -0.720673 9.09901e-05
130    -0.72239   -0.720686 9.12485e-05
131   -0.720262   -0.720683 9.06071e-05
132    -0.71977   -0.720676 9.01841e-05
133   -0.718229   -0.720658 9.13757e-05
134   -0.721242   -0.720662 9.07958e-05
135   -0.720878   -0.720664 9.01349e-05
136   -0.721171   -0.720668 8.95474e-05
137   -0.721558   -0.720674 8.91289e-05
138   -0.720642   -0.720674  8.8481e-05
139   -0.720885   -0.720675 8.78552e-05
140    -0.72044   -0.720674 8.72416e-05
141   -0.719438   -0.720665 8.70626e-05
142    -0.72199   -0.720674 8.69498e-05
143   -0.720706   -0.720675 8.63399e-05
144   -0.721672   -0.720681 8.60176e-05
145   -0.719459   -0.720673 8.58372e-05
146   -0.720298    -0.72067  8.5286e-05
147   -0.721286   -0.720675 8.48074e-05
148   -0.721826   -0.720682 8.45907e-05
149    -0.72011   -0.720679 8.41087e-05
150   -0.722451    -0.72069 8.43778e-05
151   -0.720165   -0.720687 8.38893e-05
152   -0.719821   -0.720681 8.35302e-05
153   -0.719744   -0.720675 8.32082e-05
154    -0.72255   -0.720687 8.35582e-05
155   -0.719965   -0.720683 8.31481e-05
156   -0.721688   -0.720689 8.28644e-05
157   -0.720398   -0.720687 8.23557e-05
158   -0.720688   -0.720687 8.18329e-05
159   -0.721266   -0.720691 8.13979e-05
160   -0.720659   -0.720691 8.08878e-05
161   -0.719811   -0.720685 8.05692e-05
162   -0.722461   -0.720696  8.0817e-05
163   -0.721213   -0.720699 8.03822e-05
164   -0.720742     -0.7207  7.9891e-05
165   -0.719781   -0.720694 7.96003e-05
166    -0.71988   -0.720689 7.92712e-05
167   -0.721392   -0.720693 7.89074e-05
168   -0.720742   -0.720694 7.84368e-05
169   -0.721554   -0.720699 7.81372e-05
170   -0.720774   -0.720699 7.76775e-05
171   -0.721182   -0.720702 7.72736e-05
172   -0.721778   -0.720708 7.70772e-05
173   -0.719627   -0.720702 7.68847e-05
174    -0.72003   -0.720698 7.65389e-05
175    -0.71847   -0.720685 7.71576e-05
176   -0.721302   -0.720689  7.6798e-05
177   -0.722054   -0.720697 7.67516e-05
178   -0.720147   -0.720694 7.63816e-05
179   -0.720462   -0.720692 7.59647e-05
180   -0.721819   -0.720698 7.58005e-05
181   -0.720318   -0.720696 7.54098e-05
182   -0.720474   -0.720695 7.50043e-05
183   -0.721344   -0.720699 7.46775e-05
184   -0.722566   -0.720709  7.4961e-05
185   -0.721661   -0.720714  7.4732e-05
186   -0.720123   -0.720711  7.4397e-05
187   -0.721262   -0.720714 7.40569e-05
188   -0.722258   -0.720722 7.41182e-05
189   -0.721451   -0.720726 7.38259e-05
190   -0.721256   -0.720729 7.34893e-05
191   -0.721526   -0.720733 7.32228e-05
192   -0.719586   -0.720727  7.3085e-05
193   -0.719309   -0.720719 7.30757e-05
194   -0.722022   -0.720726 7.30076e-05
195   -0.719589    -0.72072 7.28661e-05
196   -0.720525   -0.720719 7.25002e-05
197   -0.720992   -0.720721 7.21445e-05
198    -0.72012   -0.720718 7.18433e-05
199   -0.720104   -0.720715 7.15479e-05
200    -0.71928   -0.720707 7.15497e-05
1   -0.721032   -0.721032           0
2   -0.721702   -0.721367   0.0003352
3   -0.720059   -0.720931 0.000477021
4   -0.720075   -0.720717 0.000399463
5   -0.721946   -0.720963 0.000395096
6   -0.720374   -0.720865 0.000337175
7   -0.720283   -0.720782  0.00029683
8   -0.721056   -0.720816 0.000259339
9     -0.7202   -0.720748 0.000238737
10   -0.720982   -0.720771  0.00021482
11    -0.72015   -0.720715 0.000202338
12   -0.720195   -0.720671 0.000189713
13   -0.720954   -0.720693 0.000175856
14   -0.719722   -0.720624 0.000176981
15   -0.720133   -0.720591 0.000167978
16   -0.720781   -0.720603 0.000157577
17   -0.719584   -0.720543  0.00015969
18   -0.719235    -0.72047 0.000167168
19   -0.720277    -0.72046 0.000158452
20   -0.720651    -0.72047 0.000150625
21   -0.721662   -0.720526 0.000154121
22   -0.719779   -0.720492 0.000150823
23   -0.721122    -0.72052 0.000146689
24   -0.719675   -0.720485 0.000144786
25   -0.719325   -0.720438 0.000146418
26    -0.72139   -0.720475 0.000145363
27   -0.720571   -0.720478 0.000139921
28    -0.72045   -0.720477 0.000134835
29   -0.719282   -0.720436  0.00013648
30   -0.720104   -0.720425 0.000132316
31   -0.721179   -0.720449 0.000130269
32   -0.720314   -0.720445 0.000126203
33   -0.720779   -0.720455 0.000122737
34   -0.723114   -0.720533 0.000142448
35   -0.721362   -0.720557 0.000140327
36   -0.721478   -0.720583 0.000138754
37   -0.720304   -0.720575 0.000135162
38   -0.721285   -0.720594 0.000132876
39   -0.721413   -0.720615 0.000131116
40   -0.719346   -0.720583 0.000131677
41   -0.721098   -0.720596 0.000129036
42   -0.719186   -0.720562 0.000130325
43   -0.718563   -0.720516 0.000135483
44   -0.721738   -0.720543  0.00013525
45   -0.721536   -0.720565 0.000134038
46    -0.72347   -0.720629  0.00014551
47   -0.721379   -0.720645 0.000143273
48   -0.720629   -0.720644 0.000140257
49   -0.720992   -0.720651 0.000137548
50   -0.721613   -0.720671 0.000136134
51   -0.722045   -0.720698 0.000136131
52   -0.719776    -0.72068 0.000134659
53   -0.720163    -0.72067 0.000132453
54    -0.72061   -0.720669 0.000129982
55   -0.720211   -0.720661 0.000127868
56   -0.721374   -0.720673 0.000126209
57   -0.720278   -0.720666 0.000124168
58   -0.720744   -0.720668 0.000122016
59   -0.718227   -0.720626 0.000126863
60    -0.71872   -0.720595 0.000128714
61   -0.720779   -0.720598 0.000126623
62   -0.721674   -0.720615 0.000125767
63   -0.722139   -0.720639 0.000126097
64   -0.721157   -0.720647 0.000124375
65   -0.721397   -0.720659 0.000122988
66   -0.721792   -0.720676 0.000122321
67   -0.721598    -0.72069 0.000121266
68   -0.721224   -0.720698 0.000119727
69   -0.719547   -0.720681 0.000119151
70   -0.719846   -0.720669  0.00011804
71    -0.72137   -0.720679 0.000116784
72   -0.719894   -0.720668 0.000115665
73   -0.721403   -0.720678 0.000114513
74   -0.719912   -0.720668 0.000113428
75   -0.721086   -0.720673 0.000112045
76   -0.722637   -0.720699 0.000113539
77   -0.721624   -0.720711 0.000112697
78   -0.721568   -0.720722 0.000111784
79   -0.720555    -0.72072  0.00011038
80   -0.720531   -0.720718 0.000109017
81   -0.719917   -0.720708 0.000108116
82   -0.720835   -0.720709   0.0001068
83   -0.720482   -0.720707 0.000105541
84   -0.719794   -0.720696 0.000104842
85   -0.721155   -0.720701 0.000103743
86   -0.721574   -0.720711 0.000103031
87   -0.721163   -0.720716 0.000101972
88   -0.720582   -0.720715 0.000100818
89   -0.720531   -0.720713 9.97002e-05
90    -0.71875   -0.720691 0.000100969
91   -0.720779   -0.720692 9.98578e-05
92   -0.721618   -0.720702 9.92775e-05
93   -0.718746   -0.720681 0.000100432
94   -0.722134   -0.720697 0.000100554
95   -0.721717   -0.720707 0.000100068
96   -0.720744   -0.720708 9.90207e-05
97   -0.718496   -0.720685 0.000100612
98   -0.720261   -0.720681 9.96741e-05
99    -0.72031   -0.720677 9.87329e-05
100   -0.721565   -0.720686 9.81432e-05
101   -0.719672   -0.720676 9.76835e-05
102   -0.721381   -0.720683 9.69679e-05
103   -0.719192   -0.720668 9.71062e-05
104   -0.719563   -0.720657 9.67529e-05
105   -0.722325   -0.720673 9.71339e-05
106   -0.719282    -0.72066 9.71048e-05
107   -0.721222   -0.720665 9.63364e-05
108    -0.71963   -0.720656 9.59202e-05
109   -0.721522   -0.720664 9.53675e-05
110   -0.719251   -0.720651 9.53651e-05
111   -0.721774   -0.720661 9.50425e-05
112   -0.719571   -0.720651 9.46914e-05
113   -0.722477   -0.720667 9.52299e-05
114   -0.718963   -0.720653 9.55674e-05
115   -0.723061   -0.720673 9.70198e-05
116   -0.719762   -0.720666 9.65005e-05
117   -0.720672   -0.720666 9.56722e-05
118   -0.719595   -0.720657 9.52907e-05
119   -0.720973   -0.720659 9.45239e-05
120    -0.72204   -0.720671 9.44365e-05
121   -0.719387    -0.72066 9.42516e-05
122   -0.719715   -0.720652 9.37963e-05
123   -0.721976   -0.720663 9.36508e-05
124   -0.720499   -0.720662 9.29019e-05
125   -0.720443    -0.72066 9.21723e-05
126   -0.721069   -0.720663 9.14954e-05
127   -0.722245   -0.720676 9.16222e-05
128    -0.71924   -0.720665 9.15931e-05
129    -0.72121   -0.720669 9.09784e-05
130   -0.722138    -0.72068 9.09802e-05
131   -0.720384   -0.720678 9.03113e-05
132   -0.720112   -0.720674 8.97269e-05
133   -0.718675   -0.720659 9.03085e-05
134     -0.7208    -0.72066 8.96382e-05
135    -0.72064   -0.720659 8.89718e-05
136   -0.720794    -0.72066 8.83207e-05
137   -0.722126   -0.720671 8.83243e-05
138   -0.720602   -0.720671 8.76833e-05
139   -0.720947   -0.720673  8.7073e-05
140    -0.72052   -0.720672 8.64557e-05
141   -0.719235   -0.720661 8.64426e-05
142   -0.721987   -0.720671 8.63381e-05
143   -0.720864   -0.720672 8.57429e-05
144   -0.722018   -0.720681 8.56565e-05
145   -0.719326   -0.720672 8.55755e-05
146   -0.720016   -0.720668  8.5106e-05
147   -0.721107   -0.720671  8.4578e-05
148   -0.721587   -0.720677 8.42326e-05
149   -0.720229   -0.720674 8.37194e-05
150   -0.722085   -0.720683 8.36898e-05
151   -0.720178    -0.72068 8.32011e-05
152    -0.71963   -0.720673 8.29397e-05
153   -0.719478   -0.720665 8.27649e-05
154   -0.722597   -0.720678  8.3177e-05
155   -0.719962   -0.720673 8.27676e-05
156   -0.721637   -0.720679 8.24671e-05
157   -0.720614   -0.720679 8.19412e-05
158    -0.72101   -0.720681 8.14478e-05
159   -0.721206   -0.720684 8.10014e-05
160   -0.720701   -0.720684 8.04936e-05
161   -0.719587   -0.720677 8.02818e-05
162   -0.722578   -0.720689 8.06423e-05
163   -0.721051   -0.720691 8.01768e-05
164   -0.720339   -0.720689 7.97153e-05
165   -0.719546   -0.720682 7.95333e-05
166   -0.719886   -0.720678  7.9198e-05
167   -0.721272   -0.720681 7.88028e-05
168   -0.720744   -0.720681 7.83332e-05
169   -0.721363   -0.720685 7.79728e-05
170   -0.720659   -0.720685 7.75129e-05
171   -0.721275   -0.720689 7.71354e-05
172   -0.722208   -0.720698 7.71927e-05
173   -0.719648   -0.720692 7.69846e-05
174   -0.720267   -0.720689 7.65797e-05
175   -0.718357   -0.720676 7.72985e-05
176   -0.721136   -0.720678 7.69025e-05
177   -0.722499   -0.720689 7.71556e-05
178   -0.720374   -0.720687 7.67413e-05
179   -0.720434   -0.720686 7.63245e-05
180   -0.721398   -0.720689 7.60025e-05
181   -0.720046   -0.720686 7.56649e-05
182    -0.72029   -0.720684 7.52795e-05
183   -0.721587   -0.720689 7.50296e-05
184   -0.722653   -0.720699 7.53804e-05
185   -0.721781   -0.720705 7.51994e-05
186    -0.71992   -0.720701  7.4913e-05
187   -0.721382   -0.720705 7.46004e-05
188   -0.722194   -0.720713  7.4624e-05
189   -0.721296   -0.720716 7.42923e-05
190   -0.720822   -0.720716 7.39024e-05
191   -0.722206   -0.720724 7.39273e-05
192   -0.719136   -0.720716 7.40049e-05
193   -0.718941   -0.720707 7.41926e-05
194   -0.721704   -0.720712 7.39881e-05
195   -0.719827   -0.720707 7.37473e-05
196    -0.72044   -0.720706 7.33827e-05
197   -0.721195   -0.720708 7.30515e-05
198   -0.720262   -0.720706 7.27165e-05
199   -0.720349   -0.720704 7.23724e-05
200   -0.719298   -0.720697 7.23523e-05
