1     10.5999    0.211998           0
2     10.5636    0.211635   0.0003636
3     10.3809    0.210296  0.00135516
4     10.6093    0.210768  0.00106836
5     11.3738     0.21411  0.00344262
6      10.113    0.212135   0.0034353
7     10.7082    0.212425  0.00291777
8     11.0244    0.213433  0.00272046
9      10.684     0.21346  0.00239938
10     11.6534    0.215421  0.00290687
11      11.293     0.21637  0.00279538
12     11.2018    0.217009  0.00263058
13     11.6468    0.218234  0.00271229
14     9.87156    0.216748   0.0029178
15     10.8341    0.216744  0.00271633
16     11.7599    0.217897  0.00279041
17     12.3928    0.219659  0.00315851
18     10.8111    0.219468  0.00298399
19     10.1265    0.218577  0.00296002
20      10.376    0.218024  0.00286203
21     10.6949    0.217828  0.00272941
22     11.8571    0.218706  0.00274648
23     10.7077    0.218508  0.00263181
24     11.7214    0.219171  0.00260562
25     11.0484    0.219243  0.00250026
26     11.5681    0.219709  0.00244697
27     11.4414    0.220047   0.0023787
28     10.9532    0.220012  0.00229244
29      11.584    0.220414  0.00224828
30     10.7317    0.220221  0.00218057
31      10.089    0.219626  0.00219135
32     11.2056    0.219767  0.00212639
33     11.7438    0.220224  0.00211119
34     11.0956    0.220274  0.00204876
35     10.7724    0.220136  0.00199413
36     10.1518    0.219661  0.00199531
37     11.1576    0.219756  0.00194293
38     10.3712    0.219431  0.00191875
39     11.4368     0.21967  0.00188407
40     12.0115    0.220184  0.00190695
41     11.2678     0.22031  0.00186413
42     10.1756     0.21991  0.00186265
43     11.3962    0.220096  0.00182834
44     10.2361    0.219747  0.00182016
45     11.1652    0.219826  0.00178101
46       9.739    0.219281  0.00182497
47      11.584    0.219545   0.0018051
48     10.9573    0.219537  0.00176712
49     10.8536    0.219487  0.00173141
50     9.21564    0.218783   0.0018365
51     11.7013    0.219082  0.00182478
52     10.4366    0.218883  0.00180038
53      9.5816    0.218369   0.0018394
54     9.44252    0.217822  0.00188598
55     10.1737    0.217561  0.00186966
56     10.6384    0.217476  0.00183796
57     12.2082    0.217944  0.00186516
58     11.2828    0.218077  0.00183754
59     11.2481    0.218194  0.00180989
60     10.1836    0.217952  0.00179585
61     10.8979    0.217952  0.00176616
62     9.40132    0.217469  0.00180324
63     9.93748    0.217172  0.00179909
64     11.8978    0.217497  0.00180029
65      10.704    0.217444  0.00177316
66     11.5581    0.217652  0.00175841
67     10.5729    0.217559  0.00173444
68     11.8911    0.217857  0.00173453
69     10.1982    0.217656  0.00172102
70     12.8157    0.218208  0.00178389
71     10.5404    0.218104  0.00176167
72     11.3811    0.218236  0.00174206
73     11.0605    0.218277  0.00171851
74     10.0516    0.218044  0.00171107
75     10.4971    0.217936  0.00169156
76     11.2822    0.218037  0.00167223
77       10.36    0.217897  0.00165636
78     11.4632    0.218042  0.00164147
79     10.5524    0.217954  0.00162298
80     10.9337    0.217963  0.00160259
81     10.7592    0.217929  0.00158305
82     10.5493    0.217844  0.00156592
83     11.6616    0.218029    0.001558
84     11.3633    0.218139  0.00154327
85      10.122    0.217955  0.00153615
86      9.7546    0.217689  0.00154128
87     11.2369     0.21777  0.00152561
88     10.6249     0.21771  0.00150937
89     9.57148    0.217415  0.00152124
90     11.5567    0.217567  0.00151195
91     11.2369    0.217646  0.00149732
92     10.7572    0.217619   0.0014812
93      11.327    0.217715  0.00146833
94     10.7334    0.217682  0.00145299
95     11.8748    0.217891  0.00145266
96     11.3414    0.217984  0.00144046
97     10.5597    0.217914  0.00142725
98     11.1142    0.217958  0.00141332
99     9.56464    0.217689  0.00142466
100     9.88688    0.217489  0.00142438
101     11.1192    0.217538  0.00141104
102      10.189    0.217403  0.00140364
103     11.1488    0.217457    0.001391
104     10.0797    0.217305  0.00138598
105     10.3395    0.217205  0.00137636
106     11.7294    0.217369  0.00137314
107     9.94848    0.217197  0.00137107
108     10.5358    0.217137  0.00135964
109      9.0262    0.216801  0.00138836
110     11.5867    0.216936  0.00138236
111     11.2923    0.217017   0.0013722
112     11.6123    0.217153  0.00136668
113      11.218    0.217216  0.00135603
114     10.9128    0.217226  0.00134411
115      10.621    0.217184  0.00133303
116     11.7134    0.217331  0.00132967
117     11.7576    0.217483  0.00132702
118       10.24    0.217376  0.00132011
119     9.61692    0.217166  0.00132577
120     10.3116    0.217074  0.00131783
121     11.9309    0.217252  0.00131897
122     11.3579    0.217334  0.00131063
123     11.9691    0.217513  0.00131223
124      10.554    0.217461  0.00130264
125     11.3553    0.217538  0.00129448
126      10.959    0.217551  0.00128423
127     11.4062    0.217634  0.00127679
128      10.054    0.217505  0.00127336
129     11.2789    0.217568    0.001265
130     11.7156    0.217697  0.00126183
131     11.6659    0.217816  0.00125782
132     12.1157    0.218001  0.00126198
133     8.87152    0.217696  0.00128907
134     11.0556    0.217722  0.00127967
135     11.8566    0.217866  0.00127826
136     11.1582    0.217905  0.00126943
137     11.2906    0.217962  0.00126145
138     11.0349    0.217982  0.00125243
139     10.5423    0.217931  0.00124445
140     11.7261    0.218049   0.0012412
141     11.5828    0.218146  0.00123614
142     10.8454    0.218137  0.00122743
143     13.1099    0.218445  0.00125716
144      10.709    0.218416  0.00124875
145     10.8606    0.218407  0.00124014
146     11.2078    0.218447  0.00123224
147     9.43764    0.218245  0.00124039
148      10.303    0.218162  0.00123473
149      9.9072    0.218028  0.00123375
150      11.752    0.218141  0.00123074
151     11.1197     0.21817  0.00122288
152     11.5291    0.218251  0.00121755
153     10.8675    0.218245  0.00120958
154     11.9722    0.218383  0.00120956
155     11.3435    0.218438  0.00120298
156      11.673    0.218534  0.00119912
157     10.8677    0.218526  0.00119148
158     10.9262    0.218526  0.00118391
159      10.967    0.218532  0.00117645
160     8.34368    0.218209  0.00121284
161     11.4075     0.21827  0.00120686
162     11.2057    0.218307  0.00119993
163     9.11336    0.218085  0.00121287
164     10.6906    0.218059  0.00120574
165     10.1034    0.217962  0.00120232
166     10.3529    0.217897  0.00119686
167     12.4743    0.218086  0.00120461
168     10.6276    0.218053  0.00119787
169     10.2004     0.21797  0.00119366
170     10.8322    0.217962  0.00118664
171     10.9371    0.217967  0.00117969
172     10.9555    0.217973  0.00117283
173     10.8802    0.217971  0.00116604
174     11.0692    0.217991  0.00115948
175     10.7999    0.217979  0.00115289
176     10.8269    0.217971  0.00114635
177     10.7194    0.217951  0.00114004
178     10.6864    0.217927  0.00113386
179     10.0267     0.21783  0.00113169
180     11.0561    0.217848  0.00112553
181     11.0052    0.217861  0.00111937
182     11.3431     0.21791   0.0011143
183     10.3644    0.217852  0.00110971
184     10.7152    0.217833  0.00110383
185     10.5166    0.217792   0.0010986
186     10.3312    0.217732  0.00109433
187     11.0556     0.21775  0.00108861
188     9.47296      0.2176  0.00109321
189     10.5834    0.217569  0.00108786
190     10.5031    0.217529  0.00108284
191      11.171     0.21756   0.0010776
192     11.1693     0.21759   0.0010724
193     11.3693    0.217641  0.00106804
194     10.2724    0.217578  0.00106437
195     11.0516    0.217596  0.00105905
196     10.6764    0.217575  0.00105384
197     11.1528    0.217603  0.00104884
198     11.6461     0.21768   0.0010464
199     11.1721    0.217709  0.00104153
200       10.29     0.21765  0.00103802
1     10.5117    0.210234           0
2     10.5654     0.21077   0.0005368
3     10.3726    0.209664  0.00114873
4     10.6306    0.210401  0.00109689
5        11.4    0.213921  0.00362097
6     10.1214    0.212006   0.0035229
7     10.6968    0.212281  0.00299015
8     11.0104    0.213272  0.00277266
9     10.6779    0.213304  0.00244546
10     11.6709    0.215316  0.00297154
11     11.3053    0.216297  0.00286128
12      11.192    0.216925  0.00268656
13     11.6475    0.218158  0.00276163
14     9.87716    0.216685  0.00295047
15      10.819    0.216665  0.00274681
16     11.7519    0.217813  0.00281434
17      12.382    0.219568  0.00317283
18     10.8139    0.219385  0.00299695
19     10.1244    0.218496  0.00297104
20     10.3684    0.217939  0.00287297
21     10.7124    0.217764  0.00273839
22     11.8534    0.218641  0.00275447
23     10.7126     0.21845   0.0026389
24     11.7099    0.219106  0.00261037
25     11.0267    0.219164  0.00250443
26     11.5684    0.219633  0.00245154
27     11.4448    0.219976  0.00238381
28     10.9446    0.219937  0.00229743
29     11.5864    0.220344  0.00225376
30     10.7533    0.220168  0.00218444
31     10.1061    0.219586  0.00219153
32     11.2203    0.219737  0.00212728
33      11.737    0.220191  0.00211134
34     11.1147    0.220253  0.00204924
35     10.7615    0.220109    0.001995
36     10.1626    0.219641  0.00199454
37     11.1572    0.219736  0.00194219
38     10.3762    0.219415  0.00191751
39     11.4114     0.21964  0.00188132
40     12.0012     0.22015  0.00190317
41      11.275    0.220281  0.00186075
42     10.1713    0.219879  0.00185972
43     11.4006    0.220068  0.00182578
44     10.2493    0.219726  0.00181643
45     11.1768     0.21981  0.00177763
46     9.73712    0.219265  0.00182196
47      11.597    0.219535  0.00180305
48     10.9368    0.219518  0.00176517
49     10.8634    0.219472  0.00172938
50     9.21136    0.218767  0.00183521
51     11.7041    0.219068  0.00182376
52     10.4231    0.218864  0.00179994
53     9.59988    0.218357  0.00183697
54     9.41708    0.217801  0.00188639
55     10.1643    0.217537  0.00187048
56     10.6146    0.217443  0.00183916
57     12.2184    0.217916  0.00186734
58      11.303    0.218056  0.00184023
59     11.2396     0.21817  0.00181237
60     10.1875     0.21793  0.00179804
61     10.8907    0.217928  0.00176832
62      9.4308    0.217455  0.00180266
63     9.94948    0.217162  0.00179787
64     11.8764    0.217481  0.00179794
65     10.7148    0.217431  0.00177074
66     11.5744    0.217644  0.00175667
67     10.5652     0.21755  0.00173283
68     11.8739    0.217843  0.00173213
69     10.1908     0.21764  0.00171891
70     12.7884    0.218184  0.00177958
71     10.5594    0.218086   0.0017571
72      11.396    0.218222   0.0017379
73     11.0613    0.218263  0.00171442
74     10.0456    0.218029  0.00170728
75      10.485    0.217918  0.00168802
76     11.2791    0.218019  0.00166871
77     10.3536    0.217877  0.00165302
78     11.4483    0.218019  0.00163787
79     10.5577    0.217932  0.00161934
80     10.9416    0.217943  0.00159901
81      10.753    0.217908  0.00157955
82     10.5608    0.217826   0.0015623
83     11.6552     0.21801   0.0015543
84     11.3786    0.218124   0.0015399
85     10.1195    0.217939  0.00153289
86     9.74616    0.217671  0.00153842
87     11.2548    0.217756  0.00152303
88     10.6354    0.217699  0.00150671
89     9.56972    0.217404  0.00151872
90     11.5386    0.217552  0.00150908
91     11.2564    0.217635  0.00149473
92     10.7641     0.21761  0.00147861
93     11.3166    0.217704  0.00146563
94     10.7354    0.217672   0.0014503
95      11.892    0.217884  0.00145057
96     11.3331    0.217975  0.00143829
97     10.5476    0.217903  0.00142523
98     11.1219    0.217949  0.00141137
99     9.57944    0.217683  0.00142219
100     9.87324    0.217481  0.00142234
101     11.1346    0.217532  0.00140913
102      10.188    0.217397  0.00140177
103     11.1467    0.217451  0.00138913
104     10.0724    0.217297  0.00138429
105     10.3456    0.217198   0.0013746
106     11.7288    0.217362  0.00137141
107     9.95408    0.217191  0.00136923
108      10.537    0.217132  0.00135781
109     9.02776    0.216796  0.00138651
110     11.5738     0.21693  0.00138032
111     11.2844    0.217009   0.0013701
112     11.6106    0.217144  0.00136458
113     11.2248    0.217209  0.00135402
114     10.9212     0.21722  0.00134213
115      10.633     0.21718    0.001331
116     11.7113    0.217327  0.00132763
117      11.764    0.217481  0.00132515
118      10.244    0.217374   0.0013182
119     9.62628    0.217165  0.00132365
120     10.3026    0.217073  0.00131584
121     11.9267     0.21725  0.00131692
122     11.3578    0.217331   0.0013086
123     11.9493    0.217507   0.0013098
124     10.5547    0.217455  0.00130023
125     11.3394     0.21753  0.00129194
126     10.9646    0.217544  0.00128172
127     11.4328    0.217632   0.0012746
128     10.0332    0.217499  0.00127153
129     11.2656     0.21756  0.00126309
130     11.7194    0.217689     0.00126
131     11.6768     0.21781  0.00125619
132     12.1218    0.217997  0.00126052
133     8.87224    0.217692  0.00128762
134     11.0437    0.217715   0.0012782
135     11.8695    0.217861  0.00127704
136     11.1672    0.217901  0.00126825
137     11.3074    0.217962   0.0012604
138     11.0418    0.217982  0.00125141
139      10.554    0.217933  0.00124336
140     11.7402    0.218053  0.00124032
141       11.57    0.218148  0.00123512
142     10.8507     0.21814  0.00122642
143     13.1205     0.21845  0.00125655
144     10.7226    0.218422   0.0012481
145     10.8717    0.218415  0.00123948
146     11.1847    0.218451  0.00123149
147     9.45304    0.218251  0.00123932
148     10.3026    0.218169  0.00123367
149     9.88172    0.218031  0.00123309
150     11.7528    0.218145  0.00123009
151     11.1284    0.218174  0.00122227
152     11.5325    0.218256  0.00121697
153     10.8641     0.21825  0.00120901
154     11.9797    0.218388   0.0012091
155     11.3412    0.218443  0.00120251
156      11.712    0.218544  0.00119906
157     10.8661    0.218536  0.00119142
158      10.916    0.218535  0.00118386
159     10.9926    0.218543  0.00117642
160     8.35928    0.218222  0.00121231
161     11.4031    0.218283  0.00120631
162     11.2077    0.218319  0.00119938
163     9.10472    0.218097  0.00121254
164     10.6779    0.218069  0.00120545
165     10.1358    0.217976  0.00120173
166     10.3662    0.217912  0.00119619
167     12.4939    0.218104  0.00120431
168     10.6277    0.218071  0.00119758
169     10.2146    0.217989  0.00119326
170     10.8449    0.217983  0.00118623
171     10.9443    0.217988  0.00117929
172     10.9746    0.217997  0.00117245
173     10.8817    0.217995  0.00116565
174     11.0608    0.218013  0.00115908
175     10.7726    0.217998  0.00115253
176     10.8132    0.217989  0.00114601
177     10.7438    0.217971  0.00113965
178     10.6842    0.217947  0.00113348
179     10.0175    0.217849  0.00113141
180     11.0798    0.217869   0.0011253
181     11.0002    0.217881  0.00111913
182     11.3666    0.217933  0.00111417
183      10.369    0.217875  0.00110957
184     10.7161    0.217856  0.00110369
185     10.5109    0.217815  0.00109849
186     10.3082    0.217752  0.00109436
187     11.0446    0.217769  0.00108862
188     9.48276    0.217619  0.00109309
189     10.5703    0.217587  0.00108779
190     10.5031    0.217547  0.00108277
191     11.1629    0.217577   0.0010775
192     11.1896    0.217609  0.00107237
193     11.3995    0.217663  0.00106815
194     10.2785    0.217601  0.00106446
195     11.0277    0.217616  0.00105909
196     10.6504    0.217592  0.00105394
197     11.1379    0.217619   0.0010489
198      11.627    0.217694  0.00104631
199      11.182    0.217724  0.00104146
200     10.2992    0.217665  0.00103791
