2.34436           0
2.35322  0.00885832
2.34827  0.00711383
2.3471  0.00516554
2.34904  0.00444677
2.34637  0.00450627
2.34625  0.00381031
2.34997  0.00496777
2.34876  0.00454364
2.3529  0.00579773
2.34988  0.00605139
2.34547  0.00706472
2.34108  0.00784507
2.3383  0.00777631
2.33821  0.00723999
2.33681   0.0069157
2.33913  0.00689911
2.34149  0.00692163
2.34025  0.00666482
2.34096  0.00636253
2.33883   0.0064156
2.33844  0.00612962
2.33901  0.00588478
2.33928  0.00564076
2.33834  0.00549063
2.33704  0.00543255
2.33591  0.00534931
2.33542   0.0051776
2.33636  0.00508203
2.33688  0.00493807
2.33749  0.00481424
2.33857  0.00478432
2.33769  0.00471872
2.3397  0.00499875
2.34089   0.0049985
2.34055  0.00486994
2.34116  0.00477556
2.34108  0.00464886
2.34288  0.00487464
2.34332  0.00477098
2.3434  0.00465388
2.34378  0.00455744
2.34304  0.00451072
2.34258  0.00443114
2.34291  0.00434401
2.34295  0.00424877
2.34346  0.00418846
2.34289  0.00413948
2.34259  0.00406544
2.34279  0.00398844
2.34352  0.00397557
2.34304   0.0039268
2.34336  0.00386516
2.34346  0.00379424
2.34387  0.00374682
2.34379  0.00368014
2.34303  0.00369353
2.34353  0.00366311
2.34405  0.00363714
2.34346  0.00362332
2.34325  0.00356956
2.34393  0.00357704
2.34366  0.00353064
2.34395  0.00348757
2.34384   0.0034354
2.3439  0.00338357
2.34291  0.00347916
2.34247  0.00345513
2.3425  0.00340482
2.34275  0.00336524
2.34363  0.00343167
2.34329  0.00340114
2.34365  0.00337431
2.34421  0.00337405
2.34412  0.00333002
2.3444  0.00329815
2.34459  0.00326084
2.34469  0.00322021
2.34471  0.00317928
2.34514  0.00316824
2.34489  0.00313873
2.34497  0.00310116
2.34506   0.0030648
2.3455  0.00306064
2.34591  0.00305137
2.34543   0.0030536
2.34562  0.00302431
2.34551  0.00299172
2.34527  0.00296788
2.34531  0.00293503
2.34556   0.0029131
2.34518  0.00290519
2.34508  0.00287578
2.34498  0.00284658
2.34501  0.00281658
2.34554  0.00283822
2.34538  0.00281383
2.34566  0.00279958
2.34595  0.00278645
2.3462  0.00276981
2.34591  0.00275736
2.34579  0.00273284
2.34535  0.00274205
2.34516  0.00272235
2.3453  0.00270005
2.34542  0.00267719
2.34551  0.00265333
2.34552  0.00262867
2.34542  0.00260614
2.34526  0.00258722
2.3454  0.00256753
2.34562  0.00255404
2.34568  0.00253186
2.34571  0.00250977
2.34571  0.00248785
2.34559  0.00246943
2.34554  0.00244872
2.34573  0.00243591
2.34566  0.00241653
2.34617  0.00245092
2.34606  0.00243314
2.34607  0.00241311
2.34628  0.00240279
2.34634  0.00238406
2.34662  0.00238149
2.34653  0.00236432
2.34609  0.00238504
2.346  0.00236807
2.34587   0.0023536
2.34598  0.00233804
2.34611  0.00232378
2.34586  0.00231925
2.34597  0.00230422
2.34581  0.00229238
2.34575  0.00227611
2.34573   0.0022594
2.34575  0.00224291
2.34614  0.00226125
2.34613  0.00224493
2.34608   0.0022295
2.34607  0.00221368
2.34615  0.00219956
2.34583  0.00220772
2.34584  0.00219242
2.34589  0.00217779
2.34595  0.00216361
2.34609  0.00215301
2.34606  0.00213862
2.3461  0.00212464
2.34599  0.00211319
2.34593  0.00210004
2.34609  0.00209207
2.34608  0.00207836
2.34615  0.00206588
2.34621  0.00205334
2.34624   0.0020404
2.34596  0.00204576
2.34595  0.00203283
2.34591  0.00202035
2.34584  0.00200898
2.34601  0.00200363
2.34614  0.00199566
2.34619  0.00198391
2.34613  0.00197254
2.34605  0.00196239
2.34573  0.00197572
2.34591  0.00197151
2.34626  0.00199147
2.34624  0.00197977
2.34611  0.00197228
2.34624  0.00196469
2.34619  0.00195369
2.34621  0.00194247
2.34619  0.00193147
2.34596   0.0019339
2.3458  0.00192945
2.34592  0.00192247
2.34582  0.00191416
2.34552  0.00192714
2.34536  0.00192325
2.34536   0.0019126
2.34508  0.00192136
2.3452  0.00191452
2.34502  0.00191327
2.34488  0.00190753
2.34535  0.00195345
2.34546  0.00194636
2.3453  0.00194268
2.34517  0.00193685
2.3454  0.00194061
2.34561  0.00194123
2.34553  0.00193281
2.34517  0.00195609
2.34501  0.00195192
2.34512  0.00194479
2.34507  0.00193544
2.34491   0.0019325
2.34495  0.00192318
2.3447  0.00192931
2.34454  0.00192643
2.34117           0
2.34912  0.00795097
2.34375  0.00706361
2.34341  0.00500646
2.3477  0.00578521
2.34498  0.00545185
2.34662  0.00489048
2.34931  0.00501805
2.34894  0.00444097
2.35235  0.00523559
2.34776  0.00659876
2.34255   0.0079604
2.33869  0.00827982
2.33603  0.00811414
2.33667  0.00758087
2.33453  0.00740554
2.33671  0.00728847
2.33934   0.0073583
2.33846  0.00701613
2.33957  0.00674918
2.33743  0.00676819
2.3365   0.0065197
2.33709  0.00625739
2.33782   0.0060359
2.33704  0.00584256
2.33583  0.00574111
2.33507  0.00557672
2.3347  0.00538682
2.33578  0.00531028
2.33653  0.00518376
2.33727  0.00506832
2.33819  0.00499237
2.337  0.00498216
2.33908  0.00526273
2.34006  0.00520354
2.33979  0.00506451
2.34042  0.00496604
2.34004  0.00484808
2.34162  0.00497785
2.34208  0.00487352
2.342  0.00475372
2.34262   0.0046803
2.34168  0.00466562
2.34128    0.004576
2.34179  0.00450225
2.34175  0.00440347
2.34246  0.00436574
2.34186  0.00431588
2.3417  0.00422974
2.34215  0.00416852
2.34292  0.00415798
2.34247  0.00410207
2.34276   0.0040342
2.3426  0.00396204
2.34319  0.00393405
2.34313  0.00386362
2.34246  0.00385354
2.34275  0.00379779
2.34324  0.00376444
2.34255   0.0037643
2.34243    0.003704
2.34322  0.00372675
2.34304  0.00367124
2.34332  0.00362441
2.3434  0.00356905
2.34366  0.00352385
2.34254  0.00364605
2.34226   0.0036034
2.34215  0.00355243
2.34227  0.00350332
2.34317  0.00356935
2.34294   0.0035265
2.34331  0.00349663
2.34379   0.0034823
2.34358  0.00344173
2.34384  0.00340571
2.34397  0.00336396
2.34418  0.00332719
2.34415    0.003285
2.34459  0.00327415
2.34419  0.00325791
2.34427  0.00321887
2.34436   0.0031811
2.34476  0.00316812
2.34522  0.00316518
2.34478  0.00315967
2.345  0.00313098
2.34496  0.00309543
2.34482  0.00306371
2.34508  0.00304017
2.34531  0.00301587
2.34497  0.00300246
2.34488  0.00297148
2.34468  0.00294599
2.34467  0.00291484
2.34513  0.00292063
2.34503  0.00289233
2.3453  0.00287609
2.34551  0.00285454
2.34582  0.00284307
2.34561  0.00282315
2.34546  0.00279909
2.34504  0.00280405
2.3449  0.00278037
2.34511  0.00276149
2.34527  0.00273991
2.34522   0.0027145
2.34539  0.00269424
2.34536  0.00266952
2.34525  0.00264735
2.34541  0.00262814
2.34564  0.00261425
2.34578  0.00259469
2.34569  0.00257332
2.34566  0.00255105
2.34557  0.00253027
2.34555  0.00250863
2.34574  0.00249431
2.34571  0.00247345
2.34611   0.0024856
2.34595  0.00247061
2.3459  0.00245067
2.34609  0.00243771
2.34616  0.00241913
2.34653  0.00242834
2.34642  0.00241149
2.34597   0.0024347
2.34595  0.00241572
2.34589  0.00239762
2.346  0.00238145
2.34618  0.00236995
2.34599  0.00235919
2.34604  0.00234195
2.34585  0.00233242
2.34578  0.00231609
2.34573  0.00229952
2.34575  0.00228277
2.34613  0.00229762
2.3461  0.00228131
2.34595  0.00226937
2.34588  0.00225452
2.34606  0.00224643
2.34568  0.00226424
2.34572  0.00224891
2.34578  0.00223411
2.34585  0.00221973
2.34599  0.00220956
2.34586  0.00219862
2.34588  0.00218388
2.34583  0.00216984
2.34578  0.00215594
2.34591  0.00214593
2.3459  0.00213188
2.34609  0.00212588
2.34611  0.00211221
2.34605  0.00209932
2.34573  0.00211016
2.34575   0.0020968
2.34565  0.00208587
2.3456  0.00207351
2.34575   0.0020667
2.3459  0.00205929
2.34593  0.00204685
2.34586  0.00203578
2.34584   0.0020235
2.34557  0.00202892
2.3457   0.0020209
2.34606  0.00204093
2.34595  0.00203202
2.34581  0.00202437
2.34591  0.00201483
2.34594  0.00200323
2.34597   0.0019919
2.34584  0.00198453
2.3456  0.00198808
2.34536  0.00199043
2.34553  0.00198616
2.34543   0.0019775
2.34513  0.00199009
2.34498  0.00198446
2.34497   0.0019735
2.34474  0.00197576
2.34489  0.00197083
2.34475  0.00196489
2.34457  0.00196275
2.34502  0.00200273
2.34515  0.00199654
2.34501  0.00199116
2.34487   0.0019854
2.3451  0.00198862
2.34529  0.00198667
2.34518  0.00197937
2.3448  0.00200436
2.34466  0.00199908
2.34478  0.00199211
2.34471  0.00198294
2.34458  0.00197755
2.34468  0.00197029
2.34447  0.00197182
2.34435  0.00196537
