1   -0.972886   -0.972886           0
2   -0.972138   -0.972512   0.0003744
3   -0.971878   -0.972301 0.000302209
4   -0.977011   -0.973478  0.00119683
5   -0.975509   -0.973884   0.0010121
6   -0.974408   -0.973972 0.000830969
7   -0.976357   -0.974312 0.000780586
8   -0.972672   -0.974107 0.000706423
9   -0.975298    -0.97424 0.000636888
10   -0.971768   -0.973992  0.00062096
11   -0.974515    -0.97404 0.000563686
12   -0.972219   -0.973888 0.000536477
13   -0.971651   -0.973716  0.00052263
14   -0.977189   -0.973964 0.000543735
15   -0.975562   -0.974071  0.00051727
16   -0.971482   -0.973909 0.000510204
17   -0.974712   -0.973956 0.000481576
18   -0.976109   -0.974076  0.00046952
19   -0.974669   -0.974107 0.000445217
20   -0.975059   -0.974155 0.000425045
21   -0.975915   -0.974238   0.0004129
22   -0.976789   -0.974354 0.000410398
23   -0.974254    -0.97435 0.000392173
24    -0.97189   -0.974247 0.000389221
25   -0.973811    -0.97423 0.000373735
26   -0.979997   -0.974452 0.000422053
27   -0.977648    -0.97457 0.000423021
28   -0.976318   -0.974633 0.000412387
29   -0.976861   -0.974709 0.000405263
30   -0.972595   -0.974639 0.000397814
31   -0.973933   -0.974616 0.000385441
32   -0.972453   -0.974549 0.000379276
33    -0.97575   -0.974585 0.000369402
34    -0.97543    -0.97461 0.000359234
35   -0.974856   -0.974617  0.00034889
36   -0.973738   -0.974592 0.000339939
37   -0.975509   -0.974617  0.00033155
38   -0.972208   -0.974554 0.000328876
39   -0.973211   -0.974519 0.000322177
40   -0.975414   -0.974542 0.000314816
41   -0.975685    -0.97457 0.000308304
42   -0.976429   -0.974614 0.000304113
43   -0.971171   -0.974534  0.00030756
44   -0.974187   -0.974526 0.000300592
45   -0.973158   -0.974496 0.000295404
46   -0.974677     -0.9745 0.000288938
47   -0.974272   -0.974495 0.000282765
48   -0.973069   -0.974465   0.0002784
49   -0.974043   -0.974456 0.000272795
50   -0.974062   -0.974449   0.0002674
51   -0.969862   -0.974359 0.000277101
52   -0.976454   -0.974399 0.000274693
53   -0.972688   -0.974367 0.000271387
54   -0.971982   -0.974322 0.000269949
55   -0.976088   -0.974355 0.000266933
56   -0.976018   -0.974384 0.000263799
57   -0.971758   -0.974338 0.000263193
58    -0.97355   -0.974325 0.000258972
59   -0.971736   -0.974281 0.000258298
60   -0.975717   -0.974305 0.000255082
61   -0.973381    -0.97429 0.000251322
62   -0.974058   -0.974286 0.000247264
63   -0.975782    -0.97431 0.000244464
64   -0.969853    -0.97424 0.000250489
65   -0.973213   -0.974224  0.00024711
66    -0.97741   -0.974272 0.000248078
67   -0.974045   -0.974269 0.000244371
68   -0.976738   -0.974305 0.000243472
69   -0.973498   -0.974294 0.000240203
70   -0.973984   -0.974289 0.000236788
71   -0.969891   -0.974227 0.000241508
72   -0.975605   -0.974246 0.000238897
73   -0.971754   -0.974212 0.000238064
74    -0.97284   -0.974194 0.000235556
75   -0.975325   -0.974209 0.000232883
76    -0.97083   -0.974164 0.000234058
77     -0.9724   -0.974141 0.000232132
78   -0.974867   -0.974151 0.000229325
79    -0.97335   -0.974141  0.00022663
80   -0.973074   -0.974127 0.000224176
81   -0.971915     -0.9741 0.000223069
82   -0.973466   -0.974092 0.000220468
83   -0.972653   -0.974075 0.000218485
84    -0.97579   -0.974095 0.000216832
85   -0.968099   -0.974025 0.000225579
86   -0.971043    -0.97399  0.00022562
87   -0.976014   -0.974013 0.000224223
88   -0.976872   -0.974046 0.000224028
89   -0.972426   -0.974028 0.000222243
90   -0.972763   -0.974014 0.000220209
91   -0.976243   -0.974038 0.000219149
92   -0.974581   -0.974044 0.000216834
93   -0.974299   -0.974047 0.000214508
94   -0.976701   -0.974075 0.000214084
95   -0.974517    -0.97408 0.000211869
96   -0.979294   -0.974134 0.000216574
97   -0.978254   -0.974176 0.000218498
98   -0.977408   -0.974209 0.000218757
99    -0.97247   -0.974192 0.000217247
100   -0.973958   -0.974189 0.000215077
101   -0.976648   -0.974214 0.000214323
102     -0.9772   -0.974243 0.000214222
103   -0.972051   -0.974222 0.000213196
104   -0.981658   -0.974293 0.000222914
105   -0.971896    -0.97427 0.000221958
106   -0.974717   -0.974275 0.000219894
107   -0.972938   -0.974262 0.000218188
108    -0.97771   -0.974294 0.000218503
109   -0.973323   -0.974285 0.000216673
110   -0.974861    -0.97429 0.000214758
111   -0.974926   -0.974296 0.000212891
112   -0.976886   -0.974319 0.000212246
113   -0.974651   -0.974322 0.000210379
114   -0.975608   -0.974333 0.000208831
115     -0.9766   -0.974353 0.000207943
116   -0.972541   -0.974338 0.000206734
117   -0.973093   -0.974327 0.000205235
118   -0.975414   -0.974336 0.000203697
119    -0.97395   -0.974333 0.000202004
120   -0.975576   -0.974343 0.000200581
121    -0.97221   -0.974326 0.000199697
122   -0.973426   -0.974318  0.00019819
123   -0.974469   -0.974319 0.000196576
124   -0.972114   -0.974302 0.000195794
125   -0.968981   -0.974259 0.000198832
126   -0.974282   -0.974259 0.000197247
127   -0.974802   -0.974264 0.000195735
128   -0.978046   -0.974293 0.000196435
129   -0.972834   -0.974282 0.000195235
130   -0.969171   -0.974242 0.000197676
131   -0.971866   -0.974224 0.000196998
132   -0.973398   -0.974218   0.0001956
133    -0.97516   -0.974225 0.000194253
134   -0.972946   -0.974216 0.000193034
135   -0.975802   -0.974227 0.000191959
136   -0.974379   -0.974228 0.000190546
137   -0.975389   -0.974237 0.000189339
138   -0.973794   -0.974234  0.00018799
139   -0.972406   -0.974221 0.000187095
140   -0.978587   -0.974252 0.000188354
141   -0.974059    -0.97425 0.000187018
142   -0.973434   -0.974245 0.000185786
143   -0.970174   -0.974216 0.000186665
144   -0.974312   -0.974217 0.000185365
145   -0.976717   -0.974234 0.000184888
146   -0.978218   -0.974261 0.000185633
147   -0.977445   -0.974283 0.000185634
148   -0.970381   -0.974257 0.000186251
149   -0.973936   -0.974255 0.000185009
150   -0.975019    -0.97426 0.000183842
151   -0.972958   -0.974251 0.000182824
152   -0.976325   -0.974265 0.000182129
153   -0.975434   -0.974272 0.000181096
154   -0.973933    -0.97427 0.000179929
155   -0.977026   -0.974288 0.000179647
156   -0.973669   -0.974284 0.000178535
157   -0.973043   -0.974276 0.000177571
158    -0.97231   -0.974264 0.000176881
159    -0.97393   -0.974261 0.000175778
160   -0.970539   -0.974238 0.000176218
161   -0.974906   -0.974242 0.000175169
162   -0.974966   -0.974247 0.000174142
163    -0.97324   -0.974241  0.00017318
164   -0.974202    -0.97424 0.000172121
165   -0.974434   -0.974242 0.000171079
166   -0.976808   -0.974257 0.000170747
167   -0.971763   -0.974242 0.000170377
168   -0.975139   -0.974247 0.000169444
169   -0.971522   -0.974231 0.000169209
170   -0.975731    -0.97424 0.000168442
171   -0.974869   -0.974244 0.000167494
172    -0.97501   -0.974248 0.000166577
173   -0.974075   -0.974247 0.000165614
174   -0.976278   -0.974259 0.000165073
175   -0.969974   -0.974234 0.000165943
176   -0.975595   -0.974242 0.000165179
177   -0.977896   -0.974263 0.000165535
178   -0.975346   -0.974269 0.000164715
179   -0.974146   -0.974268 0.000163793
180   -0.975104   -0.974273 0.000162947
181   -0.974946   -0.974277 0.000162087
182    -0.97468   -0.974279 0.000161209
183   -0.970645   -0.974259 0.000161551
184   -0.972344   -0.974249 0.000161007
185   -0.973706   -0.974246 0.000160161
186   -0.971522   -0.974231  0.00015997
187   -0.974125    -0.97423 0.000159113
188   -0.973344   -0.974226 0.000158335
189   -0.976206   -0.974236 0.000157843
190   -0.971176    -0.97422 0.000157834
191   -0.973626   -0.974217 0.000157036
192   -0.973755   -0.974215 0.000156235
193   -0.977522   -0.974232 0.000156365
194   -0.976587   -0.974244  0.00015603
195   -0.975786   -0.974252 0.000155429
196   -0.975611   -0.974259 0.000154789
197   -0.973613   -0.974255 0.000154036
198   -0.971203    -0.97424  0.00015403
199   -0.976235    -0.97425 0.000153581
200   -0.974723   -0.974252  0.00015283
1   -0.972981   -0.972981           0
2   -0.972099    -0.97254   0.0004408
3   -0.971883   -0.972321 0.000335708
4   -0.977008   -0.973493  0.00119554
5   -0.975571   -0.973908  0.00101507
6   -0.974406   -0.973991 0.000832949
7    -0.97633   -0.974325 0.000779194
8    -0.97269   -0.974121 0.000705104
9   -0.975317   -0.974254 0.000635879
10   -0.971763   -0.974005 0.000620893
11   -0.974526   -0.974052 0.000563617
12   -0.972246   -0.973902 0.000536065
13   -0.971589   -0.973724 0.000524224
14   -0.977205   -0.973972 0.000545321
15    -0.97559    -0.97408 0.000518998
16   -0.971427   -0.973914 0.000513016
17   -0.974757   -0.973964 0.000484435
18   -0.976165   -0.974086 0.000472811
19   -0.974678   -0.974117 0.000448319
20   -0.975008   -0.974162 0.000427637
21   -0.975915   -0.974245 0.000415243
22   -0.976806   -0.974362 0.000412677
23   -0.974226   -0.974356 0.000394371
24   -0.971886   -0.974253 0.000391351
25   -0.973798   -0.974235 0.000375811
26   -0.979957   -0.974455  0.00042285
27   -0.977661   -0.974574 0.000423858
28   -0.976299   -0.974635 0.000413063
29   -0.976832   -0.974711 0.000405699
30   -0.972579    -0.97464 0.000398332
31   -0.973934   -0.974617  0.00038594
32    -0.97245   -0.974549 0.000379775
33   -0.975771   -0.974587 0.000369944
34   -0.975397    -0.97461 0.000359689
35   -0.974837   -0.974617 0.000349321
36   -0.973722   -0.974592 0.000340388
37   -0.975466   -0.974616 0.000331902
38   -0.972171   -0.974551 0.000329391
39   -0.973198   -0.974517 0.000322704
40   -0.975387   -0.974538 0.000315285
41   -0.975715   -0.974567 0.000308836
42   -0.976421   -0.974611 0.000304608
43    -0.97115   -0.974531 0.000308136
44   -0.974174   -0.974523  0.00030116
45   -0.973126   -0.974492 0.000296022
46   -0.974646   -0.974495 0.000289535
47   -0.974325   -0.974491 0.000283331
48   -0.973061   -0.974461 0.000278962
49   -0.974091   -0.974454 0.000273314
50   -0.974067   -0.974446 0.000267904
51   -0.969925   -0.974358  0.00027716
52   -0.976434   -0.974397 0.000274694
53    -0.97272   -0.974366 0.000271314
54   -0.971949   -0.974321 0.000269978
55    -0.97604   -0.974352 0.000266861
56   -0.976026   -0.974382  0.00026375
57   -0.971776   -0.974336 0.000263085
58    -0.97353   -0.974323 0.000258883
59   -0.971755   -0.974279 0.000258152
60   -0.975696   -0.974303 0.000254909
61   -0.973394   -0.974288 0.000251138
62   -0.974058   -0.974284 0.000247082
63   -0.975821   -0.974308 0.000244349
64    -0.96983   -0.974238 0.000250472
65   -0.973238   -0.974223 0.000247068
66   -0.977435   -0.974272 0.000248116
67   -0.974083   -0.974269 0.000244401
68   -0.976795   -0.974306 0.000243629
69   -0.973502   -0.974294 0.000240355
70    -0.97401    -0.97429 0.000236931
71   -0.969861   -0.974228 0.000241759
72   -0.975589   -0.974247 0.000239126
73   -0.971754   -0.974213 0.000238288
74   -0.972899   -0.974195 0.000235715
75   -0.975334    -0.97421 0.000233046
76   -0.970886   -0.974166 0.000234081
77   -0.972397   -0.974143 0.000232162
78   -0.974866   -0.974153 0.000229353
79   -0.973338   -0.974142 0.000226666
80   -0.973027   -0.974128 0.000224248
81    -0.97195   -0.974102 0.000223089
82   -0.973453   -0.974094 0.000220494
83   -0.972634   -0.974076  0.00021853
84   -0.975787   -0.974096 0.000216872
85   -0.968133   -0.974026 0.000225497
86   -0.970987   -0.973991 0.000225644
87   -0.976011   -0.974014 0.000224241
88   -0.976896   -0.974047 0.000224084
89   -0.972379   -0.974028 0.000222343
90   -0.972818   -0.974015  0.00022027
91   -0.976248   -0.974039 0.000219214
92   -0.974526   -0.974045 0.000216883
93   -0.974245   -0.974047 0.000214549
94   -0.976702   -0.974075 0.000214126
95   -0.974499   -0.974079 0.000211907
96   -0.979246   -0.974133 0.000216486
97   -0.978254   -0.974176 0.000218414
98   -0.977387   -0.974209 0.000218644
99   -0.972472   -0.974191 0.000217134
100   -0.973962   -0.974189 0.000214963
101   -0.976661   -0.974213 0.000214227
102   -0.977267   -0.974243  0.00021422
103   -0.972027   -0.974222 0.000213218
104   -0.981675   -0.974293 0.000222989
105   -0.971874    -0.97427 0.000222054
106   -0.974714   -0.974274 0.000219989
107   -0.972885   -0.974261  0.00021831
108   -0.977702   -0.974293 0.000218613
109    -0.97336   -0.974285 0.000216767
110    -0.97484    -0.97429 0.000214847
111   -0.974907   -0.974295 0.000212975
112   -0.976874   -0.974318 0.000212317
113   -0.974653   -0.974321  0.00021045
114   -0.975573   -0.974332 0.000208885
115   -0.976563   -0.974352 0.000207967
116   -0.972573   -0.974336 0.000206736
117   -0.973088   -0.974326 0.000205239
118    -0.97544   -0.974335 0.000203711
119   -0.973936   -0.974332  0.00020202
120   -0.975582   -0.974342   0.0002006
121   -0.972246   -0.974325 0.000199688
122    -0.97345   -0.974318 0.000198175
123   -0.974475   -0.974319 0.000196561
124   -0.972152   -0.974301 0.000195751
125   -0.969035   -0.974259 0.000198697
126   -0.974302    -0.97426 0.000197114
127   -0.974742   -0.974263 0.000195592
128   -0.978099   -0.974293 0.000196358
129   -0.972861   -0.974282 0.000195147
130   -0.969133   -0.974243  0.00019765
131   -0.971859   -0.974225 0.000196977
132   -0.973427   -0.974219 0.000195573
133   -0.975158   -0.974226 0.000194225
134   -0.972931   -0.974216 0.000193012
135   -0.975816   -0.974228 0.000191943
136   -0.974421   -0.974229 0.000190532
137   -0.975389   -0.974238 0.000189326
138   -0.973835   -0.974235 0.000187971
139   -0.972411   -0.974222 0.000187075
140   -0.978578   -0.974253 0.000188322
141   -0.974106   -0.974252 0.000186984
142   -0.973432   -0.974246 0.000185752
143   -0.970141   -0.974217 0.000186669
144   -0.974267   -0.974218 0.000185369
145   -0.976742   -0.974235 0.000184908
146   -0.978214   -0.974262 0.000185649
147    -0.97743   -0.974284 0.000185637
148   -0.970373   -0.974257 0.000186262
149   -0.973994   -0.974256 0.000185016
150   -0.975024   -0.974261  0.00018385
151   -0.972949   -0.974252 0.000182835
152   -0.976306   -0.974266  0.00018213
153    -0.97543   -0.974273 0.000181096
154   -0.973909   -0.974271 0.000179932
155   -0.977029   -0.974289  0.00017965
156   -0.973603   -0.974284 0.000178549
157   -0.973022   -0.974276  0.00017759
158   -0.972314   -0.974264 0.000176899
159   -0.973909   -0.974261 0.000175797
160   -0.970501   -0.974238 0.000176269
161    -0.97491   -0.974242 0.000175221
162   -0.974974   -0.974247 0.000174194
163   -0.973232    -0.97424 0.000173234
164   -0.974205    -0.97424 0.000172175
165   -0.974422   -0.974241 0.000171132
166   -0.976826   -0.974257 0.000170809
167   -0.971754   -0.974242 0.000170443
168   -0.975094   -0.974247 0.000169502
169   -0.971493   -0.974231 0.000169282
170   -0.975782    -0.97424 0.000168531
171   -0.974885   -0.974244 0.000167585
172   -0.974995   -0.974248 0.000166665
173   -0.974083   -0.974247 0.000165701
174   -0.976309   -0.974259 0.000165172
175   -0.969974   -0.974234  0.00016604
176   -0.975651   -0.974242  0.00016529
177   -0.977867   -0.974263 0.000165625
178     -0.9754   -0.974269 0.000164815
179   -0.974088   -0.974268 0.000163895
180   -0.975144   -0.974273 0.000163055
181   -0.974934   -0.974277 0.000162193
182   -0.974662   -0.974279 0.000161313
183   -0.970662   -0.974259 0.000161642
184   -0.972323   -0.974249 0.000161105
185   -0.973758   -0.974246 0.000160253
186   -0.971544   -0.974231  0.00016005
187   -0.974104   -0.974231 0.000159193
188   -0.973371   -0.974226  0.00015841
189   -0.976261   -0.974237 0.000157937
190   -0.971125   -0.974221 0.000157955
191    -0.97363   -0.974217 0.000157156
192   -0.973739   -0.974215 0.000156356
193   -0.977515   -0.974232 0.000156481
194   -0.976555   -0.974244 0.000156132
195   -0.975803   -0.974252 0.000155535
196   -0.975579   -0.974259 0.000154887
197    -0.97361   -0.974256 0.000154134
198   -0.971197    -0.97424  0.00015413
199   -0.976264    -0.97425  0.00015369
200   -0.974752   -0.974253  0.00015294
