32.7686           0
32.2174    0.551202
32.1484    0.325625
32.8046    0.695434
32.8559    0.541121
32.8805    0.442506
32.8779    0.373995
32.7406    0.351792
32.6419    0.325548
32.7718    0.318836
32.8141    0.291486
32.8828     0.27481
32.9757    0.269322
33.0085    0.251485
32.9798    0.235873
32.7806    0.297262
32.8649    0.291687
32.6802    0.331291
32.8843     0.37401
32.9054     0.35544
33.0697    0.375917
32.996    0.365929
32.9701    0.350612
33.1697    0.390545
33.1277    0.376943
33.1011    0.363135
33.071    0.350716
33.1423    0.345384
33.0325    0.350883
33.0135    0.339513
33.0584    0.331424
33.0535    0.320936
32.9644    0.323582
32.9934    0.315257
32.9785    0.306478
32.9597    0.298435
32.9655    0.290314
32.9894    0.283585
33.0563    0.284192
33.0246    0.278801
33.0585    0.274018
33.0169    0.270618
33.0065    0.264456
32.9666    0.261434
32.9624    0.255594
32.9773    0.250421
33.0668    0.260865
33.0709    0.255406
33.0868    0.250644
33.0542    0.247743
33.0197    0.245263
32.9353    0.254899
32.919    0.250571
32.9215      0.2459
32.91    0.241664
32.9437     0.23969
32.971    0.237026
32.9877    0.233502
32.9672    0.230428
32.9741    0.226663
32.9416    0.225284
32.9428    0.221624
32.9529    0.218314
32.9147    0.218251
32.9528    0.218223
32.9689    0.215493
32.9631    0.212331
33.0129    0.215018
33.0057    0.212001
33.0183    0.209333
33.0484    0.208537
33.0389    0.205839
33.0848    0.208133
33.1546    0.216824
33.1271    0.215671
33.1113    0.213401
33.1282    0.211289
33.1046    0.209892
33.1173    0.207608
33.0795    0.208453
33.069     0.20613
33.0452    0.204995
33.081     0.20565
33.0952    0.203683
33.0911    0.201315
33.0815    0.199191
33.074     0.19703
33.0991     0.19639
33.0966    0.194187
33.0592    0.195623
33.0426    0.194172
33.0629    0.193118
33.1016    0.194921
33.1364     0.19594
33.133    0.193896
33.1219    0.192186
33.1172    0.190253
33.1127    0.188354
33.0817    0.189001
33.0672    0.187666
33.0477    0.186824
33.0252    0.186344
33.0069    0.185427
33.0112    0.183685
33.0076    0.181962
33.0226    0.180858
33.0175    0.179233
33.0352    0.178452
33.0377    0.176825
33.0432    0.175295
33.0286    0.174316
33.0061    0.174218
33.0086    0.172687
33.0232     0.17179
33.0446    0.171635
33.0285    0.170917
33.0506    0.170886
33.0608     0.16974
33.0584    0.168324
33.0404     0.16789
33.0708    0.169247
33.0818    0.168217
33.066    0.167591
33.056    0.166532
33.0572    0.165198
33.042     0.16459
33.0258    0.164091
33.0129    0.163307
33.0207    0.162219
32.9963    0.162801
33.0122    0.162333
33.0041    0.161302
32.9822    0.161581
32.9912    0.160626
32.9829    0.159646
32.9954    0.158956
32.9919     0.15783
32.9866    0.156771
33.0003    0.156241
33.0028    0.155141
32.9986    0.154096
32.9969    0.153016
32.9783    0.153084
32.9799    0.152025
32.9659     0.15162
32.9708    0.150657
32.9749    0.149686
32.9753    0.148672
32.9584    0.148643
32.9569    0.147657
32.9469    0.147016
32.9394    0.146236
32.9331    0.145413
32.9372    0.144522
32.9277    0.143903
32.9339    0.143114
32.9254     0.14245
32.9173    0.141781
32.9429    0.143192
32.9268    0.143196
32.9255     0.14231
32.9067    0.142664
32.9163    0.142108
32.9218    0.141349
32.9319    0.140848
32.9431    0.140444
32.9411    0.139615
32.9419    0.138784
32.9245     0.13906
32.913    0.138714
32.9184    0.138006
32.9145    0.137257
32.9116    0.136492
32.9163    0.135789
32.9163    0.135011
32.9061    0.134632
32.9072    0.133874
32.9032    0.133179
32.9048    0.132441
32.9035    0.131709
32.9014    0.130997
32.8896    0.130806
32.8883    0.130096
32.8899    0.129397
32.8805    0.129033
32.8896    0.128659
32.9069    0.129124
32.9    0.128618
32.9028    0.127965
32.8783    0.129614
32.8863    0.129178
32.8798    0.128666
32.8843    0.128076
32.8818    0.127438
32.8788     0.12682
32.8867     0.12642
32.8887    0.125793
32.89    0.125163
32.8973    0.124744
32.8985    0.124125
33.1376           0
32.3954    0.742167
32.2701    0.446431
32.8919    0.697296
32.9236    0.541057
32.9368    0.441968
32.9246    0.373732
32.7803     0.35439
32.6759    0.329492
32.8032    0.320999
32.8423    0.292973
32.9079    0.275379
33.0001    0.269573
33.0307    0.251441
33.0012    0.235919
32.8011    0.297907
32.8851    0.292149
32.6992    0.332276
32.9014    0.373735
32.9212    0.355105
33.085    0.375433
33.0102    0.365707
32.9826    0.350531
33.1809    0.389828
33.139    0.376251
33.1123    0.362476
33.0825    0.350067
33.1532    0.344673
33.0428    0.350427
33.023    0.339124
33.0676    0.331017
33.0626    0.320545
32.9731    0.323303
33.0016    0.314935
32.9864    0.306178
32.9671    0.298182
32.9724    0.290061
32.9964    0.283341
33.0632    0.283954
33.0311    0.278624
33.0648    0.273833
33.0236    0.270396
33.0131    0.264242
32.9734    0.261197
32.969    0.255365
32.9838     0.25019
33.0731    0.260594
33.0769    0.255136
33.0927    0.250371
33.06    0.247484
33.0254    0.245029
32.9406    0.254808
32.9241    0.250499
32.9265    0.245829
32.915    0.241589
32.9487    0.239608
32.9758     0.23692
32.9923    0.233389
32.9717    0.230322
32.9785    0.226553
32.9458    0.225192
32.9471    0.221534
32.9571    0.218219
32.9187    0.218193
32.9569    0.218171
32.9729    0.215435
32.9667    0.212284
33.0166    0.215002
33.0095    0.211983
33.022    0.209308
33.052    0.208513
33.0427    0.205809
33.0888     0.20814
33.1584     0.21678
33.1307     0.21565
33.1149    0.213383
33.1319    0.211284
33.1083    0.209893
33.1212    0.207619
33.0833     0.20847
33.0727    0.206152
33.0487    0.205035
33.0844    0.205675
33.0983    0.203688
33.0942     0.20132
33.0847    0.199193
33.077    0.197038
33.1021    0.196392
33.0996    0.194189
33.0623    0.195593
33.0458    0.194134
33.066    0.193066
33.1046    0.194839
33.1394    0.195868
33.1359    0.193825
33.1249    0.192113
33.12    0.190185
33.1154     0.18829
33.0843    0.188961
33.0698    0.187621
33.0504    0.186769
33.028    0.186278
33.0097    0.185363
33.0139     0.18362
33.0103    0.181898
33.0254      0.1808
33.0202    0.179177
33.0379    0.178395
33.0404    0.176768
33.0458    0.175239
33.0313    0.174264
33.0089    0.174149
33.0113    0.172618
33.0261    0.171737
33.0475    0.171581
33.0313    0.170872
33.0534    0.170841
33.0637    0.169701
33.0611    0.168288
33.043    0.167865
33.0733    0.169218
33.0844    0.168188
33.0686    0.167558
33.0586    0.166504
33.0598    0.165171
33.0446    0.164561
33.0284    0.164064
33.0156    0.163278
33.0233    0.162189
32.9989    0.162781
33.0148    0.162315
33.0067    0.161281
32.9847     0.16157
32.9938    0.160616
32.9855    0.159635
32.998    0.158948
32.9946    0.157821
32.9894    0.156761
33.0031    0.156235
33.0055    0.155133
33.0013    0.154084
32.9997    0.153004
32.9808    0.153099
32.9823     0.15204
32.9684    0.151628
32.9734    0.150668
32.9775    0.149695
32.978    0.148681
32.961    0.148652
32.9596    0.147665
32.9494    0.147034
32.9421    0.146248
32.9358    0.145424
32.9398    0.144531
32.9303    0.143912
32.9365    0.143124
32.928    0.142462
32.9199    0.141791
32.9455    0.143207
32.9295    0.143213
32.9282    0.142327
32.9094    0.142682
32.919    0.142126
32.9245    0.141366
32.9346    0.140866
32.9458     0.14046
32.9437    0.139632
32.9447    0.138802
32.9272    0.139076
32.9157    0.138736
32.9211    0.138027
32.9171    0.137281
32.9141    0.136517
32.9188    0.135812
32.9188    0.135034
32.9086    0.134654
32.9097    0.133896
32.9057    0.133202
32.9073    0.132465
32.9061    0.131733
32.904    0.131021
32.8922    0.130827
32.8909    0.130118
32.8924    0.129417
32.8829    0.129062
32.892    0.128685
32.9092    0.129144
32.9022    0.128642
32.905    0.127988
32.8804     0.12966
32.8884    0.129226
32.8819    0.128714
32.8864    0.128124
32.884    0.127485
32.8809    0.126866
32.8888    0.126461
32.8908    0.125834
32.8921    0.125203
32.8993    0.124782
32.9005    0.124162
