1   -0.638138   -0.638138           0
2   -0.639624   -0.638881   0.0007432
3    -0.63797   -0.638577 0.000525708
4    -0.63665   -0.638095 0.000608589
5   -0.638486   -0.638173 0.000477859
6   -0.635928   -0.637799 0.000540637
7   -0.639474   -0.638038 0.000515746
8   -0.638088   -0.638045 0.000446692
9   -0.639232   -0.638177 0.000415451
10   -0.638056   -0.638164 0.000371786
11   -0.638955   -0.638236  0.00034389
12   -0.637893   -0.638208  0.00031523
13   -0.638128   -0.638202 0.000290034
14   -0.635586   -0.638015 0.000327137
15   -0.638462   -0.638045 0.000306006
16   -0.639563   -0.638139 0.000301568
17    -0.63639   -0.638037 0.000301381
18   -0.638653   -0.638071 0.000286199
19   -0.638648   -0.638101 0.000272416
20   -0.638528   -0.638123 0.000259316
21    -0.63881   -0.638155 0.000248819
22   -0.638422   -0.638167  0.00023755
23   -0.639294   -0.638216 0.000232215
24   -0.637787   -0.638199 0.000223048
25   -0.638186   -0.638198  0.00021394
26   -0.638184   -0.638197 0.000205548
27   -0.636638    -0.63814 0.000206045
28   -0.639226   -0.638179 0.000202302
29   -0.637147   -0.638143 0.000198415
30   -0.635661    -0.63806 0.000208781
31   -0.638347   -0.638069 0.000202146
32   -0.637843   -0.638062 0.000195854
33   -0.639011   -0.638091 0.000191992
34   -0.638242   -0.638096 0.000186312
35   -0.636702   -0.638056 0.000185238
36   -0.637472    -0.63804 0.000180748
37   -0.637226   -0.638018 0.000177166
38   -0.638733   -0.638036 0.000173465
39   -0.638293   -0.638043 0.000169086
40   -0.638494   -0.638054 0.000165191
41   -0.637651   -0.638044 0.000161411
42   -0.636403   -0.638005 0.000162296
43   -0.637077   -0.637984 0.000159941
44   -0.637326   -0.637969 0.000156976
45   -0.636939   -0.637946 0.000155144
46   -0.637875   -0.637944 0.000151742
47   -0.637626   -0.637938 0.000148633
48   -0.637474   -0.637928 0.000145824
49   -0.637514   -0.637919 0.000143068
50    -0.63696     -0.6379 0.000141484
51   -0.637677   -0.637896 0.000138752
52   -0.637205   -0.637883 0.000136705
53   -0.637981   -0.637884 0.000134113
54   -0.639806    -0.63792 0.000136334
55   -0.638402   -0.637929 0.000134118
56   -0.637992    -0.63793 0.000131707
57   -0.636614   -0.637907 0.000131418
58    -0.63776   -0.637904 0.000129157
59   -0.638232    -0.63791  0.00012707
60   -0.637371   -0.637901 0.000125257
61   -0.636466   -0.637877 0.000125413
62   -0.637432    -0.63787 0.000123583
63   -0.638014   -0.637872 0.000121627
64   -0.638141   -0.637877 0.000119785
65   -0.636405   -0.637854 0.000120082
66   -0.639856   -0.637884 0.000122077
67    -0.63685   -0.637869 0.000121229
68   -0.637781   -0.637868  0.00011944
69   -0.639744   -0.637895 0.000120797
70   -0.637146   -0.637884 0.000119539
71   -0.637786   -0.637883 0.000117851
72    -0.63745   -0.637877 0.000116359
73   -0.639458   -0.637898 0.000116779
74   -0.636963   -0.637886 0.000115881
75   -0.637054   -0.637875 0.000114862
76   -0.638198   -0.637879 0.000113421
77   -0.639171   -0.637896 0.000113189
78   -0.638531   -0.637904 0.000112025
79   -0.635666   -0.637876 0.000114169
80   -0.637315   -0.637868  0.00011295
81    -0.63847   -0.637876 0.000111795
82   -0.637549   -0.637872 0.000110495
83   -0.639838   -0.637896 0.000111697
84   -0.637066   -0.637886 0.000110801
85   -0.637242   -0.637878 0.000109751
86   -0.639474   -0.637897 0.000110043
87   -0.636922   -0.637886 0.000109347
88   -0.638477   -0.637892 0.000108305
89   -0.636438   -0.637876  0.00010832
90   -0.637323    -0.63787 0.000107286
91   -0.637762   -0.637869 0.000106107
92     -0.6382   -0.637872 0.000105009
93   -0.638875   -0.637883 0.000104432
94   -0.638138   -0.637886 0.000103351
95   -0.637493   -0.637882 0.000102341
96   -0.639483   -0.637898 0.000102634
97   -0.638229   -0.637902 0.000101628
98   -0.637843   -0.637901 0.000100587
99   -0.637944   -0.637901 9.95671e-05
100   -0.636912   -0.637892 9.90618e-05
101   -0.637232   -0.637885 9.82932e-05
102   -0.637482   -0.637881 9.74051e-05
103   -0.638682   -0.637889 9.67674e-05
104   -0.637198   -0.637882 9.60621e-05
105   -0.640074   -0.637903  9.7405e-05
106   -0.637262   -0.637897 9.66708e-05
107   -0.638706   -0.637905 9.60608e-05
108   -0.638611   -0.637911 9.53918e-05
109   -0.637914   -0.637911 9.45126e-05
110   -0.637874   -0.637911 9.36501e-05
111   -0.637642   -0.637908 9.28343e-05
112    -0.63763   -0.637906 9.20351e-05
113   -0.639059   -0.637916 9.17862e-05
114   -0.637045   -0.637908  9.1298e-05
115   -0.640163   -0.637928    9.26e-05
116   -0.638822   -0.637936 9.21215e-05
117   -0.638669   -0.637942 9.15453e-05
118   -0.637904   -0.637942 9.07668e-05
119   -0.638907    -0.63795 9.03658e-05
120   -0.637968    -0.63795 8.96097e-05
121    -0.63908   -0.637959 8.93554e-05
122   -0.638688   -0.637965  8.8821e-05
123   -0.637258    -0.63796 8.82836e-05
124   -0.638429   -0.637963 8.76504e-05
125   -0.637394   -0.637959 8.70658e-05
126   -0.638654   -0.637964 8.65483e-05
127   -0.636507   -0.637953 8.66273e-05
128   -0.638547   -0.637957 8.60732e-05
129   -0.638126   -0.637959 8.54134e-05
130   -0.638525   -0.637963 8.48655e-05
131   -0.636613   -0.637953 8.48437e-05
132   -0.637349   -0.637948 8.43228e-05
133   -0.639312   -0.637959 8.43122e-05
134   -0.638621   -0.637963 8.38265e-05
135   -0.638515   -0.637968 8.33035e-05
136   -0.636979    -0.63796 8.30075e-05
137   -0.636701   -0.637951 8.29106e-05
138   -0.636995   -0.637944 8.25986e-05
139   -0.637898   -0.637944 8.20028e-05
140   -0.637704   -0.637942  8.1433e-05
141   -0.637296   -0.637938 8.09832e-05
142   -0.637517   -0.637935 8.04654e-05
143   -0.638824   -0.637941 8.01425e-05
144   -0.639646   -0.637953 8.04606e-05
145   -0.637605    -0.63795 7.99397e-05
146    -0.63779   -0.637949 7.93979e-05
147   -0.637664   -0.637947 7.88797e-05
148   -0.638862   -0.637953 7.85886e-05
149    -0.63796   -0.637953 7.80594e-05
150   -0.638934    -0.63796 7.78126e-05
151   -0.640123   -0.637974  7.8612e-05
152   -0.639573   -0.637985  7.8798e-05
153    -0.63859   -0.637989 7.83813e-05
154    -0.63756   -0.637986 7.79204e-05
155   -0.637085    -0.63798 7.76341e-05
156    -0.63745   -0.637977 7.72098e-05
157   -0.637096   -0.637971 7.69212e-05
158   -0.637619   -0.637969 7.64653e-05
159   -0.638781   -0.637974 7.61542e-05
160   -0.637234   -0.637969 7.58181e-05
161   -0.638885   -0.637975   7.556e-05
162   -0.638045   -0.637976 7.50933e-05
163   -0.636632   -0.637967  7.5085e-05
164   -0.638211   -0.637969 7.46406e-05
165   -0.638294   -0.637971 7.42131e-05
166    -0.63815   -0.637972 7.37726e-05
167   -0.639458   -0.637981 7.38673e-05
168    -0.63949    -0.63799 7.39735e-05
169   -0.637195   -0.637985 7.36846e-05
170   -0.637914   -0.637985 7.32511e-05
171   -0.636598   -0.637976 7.32713e-05
172   -0.638011   -0.637977 7.28443e-05
173   -0.637283   -0.637973 7.25329e-05
174   -0.639507   -0.637981 7.26521e-05
175   -0.638365   -0.637984 7.22689e-05
176    -0.63649   -0.637975 7.23568e-05
177   -0.639486   -0.637984 7.24517e-05
178   -0.637421   -0.637981 7.21129e-05
179   -0.638206   -0.637982   7.172e-05
180    -0.63813   -0.637983 7.13252e-05
181   -0.637568    -0.63798  7.0967e-05
182   -0.636947   -0.637975 7.08039e-05
183   -0.638515   -0.637978 7.04779e-05
184     -0.6368   -0.637971 7.03854e-05
185   -0.637373   -0.637968 7.00786e-05
186   -0.638146   -0.637969 6.97073e-05
187   -0.637643   -0.637967 6.93555e-05
188   -0.638117   -0.637968 6.89901e-05
189   -0.637851   -0.637967 6.86269e-05
190    -0.63824   -0.637969 6.82799e-05
191   -0.638494   -0.637972 6.79772e-05
192   -0.638578   -0.637975 6.76958e-05
193   -0.639029    -0.63798 6.75652e-05
194   -0.637403   -0.637977 6.72818e-05
195   -0.637586   -0.637975  6.6966e-05
196   -0.639141   -0.637981 6.68884e-05
197    -0.63889   -0.637986 6.67076e-05
198   -0.639205   -0.637992 6.66547e-05
199   -0.637141   -0.637988 6.64567e-05
200   -0.636746   -0.637981 6.64146e-05
1   -0.637794   -0.637794           0
2   -0.639042   -0.638418    0.000624
3   -0.638136   -0.638324 0.000372294
4   -0.636626   -0.637899  0.00049953
5    -0.63887   -0.638093 0.000432952
6   -0.636202   -0.637778 0.000473691
7   -0.639181   -0.637979  0.00044769
8    -0.63771   -0.637945 0.000389157
9   -0.639355   -0.638102  0.00037728
10   -0.637894   -0.638081 0.000338086
11   -0.639125   -0.638176 0.000320195
12   -0.637917   -0.638154 0.000293093
13   -0.637718   -0.638121 0.000271683
14   -0.635608   -0.637941 0.000308999
15   -0.638237   -0.637961 0.000288337
16   -0.639106   -0.638033 0.000279041
17   -0.636002   -0.637913 0.000288054
18   -0.639262   -0.637988 0.000281736
19   -0.638773   -0.638029 0.000269678
20   -0.638314   -0.638044 0.000256234
21    -0.63909   -0.638093 0.000248765
22   -0.637984   -0.638088  0.00023724
23   -0.638946   -0.638126 0.000229734
24    -0.63755   -0.638102 0.000221256
25   -0.638302    -0.63811 0.000212373
26   -0.637744   -0.638096 0.000204526
27   -0.636315    -0.63803 0.000207559
28   -0.639862   -0.638095 0.000210446
29   -0.637341   -0.638069 0.000204719
30   -0.635933   -0.637998 0.000210207
31   -0.638621   -0.638018 0.000204303
32   -0.637621   -0.638006 0.000198205
33   -0.637933   -0.638003 0.000192118
34   -0.637974   -0.638003 0.000186383
35   -0.636928   -0.637972 0.000183565
36   -0.637536    -0.63796 0.000178804
37   -0.637357   -0.637943 0.000174666
38   -0.639208   -0.637977 0.000173234
39   -0.638139   -0.637981 0.000168785
40   -0.638141   -0.637985  0.00016456
41   -0.637291   -0.637968 0.000161385
42   -0.636467   -0.637932 0.000161498
43   -0.636267   -0.637894 0.000162382
44   -0.637158   -0.637877 0.000159526
45   -0.636986   -0.637857 0.000157193
46   -0.638368   -0.637868 0.000154139
47   -0.637461   -0.637859 0.000151072
48   -0.637547   -0.637853 0.000148035
49   -0.637862   -0.637853 0.000144982
50   -0.636854   -0.637833  0.00014345
51    -0.63767    -0.63783 0.000140646
52   -0.637723   -0.637828  0.00013793
53   -0.637904   -0.637829  0.00013531
54   -0.640062   -0.637871 0.000139071
55   -0.638106   -0.637875 0.000136586
56   -0.637923   -0.637876 0.000134127
57   -0.636757   -0.637856 0.000133208
58   -0.637848   -0.637856 0.000130891
59   -0.638696    -0.63787 0.000129439
60   -0.637811   -0.637869 0.000127267
61   -0.636536   -0.637847 0.000127057
62    -0.63751   -0.637842 0.000125109
63   -0.637638   -0.637839  0.00012315
64   -0.637912    -0.63784 0.000121216
65   -0.636451   -0.637819 0.000121234
66   -0.639509   -0.637844 0.000122099
67   -0.636411   -0.637823  0.00012215
68   -0.637856   -0.637823 0.000120341
69   -0.639781   -0.637852  0.00012193
70   -0.637171   -0.637842 0.000120568
71   -0.638086   -0.637845 0.000118908
72   -0.637328   -0.637838 0.000117465
73   -0.639627   -0.637863 0.000118408
74   -0.636974   -0.637851 0.000117413
75   -0.636677   -0.637835 0.000116889
76    -0.63821    -0.63784 0.000115446
77   -0.638592    -0.63785 0.000114355
78   -0.638917   -0.637863 0.000113705
79   -0.635402   -0.637832 0.000116502
80   -0.636827    -0.63782  0.00011572
81   -0.637786   -0.637819 0.000114283
82   -0.637653   -0.637817 0.000112899
83    -0.63964   -0.637839 0.000113672
84   -0.637294   -0.637833 0.000112498
85   -0.637184   -0.637825 0.000111428
86   -0.639803   -0.637848 0.000112502
87   -0.636914   -0.637837 0.000111718
88   -0.638587   -0.637846  0.00011077
89   -0.636578   -0.637832 0.000110441
90   -0.637626   -0.637829 0.000109231
91    -0.63819   -0.637833 0.000108097
92   -0.638259   -0.637838 0.000107016
93   -0.638965    -0.63785  0.00010655
94   -0.638029   -0.637852 0.000105428
95   -0.637781   -0.637851 0.000104315
96   -0.639515   -0.637869 0.000104668
97   -0.637685   -0.637867   0.0001036
98   -0.637965   -0.637868 0.000102543
99   -0.638635   -0.637875 0.000101797
100   -0.637037   -0.637867 0.000101122
101   -0.636371   -0.637852 0.000101206
102   -0.637877   -0.637852 0.000100209
103   -0.638536   -0.637859 9.94528e-05
104   -0.636811   -0.637849 9.90059e-05
105   -0.639819   -0.637868 9.98376e-05
106   -0.637224   -0.637862 9.90776e-05
107   -0.638526   -0.637868 9.83437e-05
108   -0.638614   -0.637875 9.76737e-05
109   -0.637962   -0.637876 9.67767e-05
110   -0.637821   -0.637875 9.58942e-05
111   -0.637741   -0.637874 9.50341e-05
112    -0.63757   -0.637871 9.42209e-05
113   -0.638755   -0.637879 9.37105e-05
114   -0.636835    -0.63787  9.3335e-05
115    -0.63996   -0.637888 9.42882e-05
116   -0.638805   -0.637896 9.38054e-05
117   -0.638099   -0.637898 9.30164e-05
118   -0.637683   -0.637896 9.22427e-05
119   -0.639277   -0.637907 9.21975e-05
120   -0.637901   -0.637907  9.1426e-05
121   -0.639334   -0.637919  9.1431e-05
122   -0.638147   -0.637921 9.06977e-05
123   -0.637162   -0.637915  9.0169e-05
124   -0.638504    -0.63792  8.9565e-05
125   -0.637222   -0.637914 8.90205e-05
126   -0.638627    -0.63792 8.84923e-05
127   -0.636827   -0.637911 8.82132e-05
128   -0.638093   -0.637913 8.75328e-05
129   -0.637931   -0.637913 8.68518e-05
130   -0.638528   -0.637917  8.6311e-05
131    -0.63675   -0.637908 8.61116e-05
132    -0.63764   -0.637906  8.5481e-05
133   -0.639566   -0.637919  8.5749e-05
134   -0.638539   -0.637924 8.52324e-05
135   -0.638635   -0.637929 8.47628e-05
136   -0.637181   -0.637923 8.43168e-05
137   -0.637118   -0.637917 8.39051e-05
138   -0.636936    -0.63791 8.35979e-05
139   -0.638266   -0.637913 8.30337e-05
140   -0.638077   -0.637914 8.24467e-05
141   -0.637331    -0.63791 8.19642e-05
142   -0.637722   -0.637909 8.13958e-05
143   -0.638845   -0.637915 8.10893e-05
144   -0.639504   -0.637926 8.12766e-05
145   -0.637779   -0.637925 8.07205e-05
146    -0.63785   -0.637925 8.01674e-05
147   -0.638174   -0.637926 7.96383e-05
148    -0.63844    -0.63793 7.91745e-05
149   -0.638403   -0.637933 7.87054e-05
150   -0.638946    -0.63794 7.84699e-05
151   -0.639733   -0.637952 7.88477e-05
152   -0.639355   -0.637961 7.88697e-05
153   -0.638475   -0.637964 7.84246e-05
154   -0.637858   -0.637964 7.79168e-05
155   -0.637283   -0.637959 7.75368e-05
156   -0.636933   -0.637953 7.73186e-05
157   -0.637592    -0.63795 7.68588e-05
158   -0.637613   -0.637948 7.64007e-05
159   -0.638702   -0.637953 7.60667e-05
160   -0.636955   -0.637947 7.58466e-05
161   -0.638477    -0.63795 7.54459e-05
162   -0.638037    -0.63795 7.49807e-05
163    -0.63617    -0.63794 7.53159e-05
164    -0.63795    -0.63794 7.48553e-05
165   -0.637723   -0.637938 7.44118e-05
166   -0.638808   -0.637944 7.41475e-05
167   -0.639318   -0.637952 7.41605e-05
168   -0.639462   -0.637961 7.42641e-05
169   -0.637059   -0.637955 7.40159e-05
170   -0.637114    -0.63795 7.37457e-05
171   -0.637106   -0.637946 7.34795e-05
172   -0.638306   -0.637948  7.3081e-05
173   -0.637432   -0.637945 7.27184e-05
174   -0.639285   -0.637952 7.27084e-05
175   -0.638008   -0.637953 7.22924e-05
176   -0.635986   -0.637941 7.27442e-05
177   -0.639728   -0.637952 7.30329e-05
178   -0.637666    -0.63795 7.26392e-05
179   -0.638213   -0.637951 7.22472e-05
180   -0.638365   -0.637954 7.18814e-05
181    -0.63708   -0.637949 7.16459e-05
182   -0.637318   -0.637945 7.13354e-05
183   -0.638926   -0.637951 7.11467e-05
184   -0.636789   -0.637945 7.10402e-05
185   -0.637965   -0.637945 7.06553e-05
186   -0.638222   -0.637946 7.02903e-05
187   -0.638056   -0.637947 6.99158e-05
188   -0.637987   -0.637947 6.95433e-05
189    -0.63791   -0.637947 6.91746e-05
190   -0.638053   -0.637947 6.88118e-05
191   -0.638381    -0.63795 6.84882e-05
192   -0.638219   -0.637951 6.81451e-05
193   -0.639141   -0.637957 6.80708e-05
194    -0.63723   -0.637953 6.78226e-05
195    -0.63757   -0.637951 6.75025e-05
196   -0.639304   -0.637958 6.75109e-05
197   -0.639365   -0.637965 6.75457e-05
198   -0.639237   -0.637972 6.75098e-05
199    -0.63719   -0.637968 6.72844e-05
200   -0.636677   -0.637961 6.72576e-05
