1    0.421908    0.421908           0
2    0.389747    0.405827   0.0160802
3    0.411896     0.40785  0.00950168
4    0.406558    0.407527  0.00672647
5     0.41697    0.409416  0.00554204
6    0.425352    0.412072  0.00524702
7    0.421658    0.413441   0.0046412
8    0.396229     0.41129  0.00455902
9    0.425655    0.412886  0.00432591
10    0.392837    0.410881   0.0043578
11    0.403591    0.410218   0.0039971
12    0.392981    0.408782   0.0039214
13    0.405733    0.408547  0.00361478
14    0.398105    0.407801  0.00342875
15    0.382393    0.406108  0.00361361
16    0.415284    0.406681  0.00342853
17    0.407579    0.406734  0.00322098
18    0.411936    0.407023  0.00305049
19    0.411088    0.407237   0.0028934
20    0.416416    0.407696  0.00278302
21      0.4201    0.408286  0.00271228
22     0.42112     0.40887  0.00265103
23    0.420786    0.409388  0.00258559
24    0.393915    0.408743  0.00255809
25    0.417368    0.409088  0.00247777
26    0.414455    0.409295  0.00238949
27    0.413234    0.409441  0.00230392
28    0.409259    0.409434  0.00222012
29    0.421499     0.40985  0.00218222
30    0.423591    0.410308  0.00215741
31    0.393598    0.409769  0.00215515
32    0.408262    0.409722  0.00208725
33     0.41493     0.40988  0.00202916
34    0.436235    0.410655  0.00211568
35    0.410886    0.410662  0.00205436
36    0.423948    0.411031   0.0020303
37    0.380791    0.410213  0.00213712
38    0.412622    0.410277  0.00208109
39    0.392422    0.409819  0.00207808
40    0.409598    0.409813  0.00202547
41    0.444561    0.410661  0.00214958
42    0.424224    0.410984  0.00212248
43    0.410751    0.410978  0.00207254
44    0.407527      0.4109  0.00202641
45    0.417099    0.411038  0.00198565
46    0.425871     0.41136   0.0019686
47    0.414275    0.411422  0.00192725
48    0.421412     0.41163  0.00189812
49    0.410727    0.411612  0.00185907
50    0.412981    0.411639  0.00182172
51    0.419381    0.411791  0.00179208
52    0.427807    0.412099  0.00178406
53    0.418596    0.412222  0.00175437
54    0.409701    0.412175  0.00172221
55    0.413819    0.412205  0.00169087
56     0.40184     0.41202  0.00167068
57    0.394876    0.411719  0.00166844
58    0.420318    0.411867  0.00164612
59    0.414397     0.41191  0.00161854
60    0.416056    0.411979  0.00159284
61    0.420797    0.412124  0.00157316
62    0.391293    0.411788  0.00158363
63    0.418627    0.411896  0.00156207
64    0.393214    0.411604  0.00156493
65    0.406476    0.411526  0.00154269
66    0.415409    0.411584  0.00152027
67    0.430622    0.411869  0.00152413
68    0.393622      0.4116  0.00152534
69     0.42068    0.411732  0.00150882
70    0.395363    0.411498  0.00150538
71     0.41382    0.411531  0.00148439
72    0.414175    0.411567  0.00146409
73    0.428254    0.411796  0.00146187
74    0.402218    0.411667  0.00144778
75    0.404822    0.411575  0.00143126
76    0.384448    0.411218  0.00145671
77    0.405752    0.411147  0.00143941
78    0.424318    0.411316  0.00143084
79    0.401797    0.411196  0.00141774
80     0.40605    0.411131  0.00140138
81    0.425441    0.411308  0.00139521
82    0.404034    0.411219  0.00138094
83     0.41602    0.411277  0.00136542
84    0.419619    0.411376  0.00135272
85      0.4328    0.411629  0.00136027
86    0.424422    0.411777  0.00135256
87    0.399835     0.41164  0.00134395
88    0.407433    0.411592  0.00132945
89    0.412437    0.411602  0.00131447
90    0.403423    0.411511  0.00130295
91    0.423856    0.411647  0.00129568
92    0.397845    0.411496  0.00129027
93    0.399924    0.411372  0.00128237
94    0.430999    0.411581  0.00128572
95    0.419223    0.411661  0.00127465
96    0.434191    0.411896  0.00128295
97    0.410585    0.411882  0.00126973
98    0.401332    0.411775  0.00126131
99    0.423387    0.411892    0.001254
100    0.436686     0.41214  0.00126592
101    0.399298    0.412013  0.00125975
102    0.423827    0.412129  0.00125271
103    0.422256    0.412227  0.00124438
104    0.413574     0.41224  0.00123242
105     0.42062     0.41232  0.00122323
106    0.422504    0.412416  0.00121544
107     0.42562    0.412539  0.00121034
108    0.397811    0.412403  0.00120681
109    0.422792    0.412498  0.00119948
110    0.418633    0.412554  0.00118983
111    0.408143    0.412514  0.00117973
112    0.403641    0.412435  0.00117183
113    0.397865    0.412306  0.00116855
114    0.406774    0.412258  0.00115927
115    0.414738    0.412279  0.00114935
116    0.421684     0.41236  0.00114228
117    0.413222    0.412368   0.0011325
118    0.408093    0.412331  0.00112344
119    0.409546    0.412308  0.00111421
120    0.401932    0.412221  0.00110826
121    0.392219    0.412056  0.00111143
122    0.423905    0.412153  0.00110655
123    0.413173    0.412162  0.00109755
124    0.435273    0.412348   0.0011045
125    0.408129    0.412314  0.00109615
126    0.423531    0.412403  0.00109105
127    0.420313    0.412466  0.00108422
128    0.392936    0.412313  0.00108648
129    0.421012     0.41238  0.00108013
130    0.409174    0.412356  0.00107208
131    0.402648    0.412282  0.00106644
132     0.44715    0.412546   0.0010908
133    0.405915    0.412496  0.00108371
134    0.410821    0.412483  0.00107567
135    0.427256    0.412593  0.00107326
136    0.387959    0.412412  0.00108063
137     0.39709      0.4123  0.00107853
138    0.421115    0.412364  0.00107259
139    0.398319    0.412263  0.00106962
140    0.422837    0.412338  0.00106464
141    0.403652    0.412277  0.00105886
142    0.408689    0.412251  0.00105168
143    0.429768    0.412374  0.00105145
144    0.407752    0.412342  0.00104462
145    0.409066    0.412319  0.00103764
146    0.428765    0.412432  0.00103664
147    0.402656    0.412365  0.00103171
148    0.401782    0.412294  0.00102721
149    0.415727    0.412317  0.00102055
150    0.411857    0.412314  0.00101373
151    0.404084    0.412259  0.00100847
152    0.390381    0.412115   0.0010121
153    0.406309    0.412077  0.00100618
154    0.399809    0.411998  0.00100279
155    0.409033    0.411979 0.000996487
156    0.412984    0.411985 0.000990099
157    0.409372    0.411968 0.000983914
158    0.415373     0.41199 0.000977904
159    0.413444    0.411999 0.000971777
160    0.444012    0.412199 0.000986194
161    0.422355    0.412262 0.000982077
162    0.420711    0.412314 0.000977389
163    0.449312    0.412541  0.00099754
164    0.409343    0.412522 0.000991631
165    0.425937    0.412603 0.000988951
166     0.41742    0.412632 0.000983403
167    0.425415    0.412709 0.000980489
168    0.438398    0.412862 0.000986558
169    0.427237    0.412947 0.000984385
170    0.385219    0.412784 0.000992077
171    0.412499    0.412782  0.00098626
172    0.411308    0.412773 0.000980546
173    0.400304    0.412701 0.000977523
174    0.409031     0.41268 0.000972118
175     0.41054    0.412668 0.000966624
176    0.399574    0.412594 0.000963991
177    0.387077    0.412449 0.000969309
178    0.411758    0.412446 0.000963856
179    0.411386     0.41244 0.000958475
180    0.421533     0.41249 0.000954473
181    0.418336    0.412522 0.000949734
182     0.42722    0.412603 0.000947948
183    0.424636    0.412669 0.000945044
184    0.429098    0.412758 0.000944125
185    0.432203    0.412863 0.000944872
186    0.431254    0.412962 0.000944966
187    0.417339    0.412986  0.00094019
188    0.424421    0.413046 0.000937152
189    0.387534    0.412911 0.000941903
190    0.429965    0.413001 0.000941222
191    0.429331    0.413087 0.000940176
192    0.430155    0.413176 0.000939483
193    0.391261    0.413062 0.000941475
194    0.403173    0.413011 0.000937995
195    0.407615    0.412983 0.000933583
196    0.401693    0.412926 0.000930592
197    0.411443    0.412918 0.000925887
198    0.415017    0.412929  0.00092126
199    0.420166    0.412965  0.00091734
200    0.414069    0.412971 0.000912758
1    0.415649    0.415649           0
2    0.391864    0.403757   0.0118926
3    0.412415    0.406643  0.00744803
4    0.405352     0.40632  0.00527643
5    0.416428    0.408341  0.00455974
6    0.423714    0.410904  0.00451943
7     0.42301    0.412633  0.00419294
8    0.396612     0.41063  0.00414683
9    0.424027    0.412119  0.00394849
10    0.394215    0.410329  0.00395954
11    0.401865    0.409559  0.00366324
12    0.390711    0.407989  0.00369457
13      0.4066    0.407882  0.00340019
14    0.396262    0.407052  0.00325555
15     0.38223    0.405397  0.00345308
16    0.415231    0.406012  0.00328802
17    0.408202     0.40614  0.00309124
18    0.410529    0.406384  0.00292463
19    0.409594    0.406553  0.00277158
20    0.417689     0.40711  0.00268766
21    0.417906    0.407624  0.00260765
22    0.421963    0.408276   0.0025703
23    0.419923    0.408782  0.00250768
24    0.392586    0.408107  0.00249395
25    0.416615    0.408448   0.0024162
26    0.415186    0.408707  0.00233583
27    0.413229    0.408874  0.00225389
28     0.41062    0.408937  0.00217279
29    0.420446    0.409334  0.00213377
30    0.423925     0.40982  0.00211802
31    0.394201    0.409316  0.00210961
32    0.409604    0.409325  0.00204264
33    0.414882    0.409493  0.00198692
34    0.437476    0.410316  0.00209595
35    0.410617    0.410325   0.0020352
36    0.425509    0.410747  0.00202233
37    0.380881     0.40994   0.0021261
38    0.411107     0.40997  0.00206962
39    0.391429    0.409495  0.00207116
40    0.410015    0.409508  0.00201876
41     0.44303    0.410326  0.00213191
42    0.424232    0.410657  0.00210671
43    0.409617    0.410632  0.00205728
44    0.408666    0.410588  0.00201048
45    0.417975    0.410752  0.00197214
46    0.425698    0.411077  0.00195596
47     0.41457    0.411151  0.00191534
48    0.423455    0.411408  0.00189245
49    0.412155    0.411423  0.00185349
50    0.412877    0.411452  0.00181627
51    0.419493     0.41161  0.00178727
52    0.428811     0.41194  0.00178351
53    0.418005    0.412055  0.00175327
54    0.411133    0.412038  0.00172058
55    0.414104    0.412075  0.00168943
56    0.403087    0.411915  0.00166673
57    0.394884    0.411616  0.00166427
58    0.420735    0.411773  0.00164287
59    0.414457    0.411819  0.00161542
60    0.415798    0.411885  0.00158965
61    0.420046    0.412019  0.00156909
62    0.390785    0.411676  0.00158111
63    0.419405    0.411799  0.00156064
64    0.392726    0.411501   0.0015647
65    0.405643    0.411411  0.00154308
66    0.413733    0.411446  0.00151993
67    0.429445    0.411715  0.00152098
68    0.393398    0.411445  0.00152247
69    0.420161    0.411572  0.00150555
70    0.395049    0.411336  0.00150254
71    0.413651    0.411368  0.00148158
72    0.414735    0.411415  0.00146161
73    0.429376    0.411661   0.0014623
74    0.402422    0.411536  0.00144779
75    0.405704    0.411458  0.00143048
76    0.385113    0.411112  0.00145347
77    0.407222    0.411061  0.00143536
78    0.425297    0.411244  0.00142855
79    0.401747    0.411124  0.00141546
80    0.405719    0.411056  0.00139929
81    0.425117     0.41123  0.00139277
82    0.406149    0.411168  0.00137707
83    0.414469    0.411207  0.00136096
84    0.419831     0.41131  0.00134857
85    0.432827    0.411563  0.00135644
86    0.424213     0.41171  0.00134862
87    0.399713    0.411572  0.00134014
88    0.407733    0.411529  0.00132555
89    0.412282    0.411537   0.0013106
90    0.403977    0.411453  0.00129867
91     0.42314    0.411582  0.00129073
92    0.397519    0.411429  0.00128574
93     0.40118    0.411319   0.0012766
94     0.43009    0.411518  0.00127864
95    0.419988    0.411607  0.00126825
96    0.434524    0.411846  0.00127747
97    0.408975    0.411817  0.00126458
98    0.401672    0.411713  0.00125588
99    0.422696    0.411824  0.00124807
100    0.439232    0.412098  0.00126556
101    0.399176     0.41197  0.00125948
102    0.421397    0.412063  0.00125049
103    0.422935    0.412168  0.00124278
104    0.413927    0.412185  0.00123089
105    0.420318    0.412262  0.00122157
106    0.423035    0.412364  0.00121425
107    0.426518    0.412496   0.0012101
108    0.397532    0.412358  0.00120683
109    0.421792    0.412444  0.00119883
110     0.41866    0.412501  0.00118923
111    0.407551    0.412456  0.00117931
112    0.405191    0.412391  0.00117053
113    0.396667    0.412252  0.00116844
114    0.406562    0.412202  0.00115922
115     0.41444    0.412222  0.00114926
116     0.41951    0.412285  0.00114104
117    0.413842    0.412298  0.00113132
118     0.40973    0.412276  0.00112191
119    0.409085    0.412249  0.00111276
120    0.401943    0.412163  0.00110679
121    0.392274    0.411999  0.00110984
122    0.423026    0.412089  0.00110441
123    0.411006    0.412081  0.00109543
124    0.433673    0.412255  0.00110043
125    0.406585    0.412209  0.00109253
126    0.423512    0.412299  0.00108753
127    0.420294    0.412362  0.00108077
128    0.391764    0.412201   0.0010843
129     0.42139    0.412272  0.00107822
130    0.408975    0.412247  0.00107019
131    0.404322    0.412187  0.00106371
132    0.446244    0.412445   0.0010867
133    0.405764    0.412394  0.00107966
134    0.412422    0.412395  0.00107158
135    0.426622      0.4125  0.00106882
136    0.388559    0.412324  0.00107544
137    0.397731    0.412217  0.00107286
138    0.420775    0.412279  0.00106686
139    0.399093    0.412184   0.0010634
140    0.422882    0.412261  0.00105853
141    0.403966    0.412202  0.00105265
142    0.408622    0.412177  0.00104551
143    0.429328    0.412297  0.00104508
144    0.408108    0.412268   0.0010382
145    0.409676     0.41225  0.00103117
146    0.428907    0.412364  0.00103042
147     0.40317    0.412301   0.0010253
148    0.401488    0.412228  0.00102096
149    0.414548    0.412244  0.00101421
150    0.413943    0.412255  0.00100749
151    0.403354    0.412196  0.00100253
152    0.390125    0.412051  0.00100644
153    0.406607    0.412015  0.00100047
154    0.400476    0.411941 0.000996777
155    0.409588    0.411925 0.000990441
156    0.413771    0.411937 0.000984143
157     0.40968    0.411923  0.00097796
158    0.414865    0.411941 0.000971929
159    0.412531    0.411945 0.000965804
160    0.444746     0.41215 0.000981399
161     0.41997    0.412199 0.000976493
162    0.420369    0.412249 0.000971757
163    0.448517    0.412472 0.000991076
164    0.411473    0.412466 0.000985033
165     0.42629    0.412549 0.000982623
166    0.416648    0.412574 0.000976998
167     0.42418    0.412644 0.000973614
168    0.437774    0.412793 0.000979294
169    0.428124    0.412884 0.000977699
170     0.38467    0.412718 0.000985998
171    0.412636    0.412717 0.000980215
172    0.411202    0.412709  0.00097454
173    0.401196    0.412642 0.000971173
174     0.40927    0.412623  0.00096577
175    0.410167    0.412609 0.000960338
176    0.399409    0.412534 0.000957806
177    0.388665    0.412399  0.00096188
178    0.413176    0.412403 0.000956471
179    0.411335    0.412397 0.000951131
180    0.422402    0.412453 0.000947464
181    0.417669    0.412482 0.000942655
182    0.426934    0.412561 0.000940819
183    0.424161    0.412624 0.000937808
184    0.429467    0.412716 0.000937178
185    0.431537    0.412818 0.000937635
186    0.430355    0.412912 0.000937334
187    0.417015    0.412934 0.000932566
188    0.423403     0.41299 0.000929263
189    0.389117    0.412863 0.000932923
190    0.430317    0.412955 0.000932536
191    0.426958    0.413028 0.000930533
192    0.430179    0.413118 0.000929974
193    0.392089    0.413009 0.000931537
194    0.404689    0.412966 0.000927714
195    0.406869    0.412935 0.000923474
196    0.401101    0.412874 0.000920732
197    0.411375    0.412867 0.000916078
198    0.413715    0.412871  0.00091145
199    0.422267    0.412918 0.000908086
200    0.414473    0.412926 0.000903568
