1    0.444865    0.444865           0
2    0.436159    0.440512  0.00435292
3    0.440412    0.440479  0.00251338
4    0.436103    0.439385  0.00208692
5    0.434904    0.438489  0.00184827
6    0.425951    0.436399  0.00257757
7    0.433318    0.435959  0.00222247
8    0.454146    0.438232  0.00297878
9    0.443061    0.438769  0.00268127
10    0.435802    0.438472  0.00241648
11    0.443922    0.438968  0.00224124
12    0.440257    0.439075  0.00204878
13    0.444013    0.439455  0.00192249
14    0.437491    0.439315   0.0017854
15    0.432116    0.438835  0.00173001
16     0.44277    0.439081  0.00163685
17    0.431638    0.438643  0.00159867
18    0.439421    0.438686  0.00150786
19    0.434502    0.438466  0.00144319
20    0.434212    0.438253  0.00138555
21    0.442716    0.438466  0.00133495
22    0.440382    0.438553   0.0012758
23    0.429177    0.438145  0.00128541
24    0.432085    0.437893  0.00125633
25     0.44142    0.438034  0.00121326
26    0.454999    0.438686  0.00133587
27    0.434075    0.438516  0.00129674
28    0.434011    0.438355  0.00125988
29    0.445953    0.438617  0.00124358
30    0.431923    0.438394  0.00122195
31     0.43802    0.438381  0.00118194
32     0.43174    0.438174  0.00116307
33    0.437853    0.438164  0.00112732
34    0.440296    0.438227  0.00109546
35    0.429967    0.437991  0.00108956
36    0.426877    0.437682  0.00110295
37    0.438724     0.43771   0.0010731
38    0.439589     0.43776  0.00104565
39    0.434596    0.437679  0.00102171
40    0.440033    0.437738 0.000997575
41    0.437412     0.43773 0.000972972
42    0.434583    0.437655 0.000952475
43    0.441974    0.437755 0.000935469
44    0.436029    0.437716 0.000914802
45    0.431177    0.437571 0.000905973
46    0.436567    0.437549 0.000886327
47    0.428885    0.437364 0.000886638
48    0.431239    0.437237 0.000877299
49    0.437563    0.437243 0.000859234
50    0.443536    0.437369 0.000851228
51    0.440933    0.437439 0.000837291
52    0.442279    0.437532 0.000826291
53    0.438823    0.437557 0.000810917
54    0.436084    0.437529 0.000796225
55    0.432608     0.43744  0.00078672
56     0.43483    0.437393 0.000773947
57    0.437071    0.437388 0.000760269
58    0.447828    0.437568 0.000768426
59    0.446577     0.43772 0.000770571
60     0.43169     0.43762 0.000764257
61    0.441858    0.437689 0.000754828
62    0.438463    0.437702 0.000742659
63    0.441536    0.437763 0.000733306
64    0.437166    0.437753 0.000721818
65    0.446449    0.437887 0.000723109
66     0.44037    0.437925 0.000713062
67      0.4314    0.437827 0.000709058
68    0.438384    0.437836   0.0006986
69     0.44234    0.437901  0.00069149
70    0.439884    0.437929 0.000682129
71    0.438452    0.437937 0.000672493
72    0.448023    0.438077 0.000677725
73    0.442822    0.438142 0.000671529
74    0.439047    0.438154 0.000662506
75    0.441892    0.438204  0.00065551
76    0.439908    0.438226 0.000647216
77    0.430733    0.438129 0.000646127
78    0.434179    0.438078 0.000639796
79    0.442734    0.438137 0.000634389
80    0.437065    0.438124 0.000626553
81    0.437482    0.438116  0.00061882
82    0.438984    0.438126 0.000611318
83    0.443617    0.438193  0.00060752
84    0.444186    0.438264  0.00060447
85     0.43292    0.438201 0.000600615
86    0.439237    0.438213 0.000593712
87    0.439417    0.438227 0.000587011
88    0.437888    0.438223 0.000580315
89    0.436661    0.438205 0.000574026
90    0.426909     0.43808 0.000581324
91    0.432504    0.438019 0.000578156
92    0.433146    0.437966 0.000574284
93    0.434006    0.437923 0.000569669
94    0.432358    0.437864 0.000566677
95    0.426016    0.437739 0.000574383
96    0.437677    0.437739 0.000568368
97    0.440717    0.437769 0.000563316
98    0.439599    0.437788 0.000557851
99    0.442445    0.437835 0.000554188
100    0.428424    0.437741  0.00055663
101    0.431489    0.437679 0.000554557
102    0.442647    0.437728  0.00055125
103     0.43049    0.437657 0.000550375
104    0.423679    0.437523 0.000561385
105    0.430458    0.437456 0.000560069
106    0.435738     0.43744 0.000554997
107    0.432143     0.43739  0.00055201
108    0.431192    0.437333 0.000549877
109    0.435936     0.43732  0.00054496
110    0.438415     0.43733 0.000540075
111     0.44524    0.437401 0.000539911
112    0.441061    0.437434 0.000536066
113    0.433105    0.437395  0.00053268
114    0.439978    0.437418 0.000528473
115    0.430601    0.437359   0.0005272
116    0.435344    0.437341 0.000522924
117    0.434327    0.437316 0.000519075
118     0.44004    0.437339 0.000515175
119    0.429326    0.437271 0.000515247
120    0.438282     0.43728 0.000511004
121    0.439846    0.437301 0.000507207
122    0.438669    0.437312 0.000503157
123    0.444534    0.437371 0.000502492
124    0.433463    0.437339 0.000499418
125    0.448835    0.437431 0.000503871
126     0.42194    0.437308 0.000514754
127    0.439079    0.437322 0.000510875
128    0.438845    0.437334 0.000507008
129    0.453941    0.437463 0.000519272
130    0.434316    0.437439  0.00051583
131    0.443577    0.437486 0.000514018
132    0.443019    0.437528 0.000511828
133    0.426862    0.437447 0.000514256
134    0.448143    0.437527 0.000516608
135    0.440816    0.437552 0.000513345
136    0.432483    0.437514 0.000510918
137    0.430764    0.437465 0.000509563
138    0.441512    0.437494 0.000506706
139    0.433494    0.437466  0.00050387
140    0.431764    0.437425 0.000501913
141    0.437099    0.437423 0.000498346
142    0.446487    0.437486 0.000498924
143    0.438337    0.437492 0.000495459
144    0.439581    0.437507  0.00049222
145    0.442661    0.437542 0.000490104
146    0.428183    0.437478 0.000490939
147    0.437528    0.437479 0.000487588
148    0.431867    0.437441 0.000485764
149    0.436174    0.437432 0.000482568
150    0.435933    0.437422 0.000479444
151    0.437769    0.437425 0.000476264
152    0.446666    0.437485 0.000477011
153    0.445836     0.43754 0.000477016
154    0.435185    0.437525 0.000474155
155    0.433722      0.4375 0.000471724
156    0.428351    0.437441 0.000472345
157    0.439129    0.437452  0.00046945
158    0.443069    0.437488 0.000467822
159    0.443394    0.437525 0.000466352
160    0.428698     0.43747   0.0004667
161    0.441156    0.437493 0.000464357
162    0.441371    0.437517 0.000462103
163     0.43686    0.437513 0.000459277
164    0.438073    0.437516  0.00045648
165    0.428498    0.437461 0.000456985
166    0.440395    0.437479 0.000454568
167    0.435076    0.437465 0.000452067
168    0.435729    0.437454 0.000449486
169    0.439809    0.437468 0.000447036
170    0.438854    0.437476 0.000444473
171    0.427152    0.437416 0.000445972
172    0.442203    0.437444 0.000444244
173    0.438475     0.43745 0.000441709
174     0.43686    0.437446 0.000439176
175    0.435745    0.437437 0.000436768
176    0.438619    0.437443 0.000434331
177    0.432534    0.437416  0.00043276
178    0.436321    0.437409 0.000430366
179    0.448348    0.437471 0.000432295
180    0.453292    0.437558 0.000438781
181    0.443506    0.437591 0.000437586
182    0.434468    0.437574 0.000435513
183    0.447275    0.437627 0.000436359
184    0.431722    0.437595 0.000435166
185    0.437324    0.437594  0.00043281
186    0.446726    0.437643 0.000433267
187    0.437154     0.43764 0.000430952
188    0.440454    0.437655 0.000428915
189    0.436563    0.437649 0.000426679
190    0.434865    0.437635  0.00042468
191    0.450098      0.4377 0.000427461
192    0.433848     0.43768 0.000425702
193    0.434196    0.437662 0.000423875
194    0.429709    0.437621 0.000423672
195    0.439047    0.437628 0.000421558
196    0.443285    0.437657 0.000420393
197    0.438544    0.437661 0.000418278
198    0.441759    0.437682 0.000416674
199    0.432536    0.437656 0.000415381
200    0.435201    0.437644 0.000413481
1    0.444749    0.444749           0
2    0.435208    0.439978   0.0047705
3    0.439067    0.439674  0.00277094
4     0.43861    0.439408  0.00197733
5    0.435545    0.438636  0.00171554
6    0.426812    0.436665  0.00241774
7    0.435429    0.436488  0.00205098
8    0.455663    0.438885  0.00298318
9    0.443829    0.439435  0.00268765
10    0.435255    0.439017  0.00243997
11    0.444188    0.439487  0.00225654
12    0.440662    0.439585  0.00206226
13    0.447649    0.440205  0.00199586
14    0.438881     0.44011  0.00185023
15    0.434394    0.439729  0.00176412
16    0.439117    0.439691  0.00165063
17    0.431583    0.439214  0.00162219
18    0.440044     0.43926  0.00153011
19    0.433721    0.438969  0.00147641
20    0.434211    0.438731   0.0014207
21    0.443355    0.438951  0.00136918
22    0.439463    0.438974  0.00130567
23    0.430019    0.438585  0.00130696
24     0.43061    0.438253  0.00129468
25    0.442448     0.43842   0.0012531
26    0.453212    0.438989  0.00133158
27    0.431465    0.438711  0.00131127
28    0.437915    0.438682  0.00126389
29    0.446224    0.438942  0.00124695
30    0.431984     0.43871  0.00122679
31     0.43512    0.438595   0.0011922
32    0.432184    0.438394   0.0011716
33    0.437262     0.43836  0.00113606
34    0.442304    0.438476  0.00110823
35    0.432273    0.438299  0.00109059
36    0.426953    0.437984  0.00110573
37    0.437725    0.437977  0.00107545
38    0.437739     0.43797  0.00104679
39    0.436685    0.437937  0.00102013
40    0.439733    0.437982 0.000995308
41    0.434553    0.437899 0.000974326
42    0.435269    0.437836 0.000952903
43    0.442504    0.437945  0.00093679
44      0.4368    0.437919 0.000915621
45    0.433548    0.437821 0.000900296
46     0.43795    0.437824 0.000880511
47    0.430368    0.437666 0.000876056
48    0.431312    0.437533 0.000867767
49    0.436656    0.437515 0.000850062
50    0.442217    0.437609 0.000838179
51    0.437894    0.437615 0.000821599
52     0.44044    0.437669 0.000807474
53    0.437933    0.437674 0.000792107
54    0.438084    0.437682 0.000777337
55    0.431377    0.437567 0.000771635
56     0.43545    0.437529 0.000758673
57    0.436352    0.437509  0.00074553
58     0.44942    0.437714 0.000760808
59    0.448172    0.437891 0.000768523
60    0.433452    0.437817 0.000759219
61    0.441947    0.437885 0.000749732
62    0.436714    0.437866 0.000737782
63    0.441447    0.437923 0.000728197
64    0.437797    0.437921 0.000716732
65     0.44972    0.438103 0.000728595
66    0.439391    0.438122 0.000717737
67    0.431702    0.438026 0.000713408
68    0.439582    0.438049  0.00070321
69    0.441903    0.438105 0.000695191
70    0.441664    0.438156 0.000687072
71    0.436292     0.43813 0.000677834
72    0.450043    0.438295 0.000688531
73    0.441753    0.438342 0.000680683
74    0.441481    0.438385  0.00067276
75    0.440709    0.438416 0.000664452
76    0.438513    0.438417 0.000655652
77    0.431492    0.438327 0.000653301
78    0.435526    0.438291  0.00064587
79    0.441842    0.438336 0.000639224
80    0.435267    0.438298 0.000632348
81    0.437486    0.438288 0.000624573
82    0.440405    0.438314 0.000617449
83    0.443678    0.438378 0.000613379
84    0.442474    0.438427 0.000607991
85    0.431708    0.438348 0.000605973
86    0.439318    0.438359 0.000598992
87    0.442045    0.438402  0.00059358
88    0.438482    0.438403 0.000586797
89    0.435297    0.438368 0.000581214
90    0.426925    0.438241 0.000588616
91    0.434764    0.438202 0.000583364
92    0.432454     0.43814 0.000580361
93    0.434442      0.4381 0.000575463
94    0.432935    0.438045 0.000571953
95    0.426097    0.437919 0.000579707
96    0.440045    0.437941 0.000574064
97    0.443204    0.437996   0.0005707
98    0.439592    0.438012 0.000565081
99    0.440731     0.43804 0.000560018
100    0.430839    0.437968 0.000559046
101     0.43364    0.437925 0.000555139
102    0.442863    0.437973 0.000551798
103    0.431315    0.437908 0.000550224
104    0.426211    0.437796 0.000556395
105    0.431527    0.437736 0.000554295
106    0.440473    0.437762 0.000549647
107    0.434716    0.437734  0.00054523
108    0.432082    0.437681 0.000542686
109    0.434149    0.437649  0.00053866
110    0.440176    0.437672 0.000534235
111    0.443724    0.437726 0.000532201
112    0.438067    0.437729 0.000527436
113     0.43596    0.437714 0.000522982
114    0.441903    0.437751 0.000519675
115    0.428779    0.437672 0.000521011
116    0.433099    0.437633 0.000518002
117    0.437403    0.437631 0.000513559
118    0.437916    0.437634 0.000509194
119    0.430192    0.437571 0.000508755
120    0.439233    0.437585 0.000504688
121    0.439984    0.437605 0.000500892
122    0.440325    0.437627  0.00049727
123     0.44637    0.437698 0.000498307
124     0.43326    0.437662 0.000495566
125    0.448506    0.437749 0.000499181
126    0.422315    0.437627 0.000510127
127    0.438365    0.437632 0.000506128
128    0.441329    0.437661 0.000502988
129    0.450327    0.437759  0.00050864
130    0.437216    0.437755  0.00050473
131    0.445942    0.437818 0.000504746
132    0.442084     0.43785 0.000501949
133    0.425834     0.43776 0.000506287
134    0.449095    0.437844 0.000509565
135    0.442792    0.437881 0.000507102
136    0.433801    0.437851 0.000504253
137    0.428951    0.437786 0.000504756
138    0.441726    0.437815 0.000501898
139    0.434583    0.437791 0.000498816
140     0.43313    0.437758 0.000496358
141    0.436324    0.437748  0.00049293
142    0.445888    0.437805 0.000492792
143    0.440718    0.437825 0.000489758
144     0.43819    0.437828 0.000486352
145    0.441491    0.437853 0.000483646
146      0.4313    0.437808 0.000482415
147    0.441039     0.43783 0.000479626
148    0.433344      0.4378 0.000477337
149     0.43839    0.437804 0.000474139
150    0.436335    0.437794  0.00047107
151     0.43777    0.437794  0.00046794
152    0.445881    0.437847 0.000467886
153    0.445351    0.437896 0.000467398
154    0.435829    0.437883 0.000464547
155    0.433532    0.437855 0.000462393
156    0.428502    0.437795 0.000463315
157    0.438041    0.437796 0.000460357
158    0.445009    0.437842 0.000459706
159    0.443354    0.437877  0.00045812
160    0.430766    0.437832 0.000457412
161    0.440355    0.437848 0.000454832
162    0.440733    0.437866 0.000452366
163    0.441991    0.437891 0.000450294
164    0.439031    0.437898 0.000447594
165     0.43021    0.437851 0.000447306
166    0.438366    0.437855 0.000444614
167    0.436314    0.437845  0.00044204
168    0.438617     0.43785 0.000439425
169    0.439945    0.437862 0.000436993
170    0.440947     0.43788 0.000434794
171    0.428046    0.437823 0.000436053
172     0.44316    0.437854 0.000434619
173    0.438395    0.437857 0.000432111
174    0.437149    0.437853 0.000429639
175     0.43629    0.437844 0.000427271
176    0.440442    0.437859 0.000425092
177        0.43    0.437814  0.00042501
178    0.435314      0.4378 0.000422849
179    0.447171    0.437853 0.000423726
180    0.452313    0.437933 0.000428955
181    0.447716    0.437987 0.000429988
182    0.433423    0.437962 0.000428354
183    0.448309    0.438019 0.000429743
184    0.436294    0.438009 0.000427504
185    0.438478    0.438012 0.000425194
186    0.446573    0.438058 0.000425399
187    0.440219    0.438069 0.000423276
188    0.441241    0.438086 0.000421356
189    0.436215    0.438076 0.000419238
190    0.435183    0.438061 0.000417303
191    0.449605    0.438122  0.00041949
192     0.43862    0.438124 0.000417307
193    0.435808    0.438112 0.000415313
194    0.434648    0.438094 0.000413552
195    0.439688    0.438102 0.000411507
196    0.442967    0.438127 0.000410154
197     0.43903    0.438132 0.000408092
198    0.436969    0.438126 0.000406068
199    0.432023    0.438095 0.000405185
200    0.435871    0.438084 0.000403307
