1    0.355769    0.355769           0
2    0.358271     0.35702  0.00125131
3    0.356444    0.356828 0.000747533
4    0.357423    0.356977 0.000549111
5    0.354063    0.356394 0.000721511
6    0.364227    0.357699  0.00143228
7    0.355832    0.357433  0.00123953
8     0.35824    0.357534  0.00107821
9    0.362184     0.35805  0.00108222
10    0.355447     0.35779  0.00100236
11    0.354253    0.357468    0.000962
12    0.354251      0.3572 0.000918192
13    0.358377    0.357291 0.000849447
14    0.356109    0.357206 0.000790956
15    0.362167    0.357537 0.000807204
16    0.359499     0.35766 0.000764959
17     0.35757    0.357654 0.000718573
18    0.355967    0.357561 0.000683934
19    0.360812    0.357732 0.000669187
20    0.356248    0.357658 0.000639166
21    0.354496    0.357507 0.000626333
22    0.359384    0.357592 0.000603251
23     0.36093    0.357738 0.000594411
24    0.358341    0.357763  0.00056966
25    0.358639    0.357798 0.000547521
26    0.357434    0.357784 0.000526227
27    0.355856    0.357712 0.000511373
28    0.357254    0.357696 0.000493043
29     0.35677    0.357664 0.000476808
30    0.357492    0.357658 0.000460675
31    0.355543     0.35759 0.000450762
32    0.359324    0.357644 0.000439798
33    0.355383    0.357576 0.000431735
34    0.358377    0.357599 0.000419507
35    0.356628    0.357572 0.000408288
36    0.354231    0.357479  0.00040749
37    0.365164    0.357686 0.000447456
38    0.361184    0.357778  0.00044514
39    0.351736    0.357624 0.000460431
40    0.359884     0.35768 0.000452318
41    0.358164    0.357692 0.000441305
42    0.361776    0.357789 0.000441512
43     0.35559    0.357738 0.000434145
44    0.357613    0.357735 0.000424173
45    0.356977    0.357718 0.000414981
46    0.362143    0.357814 0.000417103
47    0.356433    0.357785 0.000409188
48    0.355838    0.357745 0.000402622
49    0.359458    0.357779 0.000395867
50    0.355445    0.357733  0.00039067
51    0.360304    0.357783 0.000386238
52    0.360848    0.357842 0.000383295
53    0.353886    0.357768  0.00038333
54    0.357303    0.357759 0.000376263
55    0.359157    0.357784 0.000370232
56    0.357668    0.357782 0.000363566
57    0.362955    0.357873 0.000368483
58    0.354931    0.357822  0.00036561
59    0.356831    0.357805 0.000359752
60    0.356231    0.357779 0.000354678
61    0.358103    0.357785 0.000348855
62    0.364952      0.3579 0.000362133
63    0.354196    0.357841 0.000361156
64    0.359282    0.357864  0.00035618
65    0.353916    0.357803 0.000355878
66    0.353722    0.357741 0.000355858
67    0.350848    0.357638 0.000365293
68    0.366327    0.357766 0.000381892
69    0.352895    0.357696 0.000382883
70    0.354561    0.357651 0.000380021
71    0.358323     0.35766  0.00037475
72    0.358482    0.357672 0.000369685
73    0.357307    0.357667 0.000364619
74     0.35414    0.357619 0.000362802
75    0.357386    0.357616 0.000357946
76    0.356152    0.357597  0.00035373
77    0.355557     0.35757 0.000350109
78    0.357043    0.357563 0.000345657
79    0.358109     0.35757 0.000341324
80    0.360811    0.357611 0.000339455
81    0.352023    0.357542 0.000342263
82    0.355724     0.35752 0.000338789
83    0.357586     0.35752 0.000334684
84    0.357706    0.357523 0.000330683
85     0.36405    0.357599 0.000335671
86    0.358042    0.357605 0.000331785
87    0.358166    0.357611 0.000328013
88     0.36072    0.357646 0.000326182
89    0.357294    0.357642 0.000322521
90    0.357865    0.357645 0.000318927
91     0.36062    0.357678 0.000317092
92    0.355645    0.357655 0.000314404
93    0.360321    0.357684 0.000312323
94    0.359739    0.357706 0.000309755
95    0.363082    0.357763 0.000311658
96    0.359282    0.357778   0.0003088
97    0.361045    0.357812  0.00030745
98    0.355306    0.357787  0.00030537
99    0.358987    0.357799 0.000302513
100    0.354718    0.357768 0.000301053
101    0.357019     0.35776  0.00029815
102    0.360738     0.35779 0.000296652
103    0.357966    0.357791 0.000293762
104    0.351004    0.357726 0.000298154
105    0.362431    0.357771  0.00029868
106    0.360267    0.357794 0.000296785
107    0.362331    0.357837  0.00029704
108    0.355194    0.357812 0.000295293
109    0.360367    0.357836 0.000293509
110    0.363775     0.35789 0.000295798
111    0.355169    0.357865 0.000294144
112    0.352237    0.357815 0.000295807
113    0.355598    0.357795 0.000293833
114    0.355157    0.357772 0.000292162
115    0.353969    0.357739 0.000291493
116    0.361422    0.357771 0.000290708
117    0.362029    0.357807 0.000290501
118    0.360974    0.357834 0.000289276
119    0.358905    0.357843 0.000286976
120    0.361233    0.357871 0.000285973
121      0.3579    0.357872   0.0002836
122    0.356719    0.357862 0.000281424
123    0.363853    0.357911 0.000283345
124    0.360015    0.357928 0.000281562
125    0.358478    0.357932 0.000279335
126    0.359406    0.357944 0.000277356
127    0.351485    0.357893 0.000279823
128    0.358734      0.3579 0.000277706
129    0.359089    0.357909 0.000275699
130    0.361078    0.357933 0.000274654
131    0.358883    0.357941 0.000272646
132    0.352819    0.357902 0.000273341
133    0.354365    0.357875 0.000272578
134    0.357248     0.35787 0.000270576
135    0.352367     0.35783 0.000271641
136    0.353872    0.357801 0.000271202
137    0.355454    0.357783 0.000269759
138    0.356914    0.357777 0.000267871
139    0.354597    0.357754  0.00026692
140    0.358328    0.357758 0.000265038
141    0.364407    0.357806 0.000267343
142    0.362164    0.357836 0.000267222
143    0.352278    0.357797 0.000268179
144    0.363702    0.357838 0.000269449
145    0.358786    0.357845 0.000267664
146    0.355538    0.357829 0.000266293
147    0.358106    0.357831 0.000264482
148    0.353304      0.3578 0.000264464
149     0.35922     0.35781 0.000262856
150    0.360422    0.357827 0.000261678
151    0.352686    0.357793  0.00026216
152     0.35387    0.357767 0.000261705
153    0.361213     0.35779 0.000260962
154    0.359661    0.357802 0.000259547
155    0.364338    0.357844 0.000261291
156    0.358283    0.357847 0.000259626
157    0.353523     0.35782 0.000259433
158     0.36227    0.357848 0.000259321
159    0.355852    0.357835  0.00025799
160    0.357691    0.357834 0.000256374
161    0.358813     0.35784 0.000254849
162    0.350621    0.357796 0.000257162
163    0.357914    0.357797 0.000255581
164     0.35895    0.357804 0.000254115
165    0.360548     0.35782 0.000253117
166    0.357315    0.357817 0.000251606
167    0.361327    0.357838 0.000250976
168    0.351139    0.357798 0.000252645
169    0.355889    0.357787   0.0002514
170    0.359682    0.357798 0.000250165
171    0.361731    0.357821 0.000249759
172    0.358364    0.357824 0.000248323
173    0.365322    0.357868 0.000250658
174    0.357835    0.357867 0.000249214
175    0.355775    0.357856 0.000248074
176    0.355357    0.357841 0.000247069
177     0.35753     0.35784 0.000245675
178    0.356855    0.357834 0.000244353
179    0.354394    0.357815 0.000243743
180    0.360865    0.357832 0.000242977
181    0.354192    0.357812 0.000242466
182    0.354285    0.357792 0.000241908
183    0.357348     0.35779 0.000240594
184     0.35824    0.357792 0.000239296
185    0.357084    0.357788  0.00023803
186    0.357239    0.357785 0.000236765
187    0.359568    0.357795 0.000235688
188    0.351811    0.357763 0.000236582
189     0.35837    0.357766 0.000235349
190    0.361891    0.357788 0.000235111
191    0.357569    0.357787  0.00023388
192    0.360449    0.357801 0.000233071
193    0.361293    0.357819 0.000232566
194     0.36177    0.357839 0.000232258
195    0.354987    0.357825 0.000231527
196    0.356536    0.357818 0.000230436
197    0.358489    0.357821 0.000229289
198    0.358734    0.357826 0.000228174
199    0.367174    0.357873 0.000231834
200    0.360806    0.357888 0.000231137
1    0.360731    0.360731           0
2    0.359867    0.360299   0.0004321
3    0.355021     0.35854  0.00177686
4    0.357851    0.358368  0.00126815
5    0.348986    0.356491  0.00211792
6    0.364404     0.35781   0.0021748
7    0.358639    0.357928  0.00184185
8    0.358889    0.358049  0.00159961
9    0.360441    0.358314  0.00143555
10    0.358798    0.358363  0.00128491
11    0.356317    0.358177  0.00117703
12    0.353528    0.357789  0.00114216
13    0.357563    0.357772  0.00105078
14    0.355139    0.357584 0.000990851
15    0.358502    0.357645 0.000924459
16    0.361411    0.357881 0.000896217
17    0.356139    0.357778 0.000848058
18    0.356981    0.357734 0.000800783
19    0.356318    0.357659 0.000761124
20    0.356416    0.357597 0.000724734
21    0.353493    0.357402 0.000716529
22    0.360729    0.357553 0.000699726
23    0.359294    0.357629 0.000672883
24    0.358983    0.357685 0.000646703
25    0.356722    0.357646 0.000621491
26    0.357655    0.357647  0.00059711
27    0.357226    0.357631  0.00057478
28     0.35447    0.357518 0.000565265
29    0.357395    0.357514 0.000545441
30    0.358027    0.357531 0.000527224
31    0.354676    0.357439 0.000518182
32    0.360234    0.357526 0.000509272
33    0.360023    0.357602 0.000499363
34    0.360296    0.357681 0.000490888
35    0.358821    0.357714 0.000477767
36    0.352227    0.357561 0.000488681
37    0.360343    0.357637   0.0004812
38    0.358425    0.357657 0.000468825
39    0.351212    0.357492 0.000485628
40    0.362188     0.35761 0.000487675
41      0.3558    0.357565 0.000477676
42    0.359865     0.35762 0.000469367
43    0.357482    0.357617 0.000458333
44    0.361152    0.357697 0.000454947
45    0.357362     0.35769 0.000444785
46    0.361382     0.35777 0.000442351
47     0.35727    0.357759 0.000432968
48    0.356052    0.357724 0.000425341
49    0.359839    0.357767 0.000418802
50    0.356136    0.357734 0.000411635
51    0.360554     0.35779 0.000407253
52    0.359865     0.35783 0.000401334
53    0.357599    0.357825 0.000393713
54    0.358327    0.357835 0.000386465
55    0.360844    0.357889 0.000383298
56    0.360513    0.357936 0.000379297
57    0.360063    0.357973 0.000374446
58    0.353324    0.357893 0.000376564
59    0.356762    0.357874 0.000370623
60    0.356822    0.357857 0.000364815
61    0.360238    0.357896 0.000360902
62    0.361116    0.357948 0.000358814
63    0.357385    0.357939 0.000353186
64    0.359078    0.357956 0.000348079
65    0.353113    0.357882  0.00035069
66    0.355962    0.357853 0.000346558
67     0.35305    0.357781 0.000348792
68    0.366534     0.35791 0.000366944
69    0.357715    0.357907 0.000361598
70    0.357602    0.357903 0.000356421
71    0.356617    0.357885 0.000351832
72    0.358959      0.3579 0.000347232
73    0.357146    0.357889 0.000342598
74    0.352524    0.357817 0.000345626
75    0.355833     0.35779 0.000342011
76    0.353927    0.357739 0.000341288
77    0.354934    0.357703 0.000338791
78    0.356709     0.35769 0.000334662
79    0.358124    0.357696 0.000330444
80    0.362913    0.357761  0.00033274
81    0.354458     0.35772 0.000331126
82    0.353909    0.357674 0.000330349
83    0.356976    0.357665 0.000326453
84    0.358481    0.357675 0.000322689
85     0.36224    0.357729 0.000323361
86    0.357296    0.357724 0.000319619
87    0.357326    0.357719 0.000315956
88    0.360447     0.35775  0.00031388
89    0.355435    0.357724 0.000311422
90    0.356345    0.357709 0.000308323
91    0.360523     0.35774  0.00030648
92    0.353336    0.357692 0.000306886
93      0.3575     0.35769 0.000303575
94    0.359524    0.357709 0.000300961
95    0.360957    0.357743 0.000299732
96    0.362292    0.357791 0.000300354
97    0.360113    0.357815 0.000298204
98    0.352971    0.357765 0.000299254
99    0.356801    0.357756 0.000296376
100    0.354019    0.357718 0.000295768
101    0.355401    0.357695 0.000293722
102    0.358187      0.3577 0.000290868
103    0.358446    0.357707 0.000288121
104    0.354113    0.357673 0.000287422
105    0.360668    0.357701 0.000286098
106    0.358699    0.357711 0.000283542
107    0.361616    0.357747 0.000283241
108    0.354409    0.357716 0.000282304
109    0.359424    0.357732  0.00028014
110    0.361633    0.357767 0.000279838
111    0.355399    0.357746 0.000278125
112    0.354764    0.357719 0.000276914
113    0.355189    0.357697 0.000275365
114    0.357187    0.357693 0.000272975
115    0.354695    0.357667 0.000271844
116    0.358908    0.357677 0.000269703
117    0.366212     0.35775 0.000277161
118    0.360178    0.357771 0.000275571
119    0.357703     0.35777 0.000273246
120    0.364174    0.357824 0.000276164
121    0.357858    0.357824 0.000273872
122    0.357378     0.35782 0.000271642
123    0.363407    0.357866 0.000273226
124    0.362185      0.3579 0.000273244
125    0.358471    0.357905 0.000271088
126    0.358274    0.357908 0.000268943
127    0.353989    0.357877 0.000268596
128    0.356867    0.357869 0.000266606
129    0.359274     0.35788 0.000264755
130    0.358903    0.357888 0.000262828
131    0.358227    0.357891 0.000260827
132    0.356048    0.357877  0.00025922
133    0.359196    0.357887 0.000257455
134    0.358283    0.357889 0.000255543
135    0.352221    0.357847 0.000257095
136    0.355001    0.357827 0.000256055
137    0.356838    0.357819 0.000254281
138    0.356991    0.357813 0.000252503
139    0.356494    0.357804  0.00025086
140    0.360022     0.35782 0.000249565
141    0.364349    0.357866 0.000252078
142    0.361234     0.35789 0.000251418
143    0.352632    0.357853 0.000252346
144    0.361297    0.357877 0.000251727
145     0.35987    0.357891 0.000250362
146    0.353044    0.357857 0.000250848
147    0.357563    0.357855 0.000249143
148    0.353309    0.357825 0.000249353
149     0.35633    0.357815 0.000247877
150     0.36057    0.357833 0.000246903
151     0.35484    0.357813 0.000246062
152    0.356179    0.357802 0.000244675
153    0.359472    0.357813 0.000243315
154    0.359825    0.357826 0.000242083
155    0.362997     0.35786 0.000242818
156    0.356593    0.357852 0.000241393
157     0.35515    0.357834 0.000240467
158    0.360126    0.357849  0.00023938
159    0.357029    0.357844 0.000237926
160    0.355964    0.357832 0.000236726
161     0.35756     0.35783 0.000235257
162    0.352895      0.3578 0.000235777
163    0.359019    0.357807 0.000234445
164    0.360255    0.357822 0.000233489
165    0.359397    0.357832 0.000232266
166    0.355796     0.35782 0.000231188
167    0.358888    0.357826 0.000229888
168    0.355273    0.357811  0.00022902
169    0.354962    0.357794 0.000228285
170    0.361825    0.357818 0.000228173
171    0.360477    0.357833 0.000227367
172    0.361229    0.357853 0.000226902
173    0.362271    0.357878 0.000227028
174     0.35669    0.357872 0.000225823
175    0.354585    0.357853 0.000225313
176      0.3569    0.357847 0.000224094
177    0.355716    0.357835  0.00022315
178    0.360065    0.357848 0.000222246
179    0.356725    0.357842  0.00022109
180    0.360313    0.357855 0.000220286
181    0.354202    0.357835 0.000219994
182      0.3564    0.357827 0.000218924
183    0.358711    0.357832 0.000217778
184    0.358524    0.357836 0.000216624
185    0.353572    0.357813 0.000216679
186    0.357367     0.35781 0.000215524
187    0.356873    0.357805 0.000214427
188    0.352526    0.357777 0.000215124
189    0.357458    0.357776  0.00021399
190    0.360913    0.357792   0.0002135
191    0.357433     0.35779 0.000212388
192    0.360676    0.357805 0.000211812
193      0.3646    0.357841 0.000213633
194    0.362535    0.357865 0.000213902
195    0.354429    0.357847  0.00021353
196    0.358245    0.357849 0.000212448
197    0.358542    0.357853 0.000211396
198    0.362107    0.357874  0.00021142
199    0.368615    0.357928 0.000217169
200    0.359418    0.357936 0.000216209
