1    0.400529    0.400529           0
2    0.394397    0.397463  0.00306604
3    0.398071    0.397666  0.00178173
4    0.397389    0.397597  0.00126177
5     0.38588    0.395253  0.00253907
6    0.396531    0.395466  0.00208405
7    0.393618    0.395202  0.00178102
8    0.399223    0.395705  0.00162223
9    0.400897    0.396282   0.0015426
10    0.387575    0.395411  0.00163149
11    0.395988    0.395463  0.00147667
12    0.396738     0.39557  0.00135219
13    0.393045    0.395375  0.00125891
14    0.392323    0.395157  0.00118574
15    0.398187    0.395359  0.00112219
16    0.396039    0.395402  0.00105057
17    0.396579    0.395471 0.000989267
18    0.396709     0.39554 0.000935221
19    0.396142    0.395572 0.000885198
20    0.395682    0.395577  0.00083979
21    0.390255    0.395324 0.000838037
22    0.401426    0.395601 0.000845811
23    0.395556    0.395599 0.000808202
24    0.400943    0.395822 0.000805198
25    0.399751    0.395979  0.00078815
26    0.393622    0.395888 0.000762635
27    0.398244    0.395976 0.000739013
28    0.396151    0.395982 0.000712158
29    0.399413      0.3961 0.000697273
30    0.392512     0.39598 0.000684164
31     0.40067    0.396132   0.0006788
32    0.395496    0.396112 0.000657545
33    0.395655    0.396098 0.000637459
34    0.399123    0.396187 0.000624793
35    0.397895    0.396236 0.000608639
36     0.40133    0.396377 0.000608179
37    0.400386    0.396486 0.000601353
38    0.399347    0.396561 0.000590139
39    0.389322    0.396375 0.000604033
40    0.401602    0.396506 0.000603063
41    0.399497    0.396579 0.000592675
42    0.404581     0.39677 0.000608966
43    0.400788    0.396863 0.000601934
44    0.394411    0.396807 0.000590729
45    0.390326    0.396663 0.000595146
46    0.397156    0.396674 0.000582162
47    0.395016    0.396639 0.000570733
48    0.395288     0.39661 0.000559425
49    0.396581     0.39661 0.000547889
50    0.393558    0.396549 0.000540279
51    0.401957    0.396655 0.000540093
52    0.402099     0.39676 0.000539855
53    0.398743    0.396797 0.000530892
54     0.39263     0.39672 0.000526651
55    0.392381    0.396641 0.000522971
56     0.39264     0.39657 0.000518493
57    0.390781    0.396468 0.000519341
58    0.392282    0.396396 0.000515386
59    0.400733    0.396469 0.000511882
60    0.396593    0.396471 0.000503282
61    0.399086    0.396514 0.000496816
62    0.403032    0.396619 0.000499916
63    0.399711    0.396668 0.000494359
64    0.394059    0.396628 0.000488279
65    0.403125    0.396728 0.000490992
66    0.395067    0.396702 0.000484149
67    0.395126    0.396679 0.000477448
68    0.403241    0.396775 0.000480171
69    0.395855    0.396762 0.000473349
70    0.403948    0.396865 0.000477697
71    0.392988     0.39681 0.000474076
72    0.396564    0.396807 0.000467457
73    0.393721    0.396764 0.000462943
74    0.394767    0.396737 0.000457441
75    0.399116    0.396769 0.000452414
76    0.393386    0.396725 0.000448636
77    0.392727    0.396673 0.000445804
78    0.396542    0.396671 0.000440055
79    0.399279    0.396704 0.000435701
80    0.393115    0.396659 0.000432554
81    0.391241    0.396592 0.000432386
82     0.39901    0.396622 0.000428097
83    0.397097    0.396628 0.000422947
84    0.394688    0.396604 0.000418519
85    0.401004    0.396656 0.000416793
86    0.399904    0.396694 0.000413646
87    0.398423    0.396714 0.000409347
88    0.398664    0.396736 0.000405274
89    0.394375    0.396709 0.000401572
90    0.399749    0.396743 0.000398519
91    0.399107    0.396769  0.00039497
92    0.398099    0.396784  0.00039092
93    0.398222    0.396799 0.000387003
94    0.390895    0.396736 0.000387981
95    0.396112     0.39673 0.000383932
96    0.388474    0.396644 0.000389523
97    0.395857    0.396636 0.000385572
98    0.385367    0.396521 0.000398565
99    0.399072    0.396546  0.00039536
100    0.397254    0.396554  0.00039145
101    0.393767    0.396526 0.000388536
102    0.394356    0.396505 0.000385296
103    0.398715    0.396526  0.00038214
104    0.392261    0.396485 0.000380663
105    0.397848    0.396498 0.000377243
106    0.400433    0.396535 0.000375507
107    0.403783    0.396603 0.000378098
108    0.398565    0.396621 0.000375021
109    0.391275    0.396572 0.000374788
110    0.395364    0.396561 0.000371528
111    0.399201    0.396585 0.000368933
112    0.390266    0.396528 0.000369952
113    0.393275      0.3965 0.000367792
114    0.392259    0.396462 0.000366445
115    0.389941    0.396406 0.000367645
116    0.399269     0.39643 0.000365296
117    0.396131    0.396428  0.00036217
118    0.404807    0.396499 0.000366042
119    0.400332    0.396531  0.00036438
120    0.395721    0.396524 0.000361393
121    0.398766    0.396543 0.000358873
122    0.390746    0.396495 0.000359076
123    0.397506    0.396504  0.00035624
124    0.390878    0.396458 0.000356256
125    0.405516    0.396531 0.000360747
126    0.398059    0.396543 0.000358078
127    0.391944    0.396507 0.000357088
128    0.399248    0.396528 0.000354934
129    0.393115    0.396502 0.000353164
130    0.393412    0.396478 0.000351242
131    0.395682    0.396472 0.000348603
132    0.398221    0.396485 0.000346206
133    0.399132    0.396505 0.000344169
134     0.39172    0.396469 0.000343452
135    0.392584     0.39644 0.000342112
136    0.400309    0.396469 0.000340776
137    0.399062    0.396488 0.000338809
138     0.39864    0.396503 0.000336706
139    0.392661    0.396476 0.000335416
140    0.396117    0.396473 0.000333021
141    0.397055    0.396477 0.000330677
142    0.401909    0.396516 0.000330561
143    0.389455    0.396466 0.000331934
144    0.403936    0.396518 0.000333677
145    0.401186     0.39655 0.000332928
146    0.399631    0.396571 0.000331313
147    0.400373    0.396597 0.000330066
148    0.387266    0.396534 0.000333835
149    0.395634    0.396528 0.000331642
150    0.397394    0.396534 0.000329474
151    0.390763    0.396496 0.000329509
152    0.390524    0.396456 0.000329683
153    0.396678    0.396458 0.000327524
154    0.395999    0.396455 0.000325404
155    0.406098    0.396517 0.000329229
156    0.401793    0.396551 0.000328856
157    0.391935    0.396521 0.000328075
158     0.40398    0.396569 0.000329391
159     0.39226    0.396542 0.000328433
160    0.399438     0.39656 0.000326876
161     0.40044    0.396584 0.000325732
162    0.390812    0.396548  0.00032567
163    0.395784    0.396543   0.0003237
164    0.402456    0.396579 0.000323733
165    0.406113    0.396637 0.000326912
166    0.393877    0.396621 0.000325362
167    0.395761    0.396615 0.000323449
168    0.396055    0.396612 0.000321535
169    0.391923    0.396584 0.000320829
170    0.397932    0.396592 0.000319034
171    0.399061    0.396607 0.000317491
172    0.396755    0.396608 0.000315641
173    0.404201    0.396652 0.000316866
174     0.39585    0.396647 0.000315074
175     0.39803    0.396655 0.000313368
176    0.395511    0.396648  0.00031165
177    0.396138    0.396645 0.000309898
178    0.391468    0.396616 0.000309522
179    0.397491    0.396621 0.000307826
180    0.403459    0.396659  0.00030846
181     0.39535    0.396652 0.000306836
182    0.389556    0.396613 0.000307626
183    0.400598    0.396635 0.000306714
184    0.397847    0.396641 0.000305114
185    0.398109    0.396649 0.000303564
186    0.395218    0.396642 0.000302026
187    0.404092    0.396681 0.000303036
188    0.387948    0.396635 0.000304979
189    0.392717    0.396614 0.000304068
190    0.399051    0.396627 0.000302735
191    0.391468      0.3966 0.000302355
192    0.396034    0.396597 0.000300791
193    0.394556    0.396587 0.000299415
194    0.401602    0.396612 0.000298987
195    0.393753    0.396598 0.000297811
196    0.399763    0.396614 0.000296728
197    0.399178    0.396627 0.000295505
198    0.398679    0.396637 0.000294191
199    0.403051    0.396669 0.000294478
200    0.405056    0.396711 0.000295987
1    0.405151    0.405151           0
2    0.397613    0.401382  0.00376933
3    0.399307     0.40069  0.00228349
4    0.396025    0.399524  0.00199189
5     0.38707    0.397033  0.00292998
6    0.395861    0.396838  0.00240028
7     0.39682    0.396835  0.00202861
8    0.399114     0.39712  0.00177978
9    0.399072    0.397337  0.00158453
10    0.391689    0.396772  0.00152565
11    0.398436    0.396923  0.00138826
12     0.39533    0.396791  0.00127424
13    0.394031    0.396578   0.0011912
14    0.392787    0.396308   0.0011356
15      0.3978    0.396407  0.00106186
16     0.39722    0.396458 0.000994575
17    0.396499     0.39646 0.000934244
18    0.398291    0.396562 0.000886664
19    0.392391    0.396342 0.000866953
20    0.397638    0.396407 0.000825012
21    0.388092    0.396011 0.000878978
22    0.401782    0.396274 0.000878161
23    0.396817    0.396297 0.000839445
24      0.4027    0.396564 0.000846829
25     0.39787    0.396616 0.000813928
26    0.393465    0.396495 0.000791332
27    0.399922    0.396622 0.000771963
28     0.39467    0.396552 0.000747142
29    0.399924    0.396669 0.000730234
30    0.395694    0.396636  0.00070622
31    0.399426    0.396726 0.000688963
32    0.395587     0.39669 0.000668034
33    0.396617    0.396688 0.000647478
34    0.399908    0.396783 0.000635244
35     0.40108    0.396906 0.000628926
36    0.401146    0.397023 0.000622454
37    0.400023    0.397105 0.000610802
38    0.395571    0.397064  0.00059588
39    0.390473    0.396895 0.000604505
40    0.401437    0.397009 0.000600041
41    0.399262    0.397064 0.000587798
42    0.402881    0.397202 0.000590115
43    0.401571    0.397304 0.000585115
44    0.394202    0.397233 0.000575992
45    0.389977    0.397072 0.000585685
46    0.395652    0.397041 0.000573642
47    0.394154     0.39698 0.000564655
48    0.394021    0.396918 0.000556192
49    0.393217    0.396843 0.000549934
50    0.396307    0.396832 0.000538929
51    0.399903    0.396892 0.000531678
52    0.402302    0.396996 0.000531633
53    0.402202    0.397094 0.000530674
54    0.393909    0.397035 0.000524083
55    0.394415    0.396988 0.000516667
56    0.396176    0.396973 0.000507564
57    0.388668    0.396828 0.000519436
58    0.393387    0.396768 0.000513838
59    0.396314    0.396761 0.000505113
60    0.395595    0.396741 0.000497003
61    0.399873    0.396792 0.000491476
62    0.400283    0.396849 0.000486751
63    0.400851    0.396912 0.000483157
64    0.394327    0.396872 0.000477261
65    0.402891    0.396964 0.000478899
66    0.398628     0.39699 0.000472261
67    0.397172    0.396992 0.000465167
68    0.400836    0.397049 0.000461747
69    0.395063     0.39702 0.000455916
70    0.407234    0.397166 0.000472451
71    0.392671    0.397103 0.000470031
72     0.39626    0.397091 0.000463605
73    0.396826    0.397087 0.000457224
74    0.391908    0.397017 0.000456403
75    0.398635    0.397039 0.000450793
76    0.394629    0.397007  0.00044595
77    0.391404    0.396934 0.000446096
78     0.39967     0.39697 0.000441733
79     0.39511    0.396946 0.000436741
80    0.397066    0.396948  0.00043125
81    0.394506    0.396917 0.000426957
82    0.396709    0.396915 0.000421726
83    0.398551    0.396935  0.00041708
84     0.39603    0.396924 0.000412226
85    0.398527    0.396943 0.000407783
86    0.396851    0.396942 0.000403015
87    0.398988    0.396965  0.00039905
88    0.397428     0.39697 0.000394524
89    0.393848    0.396935 0.000391641
90    0.397588    0.396943 0.000387333
91    0.399062    0.396966  0.00038376
92    0.398513    0.396983 0.000379938
93    0.397275    0.396986 0.000375844
94    0.393723    0.396951 0.000373441
95    0.395182    0.396932 0.000369958
96     0.39187     0.39688 0.000369862
97    0.395689    0.396867 0.000366235
98    0.382899    0.396725 0.000389496
99    0.400849    0.396767 0.000387786
100     0.39827    0.396782 0.000384183
101    0.393899    0.396753 0.000381429
102    0.394434     0.39673 0.000378355
103    0.399373    0.396756 0.000375541
104    0.395487    0.396744 0.000372112
105    0.396593    0.396742 0.000368554
106    0.401573    0.396788 0.000367894
107    0.402338     0.39684 0.000368112
108    0.400229    0.396871 0.000366035
109    0.389811    0.396806   0.0003684
110    0.395345    0.396793 0.000365277
111    0.399817     0.39682 0.000362995
112    0.391372    0.396772 0.000363014
113    0.393593    0.396744 0.000360885
114    0.396129    0.396738 0.000357746
115    0.392214    0.396699 0.000356796
116    0.394703    0.396682 0.000354125
117    0.396986    0.396684 0.000351095
118    0.406097    0.396764 0.000357129
119    0.397861    0.396773 0.000354235
120    0.398323    0.396786 0.000351508
121    0.398808    0.396803 0.000348992
122    0.392416    0.396767 0.000347982
123    0.399061    0.396786 0.000345645
124    0.392598    0.396752 0.000344505
125    0.402104    0.396795  0.00034441
126    0.398831    0.396811 0.000342047
127    0.393362    0.396784 0.000340428
128    0.400396    0.396812 0.000338935
129    0.392874    0.396781  0.00033768
130    0.390672    0.396734 0.000338352
131    0.392618    0.396703 0.000337226
132     0.39787    0.396712 0.000334779
133    0.400905    0.396743 0.000333745
134    0.394368    0.396726 0.000331719
135    0.394311    0.396708 0.000329738
136    0.399371    0.396727  0.00032789
137    0.398803    0.396742  0.00032584
138    0.398322    0.396754 0.000323673
139    0.394716    0.396739  0.00032167
140    0.397147    0.396742 0.000319377
141    0.399229     0.39676 0.000317594
142    0.399951    0.396782  0.00031615
143      0.3908     0.39674 0.000316706
144     0.40425    0.396792 0.000318794
145    0.398499    0.396804 0.000316806
146    0.396983    0.396805 0.000314631
147     0.40071    0.396832  0.00031361
148    0.389872    0.396785 0.000315014
149    0.395674    0.396778 0.000312981
150    0.398794    0.396791 0.000311178
151    0.389385    0.396742 0.000312978
152    0.392968    0.396717 0.000311901
153    0.394227    0.396701 0.000310283
154    0.395507    0.396693 0.000308359
155    0.405042    0.396747 0.000311063
156    0.398534    0.396758 0.000309274
157    0.389811    0.396714 0.000310468
158    0.403163    0.396755 0.000311184
159    0.394242    0.396739 0.000309625
160    0.398569    0.396751 0.000307896
161    0.398892    0.396764 0.000306267
162    0.388569    0.396713 0.000308545
163    0.394796    0.396702 0.000306872
164    0.399668     0.39672 0.000305531
165    0.404871    0.396769 0.000307666
166    0.395781    0.396763 0.000305865
167    0.394705    0.396751 0.000304277
168    0.395618    0.396744 0.000302536
169    0.390484    0.396707 0.000303013
170     0.39946    0.396723  0.00030166
171    0.398325    0.396733 0.000300037
172    0.398166    0.396741 0.000298404
173      0.4043    0.396785 0.000299874
174    0.396081    0.396781 0.000298173
175    0.397152    0.396783 0.000296472
176    0.398133     0.39679 0.000294883
177    0.395401    0.396782 0.000293317
178     0.39281     0.39676 0.000292517
179    0.399279    0.396774 0.000291219
180    0.400516    0.396795 0.000290341
181     0.39882    0.396806 0.000288949
182    0.391427    0.396777 0.000288874
183    0.403495    0.396813 0.000289627
184    0.399619    0.396829 0.000288452
185    0.398749    0.396839 0.000287076
186    0.395202     0.39683 0.000285664
187    0.400938    0.396852  0.00028498
188    0.390772     0.39682 0.000285299
189    0.395895    0.396815 0.000283828
190    0.398474    0.396824 0.000282465
191     0.39393    0.396809 0.000281391
192       0.396    0.396804 0.000279953
193    0.396762    0.396804 0.000278499
194    0.402037    0.396831 0.000278369
195    0.391194    0.396802 0.000278443
196     0.40171    0.396827 0.000278148
197    0.396967    0.396828 0.000276733
198     0.40178    0.396853 0.000276466
199    0.402681    0.396882 0.000276628
200     0.40448     0.39692  0.00027785
