1    0.299823    0.299823           0
2    0.296783    0.298303   0.0015198
3    0.298808    0.298471 0.000893462
4    0.304446    0.299965   0.0016219
5    0.297469    0.299466  0.00135183
6    0.299178    0.299418  0.00110481
7    0.301334    0.299691 0.000973018
8     0.29497    0.299101  0.00102878
9    0.302992    0.299534  0.00100505
10    0.295675    0.299148 0.000978257
11    0.303248    0.299521  0.00096019
12    0.298957    0.299474 0.000877786
13    0.300253    0.299534 0.000809666
14    0.297455    0.299385 0.000764167
15    0.298571    0.299331 0.000713468
16    0.296971    0.299183 0.000683488
17    0.301265    0.299306 0.000653604
18     0.30027    0.299359 0.000618547
19    0.297222    0.299247 0.000595801
20    0.300108     0.29929 0.000566863
21    0.302114    0.299424 0.000555711
22     0.29775    0.299348 0.000535286
23    0.298084    0.299293 0.000514429
24    0.298123    0.299245 0.000494937
25    0.302033    0.299356 0.000487654
26    0.299037    0.299344 0.000468684
27    0.300944    0.299403 0.000454869
28    0.301368    0.299473 0.000443903
29    0.303686    0.299618 0.000452282
30    0.299034    0.299599 0.000437379
31    0.300944    0.299642 0.000425254
32    0.299966    0.299653 0.000411875
33    0.300267    0.299671 0.000399632
34     0.29947    0.299665 0.000387746
35    0.296338     0.29957 0.000388323
36    0.302108    0.299641  0.00038391
37    0.300915    0.299675 0.000374974
38    0.299714    0.299676 0.000364975
39    0.296792    0.299602 0.000363104
40    0.302751    0.299681 0.000362557
41    0.297586     0.29963 0.000357277
42    0.299531    0.299627 0.000348675
43    0.298732    0.299607 0.000341106
44    0.301432    0.299648 0.000335836
45    0.293857    0.299519 0.000352614
46    0.302858    0.299592 0.000352418
47    0.298442    0.299567 0.000345706
48     0.29482    0.299469 0.000352583
49    0.302121    0.299523 0.000349529
50    0.302479    0.299582 0.000347533
51    0.303815    0.299665 0.000350619
52    0.301221    0.299695 0.000345111
53    0.297611    0.299655 0.000340812
54    0.295373    0.299576 0.000343716
55    0.300775    0.299598 0.000338113
56    0.300608    0.299616  0.00033251
57    0.302917    0.299674  0.00033172
58    0.299314    0.299668  0.00032601
59    0.296689    0.299617 0.000324388
60    0.295356    0.299546 0.000326748
61    0.298571     0.29953 0.000321745
62    0.303862      0.2996 0.000324133
63    0.302168    0.299641 0.000321541
64    0.301503     0.29967 0.000317813
65    0.295977    0.299613    0.000318
66    0.296912    0.299572 0.000315808
67    0.297956    0.299548 0.000311993
68    0.299249    0.299544 0.000307402
69    0.292787    0.299446 0.000318349
70    0.298577    0.299433 0.000314013
71    0.297851    0.299411  0.00031036
72    0.299586    0.299413 0.000306028
73    0.295152    0.299355   0.0003074
74     0.29505    0.299297  0.00030875
75    0.295477    0.299246 0.000308833
76    0.301733    0.299279 0.000306495
77    0.297108    0.299251   0.0003038
78    0.299669    0.299256 0.000299927
79    0.297417    0.299233  0.00029702
80    0.298462    0.299223 0.000293442
81    0.296559     0.29919 0.000291657
82    0.300257    0.299203 0.000288372
83     0.29585    0.299163 0.000287726
84    0.299059    0.299161 0.000284283
85    0.302059    0.299196  0.00028298
86    0.297913    0.299181 0.000280067
87    0.303425    0.299229 0.000281096
88    0.305022    0.299295 0.000285572
89    0.303038    0.299337  0.00028546
90    0.297818     0.29932 0.000282775
91    0.297518    0.299301 0.000280351
92    0.295346    0.299258   0.0002806
93    0.302651    0.299294 0.000279954
94    0.300238    0.299304 0.000277142
95    0.299419    0.299305 0.000274212
96    0.297558    0.299287  0.00027195
97    0.302307    0.299318 0.000270926
98    0.297511      0.2993 0.000268781
99    0.301917    0.299326 0.000267362
100     0.29724    0.299305 0.000265496
101    0.300932    0.299322 0.000263348
102    0.299507    0.299323 0.000260759
103      0.3006    0.299336 0.000258513
104    0.294018    0.299285 0.000261071
105    0.301813    0.299309 0.000259691
106    0.302407    0.299338 0.000258886
107    0.299989    0.299344 0.000256527
108    0.297491    0.299327 0.000254719
109    0.300317    0.299336 0.000252535
110    0.302946    0.299369 0.000252371
111    0.293873    0.299319 0.000254942
112    0.299444     0.29932 0.000252658
113    0.298196     0.29931 0.000250609
114     0.29539    0.299276  0.00025077
115    0.298012    0.299265 0.000248823
116    0.306225    0.299325 0.000253861
117     0.30069    0.299337 0.000251952
118    0.298913    0.299333 0.000249834
119    0.301224    0.299349 0.000248235
120    0.296628    0.299326 0.000247199
121    0.302308    0.299351 0.000246384
122    0.301375    0.299368 0.000244918
123    0.300865     0.29938 0.000243224
124    0.301564    0.299397 0.000241897
125    0.300563    0.299407 0.000240135
126    0.294672    0.299369 0.000241168
127    0.297172    0.299352 0.000239886
128    0.299146     0.29935  0.00023801
129    0.298403    0.299343 0.000236272
130    0.300551    0.299352 0.000234631
131    0.301934    0.299372 0.000233666
132    0.301743     0.29939 0.000232584
133    0.295605    0.299361 0.000232576
134    0.296789    0.299342 0.000231631
135    0.303516    0.299373 0.000231978
136    0.300798    0.299384 0.000230504
137     0.29551    0.299355 0.000230556
138    0.296142    0.299332  0.00023006
139    0.300626    0.299341 0.000228589
140    0.302023     0.29936 0.000227757
141    0.302467    0.299382 0.000227207
142    0.296995    0.299366 0.000226227
143    0.298425    0.299359 0.000224735
144    0.302377     0.29938 0.000224151
145    0.300504    0.299388 0.000222735
146      0.3025    0.299409 0.000222229
147    0.296863    0.299392  0.00022139
148    0.300467    0.299399 0.000220009
149    0.299387    0.299399 0.000218528
150    0.298507    0.299393 0.000217148
151    0.297763    0.299382 0.000215975
152     0.29692    0.299366  0.00021516
153    0.302075    0.299384 0.000214481
154     0.30037     0.29939  0.00021318
155    0.298641    0.299385 0.000211855
156    0.299109    0.299384   0.0002105
157    0.296487    0.299365 0.000209967
158    0.304734    0.299399 0.000211383
159    0.296848    0.299383 0.000210661
160      0.3006    0.299391 0.000209478
161    0.304427    0.299422  0.00021051
162    0.294776    0.299393 0.000211163
163    0.299923    0.299397 0.000209888
164    0.299826    0.299399 0.000208621
165    0.298016    0.299391 0.000207522
166    0.300531    0.299398 0.000206383
167    0.299448    0.299398 0.000205143
168     0.30042    0.299404 0.000204009
169     0.29883    0.299401 0.000202827
170     0.29845    0.299395 0.000201708
171     0.30372     0.29942 0.000202114
172    0.300272    0.299425 0.000200996
173    0.304434    0.299454 0.000201917
174    0.299201    0.299453 0.000200759
175    0.295321    0.299429    0.000201
176    0.297354    0.299417 0.000200202
177    0.302516    0.299435 0.000199836
178    0.301191    0.299445 0.000198955
179    0.300525    0.299451 0.000197932
180    0.301503    0.299462 0.000197159
181    0.296416    0.299445 0.000196788
182    0.299848    0.299448 0.000195716
183    0.298904    0.299445 0.000194666
184    0.298401    0.299439 0.000193689
185    0.296021     0.29942 0.000193523
186    0.294966    0.299396 0.000193964
187      0.2988    0.299393  0.00019295
188    0.293891    0.299364  0.00019414
189    0.300737    0.299371 0.000193246
190    0.302461    0.299388 0.000192913
191    0.299246    0.299387 0.000191902
192    0.299236    0.299386 0.000190902
193    0.302423    0.299402 0.000190561
194    0.299191    0.299401 0.000189579
195    0.294302    0.299375 0.000190408
196     0.29583    0.299356 0.000190295
197    0.299475    0.299357 0.000189328
198    0.301228    0.299366 0.000188606
199    0.304438    0.299392 0.000189379
200    0.302923     0.29941 0.000189255
1    0.299085    0.299085           0
2    0.300051    0.299568 0.000483052
3    0.297913    0.299016 0.000617984
4    0.304919    0.300492  0.00153911
5    0.297401    0.299874  0.00134289
6    0.299602    0.299829   0.0010974
7    0.302302    0.300182 0.000992473
8    0.295591    0.299608   0.0010335
9    0.301295    0.299795 0.000930531
10    0.298081    0.299624  0.00084977
11    0.302298    0.299867 0.000806178
12    0.300319    0.299905   0.0007369
13    0.303122    0.300152  0.00072161
14    0.296814    0.299914 0.000709361
15    0.295722    0.299634 0.000717072
16    0.299004    0.299595 0.000671915
17    0.299978    0.299617 0.000631557
18    0.299633    0.299618 0.000595438
19    0.296576    0.299458  0.00058554
20    0.297084    0.299339 0.000568038
21    0.300384    0.299389 0.000542597
22    0.301081    0.299466 0.000523033
23    0.298819    0.299438 0.000500565
24    0.299927    0.299458 0.000479688
25    0.301782    0.299551 0.000469393
26    0.300202    0.299576 0.000451673
27    0.301606    0.299652 0.000441077
28    0.298903    0.299625 0.000425873
29    0.304296    0.299786 0.000441371
30     0.29632     0.29967 0.000441775
31    0.299626    0.299669 0.000427289
32    0.303891    0.299801  0.00043425
33    0.302406     0.29988 0.000428222
34    0.299308    0.299863 0.000415777
35    0.295596    0.299741  0.00042173
36    0.302226     0.29981 0.000415618
37    0.301158    0.299847 0.000405867
38    0.297104    0.299774  0.00040158
39    0.296622    0.299694 0.000399414
40    0.300414    0.299712 0.000389717
41     0.29715    0.299649 0.000385195
42    0.300015    0.299658 0.000376013
43     0.29845     0.29963 0.000368236
44    0.300748    0.299655 0.000360667
45    0.295014    0.299552 0.000367334
46    0.304982     0.29967 0.000378155
47    0.300554    0.299689   0.0003705
48    0.295965    0.299611 0.000370902
49    0.300182    0.299623  0.00036344
50    0.303425    0.299699 0.000364127
51    0.301598    0.299736 0.000358852
52    0.301724    0.299774 0.000353954
53    0.302121    0.299819 0.000350023
54    0.294215    0.299715 0.000358812
55    0.300366    0.299727 0.000352426
56    0.302646    0.299779  0.00034998
57    0.296869    0.299728 0.000347555
58    0.299619    0.299726 0.000341515
59    0.297642    0.299691  0.00033753
60    0.297731    0.299658  0.00033346
61    0.299172     0.29965 0.000328045
62    0.302509    0.299696 0.000325989
63     0.30172    0.299728 0.000322377
64    0.300029    0.299733 0.000317335
65    0.294569    0.299654 0.000322358
66    0.299183    0.299646 0.000317516
67    0.299503    0.299644 0.000312748
68    0.298035    0.299621 0.000309023
69     0.29588    0.299566 0.000309298
70     0.30222    0.299604 0.000307195
71    0.299018    0.299596  0.00030295
72    0.298681    0.299583 0.000298983
73    0.297968    0.299561 0.000295687
74    0.296022    0.299513  0.00029556
75    0.294183    0.299442 0.000300128
76    0.302091    0.299477 0.000298197
77    0.299219    0.299474 0.000294318
78    0.301618    0.299501 0.000291818
79    0.299102    0.299496 0.000288144
80     0.30127    0.299518 0.000285382
81    0.298694    0.299508 0.000282021
82    0.299561    0.299509 0.000278561
83     0.29858    0.299498 0.000275411
84    0.299296    0.299495 0.000272124
85    0.298259    0.299481 0.000269296
86    0.297641    0.299459 0.000267005
87    0.300928    0.299476 0.000264457
88    0.303119    0.299518 0.000264692
89    0.303369    0.299561 0.000265256
90    0.297549    0.299539 0.000263243
91    0.296436    0.299504 0.000262558
92     0.29646    0.299471 0.000261788
93    0.299511    0.299472 0.000258958
94    0.298739    0.299464 0.000256307
95    0.295762    0.299425 0.000256572
96    0.300611    0.299437 0.000254186
97    0.300265    0.299446 0.000251696
98    0.297941    0.299431 0.000249587
99      0.3022    0.299458 0.000248632
100    0.298134    0.299445  0.00024649
101    0.301882    0.299469 0.000245226
102    0.295141    0.299427  0.00024649
103    0.299761     0.29943 0.000244107
104    0.297181    0.299409 0.000242714
105    0.300973    0.299423 0.000240852
106    0.300768    0.299436 0.000238906
107    0.296976    0.299413 0.000237777
108    0.297743    0.299398 0.000236072
109    0.297804    0.299383 0.000234352
110    0.302033    0.299407 0.000233459
111    0.292626    0.299346 0.000239276
112    0.299342    0.299346  0.00023713
113    0.300062    0.299352 0.000235107
114     0.29414    0.299307 0.000237478
115    0.299207    0.299306 0.000235406
116    0.302502    0.299333 0.000234988
117    0.302722    0.299362 0.000234764
118    0.298719    0.299357  0.00023283
119    0.302242    0.299381 0.000232135
120    0.301386    0.299398 0.000230798
121    0.301045    0.299411 0.000229287
122    0.299531    0.299412 0.000227402
123    0.300974    0.299425 0.000225903
124    0.301987    0.299446 0.000225024
125    0.299854    0.299449  0.00022324
126    0.297464    0.299433 0.000222021
127    0.297813    0.299421 0.000220635
128    0.298394    0.299412 0.000219051
129    0.300071    0.299418 0.000217406
130    0.300012    0.299422 0.000215776
131    0.301391    0.299437 0.000214649
132    0.303717     0.29947  0.00021547
133    0.298934    0.299466 0.000213882
134    0.296392    0.299443 0.000213515
135    0.302837    0.299468 0.000213414
136    0.299272    0.299466 0.000211844
137     0.29697    0.299448  0.00021108
138    0.296407    0.299426 0.000210701
139    0.298644     0.29942 0.000209255
140    0.302892    0.299445  0.00020923
141    0.302125    0.299464 0.000208608
142    0.295309    0.299435  0.00020919
143    0.299172    0.299433  0.00020773
144    0.300748    0.299442 0.000206485
145    0.301049    0.299453 0.000205355
146    0.301746    0.299469 0.000204547
147    0.297448    0.299455 0.000203616
148    0.301773    0.299471 0.000202841
149     0.29902    0.299468 0.000201497
150    0.297688    0.299456 0.000200501
151     0.29878    0.299452 0.000199219
152    0.298401    0.299445 0.000198025
153    0.303652    0.299472 0.000198639
154    0.300663     0.29948 0.000197497
155    0.300223    0.299485 0.000196277
156    0.296211    0.299464 0.000196141
157     0.29704    0.299448 0.000195498
158    0.303717    0.299475 0.000196127
159    0.297491    0.299463 0.000195288
160    0.300698    0.299471 0.000194217
161    0.305143    0.299506 0.000196196
162    0.296644    0.299488  0.00019578
163    0.299336    0.299487 0.000194577
164    0.299812    0.299489 0.000193397
165    0.297443    0.299477 0.000192621
166    0.298976    0.299474 0.000191481
167    0.300386    0.299479  0.00019041
168    0.299749    0.299481  0.00018928
169    0.296973    0.299466 0.000188741
170     0.29808    0.299458 0.000187804
171    0.300532    0.299464 0.000186808
172    0.302773    0.299483 0.000186712
173    0.299157    0.299481  0.00018564
174    0.299208     0.29948 0.000184576
175    0.295932     0.29946 0.000184635
176    0.296922    0.299445 0.000184149
177    0.302013     0.29946 0.000183679
178    0.301657    0.299472 0.000183061
179    0.299499    0.299472 0.000182035
180    0.300896     0.29948 0.000181194
181    0.294287    0.299451  0.00018246
182    0.300241    0.299456 0.000181507
183    0.296738    0.299441 0.000181122
184     0.30076    0.299448 0.000180278
185    0.295226    0.299425 0.000180747
186    0.293675    0.299394 0.000182411
187    0.299752    0.299396 0.000181443
188    0.295799    0.299377 0.000181487
189    0.297415    0.299367 0.000180823
190    0.299273    0.299366 0.000179869
191    0.299584    0.299367 0.000178928
192    0.299817     0.29937 0.000178009
193    0.300024    0.299373 0.000177117
194    0.299889    0.299376 0.000176222
195    0.294366     0.29935 0.000177188
196     0.29776    0.299342 0.000176468
197    0.299257    0.299342 0.000175571
198    0.302264    0.299356 0.000175304
199     0.30514    0.299385 0.000176826
200    0.302579    0.299401 0.000176663
