22.2994           0
21.9871    0.312314
21.8178    0.247317
22.0504    0.290969
21.7954    0.340264
21.8151    0.278521
21.7838    0.237473
21.9576    0.269274
21.8527    0.259617
21.9091    0.238963
22.0453    0.255484
21.9696    0.245202
21.9763    0.225652
21.89    0.226035
21.9369    0.215596
21.9439    0.201793
21.8994    0.194703
21.8672    0.186372
21.8625    0.176354
21.8643    0.167313
21.8955     0.16219
21.883    0.155146
21.8931    0.148593
21.8628    0.145462
21.8883    0.141824
21.8536    0.140606
21.8614    0.135522
21.8441     0.13173
21.8177    0.129805
21.7932     0.12778
21.8247    0.127526
21.8088    0.124488
21.8559    0.129527
21.8852    0.129029
21.9143    0.128614
21.9276    0.125697
21.9115    0.123305
21.9012    0.120455
21.9139     0.11801
21.8886     0.11777
21.8805    0.115151
21.872    0.112695
21.882    0.110493
21.8826    0.107954
21.8721    0.106053
21.8769    0.103836
21.8901     0.10245
21.8486     0.10854
21.8396    0.106675
21.8447     0.10464
21.8481    0.102625
21.838    0.101139
21.804    0.104874
21.8038    0.102914
21.7708    0.106278
21.7621    0.104725
21.7652    0.102916
21.7678    0.101162
21.7648   0.0994785
21.7696   0.0979221
21.7543   0.0975047
21.7505   0.0959947
21.7351   0.0957097
21.7234   0.0949198
21.7072   0.0948459
21.7135   0.0936066
21.7233   0.0927218
21.7054   0.0930929
21.7082   0.0917787
21.6828   0.0939771
21.6653    0.094275
21.6622    0.093008
21.6594   0.0917676
21.6555   0.0906038
21.6612   0.0895692
21.677   0.0897908
21.6816    0.088735
21.6693   0.0884492
21.6629    0.087554
21.6763   0.0874736
21.6787   0.0864218
21.6827   0.0854545
21.6803   0.0844521
21.6703   0.0840396
21.6622   0.0834384
21.6653   0.0825214
21.6531   0.0824858
21.6551   0.0815696
21.6569   0.0806667
21.6544   0.0798043
21.6549   0.0789239
21.6592   0.0781813
21.6505    0.077822
21.6434   0.0773187
21.6499   0.0767731
21.6487   0.0759777
21.6373   0.0760573
21.626   0.0761112
21.6281   0.0753676
21.6292   0.0746181
21.6342    0.074046
21.6468   0.0743884
21.6601    0.074854
21.662   0.0741538
21.6641   0.0734747
21.6728   0.0733038
21.6709   0.0726427
21.6776   0.0722799
21.6714   0.0718793
21.6702   0.0712333
21.6658   0.0707241
21.6605   0.0702875
21.6524   0.0701393
21.6563   0.0696295
21.6602   0.0691365
21.6584   0.0685636
21.6578   0.0679771
21.6704   0.0685649
21.6699   0.0679883
21.6691   0.0674241
21.6699    0.066869
21.6675   0.0663599
21.6704   0.0658814
21.665   0.0655734
21.6726   0.0654835
21.6818   0.0656171
21.6803   0.0651148
21.6786   0.0646279
21.6685   0.0649163
21.659   0.0651077
21.6678   0.0652089
21.6708   0.0647791
21.6814    0.065168
21.6741   0.0650897
21.6731   0.0646139
21.6675    0.064383
21.667   0.0639128
21.6676   0.0634503
21.6705   0.0630592
21.6715   0.0626148
21.6776   0.0624674
21.6736   0.0621537
21.6726   0.0617251
21.6738   0.0613059
21.6622   0.0619676
21.6655   0.0616283
21.6677   0.0612486
21.6631   0.0610053
21.6634    0.060595
21.6723   0.0608458
21.6753   0.0605149
21.6682   0.0605297
21.6636   0.0603059
21.6623    0.059929
21.668    0.059821
21.6686   0.0594387
21.6755    0.059467
21.6723   0.0591782
21.6588   0.0603223
21.6576   0.0599572
21.6671   0.0603448
21.6753   0.0605234
21.6661   0.0608528
21.6717   0.0607383
21.6776   0.0606593
21.6759   0.0603158
21.6774   0.0599709
21.6746   0.0596781
21.6722   0.0593714
21.6697   0.0590763
21.671   0.0587451
21.6741   0.0584832
21.6739   0.0581445
21.6696   0.0579657
21.6689   0.0576381
21.6687   0.0573102
21.6708   0.0570245
21.673   0.0567449
21.6712   0.0564549
21.671   0.0561409
21.6787   0.0563583
21.6838   0.0562802
21.6865   0.0560369
21.6862   0.0557321
21.6877   0.0554503
21.6876   0.0551514
21.7006   0.0563611
21.6999   0.0560647
21.7019   0.0558026
21.6962   0.0558014
21.6898    0.055875
21.6867   0.0556701
21.6914   0.0555857
21.687   0.0554761
21.6834    0.055308
21.6773   0.0553619
21.6849   0.0556026
21.6834   0.0553407
21.6858   0.0551148
21.6802   0.0551275
22.2895           0
21.9772    0.312262
21.8038    0.250156
22.0402    0.295282
21.7849    0.342777
21.8056    0.280635
21.7793    0.238626
21.9557    0.271716
21.8534    0.260556
21.9097    0.239742
22.0444    0.255278
21.9668    0.245601
21.9729    0.226003
21.8874    0.226066
21.9353     0.21585
21.9414       0.202
21.8967    0.194941
21.8639    0.186697
21.8596    0.176648
21.8632    0.167621
21.8936    0.162315
21.8805    0.155316
21.8893    0.148675
21.8592    0.145504
21.8839     0.14174
21.8499    0.140383
21.8574    0.135293
21.8403    0.131487
21.8151     0.12934
21.7913    0.127215
21.8231    0.127102
21.8072    0.124089
21.8548    0.129345
21.8838     0.12878
21.9135     0.12854
21.9265     0.12559
21.9108    0.123153
21.9003    0.120326
21.913    0.117882
21.8874    0.117717
21.8793    0.115092
21.8706    0.112653
21.8806    0.110455
21.8811    0.107917
21.8702    0.106051
21.8753    0.103843
21.8887    0.102497
21.8474    0.108524
21.8381    0.106691
21.8434    0.104669
21.8469    0.102655
21.8361    0.101233
21.8026     0.10482
21.8024     0.10286
21.7696    0.106153
21.7606    0.104631
21.7634    0.102816
21.7665    0.101076
21.7633   0.0993985
21.7681   0.0978442
21.7532   0.0973711
21.7494   0.0958636
21.7341   0.0955655
21.7229   0.0947246
21.7065   0.0946828
21.7125   0.0934292
21.7225   0.0925705
21.7049    0.092879
21.7075    0.091558
21.6823   0.0936948
21.6647   0.0940267
21.6617    0.092759
21.659   0.0915195
21.6554   0.0903469
21.661   0.0893127
21.6769   0.0895473
21.6816   0.0885021
21.6694   0.0882035
21.663   0.0873168
21.6762   0.0872171
21.6787   0.0861706
21.6826   0.0852047
21.6803   0.0842049
21.6702   0.0838023
21.662   0.0832198
21.665   0.0823026
21.6528   0.0822671
21.6548    0.081352
21.6569   0.0804613
21.6544   0.0796013
21.6546    0.078722
21.659   0.0779837
21.65   0.0776642
21.6428   0.0771675
21.6493   0.0766222
21.6482   0.0758281
21.6368   0.0758958
21.6256   0.0759548
21.6279   0.0752214
21.6292   0.0744756
21.6343   0.0739122
21.6468   0.0742493
21.6603    0.074742
21.6622    0.074045
21.6645   0.0733739
21.6733   0.0732061
21.6712   0.0725495
21.6781   0.0722038
21.672   0.0718001
21.6706   0.0711572
21.6663    0.070642
21.6612   0.0701942
21.653   0.0700508
21.6567     0.06953
21.6608   0.0690421
21.6588   0.0684723
21.6583   0.0678865
21.6707    0.068451
21.67   0.0678772
21.6692   0.0673139
21.6699   0.0667592
21.6676    0.066253
21.6704   0.0657731
21.665   0.0654618
21.6726   0.0653816
21.682   0.0655355
21.6805    0.065034
21.6787   0.0645489
21.6687   0.0648257
21.6594   0.0650031
21.6682   0.0651072
21.6711   0.0646784
21.6819   0.0650873
21.6746   0.0650067
21.6735   0.0645331
21.668   0.0642942
21.6676   0.0638242
21.6682   0.0633623
21.6711   0.0629749
21.6721   0.0625307
21.6782    0.062386
21.6743   0.0620659
21.6732   0.0616409
21.6743   0.0612213
21.6628   0.0618689
21.666   0.0615247
21.6683   0.0611492
21.6638   0.0609042
21.664   0.0604945
21.6729   0.0607485
21.6758   0.0604131
21.6687   0.0604272
21.6641   0.0602067
21.6629   0.0598282
21.6688   0.0597338
21.6694   0.0593527
21.6763   0.0593799
21.6731   0.0590905
21.6597   0.0602226
21.6586   0.0598563
21.6681   0.0602473
21.6763    0.060429
21.6672   0.0607476
21.6727   0.0606287
21.6786   0.0605456
21.677   0.0602008
21.6784   0.0598563
21.6757    0.059562
21.6733   0.0592567
21.6708   0.0589602
21.672   0.0586274
21.6751   0.0583671
21.675   0.0580288
21.6707   0.0578511
21.67   0.0575247
21.6697   0.0571974
21.6719   0.0569152
21.6741   0.0566353
21.6723   0.0563467
21.672   0.0560332
21.6796   0.0562324
21.6847   0.0561506
21.6873   0.0559073
21.6871   0.0556033
21.6885   0.0553217
21.6886   0.0550235
21.7014   0.0562091
21.7006   0.0559145
21.7025   0.0556513
21.6968    0.055658
21.6903   0.0557396
21.6872    0.055535
21.6921   0.0554642
21.6877   0.0553596
21.684   0.0551937
21.6779   0.0552573
21.6855   0.0555013
21.6841   0.0552382
21.6864   0.0550091
21.6808   0.0550158
