1   -0.476491   -0.476491           0
2   -0.478536   -0.477514   0.0010224
3   -0.477686   -0.477571 0.000593087
4   -0.476584   -0.477324 0.000486607
5   -0.477995   -0.477459 0.000400088
6    -0.47733   -0.477437 0.000327377
7   -0.477642   -0.477466 0.000278223
8   -0.478285   -0.477569 0.000261771
9   -0.478147   -0.477633 0.000239645
10   -0.478122   -0.477682 0.000219845
11   -0.476683   -0.477591 0.000218598
12   -0.476541   -0.477503 0.000217899
13   -0.477456     -0.4775 0.000200471
14   -0.476968   -0.477462 0.000189447
15   -0.477954   -0.477495 0.000179387
16   -0.477451   -0.477492 0.000167823
17   -0.479248   -0.477595 0.000188473
18   -0.477189   -0.477573 0.000179123
19    -0.47729   -0.477558 0.000170087
20   -0.476214   -0.477491 0.000174779
21   -0.478957    -0.47756 0.000180315
22   -0.477203   -0.477544 0.000172688
23   -0.477427   -0.477539 0.000165088
24   -0.476806   -0.477509 0.000160981
25   -0.476358   -0.477463 0.000161115
26   -0.477325   -0.477457 0.000154885
27   -0.477282   -0.477451  0.00014918
28   -0.478304   -0.477481 0.000146948
29   -0.477221   -0.477472 0.000142074
30   -0.477357   -0.477468 0.000137311
31   -0.477283   -0.477462 0.000132942
32   -0.477234   -0.477455 0.000128919
33   -0.477378   -0.477453 0.000124973
34   -0.478043    -0.47747 0.000122479
35   -0.477891   -0.477482 0.000119534
36   -0.477371   -0.477479 0.000116208
37   -0.475859   -0.477435 0.000121207
38    -0.47813   -0.477454 0.000119381
39   -0.477726   -0.477461 0.000116489
40   -0.476586   -0.477439 0.000115628
41   -0.477378   -0.477437 0.000112783
42   -0.476875   -0.477424 0.000110875
43   -0.476872   -0.477411 0.000109024
44    -0.47851   -0.477436 0.000109409
45   -0.477594    -0.47744 0.000107007
46   -0.475395   -0.477395 0.000113701
47   -0.476411   -0.477374 0.000113208
48   -0.477704   -0.477381 0.000111037
49   -0.477354   -0.477381 0.000108749
50   -0.478224   -0.477397 0.000107879
51   -0.477038    -0.47739 0.000105976
52   -0.476912   -0.477381 0.000104325
53   -0.477715   -0.477387 0.000102531
54   -0.478214   -0.477403 0.000101773
55   -0.476221   -0.477381 0.000102191
56   -0.476472   -0.477365 0.000101655
57   -0.477838   -0.477373   0.0001002
58   -0.477296   -0.477372 9.84662e-05
59   -0.476485   -0.477357 9.79442e-05
60    -0.47761   -0.477361 9.63899e-05
61   -0.476992   -0.477355 9.49896e-05
62   -0.477661    -0.47736 9.35749e-05
63    -0.47623   -0.477342 9.38073e-05
64   -0.477408   -0.477343 9.23357e-05
65   -0.476878   -0.477336 9.11848e-05
66   -0.476483   -0.477323 9.07175e-05
67    -0.47791   -0.477332 8.97822e-05
68   -0.476854   -0.477325 8.87302e-05
69   -0.477458   -0.477327  8.7456e-05
70   -0.477786   -0.477333 8.64465e-05
71   -0.476587   -0.477323 8.58657e-05
72   -0.475904   -0.477303 8.69276e-05
73   -0.476925   -0.477298 8.58851e-05
74   -0.477906   -0.477306 8.51136e-05
75   -0.477874   -0.477314 8.43113e-05
76   -0.477264   -0.477313 8.31971e-05
77   -0.477349   -0.477313 8.21108e-05
78   -0.477691   -0.477318 8.11958e-05
79   -0.476304   -0.477305 8.11832e-05
80   -0.476742   -0.477298 8.04704e-05
81   -0.477338   -0.477299 7.94722e-05
82    -0.47677   -0.477292 7.87621e-05
83   -0.477344   -0.477293 7.78098e-05
84   -0.476902   -0.477288 7.70185e-05
85   -0.476819   -0.477283  7.6307e-05
86   -0.478766     -0.4773 7.73621e-05
87   -0.477053   -0.477297 7.65205e-05
88   -0.477368   -0.477298 7.56502e-05
89   -0.476914   -0.477294 7.49201e-05
90   -0.476016    -0.47728 7.54312e-05
91   -0.476621   -0.477272 7.49482e-05
92   -0.477472   -0.477275 7.41608e-05
93   -0.476488   -0.477266  7.3845e-05
94   -0.477421   -0.477268 7.30737e-05
95   -0.477214   -0.477267 7.23026e-05
96   -0.476518   -0.477259 7.19694e-05
97   -0.476282   -0.477249 7.19334e-05
98   -0.478483   -0.477262 7.23003e-05
99   -0.477573   -0.477265 7.16352e-05
100   -0.477699   -0.477269  7.1048e-05
101   -0.478614   -0.477283 7.15905e-05
102   -0.477779   -0.477288 7.10521e-05
103   -0.478614     -0.4773 7.15285e-05
104   -0.478053   -0.477308 7.12058e-05
105   -0.477694   -0.477311 7.06205e-05
106   -0.477773   -0.477316 7.00864e-05
107   -0.477382   -0.477316 6.94311e-05
108   -0.476984   -0.477313  6.8854e-05
109   -0.476549   -0.477306  6.8579e-05
110   -0.478477   -0.477317 6.87808e-05
111   -0.477726   -0.477321 6.82581e-05
112   -0.476898   -0.477317 6.77513e-05
113   -0.477693    -0.47732 6.72314e-05
114   -0.476366   -0.477312 6.71622e-05
115   -0.478437   -0.477322 6.72905e-05
116   -0.477866   -0.477326 6.68726e-05
117   -0.477411   -0.477327 6.63025e-05
118   -0.477446   -0.477328  6.5746e-05
119   -0.476851   -0.477324 6.53142e-05
120   -0.477715   -0.477327 6.48497e-05
121   -0.477888   -0.477332 6.44782e-05
122   -0.477274   -0.477331 6.39493e-05
123   -0.478398    -0.47734 6.40178e-05
124   -0.477715   -0.477343 6.35714e-05
125   -0.477181   -0.477342 6.30742e-05
126   -0.476965   -0.477339 6.26431e-05
127   -0.477554    -0.47734 6.21709e-05
128   -0.477891   -0.477345 6.18331e-05
129   -0.476915   -0.477341 6.14422e-05
130   -0.476163   -0.477332 6.16378e-05
131   -0.476699   -0.477328 6.13561e-05
132   -0.477021   -0.477325 6.09339e-05
133   -0.476275   -0.477317 6.09872e-05
134   -0.477549   -0.477319  6.0555e-05
135   -0.476126    -0.47731 6.07506e-05
136   -0.475989   -0.477301   6.108e-05
137   -0.478779   -0.477311 6.15857e-05
138   -0.476933   -0.477309 6.11993e-05
139   -0.477141   -0.477307 6.07694e-05
140   -0.476802   -0.477304 6.04418e-05
141   -0.477234   -0.477303 6.00137e-05
142   -0.478133   -0.477309 5.98752e-05
143   -0.476931   -0.477306 5.95137e-05
144   -0.477458   -0.477307 5.91083e-05
145   -0.477752   -0.477311 5.87793e-05
146   -0.476714   -0.477306 5.85183e-05
147   -0.476832   -0.477303 5.82084e-05
148    -0.47831    -0.47731 5.82129e-05
149   -0.477205   -0.477309 5.78252e-05
150   -0.477354    -0.47731 5.74392e-05
151   -0.477304    -0.47731 5.70575e-05
152   -0.476584   -0.477305 5.68816e-05
153   -0.476413   -0.477299 5.68085e-05
154   -0.478691   -0.477308 5.71579e-05
155   -0.476434   -0.477302 5.70675e-05
156   -0.477578   -0.477304 5.67279e-05
157   -0.476318   -0.477298 5.67141e-05
158   -0.477056   -0.477296 5.63748e-05
159    -0.47685   -0.477294 5.60895e-05
160   -0.477504   -0.477295 5.57534e-05
161   -0.476512    -0.47729 5.56189e-05
162   -0.478646   -0.477298 5.59051e-05
163   -0.477011   -0.477297  5.5589e-05
164   -0.479992   -0.477313 5.76417e-05
165   -0.477723   -0.477316 5.73452e-05
166   -0.476955   -0.477313 5.70401e-05
167   -0.477042   -0.477312 5.67208e-05
168   -0.478306   -0.477318 5.66917e-05
169    -0.47884   -0.477327 5.70706e-05
170   -0.476987   -0.477325 5.67691e-05
171   -0.477315   -0.477325 5.64361e-05
172    -0.47623   -0.477318 5.64666e-05
173    -0.47599   -0.477311 5.66615e-05
174   -0.477638   -0.477312 5.63664e-05
175    -0.47729   -0.477312 5.60435e-05
176   -0.477731   -0.477315  5.5775e-05
177    -0.47793   -0.477318 5.55677e-05
178      -0.477   -0.477316 5.52835e-05
179   -0.478141   -0.477321 5.51664e-05
180   -0.478138   -0.477326 5.50463e-05
181   -0.478458   -0.477332 5.50975e-05
182   -0.477046    -0.47733 5.48164e-05
183   -0.477341    -0.47733  5.4516e-05
184   -0.477925   -0.477334 5.43151e-05
185   -0.476917   -0.477331 5.40677e-05
186   -0.477906   -0.477334 5.38648e-05
187   -0.477861   -0.477337 5.36499e-05
188   -0.477571   -0.477338 5.33783e-05
189   -0.477616    -0.47734 5.31154e-05
190    -0.47712   -0.477339 5.28478e-05
191   -0.478955   -0.477347 5.32473e-05
192   -0.478723   -0.477354 5.34518e-05
193   -0.475621   -0.477345 5.39275e-05
194   -0.477483   -0.477346 5.36535e-05
195   -0.477723   -0.477348 5.34126e-05
196   -0.477781    -0.47735 5.31853e-05
197   -0.476738   -0.477347 5.30059e-05
198   -0.477928    -0.47735 5.28191e-05
199   -0.477128   -0.477349 5.25648e-05
200   -0.476837   -0.477346  5.2364e-05
1   -0.476688   -0.476688           0
2   -0.478312     -0.4775    0.000812
3   -0.478045   -0.477682 0.000502752
4   -0.476672   -0.477429 0.000435988
5   -0.477762   -0.477496 0.000344196
6   -0.476938   -0.477403 0.000296027
7   -0.477293   -0.477387 0.000250681
8   -0.477923   -0.477454 0.000227208
9   -0.478565   -0.477577 0.000235339
10   -0.477558   -0.477576 0.000210502
11   -0.476146   -0.477446 0.000230549
12   -0.477261    -0.47743 0.000211024
13    -0.47691    -0.47739 0.000198188
14   -0.476886   -0.477354 0.000186981
15   -0.477654   -0.477374 0.000175217
16   -0.478467   -0.477442 0.000177567
17   -0.478981   -0.477533  0.00018976
18   -0.477224   -0.477516 0.000179729
19   -0.477394   -0.477509 0.000170128
20   -0.476907   -0.477479 0.000164182
21   -0.478547    -0.47753  0.00016424
22   -0.477373   -0.477523  0.00015676
23   -0.477885   -0.477539 0.000150613
24   -0.476914   -0.477513 0.000146534
25   -0.477934    -0.47753 0.000141559
26   -0.477264   -0.477519 0.000136389
27   -0.477955   -0.477535 0.000132229
28   -0.478586   -0.477573 0.000132824
29   -0.476682   -0.477542 0.000131797
30   -0.476541   -0.477509 0.000131631
31   -0.477904   -0.477522  0.00012795
32   -0.477349   -0.477516 0.000124005
33   -0.477158   -0.477505 0.000120676
34     -0.4778   -0.477514 0.000117394
35    -0.47823   -0.477534 0.000115813
36   -0.477661   -0.477538 0.000112605
37   -0.476442   -0.477508 0.000113457
38   -0.478712    -0.47754 0.000114884
39   -0.477424   -0.477537 0.000111939
40   -0.477438   -0.477535 0.000109133
41    -0.47719   -0.477526 0.000106768
42   -0.476512   -0.477502 0.000106957
43   -0.476498   -0.477479  0.00010702
44   -0.477616   -0.477482 0.000104606
45   -0.477005   -0.477471 0.000102803
46    -0.47575   -0.477434 0.000107277
47   -0.476771    -0.47742 0.000105912
48   -0.477291   -0.477417 0.000103717
49   -0.477139   -0.477411 0.000101736
50   -0.478419   -0.477432 0.000101698
51   -0.477306   -0.477429  9.9715e-05
52   -0.477387   -0.477428 9.77819e-05
53   -0.478056    -0.47744 9.66477e-05
54   -0.478456   -0.477459  9.6689e-05
55   -0.475928   -0.477431  9.8912e-05
56   -0.476554   -0.477415 9.83854e-05
57    -0.47784   -0.477423 9.69306e-05
58   -0.477843    -0.47743   9.552e-05
59   -0.475909   -0.477404 9.73634e-05
60   -0.477448   -0.477405 9.57297e-05
61   -0.477371   -0.477404 9.41489e-05
62   -0.477885   -0.477412 9.29414e-05
63   -0.477386   -0.477412 9.14552e-05
64    -0.47731    -0.47741 9.00288e-05
65   -0.476208   -0.477392 9.05422e-05
66   -0.476451   -0.477377 9.02914e-05
67   -0.478082   -0.477388 8.95524e-05
68   -0.477187   -0.477385  8.8275e-05
69   -0.477546   -0.477387 8.70174e-05
70   -0.477341   -0.477387 8.57678e-05
71    -0.47716   -0.477384 8.46115e-05
72   -0.476674   -0.477374 8.40086e-05
73   -0.476829   -0.477366 8.31854e-05
74   -0.477387   -0.477366  8.2054e-05
75   -0.477758   -0.477372 8.11211e-05
76   -0.477488   -0.477373 8.00612e-05
77   -0.476483   -0.477362 7.98556e-05
78   -0.477995    -0.47737 7.92425e-05
79   -0.476651   -0.477361   7.876e-05
80   -0.478168   -0.477371 7.84213e-05
81   -0.476595   -0.477361 7.80367e-05
82    -0.47693   -0.477356 7.72587e-05
83   -0.476565   -0.477346 7.69151e-05
84   -0.477451   -0.477348 7.60042e-05
85   -0.476322   -0.477336 7.60686e-05
86   -0.478771   -0.477352 7.70099e-05
87   -0.477104   -0.477349  7.6173e-05
88   -0.477413    -0.47735 7.53059e-05
89   -0.477506   -0.477352 7.44754e-05
90   -0.476834   -0.477346 7.38681e-05
91   -0.476672   -0.477339 7.34265e-05
92   -0.478125   -0.477347 7.31249e-05
93    -0.47657   -0.477339 7.28161e-05
94   -0.477475    -0.47734 7.20519e-05
95    -0.47639    -0.47733 7.19873e-05
96   -0.476261   -0.477319 7.20995e-05
97    -0.47603   -0.477306 7.25789e-05
98   -0.478362   -0.477317 7.26376e-05
99   -0.477362   -0.477317 7.19016e-05
100   -0.477664   -0.477321 7.12634e-05
101   -0.477893   -0.477326 7.07814e-05
102   -0.477115   -0.477324 7.01146e-05
103   -0.478741   -0.477338 7.07795e-05
104   -0.478357   -0.477348 7.07769e-05
105   -0.478048   -0.477354 7.04161e-05
106   -0.477784   -0.477358 6.98663e-05
107    -0.47692   -0.477354 6.93315e-05
108   -0.476954   -0.477351 6.87867e-05
109   -0.476949   -0.477347 6.82523e-05
110   -0.477074   -0.477345 6.76747e-05
111   -0.477594   -0.477347 6.70998e-05
112   -0.476955   -0.477343 6.65898e-05
113   -0.477416   -0.477344  6.6001e-05
114   -0.476194   -0.477334 6.61931e-05
115   -0.477874   -0.477339 6.57827e-05
116   -0.478264   -0.477346 6.56993e-05
117   -0.476427   -0.477339 6.56076e-05
118   -0.478446   -0.477348 6.57231e-05
119   -0.476662   -0.477342 6.54227e-05
120   -0.477427   -0.477343 6.48791e-05
121   -0.477824   -0.477347 6.44633e-05
122   -0.477042   -0.477344 6.39817e-05
123   -0.477763   -0.477348 6.35507e-05
124   -0.477915   -0.477352 6.32019e-05
125   -0.478099   -0.477358 6.29783e-05
126   -0.477378   -0.477359 6.24767e-05
127   -0.477507    -0.47736 6.19938e-05
128   -0.477107   -0.477358 6.15392e-05
129   -0.476869   -0.477354 6.11778e-05
130   -0.475976   -0.477343 6.16238e-05
131   -0.476939    -0.47734 6.12294e-05
132   -0.476664   -0.477335 6.09794e-05
133   -0.476635    -0.47733 6.07475e-05
134   -0.476654   -0.477325 6.05028e-05
135   -0.476446   -0.477318 6.04045e-05
136    -0.47643   -0.477312 6.03131e-05
137   -0.478781   -0.477323 6.08238e-05
138   -0.476235   -0.477315 6.08934e-05
139    -0.47787   -0.477319 6.05858e-05
140   -0.476526   -0.477313 6.04171e-05
141   -0.476778   -0.477309 6.01071e-05
142   -0.477603   -0.477311 5.97182e-05
143   -0.476864   -0.477308 5.93816e-05
144   -0.477789   -0.477311 5.90622e-05
145   -0.477437   -0.477312 5.86598e-05
146   -0.476779   -0.477309  5.8371e-05
147   -0.477206   -0.477308 5.79767e-05
148   -0.478123   -0.477313 5.78465e-05
149   -0.477531   -0.477315 5.74755e-05
150   -0.477293   -0.477315 5.70912e-05
151   -0.477035   -0.477313 5.67421e-05
152   -0.476182   -0.477306 5.68562e-05
153   -0.476434     -0.4773 5.67701e-05
154   -0.479453   -0.477314 5.81072e-05
155   -0.476213   -0.477307 5.81664e-05
156   -0.477626   -0.477309 5.78285e-05
157   -0.476448   -0.477303 5.77199e-05
158   -0.476283   -0.477297 5.77157e-05
159   -0.477349   -0.477297 5.73525e-05
160   -0.476906   -0.477295 5.70454e-05
161   -0.476474    -0.47729 5.69189e-05
162   -0.478294   -0.477296 5.69055e-05
163   -0.476336    -0.47729  5.6861e-05
164   -0.479726   -0.477305 5.84334e-05
165    -0.47749   -0.477306  5.8089e-05
166   -0.476813   -0.477303 5.78144e-05
167   -0.477072   -0.477302 5.74838e-05
168   -0.477613   -0.477303 5.71706e-05
169   -0.478059   -0.477308  5.7007e-05
170   -0.477109   -0.477307 5.66828e-05
171   -0.477997   -0.477311 5.64947e-05
172   -0.476427   -0.477306 5.63997e-05
173   -0.476168   -0.477299 5.64569e-05
174   -0.476686   -0.477295 5.62418e-05
175   -0.477374   -0.477296 5.59214e-05
176    -0.47767   -0.477298 5.56434e-05
177   -0.478403   -0.477304 5.56793e-05
178    -0.47684   -0.477302 5.54271e-05
179   -0.477408   -0.477302 5.51197e-05
180   -0.477563   -0.477304 5.48318e-05
181   -0.478912   -0.477313 5.52473e-05
182   -0.477082   -0.477311 5.49575e-05
183   -0.477587   -0.477313 5.46772e-05
184   -0.478136   -0.477317 5.45629e-05
185   -0.477075   -0.477316 5.42829e-05
186   -0.477384   -0.477316 5.39915e-05
187   -0.477552   -0.477318 5.37168e-05
188   -0.477021   -0.477316 5.34537e-05
189   -0.477838   -0.477319 5.32419e-05
190   -0.476798   -0.477316 5.30317e-05
191   -0.479362   -0.477327 5.38294e-05
192   -0.478474   -0.477333 5.38804e-05
193   -0.475538   -0.477323 5.44015e-05
194   -0.477466   -0.477324 5.41254e-05
195   -0.477869   -0.477327 5.39194e-05
196   -0.477186   -0.477326 5.36485e-05
197   -0.477365   -0.477326 5.33758e-05
198   -0.477715   -0.477328 5.31419e-05
199   -0.478104   -0.477332 5.30176e-05
200    -0.47633   -0.477327 5.29895e-05
