1   -0.509517   -0.509517           0
2   -0.511558   -0.510538   0.0010208
3   -0.510363   -0.510479 0.000592219
4   -0.509202    -0.51016 0.000526708
5   -0.510763   -0.510281 0.000425449
6   -0.508982   -0.510064 0.000409253
7   -0.511166   -0.510222 0.000380032
8   -0.509744   -0.510162 0.000334491
9   -0.511374   -0.510297 0.000324296
10   -0.510421   -0.510309 0.000290325
11    -0.51065    -0.51034 0.000264426
12     -0.5094   -0.510262 0.000253781
13   -0.511296   -0.510341 0.000246629
14   -0.509594   -0.510288 0.000234497
15    -0.51025   -0.510285  0.00021832
16   -0.511286   -0.510348 0.000213589
17   -0.509683   -0.510309 0.000204406
18    -0.50989   -0.510286 0.000194118
19    -0.51084   -0.510315 0.000185922
20   -0.510298   -0.510314 0.000176383
21   -0.511074    -0.51035  0.00017163
22   -0.510323   -0.510349 0.000163648
23   -0.510416   -0.510352 0.000156398
24   -0.510363   -0.510352 0.000149741
25   -0.510405   -0.510354 0.000143642
26   -0.511354   -0.510393 0.000143258
27    -0.51148   -0.510433 0.000143612
28   -0.510758   -0.510445 0.000138875
29   -0.509434    -0.51041 0.000138461
30   -0.508426   -0.510344 0.000149224
31   -0.511238   -0.510372 0.000147188
32   -0.510362   -0.510372 0.000142514
33   -0.511154   -0.510396 0.000140143
34   -0.510858   -0.510409 0.000136636
35   -0.511216   -0.510432 0.000134661
36   -0.510136   -0.510424 0.000131126
37   -0.509862   -0.510409 0.000128434
38   -0.511051   -0.510426 0.000126145
39   -0.511846   -0.510462 0.000128153
40    -0.51188   -0.510498 0.000129838
41   -0.510954   -0.510509 0.000127119
42   -0.510438   -0.510507 0.000124067
43   -0.509859   -0.510492 0.000122081
44   -0.510608   -0.510495 0.000119303
45   -0.510259    -0.51049 0.000116739
46   -0.510264   -0.510485 0.000114279
47    -0.51093   -0.510494 0.000112221
48   -0.511314   -0.510511 0.000111177
49   -0.510709   -0.510515 0.000108959
50   -0.509706   -0.510499 0.000107978
51   -0.509386   -0.510477 0.000108068
52   -0.509739   -0.510463 0.000106916
53   -0.511534   -0.510483  0.00010681
54   -0.512701   -0.510524 0.000112571
55   -0.510453   -0.510523 0.000110513
56   -0.509739   -0.510509  0.00010942
57   -0.510349   -0.510506  0.00010752
58   -0.511515   -0.510524 0.000107073
59   -0.512098    -0.51055 0.000108571
60   -0.510894   -0.510556   0.0001069
61   -0.511685   -0.510575 0.000106749
62   -0.510283    -0.51057 0.000105118
63   -0.510005   -0.510561 0.000103824
64   -0.509472   -0.510544 0.000103596
65   -0.510077   -0.510537 0.000102242
66   -0.512763    -0.51057 0.000106183
67   -0.510306   -0.510566 0.000104661
68   -0.509502   -0.510551 0.000104291
69    -0.51165   -0.510567 0.000103995
70   -0.510578   -0.510567 0.000102498
71   -0.510093    -0.51056 0.000101265
72   -0.510163   -0.510555 0.000100001
73    -0.51075   -0.510557 9.86577e-05
74   -0.509414   -0.510542 9.85334e-05
75   -0.509245   -0.510525 9.87372e-05
76   -0.509755   -0.510514 9.79539e-05
77   -0.512293   -0.510538 9.93938e-05
78   -0.510941   -0.510543 9.82474e-05
79   -0.509194   -0.510526 9.84877e-05
80   -0.511165   -0.510534 9.75764e-05
81   -0.511323   -0.510543  9.6856e-05
82   -0.509872   -0.510535 9.60173e-05
83   -0.511488   -0.510547 9.55455e-05
84   -0.508984   -0.510528 9.62168e-05
85   -0.511107   -0.510535 9.53219e-05
86   -0.511827    -0.51055 9.53979e-05
87   -0.509205   -0.510534 9.55541e-05
88   -0.510597   -0.510535 9.44647e-05
89   -0.509634   -0.510525 9.39451e-05
90    -0.51096    -0.51053  9.3021e-05
91   -0.509736   -0.510521 9.24058e-05
92   -0.511998   -0.510537 9.27957e-05
93   -0.510416   -0.510536 9.18017e-05
94   -0.510342   -0.510534 9.08432e-05
95   -0.510461   -0.510533 8.98851e-05
96   -0.511286   -0.510541 8.92894e-05
97   -0.511317   -0.510549 8.87253e-05
98    -0.51184   -0.510562  8.8798e-05
99   -0.509627   -0.510553 8.84023e-05
100    -0.51109   -0.510558 8.76784e-05
101    -0.50928   -0.510545 8.77234e-05
102   -0.511438   -0.510554 8.72992e-05
103    -0.51079   -0.510556 8.64779e-05
104   -0.510242   -0.510553 8.56959e-05
105   -0.512256    -0.51057 8.64108e-05
106   -0.509378   -0.510558 8.63273e-05
107   -0.511614   -0.510568 8.60844e-05
108   -0.510014   -0.510563 8.54376e-05
109   -0.509635   -0.510555 8.50771e-05
110   -0.510566   -0.510555 8.43002e-05
111   -0.510349   -0.510553 8.35579e-05
112   -0.510237    -0.51055 8.28565e-05
113   -0.510197   -0.510547 8.21795e-05
114   -0.510627   -0.510548 8.14585e-05
115   -0.510693   -0.510549 8.07569e-05
116   -0.509898   -0.510543 8.02543e-05
117   -0.510437   -0.510542 7.95706e-05
118   -0.510293    -0.51054 7.89218e-05
119    -0.50953   -0.510532 7.87152e-05
120   -0.509712   -0.510525 7.83549e-05
121   -0.510514   -0.510525 7.77047e-05
122   -0.511894   -0.510536 7.78785e-05
123   -0.512203    -0.51055 7.84229e-05
124   -0.509845   -0.510544 7.79953e-05
125   -0.510949   -0.510547 7.74366e-05
126   -0.510238   -0.510545 7.68586e-05
127   -0.509774   -0.510539 7.64919e-05
128   -0.509656   -0.510532 7.62046e-05
129   -0.510067   -0.510528 7.56972e-05
130   -0.511205   -0.510533 7.52928e-05
131   -0.509709   -0.510527 7.49805e-05
132    -0.51017   -0.510524 7.44595e-05
133    -0.51197   -0.510535 7.46923e-05
134   -0.511506   -0.510542 7.44856e-05
135   -0.510986   -0.510546 7.40047e-05
136    -0.50957   -0.510539 7.38083e-05
137   -0.510861   -0.510541 7.33053e-05
138   -0.509558   -0.510534 7.31196e-05
139    -0.51105   -0.510537 7.26865e-05
140   -0.508867   -0.510526  7.3145e-05
141   -0.510123   -0.510523 7.26804e-05
142   -0.509754   -0.510517 7.23697e-05
143   -0.509798   -0.510512 7.20375e-05
144   -0.511395   -0.510518 7.17978e-05
145   -0.510811    -0.51052 7.13295e-05
146   -0.510011   -0.510517 7.09251e-05
147   -0.510514   -0.510517 7.04409e-05
148   -0.510898   -0.510519 7.00106e-05
149    -0.51041   -0.510519 6.95431e-05
150    -0.50979   -0.510514 6.92484e-05
151   -0.510358   -0.510513 6.87959e-05
152   -0.510557   -0.510513 6.83424e-05
153   -0.510458   -0.510513 6.78953e-05
154   -0.511122   -0.510517 6.75687e-05
155   -0.510051   -0.510514 6.71985e-05
156   -0.511291   -0.510519 6.69521e-05
157   -0.509659   -0.510513 6.67492e-05
158   -0.510453   -0.510513 6.63265e-05
159   -0.511181   -0.510517 6.60418e-05
160   -0.511552   -0.510524 6.59457e-05
161   -0.510774   -0.510525 6.55533e-05
162   -0.510392   -0.510524 6.51526e-05
163   -0.509629   -0.510519 6.49843e-05
164   -0.510733    -0.51052    6.46e-05
165   -0.510997   -0.510523 6.42723e-05
166   -0.510382   -0.510522 6.38895e-05
167   -0.509738   -0.510517 6.36793e-05
168   -0.512859   -0.510531 6.48157e-05
169    -0.51165   -0.510538 6.47699e-05
170   -0.509712   -0.510533 6.45709e-05
171   -0.509318   -0.510526  6.4584e-05
172   -0.510315   -0.510525 6.42191e-05
173   -0.510363   -0.510524 6.38537e-05
174   -0.511323   -0.510528 6.36516e-05
175   -0.509939   -0.510525 6.33764e-05
176   -0.512029   -0.510534 6.35918e-05
177   -0.512037   -0.510542 6.37993e-05
178   -0.509184   -0.510534  6.3897e-05
179   -0.510226   -0.510533 6.35625e-05
180    -0.50971   -0.510528 6.33733e-05
181    -0.51144   -0.510533 6.32232e-05
182    -0.51068   -0.510534   6.288e-05
183   -0.509347   -0.510528 6.28709e-05
184   -0.510758   -0.510529 6.25408e-05
185   -0.510746    -0.51053 6.22129e-05
186   -0.510259   -0.510529 6.18946e-05
187   -0.511971   -0.510536 6.20443e-05
188   -0.510765   -0.510537 6.17253e-05
189   -0.510947    -0.51054 6.14361e-05
190   -0.510038   -0.510537 6.11688e-05
191   -0.510378   -0.510536 6.08535e-05
192   -0.510795   -0.510538 6.05507e-05
193    -0.51104    -0.51054 6.02924e-05
194    -0.50972   -0.510536 6.01296e-05
195   -0.510056   -0.510533 5.98711e-05
196   -0.510443   -0.510533 5.95666e-05
197   -0.509747   -0.510529 5.93975e-05
198   -0.512643    -0.51054 6.00537e-05
199   -0.509877   -0.510536 5.98439e-05
200   -0.508926   -0.510528 6.00856e-05
1   -0.509224   -0.509224           0
2   -0.511448   -0.510336    0.001112
3   -0.510744   -0.510472  0.00065626
4   -0.509139   -0.510139  0.00057128
5   -0.510883   -0.510288 0.000466885
6   -0.509219    -0.51011 0.000420754
7   -0.510742     -0.5102 0.000366913
8   -0.509632   -0.510129 0.000325591
9   -0.511309    -0.51026 0.000315652
10   -0.510648   -0.510299  0.00028498
11   -0.510933   -0.510357 0.000264138
12   -0.509709   -0.510303 0.000247091
13   -0.510573   -0.510323 0.000228239
14   -0.509534   -0.510267 0.000218694
15   -0.510046   -0.510252 0.000204123
16    -0.51097   -0.510297 0.000196132
17   -0.509496    -0.51025 0.000190166
18   -0.510366   -0.510256 0.000179406
19   -0.510835   -0.510287 0.000172414
20   -0.510294   -0.510287 0.000163566
21   -0.511074   -0.510325 0.000160025
22   -0.509818   -0.510302 0.000154309
23   -0.510486    -0.51031 0.000147666
24   -0.510136   -0.510302 0.000141565
25   -0.511226   -0.510339 0.000140715
26   -0.511533   -0.510385 0.000142774
27   -0.511715   -0.510435 0.000145948
28   -0.511067   -0.510457 0.000142442
29   -0.509507   -0.510424 0.000141292
30   -0.508285   -0.510353  0.00015401
31   -0.511845   -0.510401 0.000156539
32   -0.510544   -0.510406 0.000151634
33   -0.510301   -0.510402 0.000147001
34   -0.510469   -0.510404 0.000142625
35   -0.510798   -0.510416 0.000138947
36    -0.51025   -0.510411 0.000135111
37    -0.50983   -0.510395 0.000132343
38   -0.511378   -0.510421 0.000131381
39   -0.511312   -0.510444  0.00012999
40   -0.511542   -0.510472  0.00012964
41   -0.510987   -0.510484 0.000127062
42   -0.510205   -0.510477 0.000124178
43   -0.509154   -0.510447 0.000125103
44   -0.509978   -0.510436 0.000122691
45   -0.510365   -0.510434 0.000119944
46   -0.510619   -0.510438 0.000117376
47   -0.510266   -0.510435 0.000114911
48   -0.511256   -0.510452 0.000113785
49   -0.510776   -0.510458 0.000111635
50   -0.509458   -0.510438 0.000111196
51   -0.508995    -0.51041 0.000112608
52   -0.509523   -0.510393 0.000111731
53   -0.511962   -0.510423 0.000113527
54   -0.512427    -0.51046 0.000117427
55   -0.509754   -0.510447 0.000115985
56   -0.510282   -0.510444 0.000113933
57   -0.510858   -0.510451 0.000112151
58   -0.512381   -0.510485 0.000115113
59   -0.512557    -0.51052 0.000118471
60   -0.511053   -0.510529 0.000116818
61   -0.511976   -0.510552 0.000117312
62    -0.51027   -0.510548 0.000115494
63   -0.509462   -0.510531 0.000114944
64   -0.509138   -0.510509 0.000115208
65   -0.510051   -0.510502  0.00011364
66   -0.512349    -0.51053 0.000115352
67   -0.509822   -0.510519 0.000114106
68    -0.50925     -0.5105 0.000113956
69   -0.511246   -0.510511 0.000112811
70   -0.509917   -0.510503 0.000111512
71   -0.510506   -0.510503  0.00010993
72   -0.509869   -0.510494 0.000108749
73   -0.509731   -0.510484 0.000107757
74   -0.509904   -0.510476 0.000106579
75   -0.509384   -0.510461 0.000106151
76   -0.509666   -0.510451 0.000105267
77    -0.51165   -0.510466 0.000105051
78   -0.510469   -0.510466 0.000103696
79   -0.509184    -0.51045 0.000103654
80   -0.510875   -0.510455 0.000102488
81    -0.51055   -0.510457 0.000101221
82   -0.509274   -0.510442 0.000101015
83   -0.511067    -0.51045 0.000100074
84   -0.508902   -0.510431 0.000100577
85   -0.511018   -0.510438 9.96253e-05
86    -0.51157   -0.510451 9.93352e-05
87    -0.50952   -0.510441 9.87685e-05
88   -0.511344   -0.510451 9.81779e-05
89   -0.510126   -0.510447  9.7137e-05
90   -0.511046   -0.510454  9.6282e-05
91    -0.50993   -0.510448 9.53923e-05
92   -0.511131   -0.510456 9.46414e-05
93   -0.509811   -0.510449 9.38742e-05
94   -0.510427   -0.510448 9.28705e-05
95   -0.510189   -0.510446 9.19283e-05
96   -0.511022   -0.510452 9.11639e-05
97   -0.510637   -0.510454 9.02393e-05
98   -0.511677   -0.510466 9.01817e-05
99   -0.510222   -0.510464 8.93001e-05
100   -0.510818   -0.510467 8.84734e-05
101   -0.509021   -0.510453 8.87559e-05
102    -0.51171   -0.510465 8.87421e-05
103   -0.511382   -0.510474 8.83264e-05
104   -0.509662   -0.510466 8.78204e-05
105    -0.51287   -0.510489 8.99432e-05
106   -0.509667   -0.510481 8.94275e-05
107   -0.511395    -0.51049 8.89985e-05
108   -0.509746   -0.510483 8.84395e-05
109   -0.509389   -0.510473 8.81976e-05
110   -0.510352   -0.510472  8.7399e-05
111   -0.510442   -0.510472 8.66085e-05
112   -0.510373   -0.510471 8.58363e-05
113   -0.510024   -0.510467 8.51651e-05
114   -0.510006   -0.510463 8.45112e-05
115    -0.51117   -0.510469 8.39983e-05
116   -0.510331   -0.510468 8.32795e-05
117   -0.509896   -0.510463 8.27091e-05
118   -0.510464   -0.510463 8.20052e-05
119    -0.50968   -0.510456 8.15788e-05
120   -0.509686    -0.51045 8.11501e-05
121   -0.511022   -0.510455 8.06157e-05
122   -0.511272   -0.510461 8.02324e-05
123   -0.512186   -0.510475 8.08029e-05
124   -0.510123   -0.510472 8.01989e-05
125   -0.511078   -0.510477 7.97022e-05
126   -0.510606   -0.510478 7.90738e-05
127   -0.509739   -0.510473 7.86643e-05
128    -0.50953   -0.510465 7.83942e-05
129   -0.509517   -0.510458 7.81307e-05
130   -0.511466   -0.510466  7.7914e-05
131   -0.509312   -0.510457 7.78168e-05
132   -0.510491   -0.510457 7.72254e-05
133   -0.511706   -0.510466 7.72154e-05
134    -0.51128   -0.510472 7.68772e-05
135   -0.510811   -0.510475 7.63468e-05
136   -0.509494   -0.510468 7.61256e-05
137   -0.510283   -0.510466 7.55799e-05
138    -0.51009   -0.510464 7.50799e-05
139   -0.510995   -0.510467 7.46358e-05
140   -0.509466    -0.51046 7.44455e-05
141   -0.510426    -0.51046 7.39161e-05
142   -0.509288   -0.510452 7.38564e-05
143   -0.509842   -0.510448 7.34622e-05
144   -0.511275   -0.510453 7.31763e-05
145   -0.510117   -0.510451 7.27069e-05
146   -0.510563   -0.510452 7.22113e-05
147   -0.510528   -0.510452 7.17203e-05
148    -0.51028   -0.510451 7.12435e-05
149   -0.510702   -0.510453 7.07838e-05
150   -0.510573   -0.510454 7.03149e-05
151   -0.509899    -0.51045 6.99441e-05
152   -0.510306   -0.510449 6.94889e-05
153   -0.510538    -0.51045 6.90357e-05
154   -0.511427   -0.510456 6.88791e-05
155   -0.510885   -0.510459 6.84892e-05
156    -0.51103   -0.510462 6.81474e-05
157   -0.509766   -0.510458 6.78569e-05
158   -0.510142   -0.510456 6.74556e-05
159   -0.511307   -0.510461 6.72435e-05
160   -0.510922   -0.510464 6.68838e-05
161   -0.510347   -0.510463  6.6471e-05
162   -0.510491   -0.510464 6.60597e-05
163   -0.508866   -0.510454 6.63811e-05
164   -0.510326   -0.510453 6.59797e-05
165   -0.510851   -0.510455 6.56229e-05
166   -0.510386   -0.510455 6.52278e-05
167   -0.509598    -0.51045 6.50386e-05
168   -0.512797   -0.510464 6.61424e-05
169   -0.511314   -0.510469 6.59418e-05
170   -0.509566   -0.510464 6.57674e-05
171   -0.509683   -0.510459 6.55407e-05
172   -0.510605    -0.51046 6.51641e-05
173   -0.510627   -0.510461 6.47935e-05
174   -0.511472   -0.510467 6.46817e-05
175   -0.509754   -0.510463   6.444e-05
176   -0.510675   -0.510464 6.40842e-05
177   -0.512536   -0.510475 6.47877e-05
178    -0.50929   -0.510469 6.47662e-05
179   -0.510413   -0.510468 6.44042e-05
180   -0.509589   -0.510464 6.42316e-05
181   -0.510995   -0.510467 6.39432e-05
182   -0.510754   -0.510468 6.36104e-05
183    -0.50988   -0.510465 6.33435e-05
184   -0.510677   -0.510466 6.30088e-05
185   -0.510675   -0.510467 6.26775e-05
186   -0.509958   -0.510464 6.23996e-05
187   -0.512357   -0.510475 6.28845e-05
188   -0.510026   -0.510472 6.25947e-05
189   -0.511603   -0.510478 6.25496e-05
190   -0.510248   -0.510477 6.22313e-05
191   -0.510624   -0.510478 6.19094e-05
192   -0.511144   -0.510481 6.16838e-05
193   -0.511458   -0.510486 6.15716e-05
194    -0.50965   -0.510482  6.1405e-05
195   -0.509709   -0.510478 6.12178e-05
196   -0.510158   -0.510476 6.09265e-05
197   -0.510371   -0.510476 6.06188e-05
198   -0.512835   -0.510488 6.14777e-05
199    -0.50959   -0.510483  6.1334e-05
200   -0.508886   -0.510475 6.15466e-05
