1     2.29476   0.0458952           0
2     1.85604    0.041508   0.0043872
3     1.81476   0.0397704  0.00307166
4     2.02388   0.0399472  0.00217918
5     1.89356    0.039532   0.0017383
6      1.9536   0.0394553  0.00142138
7     2.14672   0.0399523  0.00130004
8       1.825   0.0395208  0.00120574
9     1.58256   0.0386464  0.00137671
10      1.9682   0.0387182  0.00123345
11     1.61612   0.0381367  0.00125811
12       1.805    0.037967  0.00116097
13     1.74508   0.0377312  0.00109366
14      1.7046   0.0374713  0.00104537
15     1.74936   0.0373057 0.000987172
16     2.17476   0.0376925  0.00100117
17     1.73712    0.037519 0.000956314
18     2.23772   0.0379209 0.000987168
19     2.16764   0.0382068 0.000976552
20     1.97212   0.0382686 0.000928496
21     1.81008   0.0381702 0.000888644
22     1.74864   0.0380248 0.000859663
23     1.68224   0.0378344 0.000843222
24     2.00448   0.0379284 0.000812774
25     1.95564   0.0379757 0.000781023
26     1.79388    0.037895  0.00075471
27     1.79664   0.0378224 0.000729847
28     1.46572   0.0375185 0.000766131
29      1.7574   0.0374368 0.000743747
30     2.00444   0.0375252 0.000723945
31     1.92112   0.0375541 0.000700801
32     2.25472   0.0377897 0.000718296
33     1.75232   0.0377066 0.000701136
34     1.43452   0.0374414 0.000730066
35     1.66732   0.0373244  0.00071849
36     1.82424   0.0373011 0.000698636
37     2.23956   0.0375035 0.000709006
38     1.97932   0.0375584 0.000692269
39     1.96636   0.0376037 0.000675809
40     1.72744   0.0375273 0.000663109
41      1.9184   0.0375478 0.000647059
42     2.07436   0.0376416 0.000638393
43      1.9212   0.0376598 0.000623635
44     1.78448   0.0376151  0.00061094
45     1.86692   0.0376089 0.000597241
46     2.01128   0.0376658 0.000586876
47     2.15732   0.0377824 0.000585974
48     1.70904   0.0377074 0.000578522
49     1.74444   0.0376498 0.000569505
50     1.90996   0.0376608 0.000558107
51     2.01512   0.0377126 0.000549501
52     1.81136   0.0376841 0.000539587
53     2.02672   0.0377378 0.000532033
54     1.97664   0.0377711 0.000523145
55     2.02568   0.0378209  0.00051596
56     2.00184   0.0378605 0.000508205
57      1.5216   0.0377302 0.000515941
58     1.89648   0.0377336 0.000506979
59     2.11228   0.0378101 0.000504146
60     2.06864   0.0378695 0.000499216
61     2.13704   0.0379493 0.000497416
62     1.64092   0.0378666 0.000496277
63     1.75932    0.037824 0.000490185
64     1.83792   0.0378074 0.000482752
65      1.9668   0.0378309 0.000475849
66      1.9188   0.0378392 0.000468656
67      1.7494   0.0377966 0.000463566
68     1.77004   0.0377614 0.000458055
69     2.04616   0.0378072 0.000453688
70       1.537   0.0377062 0.000458415
71     2.14656   0.0377798 0.000457865
72     1.77028   0.0377469 0.000452664
73     1.85692   0.0377385 0.000446498
74     1.98164   0.0377641 0.000441166
75     1.92608   0.0377742 0.000435361
76      2.2064   0.0378578 0.000437654
77     2.13632    0.037921 0.000436536
78     1.87972   0.0379169 0.000430923
79     1.89888   0.0379176 0.000425434
80     2.10776   0.0379706 0.000423409
81     1.77956   0.0379412  0.00041918
82     2.17728   0.0380096 0.000419639
83     1.93332   0.0380175 0.000414628
84     1.59928   0.0379457 0.000415908
85     1.90804   0.0379482 0.000410994
86     2.12252   0.0380006 0.000409546
87     2.20436   0.0380705 0.000410813
88     1.89612   0.0380688 0.000406121
89     1.99604   0.0380896 0.000402071
90     2.06376    0.038125 0.000399151
91     1.85872   0.0381146 0.000394878
92     2.34204   0.0382094 0.000401915
93     2.11748    0.038254 0.000400054
94       2.064   0.0382862 0.000397083
95     1.81252   0.0382647 0.000393465
96     2.17024   0.0383183 0.000393009
97     2.10688   0.0383576 0.000390924
98     1.75032   0.0383234 0.000388423
99     1.83652   0.0383074 0.000384816
100      1.7736    0.038279 0.000382002
101     2.10452   0.0383167 0.000380079
102     1.69308   0.0382731  0.00037886
103     1.84556   0.0382598 0.000375397
104     1.62672   0.0382048 0.000375824
105     2.00892   0.0382236 0.000372702
106      1.7558   0.0381943 0.000370331
107     1.81264   0.0381761 0.000367302
108     1.98148   0.0381896 0.000364134
109     1.91904   0.0381913 0.000360782
110     2.26248   0.0382555   0.0003632
111      2.0988    0.038289 0.000361471
112     2.11864   0.0383255  0.00036008
113     1.82008   0.0383085 0.000357285
114     2.13836   0.0383476  0.00035629
115     2.06532   0.0383733 0.000354114
116     1.78416   0.0383501 0.000351813
117      2.1662   0.0383926 0.000351375
118     2.18596   0.0384378 0.000351296
119     2.06528   0.0384619 0.000349165
120      2.2096   0.0385096  0.00034952
121     1.73632   0.0384783 0.000348027
122     2.04056   0.0384975 0.000345691
123     1.51616    0.038431 0.000349251
124     2.17016   0.0384711 0.000348736
125     1.73232   0.0384405 0.000347285
126     1.89064   0.0384355 0.000344554
127      2.0464   0.0384551 0.000342393
128     1.98788   0.0384653  0.00033986
129     1.79412   0.0384453 0.000337809
130     1.75768     0.03842 0.000336155
131     2.07092   0.0384429 0.000334364
132     1.96668   0.0384496 0.000331889
133     1.91468   0.0384484 0.000329387
134     1.64524   0.0384071 0.000329527
135     1.69252   0.0383733 0.000328814
136     2.05832   0.0383939 0.000327032
137     2.03388   0.0384105 0.000325064
138     1.89432   0.0384067 0.000322722
139     2.18092   0.0384442 0.000322579
140     1.63772   0.0384036 0.000322835
141     1.59408   0.0383573 0.000323857
142     1.38428   0.0382822 0.000330233
143     1.88452    0.038278 0.000327942
144     1.80304   0.0382626 0.000326021
145     2.06568   0.0382837 0.000324447
146     2.10884   0.0383103 0.000323319
147     2.24044   0.0383546 0.000324141
148      1.7066    0.038326 0.000323205
149     1.82928   0.0383143 0.000321241
150       1.562   0.0382672 0.000322558
151     1.98776    0.038277 0.000320567
152     1.93624     0.03828 0.000318464
153     2.10892   0.0383055   0.0003174
154     1.91768   0.0383058 0.000315333
155     1.61692   0.0382673 0.000315648
156      1.6238   0.0382301 0.000315808
157     1.81472   0.0382178 0.000314032
158     1.90704   0.0382173 0.000312039
159     2.08316    0.038239 0.000310826
160      2.0356   0.0382545 0.000309264
161     1.61896    0.038218 0.000309496
162     1.74776   0.0381978 0.000308238
163     1.77724   0.0381816 0.000306774
164     1.70604   0.0381568 0.000305901
165     1.87564   0.0381529 0.000304067
166     1.89964   0.0381519 0.000302231
167      1.8196   0.0381414   0.0003006
168       1.898   0.0381403 0.000298808
169     1.56828   0.0381002 0.000299727
170     1.68876   0.0380748 0.000299043
171     1.91748   0.0380764 0.000297293
172      2.1018   0.0380994 0.000296455
173     2.06984   0.0381185 0.000295352
174     2.16728   0.0381485 0.000295182
175     1.71016    0.038126 0.000294355
176     1.80232   0.0381141 0.000292917
177     1.77444   0.0380993 0.000291634
178     2.03436   0.0381139 0.000290356
179     1.85112   0.0381078 0.000288793
180      1.5948   0.0380732 0.000289251
181       1.697   0.0380504 0.000288553
182     2.00448   0.0380616 0.000287182
183     1.64352   0.0380332 0.000287014
184     1.69048   0.0380103 0.000286371
185     1.66636    0.037985 0.000285941
186     1.86592   0.0379814 0.000284423
187     1.81472   0.0379724 0.000283041
188      1.8992   0.0379724 0.000281532
189     1.80024    0.037962 0.000280232
190     1.89932   0.0379622 0.000278753
191      1.9478   0.0379674 0.000277338
192     2.31264   0.0380105 0.000279245
193     2.03376   0.0380243 0.000278137
194     1.81252   0.0380152 0.000276851
195     1.89172   0.0380142 0.000275429
196     1.92704   0.0380169 0.000274033
197     1.80788   0.0380075 0.000272802
198     1.95832   0.0380133 0.000271484
199     1.57232   0.0379803 0.000272124
200     2.16764   0.0380072 0.000272089
1     2.27336   0.0454672           0
2      1.8624   0.0413576   0.0041096
3     1.82788   0.0397576  0.00286175
4     2.00808   0.0398586  0.00202608
5     1.90464   0.0395054  0.00160864
6      1.9476   0.0394132  0.00131668
7     2.15392   0.0399368  0.00122983
8     1.80548   0.0394584  0.00116757
9     1.56784   0.0385582   0.0013677
10     1.97444   0.0386513  0.00122684
11     1.62492   0.0380919  0.00124272
12     1.81008   0.0379344  0.00114533
13     1.75328   0.0377137  0.00107641
14     1.70676   0.0374581  0.00102882
15     1.76528   0.0373146 0.000968474
16     2.16188   0.0376848  0.00097864
17     1.74528   0.0375213 0.000933696
18      2.2228   0.0379066  0.00096091
19     2.17008   0.0381958 0.000953833
20     1.98088   0.0382669 0.000907674
21     1.82368   0.0381815 0.000867583
22     1.73776   0.0380257 0.000841741
23     1.67724   0.0378309  0.00082757
24      1.9896   0.0379126  0.00079654
25     1.97068   0.0379727  0.00076637
26     1.78072    0.037882  0.00074187
27     1.79008   0.0378049 0.000718011
28     1.49336   0.0375214 0.000747718
29     1.76856   0.0374473 0.000725274
30     1.98164   0.0375201 0.000704458
31     1.93096   0.0375556 0.000682277
32     2.24476    0.037785 0.000699296
33     1.75504   0.0377036 0.000682637
34      1.4264   0.0374337 0.000715131
35     1.65028   0.0373072  0.00070583
36     1.82392   0.0372842  0.00068633
37     2.22136   0.0374773 0.000694879
38      1.9508   0.0375177 0.000677556
39     1.97968    0.037571 0.000662097
40      1.7268   0.0374951 0.000649778
41     1.91136    0.037513 0.000633983
42     2.06188   0.0376016 0.000625027
43     1.89992   0.0376109 0.000610388
44     1.78184    0.037566  0.00059804
45     1.88324   0.0375682 0.000584603
46      1.9724   0.0376091 0.000573212
47     2.16868   0.0377317 0.000574137
48     1.71132   0.0376587 0.000566773
49     1.72228   0.0375931 0.000558945
50     1.87788   0.0375924 0.000547652
51     2.00232   0.0376405 0.000538959
52     1.81296    0.037614  0.00052916
53      2.0162   0.0376651 0.000521592
54      1.9954   0.0377066 0.000513524
55     2.02032   0.0377557 0.000506486
56     1.98332   0.0377898 0.000498528
57     1.54824   0.0376701  0.00050413
58     1.89184    0.037673  0.00049537
59      2.1058   0.0377483  0.00049269
60      2.0618   0.0378064 0.000487885
61      2.1204   0.0378818 0.000485714
62     1.63832   0.0377993 0.000484886
63     1.77168   0.0377618 0.000478603
64     1.84156   0.0377472  0.00047129
65     1.99176   0.0377794 0.000465093
66      1.9156   0.0377874 0.000458063
67     1.75816   0.0377483 0.000452872
68     1.76428    0.037712  0.00044763
69     2.02916   0.0377537 0.000443053
70     1.52772   0.0376508 0.000448625
71     2.16072   0.0377292  0.00044915
72     1.76464   0.0376953 0.000444159
73     1.88084   0.0376943 0.000438033
74     1.98056   0.0377202 0.000432849
75     1.93824   0.0377341 0.000427266
76     2.18948   0.0378138  0.00042907
77     2.13504   0.0378772  0.00042819
78     1.85604   0.0378675 0.000422776
79     1.89416   0.0378677 0.000417391
80     2.08592   0.0379159 0.000414941
81     1.80156   0.0378926 0.000410447
82     2.16808   0.0379593  0.00041086
83      1.9154   0.0379635 0.000405901
84      1.5754   0.0378866 0.000408337
85     1.92068   0.0378928 0.000403552
86     2.11236   0.0379435 0.000402033
87      2.2012   0.0380134 0.000403484
88     1.90476   0.0380143 0.000398874
89     1.97704   0.0380315  0.00039474
90     2.03516   0.0380611 0.000391456
91     1.86744   0.0380533  0.00038721
92     2.32952   0.0381461  0.00039406
93     2.12396   0.0381927 0.000392574
94     2.05184    0.038223 0.000389552
95      1.8486   0.0382098 0.000385655
96      2.1548   0.0382607 0.000384995
97     2.10932   0.0383012 0.000383149
98     1.73768    0.038265 0.000380943
99     1.83492   0.0382491 0.000377408
100     1.74356   0.0382154 0.000375138
101     2.11016   0.0382548 0.000373498
102       1.692   0.0382116 0.000372343
103      1.8404   0.0381979 0.000368962
104       1.616   0.0381414 0.000369742
105     1.99208   0.0381576 0.000366562
106     1.74944   0.0381277 0.000364316
107      1.8226    0.038112 0.000361234
108     1.95452   0.0381211 0.000357989
109     1.89112   0.0381184   0.0003547
110     2.28308   0.0381869 0.000358088
111     2.10524   0.0382222 0.000356598
112      2.1008   0.0382561  0.00035502
113     1.82972   0.0382414 0.000352171
114     2.14296   0.0382819  0.00035141
115     2.07488   0.0383099 0.000349462
116     1.75692   0.0382825 0.000347513
117     2.17776   0.0383276 0.000347465
118     2.16176   0.0383692 0.000347009
119      2.0328   0.0383884 0.000344617
120     2.19764   0.0384348 0.000344865
121     1.72836   0.0384028 0.000343493
122     2.05908   0.0384256 0.000341427
123      1.5422   0.0383639 0.000344203
124     2.17976   0.0384061 0.000344013
125     1.71856   0.0383739 0.000342773
126     1.88228   0.0383681 0.000340091
127     2.04532   0.0383881 0.000337994
128     1.99456   0.0383998 0.000335548
129     1.80036   0.0383813 0.000333453
130     1.75956   0.0383567 0.000331787
131     2.06552   0.0383793 0.000330016
132     1.96836   0.0383868 0.000327592
133     1.89488   0.0383831  0.00032514
134     1.65036    0.038343 0.000325189
135     1.72136   0.0383139 0.000324071
136     2.03888   0.0383321 0.000322189
137     2.00808   0.0383454 0.000320108
138     1.89164   0.0383417 0.000317801
139     2.17504   0.0383788 0.000317682
140     1.65692   0.0383414 0.000317618
141     1.61128    0.038298 0.000318327
142     1.41676   0.0382279  0.00032377
143      1.9006   0.0382263 0.000321502
144     1.82616   0.0382145  0.00031948
145     2.03296   0.0382314 0.000317717
146     2.12684   0.0382609 0.000316908
147     2.24116   0.0383055 0.000317895
148     1.72308   0.0382795 0.000316806
149      1.8272   0.0382679 0.000314888
150     1.55768   0.0382205 0.000316358
151     2.02284   0.0382353 0.000314604
152     1.91952   0.0382363 0.000312529
153     2.09632   0.0382604 0.000311415
154     1.87716   0.0382558 0.000309422
155     1.62072   0.0382181  0.00030972
156     1.62416   0.0381813 0.000309916
157     1.79824   0.0381672  0.00030826
158     1.92576   0.0381694  0.00030631
159     2.09244   0.0381925 0.000305256
160     2.01116   0.0382052 0.000303608
161     1.63256   0.0381707 0.000303682
162     1.74996   0.0381511 0.000302436
163     1.77456   0.0381348 0.000301017
164     1.71936    0.038112 0.000300047
165     1.89284   0.0381104 0.000298227
166      1.8826   0.0381077 0.000296438
167     1.81564   0.0380969 0.000294854
168     1.91416    0.038098 0.000293096
169     1.55732   0.0380569 0.000294245
170     1.69788   0.0380328 0.000293502
171     1.89792   0.0380323 0.000291781
172     2.11296   0.0380569 0.000291118
173      2.0818   0.0380776 0.000290169
174     2.16488   0.0381076 0.000290052
175      1.6886   0.0380828 0.000289452
176     1.81108   0.0380723 0.000287997
177     1.78316   0.0380586 0.000286689
178     2.02848   0.0380728 0.000285422
179     1.83532   0.0380651 0.000283926
180     1.60268   0.0380317 0.000284313
181     1.71972   0.0380116 0.000283451
182     1.99472    0.038022 0.000282079
183     1.64084   0.0379935 0.000281971
184     1.69284    0.037971 0.000281334
185     1.67952   0.0379474  0.00028081
186     1.85864   0.0379432 0.000279327
187      1.8236   0.0379353 0.000277941
188     1.93464   0.0379394 0.000276488
189     1.80352   0.0379295 0.000275199
190     1.88804   0.0379286 0.000273748
191     1.93072   0.0379322 0.000272334
192     2.33304   0.0379776   0.0002747
193     2.06704   0.0379951 0.000273828
194     1.81112   0.0379859 0.000272566
195     1.87872   0.0379838 0.000271173
196     1.93848   0.0379878 0.000269816
197     1.80588   0.0379783 0.000268611
198      1.9404   0.0379825 0.000267283
199      1.5788   0.0379503 0.000267878
200      2.1502   0.0379756 0.000267731
