1.59955           0
1.60335  0.00379762
1.59826  0.00554375
1.59808  0.00392441
1.60108  0.00427285
1.59887  0.00413071
1.59849  0.00351167
1.60007  0.00342739
1.59592  0.00513205
1.59669  0.00465511
1.59554  0.00436581
1.5953  0.00399273
1.59272  0.00448694
1.59282  0.00415534
1.59194  0.00396703
1.59194  0.00371082
1.59263    0.003554
1.59316  0.00339276
1.59276  0.00323504
1.59368  0.00320442
1.59587  0.00375509
1.59489  0.00371352
1.59519  0.00356138
1.59412  0.00357268
1.59497  0.00353071
1.5956  0.00345051
1.59432  0.00356034
1.59406  0.00344098
1.59327   0.0034122
1.59284  0.00332446
1.59332  0.00325183
1.59336  0.00314883
1.593  0.00307396
1.59317  0.00298711
1.59426  0.00309748
1.5948   0.0030597
1.59469  0.00297793
1.59417  0.00294531
1.5948  0.00293645
1.59394  0.00298852
1.59352  0.00294386
1.59354  0.00287295
1.5934  0.00280866
1.59355  0.00274828
1.59401  0.00272565
1.594  0.00266577
1.59378  0.00261776
1.5941  0.00258306
1.59386  0.00254119
1.59372  0.00249395
1.59336  0.00247026
1.59326  0.00242448
1.59296   0.0023969
1.59346   0.0024049
1.59349  0.00236094
1.59354  0.00231883
1.59335  0.00228559
1.5933  0.00224635
1.59334   0.0022083
1.59346  0.00217459
1.59391  0.00218535
1.59359  0.00217298
1.59404  0.00218466
1.5942  0.00215635
1.59446    0.002138
1.59425  0.00211607
1.59432  0.00208555
1.59446   0.0020595
1.59464  0.00203744
1.59466  0.00200819
1.59465  0.00197972
1.5947  0.00195266
1.59479  0.00192783
1.59478  0.00190162
1.59447  0.00190243
1.59456  0.00187946
1.59441  0.00186105
1.59442  0.00183706
1.59463  0.00182587
1.59482  0.00181315
1.59466  0.00179741
1.59464  0.00177556
1.59477  0.00175924
1.59456  0.00175087
1.5948  0.00174686
1.59475  0.00172715
1.59477  0.00170724
1.59498  0.00170151
1.59487  0.00168584
1.59494  0.00166834
1.59476  0.00165946
1.59484  0.00164334
1.59464  0.00163791
1.59475  0.00162412
1.59474  0.00160695
1.59443  0.00162047
1.59435  0.00160596
1.59437  0.00158969
1.59442  0.00157434
1.59433  0.00156125
1.59447  0.00155182
1.59434  0.00154164
1.59435  0.00152662
1.59454  0.00152346
1.59452  0.00150896
1.5944  0.00149988
1.59459  0.00149889
1.59464  0.00148558
1.5943  0.00151025
1.59436  0.00149787
1.59415  0.00149946
1.59406  0.00148862
1.59386  0.00148898
1.59357  0.00150384
1.59393  0.00153227
1.59406  0.00152442
1.59404  0.00151144
1.59411  0.00150025
1.59405  0.00148866
1.59424    0.001488
1.59414  0.00147877
1.59406  0.00146883
1.59419  0.00146237
1.59413  0.00145198
1.59425  0.00144601
1.5943   0.0014353
1.59425  0.00142504
1.59398  0.00143875
1.59408  0.00143094
1.59413   0.0014209
1.59414  0.00141003
1.59425  0.00140359
1.59426  0.00139308
1.59427  0.00138265
1.59421  0.00137362
1.59411  0.00136732
1.59409  0.00135735
1.59405  0.00134826
1.59393  0.00134361
1.59406  0.00134062
1.59395  0.00133615
1.59396  0.00132675
1.59398  0.00131759
1.59377  0.00132428
1.59372  0.00131639
1.59372  0.00130736
1.5938  0.00130092
1.59388  0.00129427
1.59398   0.0012898
1.59401   0.0012814
1.59398  0.00127321
1.59408  0.00126936
1.59398  0.00126549
1.594  0.00125748
1.59399  0.00124939
1.59382  0.00125353
1.5939  0.00124841
1.59397  0.00124211
1.59401  0.00123512
1.59409   0.0012299
1.59413  0.00122306
1.5942  0.00121713
1.59424  0.00121051
1.59415  0.00120696
1.59423  0.00120263
1.59435  0.00120091
1.59435  0.00119371
1.59429  0.00118811
1.59428   0.0011812
1.59413  0.00118349
1.59429  0.00118779
1.59414  0.00119079
1.59396  0.00119731
1.59397  0.00119044
1.59397  0.00118363
1.59404  0.00117902
1.59391  0.00118013
1.59388  0.00117373
1.59386  0.00116729
1.59391  0.00116154
1.59394  0.00115564
1.59402  0.00115229
1.59397  0.00114718
1.59399   0.0011411
1.59393  0.00113681
1.59373  0.00114815
1.59371  0.00114209
1.59363  0.00113893
1.59365  0.00113302
1.59364  0.00112712
1.59362  0.00112133
1.59356  0.00111722
1.59343  0.00111844
1.59334  0.00111608
1.59327  0.00111273
1.59329   0.0011073
1.59327  0.00110202
1.59329  0.00109666
1.5933  0.00109125
1.59317  0.00109383
1.59089           0
1.59812  0.00723632
1.59284  0.00673322
1.59351  0.00480794
1.59932  0.00689798
1.59801  0.00578245
1.59687  0.00501871
1.59909  0.00488252
1.59519  0.00580967
1.59633  0.00531963
1.59577  0.00484476
1.59629   0.0044536
1.59397  0.00470785
1.59484  0.00444449
1.59423  0.00418319
1.5941  0.00391507
1.59444  0.00369383
1.59445  0.00348258
1.59419  0.00330432
1.59531  0.00332817
1.59757  0.00389058
1.59663  0.00382607
1.59718  0.00369711
1.5965  0.00360539
1.59678  0.00347022
1.59754  0.00341945
1.59624  0.00353785
1.59625  0.00340916
1.59559  0.00335414
1.59484  0.00332581
1.59547  0.00327737
1.5953  0.00317774
1.59487  0.00310959
1.59512  0.00302668
1.59614  0.00311083
1.5965  0.00304517
1.59651  0.00296175
1.59585  0.00295745
1.59654  0.00296012
1.59558  0.00303834
1.5952  0.00298797
1.59521  0.00291599
1.59504  0.00285239
1.59502  0.00278689
1.59542  0.00275357
1.59522  0.00270102
1.59519  0.00264303
1.59544   0.0025993
1.59531    0.002549
1.59527   0.0024978
1.59501  0.00246191
1.59478  0.00242495
1.59451  0.00239403
1.59467  0.00235437
1.59474  0.00231216
1.59467   0.0022716
1.59425  0.00226931
1.5942  0.00223048
1.59409  0.00219527
1.59424  0.00216371
1.59468  0.00217252
1.59429  0.00217162
1.59473  0.00218089
1.59493  0.00215642
1.59522  0.00214269
1.59513  0.00211205
1.59518  0.00208085
1.59521  0.00205024
1.59536  0.00202565
1.59546  0.00199941
1.59543  0.00197132
1.5954    0.001944
1.59547  0.00191862
1.59537  0.00189521
1.5952  0.00187801
1.59509  0.00185636
1.59487  0.00184487
1.59501  0.00182642
1.59527  0.00182239
1.59545  0.00180757
1.59525  0.00179621
1.59522  0.00177436
1.59533  0.00175619
1.59518  0.00174163
1.5953  0.00172566
1.59522  0.00170783
1.59521  0.00168809
1.5954  0.00167927
1.59523  0.00166866
1.5953  0.00165151
1.59523   0.0016348
1.59524  0.00161695
1.59503  0.00161323
1.59507   0.0015964
1.59506  0.00157956
1.59481  0.00158172
1.59468  0.00157063
1.59468  0.00155454
1.59478  0.00154206
1.59465   0.0015319
1.59476  0.00152063
1.59452  0.00152419
1.59463  0.00151286
1.59479  0.00150771
1.59475  0.00149381
1.59457  0.00149171
1.59472  0.00148544
1.59472  0.00147162
1.59437  0.00149858
1.59442  0.00148559
1.59422  0.00148597
1.59424  0.00147292
1.59401  0.00147812
1.59378  0.00148375
1.59413  0.00151345
1.59424  0.00150418
1.59423   0.0014913
1.59428  0.00147933
1.59415  0.00147291
1.59438  0.00147986
1.59429   0.0014707
1.59421  0.00146083
1.59426  0.00144999
1.59418  0.00144063
1.59434   0.0014385
1.5944  0.00142799
1.59438  0.00141682
1.59414  0.00142537
1.59421  0.00141596
1.59428  0.00140686
1.59424  0.00139674
1.59426  0.00138632
1.59424  0.00137608
1.59421  0.00136605
1.59415   0.0013575
1.59403  0.00135234
1.59397  0.00134395
1.59393  0.00133482
1.59385  0.00132759
1.59401  0.00132829
1.59394   0.0013207
1.59392  0.00131158
1.59388  0.00130287
1.59367  0.00131071
1.59349  0.00131376
1.59351  0.00130481
1.59359   0.0012987
1.59362  0.00129029
1.59373  0.00128565
1.59367  0.00127811
1.59364  0.00127021
1.59372  0.00126462
1.59357  0.00126556
1.59356  0.00125734
1.59354  0.00124933
1.59331  0.00126284
1.59337   0.0012564
1.59342   0.0012494
1.59346    0.001242
1.59353  0.00123613
1.59361   0.0012313
1.59371  0.00122784
1.59375  0.00122097
1.59363   0.0012192
1.59375  0.00121729
1.59382  0.00121214
1.59388  0.00120636
1.59383  0.00120037
1.59379  0.00119372
1.59363  0.00119747
1.59383  0.00120627
1.59365  0.00121308
1.59347  0.00121929
1.5935  0.00121267
1.59354  0.00120634
1.59362  0.00120205
1.59352  0.00119946
1.5935  0.00119275
1.59352  0.00118618
1.59357  0.00118048
1.59358  0.00117407
1.5936  0.00116777
1.59355  0.00116255
1.59359  0.00115693
1.59351  0.00115329
1.59334   0.0011596
1.59335   0.0011534
1.59325  0.00115168
1.59327  0.00114572
1.59324   0.0011402
1.59321  0.00113442
1.59313  0.00113159
1.59297  0.00113666
1.59281  0.00114174
1.59273  0.00113933
1.59278  0.00113493
1.59276  0.00112936
1.59274  0.00112387
1.59276   0.0011185
1.59266  0.00111753
