4.02214           0
4.01105   0.0110963
4.01989   0.0109174
3.99582   0.0252757
3.9678   0.0341791
3.96393   0.0281738
3.98143   0.0295488
3.97772   0.0258579
3.98591   0.0242306
3.96508   0.0300613
3.9736   0.0284952
3.96359   0.0278705
3.96789   0.0259945
3.97041   0.0241987
3.96929   0.0225559
3.96907   0.0211002
3.96924   0.0198209
3.9719   0.0188749
3.96684   0.0185567
3.9722   0.0184017
3.96642   0.0184321
3.97077   0.0181044
3.97324   0.0174746
3.96814   0.0174895
3.96645     0.01686
3.96554   0.0162243
3.9623   0.0159446
3.96109   0.0154124
3.96341   0.0150522
3.96266   0.0145615
3.96602   0.0144804
3.96536   0.0140362
3.96766   0.0137978
3.96503   0.0136421
3.9629   0.0134163
3.96018   0.0133205
3.95887   0.0130211
3.95747   0.0127513
3.95531   0.0126057
3.95862   0.0127238
3.95853   0.0124099
3.9605   0.0122691
3.95976    0.012003
3.96042   0.0117455
3.96055   0.0114823
3.96346   0.0116015
3.96347    0.011352
3.96142   0.0113003
3.96034   0.0111196
3.9584   0.0110673
3.9582     0.01085
3.95832     0.01064
3.95799   0.0104427
3.95966   0.0103832
3.96077   0.0102526
3.96   0.0100966
3.95876  0.00999509
3.95901  0.00982429
3.96093  0.00984573
3.96242  0.00979418
3.9619  0.00964633
3.96177  0.00949029
3.96265  0.00937909
3.96387  0.00931264
3.96294  0.00921549
3.9632  0.00907834
3.96156   0.0090898
3.96304  0.00907601
3.96271  0.00894954
3.96454  0.00900801
3.96532  0.00891495
3.96602  0.00881814
3.9655  0.00871204
3.96478  0.00862362
3.96302  0.00868861
3.96196  0.00863905
3.96165  0.00853154
3.96097  0.00844901
3.9624  0.00846192
3.9638  0.00847283
3.96364  0.00836922
3.96189  0.00844934
3.96281  0.00839786
3.96197  0.00833946
3.96117  0.00827985
3.96162  0.00819549
3.96118  0.00811265
3.96242  0.00811425
3.96121  0.00811299
3.96107  0.00802346
3.96131  0.00793843
3.96075  0.00787165
3.9621  0.00790294
3.96144  0.00784648
3.96171  0.00776816
3.96335  0.00785951
3.96405  0.00780922
3.96304  0.00779436
3.96359  0.00773495
3.96314  0.00767079
3.96351  0.00760337
3.96452  0.00759614
3.9658  0.00763007
3.96496  0.00760217
3.96446  0.00754594
3.96411  0.00748268
3.96363  0.00742786
3.96425  0.00738421
3.96403  0.00731943
3.96373  0.00725876
3.96341   0.0072002
3.96338  0.00713566
3.96259  0.00711667
3.9625  0.00705447
3.96152  0.00706158
3.96174  0.00700377
3.96306   0.0070676
3.96242  0.00703658
3.96212  0.00698332
3.96206   0.0069252
3.96108  0.00693753
3.9603  0.00692453
3.95908  0.00697443
3.9589  0.00692042
3.95941  0.00688415
3.95922  0.00683188
3.95928  0.00677807
3.95909  0.00672738
3.95989    0.006722
3.95975  0.00667149
3.95945  0.00662714
3.95879  0.00661037
3.96013  0.00669787
3.95944  0.00668375
3.95838  0.00671883
3.95905  0.00670304
3.95838  0.00668791
3.95784  0.00666086
3.95741  0.00662674
3.95698   0.0065931
3.95704  0.00654646
3.95723   0.0065027
3.95741   0.0064598
3.95784   0.0064288
3.95735  0.00640267
3.95694  0.00637208
3.95633  0.00635833
3.95615  0.00631769
3.95589  0.00628047
3.95651  0.00626915
3.95721  0.00626681
3.9572  0.00622545
3.95733  0.00618602
3.95696  0.00615705
3.95695   0.0061172
3.95575  0.00619514
3.95547  0.00616197
3.95551  0.00612297
3.95615  0.00611806
3.95591  0.00608447
3.95678  0.00610919
3.95687  0.00607203
3.9568  0.00603508
3.95707  0.00600403
3.95759  0.00599045
3.95725  0.00596424
3.95724  0.00592842
3.95725  0.00589303
3.95638  0.00592211
3.95633  0.00588738
3.95651  0.00585552
3.95686   0.0058318
3.95655  0.00580585
3.95737  0.00582989
3.95714  0.00580107
3.95662  0.00579185
3.9566  0.00575905
3.95681  0.00573049
3.95682   0.0056984
3.95665  0.00566919
3.95607  0.00566752
3.9563  0.00564097
3.95741  0.00571748
3.95759   0.0056894
3.95784  0.00566407
3.95808  0.00563857
3.95805  0.00560841
3.95746  0.00560959
3.95762    0.005582
3.95803   0.0055677
3.95851  0.00555932
3.95843  0.00553092
3.95899  0.00553036
3.95922  0.00550657
3.95851   0.0055235
3.95859  0.00549585
3.95883  0.00547324
3.9587  0.00544707
3.95843  0.00542635
3.95819  0.00540476
4.0284           0
4.01261   0.0157843
4.02145   0.0126961
3.99809   0.0250268
3.96906   0.0349086
3.96653   0.0286152
3.98221    0.028823
3.97899   0.0251679
3.98621   0.0233412
3.96576   0.0292233
3.97445   0.0278252
3.96471   0.0272062
3.96911   0.0254101
3.97197   0.0236983
3.97081   0.0220923
3.96991   0.0206848
3.97029   0.0194336
3.97183   0.0183873
3.96678   0.0181122
3.9719   0.0179305
3.96597   0.0180576
3.97041   0.0177808
3.97223   0.0170874
3.9671   0.0171454
3.9655   0.0165235
3.96515   0.0158791
3.96214    0.015572
3.96102   0.0150477
3.96339   0.0147117
3.96268   0.0142305
3.96594   0.0141458
3.96539   0.0137078
3.96806   0.0135507
3.96535   0.0134213
3.96323   0.0132047
3.96028   0.0131675
3.95911   0.0128602
3.95777    0.012588
3.95529   0.0125087
3.9584    0.012582
3.95831   0.0122717
3.96041   0.0121598
3.95944   0.0119138
3.96009   0.0116582
3.96016   0.0113964
3.96317   0.0115457
3.96316   0.0112974
3.96103   0.0112625
3.96007   0.0110715
3.9582   0.0110077
3.95787   0.0107949
3.95801   0.0105863
3.95764   0.0103914
3.95921   0.0103182
3.96009   0.0101665
3.95919   0.0100239
3.95796  0.00992265
3.95832  0.00975684
3.96012  0.00975774
3.96166  0.00971554
3.96114   0.0095688
3.9609   0.0094163
3.96175  0.00930485
3.96293  0.00923414
3.96202  0.00913635
3.96238  0.00900377
3.96096  0.00898094
3.96249  0.00897912
3.96217  0.00885391
3.96407  0.00893241
3.96482  0.00883699
3.9654  0.00873301
3.96496  0.00862379
3.96425  0.00853652
3.96235  0.00863223
3.96133  0.00857863
3.961  0.00847311
3.96035  0.00838853
3.9619  0.00842445
3.96328  0.00843304
3.96306  0.00833132
3.96135  0.00840393
3.96218  0.00834288
3.96117  0.00830415
3.96029  0.00825338
3.96079   0.0081723
3.96035  0.00808972
3.96173  0.00811527
3.96062  0.00810036
3.96044  0.00801175
3.96073  0.00792842
3.9603  0.00785369
3.96162  0.00788053
3.96098  0.00782244
3.96127  0.00774529
3.96292  0.00783927
3.96358   0.0077856
3.96269   0.0077566
3.96323  0.00769662
3.96278  0.00763257
3.96313  0.00756494
3.96414  0.00755733
3.96535  0.00758172
3.96446  0.00756159
3.96397  0.00750528
3.96368  0.00743955
3.96326  0.00738191
3.96377  0.00733118
3.96349   0.0072689
3.96318  0.00720929
3.9628  0.00715437
3.96283  0.00709028
3.96208  0.00706698
3.96204  0.00700481
3.96104  0.00701559
3.96131  0.00695996
3.96255  0.00701093
3.96184  0.00698706
3.96156  0.00693388
3.96151  0.00687605
3.96058  0.00688142
3.95984  0.00686519
3.95865  0.00691167
3.95859  0.00685598
3.95911  0.00682039
3.9589  0.00676919
3.95893  0.00671573
3.95867  0.00666814
3.95936  0.00665308
3.95916  0.00660488
3.95884  0.00656186
3.9583  0.00653446
3.95963  0.00661985
3.95894  0.00660642
3.9579  0.00663864
3.9586  0.00662572
3.95791  0.00661265
3.95743  0.00658217
3.95694  0.00655271
3.95645  0.00652434
3.95651   0.0064782
3.95671  0.00643531
3.95685  0.00639177
3.95729  0.00636215
3.95678  0.00633863
3.95643  0.00630466
3.95588  0.00628521
3.95573  0.00624452
3.9555  0.00620671
3.95617  0.00620204
3.95687  0.00619963
3.95688  0.00615872
3.95698  0.00611916
3.95663  0.00608976
3.95655  0.00605076
3.9553  0.00614128
3.95493  0.00611312
3.95502  0.00607499
3.95572  0.00607665
3.95549  0.00604303
3.95631  0.00606109
3.95638  0.00602405
3.95639  0.00598698
3.95661  0.00595461
3.95706  0.00593539
3.9567  0.00591028
3.95672   0.0058748
3.9568  0.00584026
3.95599  0.00586194
3.95593  0.00582769
3.95611   0.0057965
3.95652  0.00577715
3.95628  0.00574882
3.95714  0.00577982
3.95691  0.00575128
3.95641  0.00574033
3.95641  0.00570781
3.95666  0.00568139
3.9567  0.00564965
3.95647   0.0056228
3.95585  0.00562532
3.95608  0.00559877
3.95719  0.00567773
3.95738   0.0056502
3.95768   0.0056274
3.95793  0.00560273
3.95787  0.00557297
3.9573  0.00557247
3.95744  0.00554455
3.95784  0.00552982
3.95831  0.00552039
3.9582  0.00549265
3.95872  0.00548942
3.95901  0.00546871
3.95831  0.00548575
3.95839  0.00545833
3.95866  0.00543718
3.95847  0.00541292
3.9582  0.00539273
3.95797  0.00537041
