1   -0.882186   -0.882186           0
2   -0.881216   -0.881701   0.0004848
3   -0.880989   -0.881463 0.000366975
4   -0.882915   -0.881826 0.000446157
5   -0.880786   -0.881618  0.00040344
6   -0.881158   -0.881542 0.000338206
7    -0.88021   -0.881351 0.000343382
8   -0.885141   -0.881825 0.000559295
9   -0.879288   -0.881543 0.000568119
10   -0.882189   -0.881608 0.000512227
11    -0.88472   -0.881891 0.000542886
12   -0.880829   -0.881802 0.000503423
13   -0.881094   -0.881748  0.00046627
14   -0.881376   -0.881721 0.000432498
15   -0.882693   -0.881786 0.000407811
16   -0.882146   -0.881808 0.000382134
17    -0.88148   -0.881789 0.000359472
18   -0.879229   -0.881647 0.000367552
19   -0.881718   -0.881651 0.000347689
20   -0.879734   -0.881555  0.00034348
21   -0.882061   -0.881579 0.000327602
22   -0.880472   -0.881529 0.000316383
23   -0.883048   -0.881595 0.000309448
24   -0.881397   -0.881586 0.000296388
25   -0.882661   -0.881629 0.000287516
26   -0.881758   -0.881634 0.000276281
27   -0.881917   -0.881645 0.000266057
28   -0.881494   -0.881639 0.000256435
29   -0.881016   -0.881618 0.000248367
30    -0.88077    -0.88159 0.000241606
31   -0.883357   -0.881647 0.000240535
32    -0.88135   -0.881637  0.00023308
33    -0.88516   -0.881744 0.000249857
34   -0.884181   -0.881816 0.000252769
35    -0.88311   -0.881853 0.000248213
36    -0.88119   -0.881834  0.00024192
37   -0.880429   -0.881796 0.000238338
38   -0.880885   -0.881772 0.000233218
39   -0.882544   -0.881792 0.000228019
40   -0.881547   -0.881786  0.00022233
41    -0.88127   -0.881774 0.000217204
42   -0.880125   -0.881734 0.000215574
43    -0.88119   -0.881722  0.00021088
44   -0.880846   -0.881702  0.00020699
45   -0.881301   -0.881693 0.000202534
46   -0.881405   -0.881687 0.000198181
47    -0.88271   -0.881708 0.000195138
48   -0.877997   -0.881631 0.000206085
49   -0.881629   -0.881631 0.000201836
50   -0.881472   -0.881628 0.000197783
51   -0.882726   -0.881649  0.00019506
52    -0.87899   -0.881598 0.000197989
53   -0.878702   -0.881544 0.000201756
54   -0.880922   -0.881532 0.000198319
55   -0.878598   -0.881479 0.000201855
56   -0.880746   -0.881466 0.000198649
57   -0.881221   -0.881461  0.00019518
58   -0.881755   -0.881466 0.000191853
59   -0.880029   -0.881442  0.00019014
60   -0.881835   -0.881449 0.000187059
61   -0.877936   -0.881391 0.000192769
62    -0.87996   -0.881368 0.000191033
63   -0.879282   -0.881335 0.000190871
64   -0.879578   -0.881307 0.000189861
65   -0.880021   -0.881288 0.000187962
66   -0.881723   -0.881294  0.00018521
67   -0.883882   -0.881333 0.000186468
68   -0.880762   -0.881324 0.000183897
69   -0.881005    -0.88132 0.000181272
70   -0.878806   -0.881284 0.000182235
71   -0.879278   -0.881256 0.000181857
72   -0.881568    -0.88126 0.000179366
73   -0.881805   -0.881267 0.000177049
74   -0.881288   -0.881268 0.000174641
75   -0.881258   -0.881268 0.000172296
76   -0.885051   -0.881317 0.000177154
77   -0.881416   -0.881319 0.000174842
78   -0.878448   -0.881282 0.000176467
79   -0.879771   -0.881263 0.000175265
80   -0.880216    -0.88125 0.000173554
81   -0.881443   -0.881252 0.000171414
82   -0.883654   -0.881281 0.000171827
83   -0.880955   -0.881277  0.00016979
84    -0.87997   -0.881262 0.000168477
85   -0.880232    -0.88125 0.000166924
86   -0.882149    -0.88126 0.000165302
87    -0.88084   -0.881255 0.000163462
88   -0.881779   -0.881261 0.000161704
89   -0.880597   -0.881254 0.000160051
90   -0.881528   -0.881257 0.000158292
91   -0.880141   -0.881245 0.000157022
92   -0.881075   -0.881243 0.000155317
93   -0.880838   -0.881238   0.0001537
94   -0.880243   -0.881228 0.000152424
95   -0.881552   -0.881231 0.000150849
96   -0.880611   -0.881225 0.000149409
97   -0.879314   -0.881205 0.000149168
98   -0.879107   -0.881184 0.000149182
99   -0.881298   -0.881185 0.000147672
100   -0.881936   -0.881192  0.00014638
101   -0.882579   -0.881206 0.000145573
102    -0.88328   -0.881226 0.000145566
103   -0.882803   -0.881242 0.000144956
104   -0.883021   -0.881259 0.000144571
105   -0.882186   -0.881268  0.00014346
106   -0.881408   -0.881269 0.000142106
107   -0.881768   -0.881274 0.000140849
108   -0.881778   -0.881278 0.000139617
109   -0.879325    -0.88126 0.000139486
110   -0.881827   -0.881265 0.000138308
111   -0.880565   -0.881259 0.000137202
112   -0.881914   -0.881265 0.000136097
113   -0.879314   -0.881248 0.000135988
114   -0.881678   -0.881252 0.000134843
115   -0.883502   -0.881271  0.00013509
116   -0.881418   -0.881272 0.000133927
117   -0.881219   -0.881272 0.000132778
118   -0.883472   -0.881291 0.000132962
119   -0.879698   -0.881277 0.000132517
120   -0.881106   -0.881276 0.000131416
121   -0.880995   -0.881273 0.000130346
122    -0.88193   -0.881279 0.000129385
123   -0.881422    -0.88128 0.000128334
124   -0.878597   -0.881258 0.000129121
125    -0.88367   -0.881278  0.00012953
126   -0.883242   -0.881293 0.000129439
127   -0.880216   -0.881285 0.000128696
128   -0.880299   -0.881277 0.000127918
129   -0.879342   -0.881262 0.000127806
130    -0.87755   -0.881233 0.000129993
131   -0.882848   -0.881246 0.000129584
132   -0.879805   -0.881235 0.000129061
133   -0.882498   -0.881244 0.000128439
134   -0.881893   -0.881249 0.000127568
135    -0.88177   -0.881253 0.000126679
136   -0.880835    -0.88125 0.000125781
137   -0.882229   -0.881257 0.000125064
138   -0.881877   -0.881262 0.000124236
139   -0.882902   -0.881273 0.000123902
140   -0.880958   -0.881271 0.000123035
141   -0.881526   -0.881273 0.000122172
142    -0.88035   -0.881267 0.000121483
143    -0.87937   -0.881253 0.000121357
144   -0.883246   -0.881267 0.000121304
145   -0.877536   -0.881241 0.000123182
146    -0.88179   -0.881245 0.000122393
147   -0.882406   -0.881253 0.000121814
148   -0.877459   -0.881227 0.000123674
149   -0.881357   -0.881228 0.000122844
150   -0.883872   -0.881246 0.000123289
151   -0.880904   -0.881244 0.000122491
152   -0.880827   -0.881241 0.000121713
153   -0.878973   -0.881226  0.00012182
154   -0.880854   -0.881224  0.00012105
155   -0.881859   -0.881228 0.000120337
156   -0.881398   -0.881229 0.000119568
157   -0.882858   -0.881239 0.000119256
158   -0.879547   -0.881228 0.000118982
159   -0.877325   -0.881204 0.000120753
160   -0.881387   -0.881205 0.000120002
161   -0.884782   -0.881227 0.000121306
162   -0.885242   -0.881252 0.000123076
163   -0.878166   -0.881233 0.000123774
164   -0.881938   -0.881237 0.000123092
165   -0.881118   -0.881237 0.000122346
166   -0.880264   -0.881231 0.000121748
167   -0.880747   -0.881228 0.000121051
168   -0.880192   -0.881222 0.000120487
169   -0.880824   -0.881219 0.000119795
170   -0.880691   -0.881216 0.000119128
171   -0.882488   -0.881224 0.000118663
172    -0.88112   -0.881223 0.000117973
173    -0.88159   -0.881225 0.000117308
174   -0.879411   -0.881215 0.000117097
175   -0.880696   -0.881212 0.000116464
176    -0.88085    -0.88121 0.000115818
177   -0.881554   -0.881212 0.000115178
178   -0.881288   -0.881212  0.00011453
179   -0.882166   -0.881218 0.000114013
180   -0.882328   -0.881224 0.000113546
181   -0.882547   -0.881231 0.000113153
182   -0.882011   -0.881235 0.000112611
183   -0.882278   -0.881241 0.000112139
184   -0.881994   -0.881245 0.000111603
185    -0.88304   -0.881255 0.000111422
186   -0.880861   -0.881253 0.000110841
187    -0.88416   -0.881268 0.000111338
188   -0.881341   -0.881269 0.000110745
189   -0.882813   -0.881277  0.00011046
190   -0.878038    -0.88126 0.000111191
191   -0.879373    -0.88125 0.000111047
192      -0.879   -0.881238 0.000111087
193   -0.882949   -0.881247 0.000110865
194   -0.880448   -0.881243 0.000110369
195   -0.880379   -0.881238 0.000109891
196   -0.880138   -0.881233 0.000109473
197   -0.883474   -0.881244 0.000109508
198   -0.878661   -0.881231 0.000109732
199   -0.882965    -0.88124 0.000109526
200   -0.879346    -0.88123 0.000109388
1    -0.88216    -0.88216           0
2   -0.881122   -0.881641   0.0005192
3   -0.880838   -0.881373  0.00040174
4    -0.88299   -0.881778 0.000494094
5   -0.880834   -0.881589 0.000426758
6   -0.881096   -0.881507 0.000357996
7   -0.880312   -0.881336 0.000347377
8   -0.885112   -0.881808 0.000559721
9   -0.879237   -0.881522 0.000570338
10   -0.882274   -0.881597 0.000515629
11   -0.884627   -0.881873  0.00054166
12   -0.880782   -0.881782 0.000502747
13   -0.881125   -0.881731 0.000465215
14   -0.881365   -0.881705 0.000431501
15   -0.882795   -0.881778 0.000408224
16   -0.882218   -0.881805 0.000382846
17   -0.881435   -0.881784  0.00036028
18   -0.879162   -0.881638 0.000369592
19    -0.88163   -0.881638   0.0003496
20   -0.879758   -0.881544 0.000344711
21    -0.88211   -0.881571 0.000328995
22   -0.880379   -0.881516 0.000318325
23   -0.882819   -0.881573 0.000309399
24   -0.881485   -0.881569 0.000296249
25   -0.882626   -0.881612 0.000287276
26   -0.881746   -0.881617 0.000276054
27   -0.881965    -0.88163 0.000265946
28   -0.881362    -0.88162  0.00025645
29   -0.881062   -0.881601 0.000248196
30   -0.880728   -0.881572 0.000241539
31    -0.88356   -0.881636 0.000242261
32   -0.881474   -0.881631 0.000234623
33   -0.885107   -0.881736 0.000250617
34   -0.884075   -0.881805  0.00025268
35   -0.883179   -0.881844 0.000248476
36    -0.88135   -0.881831 0.000241864
37   -0.880539   -0.881796 0.000237812
38   -0.880694   -0.881767 0.000233276
39   -0.882413   -0.881783 0.000227819
40    -0.88161   -0.881779 0.000222093
41    -0.88116   -0.881764 0.000217134
42   -0.879986   -0.881721 0.000216089
43   -0.881197   -0.881709 0.000211356
44   -0.880699   -0.881686 0.000207769
45   -0.881203   -0.881676 0.000203383
46   -0.881421    -0.88167 0.000198989
47   -0.882829   -0.881695 0.000196264
48   -0.877936   -0.881616 0.000207476
49   -0.881608   -0.881616 0.000203198
50   -0.881547   -0.881615 0.000199098
51   -0.882837   -0.881639  0.00019662
52   -0.878971   -0.881587  0.00019951
53    -0.87872   -0.881533  0.00020305
54   -0.880838   -0.881521  0.00019967
55   -0.878512   -0.881466 0.000203495
56   -0.880974   -0.881457 0.000200021
57    -0.88119   -0.881452 0.000196536
58   -0.881738   -0.881457  0.00019318
59   -0.879883   -0.881431 0.000191743
60   -0.881658   -0.881434 0.000188558
61   -0.877952   -0.881377  0.00019403
62   -0.880134   -0.881357 0.000191924
63   -0.879274   -0.881324 0.000191728
64   -0.879451   -0.881295 0.000190964
65   -0.880008   -0.881275 0.000189043
66   -0.881926   -0.881285 0.000186418
67    -0.88405   -0.881326 0.000188194
68   -0.880781   -0.881318 0.000185579
69   -0.881091   -0.881315 0.000182899
70   -0.878883    -0.88128 0.000183584
71   -0.879147    -0.88125 0.000183456
72   -0.881568   -0.881255 0.000180944
73   -0.881872   -0.881263 0.000178649
74   -0.881323   -0.881264  0.00017622
75   -0.881085   -0.881261 0.000173871
76    -0.88491   -0.881309 0.000178159
77   -0.881203   -0.881308 0.000175836
78   -0.878546   -0.881273 0.000177143
79   -0.879707   -0.881253 0.000176006
80   -0.880088   -0.881238   0.0001744
81   -0.881605   -0.881243 0.000172293
82   -0.883416   -0.881269  0.00017223
83   -0.880893   -0.881265 0.000170203
84   -0.879941   -0.881249 0.000168902
85    -0.88032   -0.881238  0.00016726
86   -0.882203   -0.881249 0.000165685
87   -0.880864   -0.881245 0.000163829
88   -0.881704    -0.88125 0.000162041
89   -0.880478   -0.881241 0.000160444
90   -0.881547   -0.881245 0.000158688
91    -0.88015   -0.881233 0.000157394
92   -0.880902   -0.881229 0.000155715
93   -0.880834   -0.881225 0.000154091
94   -0.880045   -0.881212 0.000152959
95   -0.881454   -0.881215 0.000151362
96   -0.880344   -0.881206 0.000150051
97   -0.879338   -0.881187  0.00014974
98   -0.879046   -0.881165 0.000149805
99   -0.881493   -0.881168 0.000148321
100   -0.881931   -0.881176 0.000147028
101   -0.882632    -0.88119 0.000146278
102   -0.883202    -0.88121 0.000146173
103   -0.882858   -0.881226 0.000145628
104   -0.882869   -0.881242 0.000145083
105   -0.882262   -0.881251 0.000144024
106    -0.88143   -0.881253 0.000142668
107   -0.881818   -0.881258 0.000141427
108    -0.88188   -0.881264  0.00014023
109   -0.879422   -0.881247 0.000139961
110   -0.881765   -0.881252 0.000138762
111   -0.880427   -0.881244 0.000137707
112   -0.882128   -0.881252   0.0001367
113   -0.879352   -0.881236 0.000136525
114   -0.881632   -0.881239 0.000135366
115   -0.883611    -0.88126  0.00013576
116   -0.881437   -0.881261 0.000134594
117   -0.881234   -0.881261 0.000133439
118   -0.883645   -0.881281 0.000133836
119   -0.879576   -0.881267 0.000133478
120   -0.881136   -0.881266 0.000132366
121   -0.880989   -0.881263 0.000131287
122    -0.88172   -0.881267  0.00013026
123   -0.881366   -0.881268   0.0001292
124   -0.878568   -0.881246  0.00012999
125   -0.883738   -0.881266 0.000130477
126   -0.883326   -0.881282 0.000130466
127   -0.880256   -0.881274 0.000129687
128   -0.880221   -0.881266 0.000128933
129   -0.879408   -0.881252 0.000128738
130   -0.877501   -0.881223 0.000130962
131   -0.882861   -0.881235 0.000130558
132   -0.879725   -0.881224  0.00013007
133   -0.882592   -0.881234 0.000129497
134   -0.881667   -0.881237 0.000128568
135   -0.881854   -0.881242 0.000127694
136   -0.880629   -0.881238 0.000126832
137   -0.882189   -0.881244 0.000126094
138   -0.881541   -0.881247 0.000125195
139   -0.883104    -0.88126 0.000125007
140    -0.88096   -0.881258  0.00012413
141   -0.881488   -0.881259 0.000123257
142   -0.880397   -0.881253 0.000122537
143   -0.879126   -0.881239 0.000122582
144   -0.883222   -0.881252 0.000122505
145   -0.877678   -0.881228 0.000124129
146   -0.881576    -0.88123 0.000123299
147   -0.882317   -0.881237  0.00012268
148   -0.877507   -0.881212 0.000124428
149   -0.881424   -0.881214 0.000123598
150   -0.883674    -0.88123 0.000123862
151   -0.880765   -0.881227 0.000123078
152   -0.880787   -0.881224   0.0001223
153    -0.87896   -0.881209 0.000122395
154   -0.880816   -0.881207 0.000121625
155   -0.881813   -0.881211 0.000120901
156   -0.881285   -0.881211 0.000120124
157    -0.88287   -0.881222 0.000119824
158   -0.879562   -0.881211 0.000119526
159   -0.877264   -0.881186 0.000121338
160   -0.881416   -0.881188 0.000120586
161   -0.884842    -0.88121 0.000121965
162   -0.885101   -0.881235 0.000123565
163   -0.878042   -0.881215 0.000124358
164   -0.881829   -0.881219 0.000123654
165   -0.881158   -0.881218 0.000122902
166   -0.880325   -0.881213 0.000122278
167   -0.880864   -0.881211 0.000121562
168   -0.880347   -0.881206 0.000120945
169   -0.880531   -0.881202 0.000120294
170   -0.880694   -0.881199 0.000119621
171   -0.882584   -0.881207 0.000119195
172   -0.881333   -0.881208 0.000118503
173    -0.88167    -0.88121 0.000117846
174   -0.879558   -0.881201 0.000117551
175   -0.880749   -0.881198 0.000116906
176   -0.880845   -0.881196 0.000116257
177   -0.881616   -0.881199 0.000115623
178   -0.881411     -0.8812 0.000114977
179   -0.882018   -0.881204 0.000114424
180   -0.882494   -0.881211 0.000114012
181   -0.882333   -0.881218  0.00011355
182   -0.881995   -0.881222 0.000113005
183   -0.882154   -0.881227 0.000112501
184   -0.882034   -0.881231 0.000111974
185   -0.883059   -0.881241 0.000111804
186   -0.880957    -0.88124 0.000111212
187   -0.884091   -0.881255 0.000111662
188   -0.881302   -0.881255 0.000111067
189   -0.882786   -0.881263 0.000110774
190    -0.87791   -0.881246 0.000111593
191   -0.879386   -0.881236 0.000111434
192    -0.87901   -0.881224 0.000111457
193   -0.883016   -0.881234 0.000111266
194   -0.880301   -0.881229 0.000110795
195   -0.880432   -0.881225 0.000110301
196   -0.879974   -0.881218 0.000109922
197    -0.88359    -0.88123 0.000110024
198   -0.878677   -0.881218 0.000110224
199   -0.883048   -0.881227 0.000110054
200    -0.87937   -0.881217 0.000109895
