1   -0.751088   -0.751088           0
2   -0.753085   -0.752086   0.0009984
3   -0.750699   -0.751624 0.000738973
4   -0.750264   -0.751284  0.00062341
5   -0.753205   -0.751668  0.00061706
6   -0.751435   -0.751629 0.000505321
7   -0.751803   -0.751654 0.000427796
8   -0.750763   -0.751543  0.00038686
9   -0.753472   -0.751757 0.000402928
10   -0.750731   -0.751655 0.000374709
11    -0.75179   -0.751667 0.000339162
12   -0.751632   -0.751664 0.000309625
13   -0.752126     -0.7517 0.000287026
14   -0.750267   -0.751597  0.00028475
15   -0.751531   -0.751593 0.000265124
16   -0.751061    -0.75156  0.00025022
17   -0.751786   -0.751573 0.000235417
18   -0.748944   -0.751427 0.000265695
19   -0.750022   -0.751353 0.000261967
20   -0.752536   -0.751412 0.000255467
21   -0.750173   -0.751353  0.00025006
22   -0.750592   -0.751318  0.00024092
23   -0.752194   -0.751357  0.00023333
24   -0.751539   -0.751364 0.000223526
25    -0.75183   -0.751383 0.000215208
26   -0.750374   -0.751344 0.000210372
27   -0.749715   -0.751284 0.000211228
28   -0.752178   -0.751316 0.000206033
29   -0.750384   -0.751283  0.00020138
30   -0.749773   -0.751233 0.000200963
31   -0.750867   -0.751221  0.00019473
32   -0.752251   -0.751253 0.000191274
33   -0.752382   -0.751288 0.000188517
34   -0.752579   -0.751326 0.000186791
35   -0.751027   -0.751317 0.000181576
36   -0.752035   -0.751337 0.000177584
37   -0.750675   -0.751319 0.000173642
38   -0.754798   -0.751411 0.000192217
39   -0.749152   -0.751353 0.000195977
40   -0.752624   -0.751385  0.00019364
41   -0.749883   -0.751348 0.000192376
42   -0.750352   -0.751324 0.000189231
43   -0.750038   -0.751294 0.000187183
44      -0.749   -0.751242 0.000190168
45   -0.750203   -0.751219 0.000187323
46   -0.751528   -0.751226 0.000183328
47    -0.74968   -0.751193 0.000182375
48    -0.75109   -0.751191 0.000178549
49   -0.752165   -0.751211 0.000175993
50   -0.750694     -0.7512 0.000172746
51   -0.750962   -0.751196  0.00016939
52   -0.749464   -0.751162 0.000169406
53   -0.749982    -0.75114 0.000167663
54   -0.752627   -0.751168 0.000166818
55   -0.751893   -0.751181 0.000164287
56   -0.751394   -0.751185 0.000161371
57   -0.751662   -0.751193 0.000158736
58   -0.752328   -0.751213 0.000157198
59   -0.752614   -0.751236 0.000156327
60   -0.752018   -0.751249  0.00015425
61   -0.751675   -0.751256  0.00015186
62    -0.75069   -0.751247  0.00014967
63   -0.751618   -0.751253 0.000147393
64   -0.751765   -0.751261 0.000145292
65   -0.750782   -0.751254 0.000143228
66   -0.753112   -0.751282 0.000143824
67   -0.749987   -0.751263 0.000142973
68   -0.750099   -0.751245  0.00014189
69   -0.750966   -0.751241 0.000139877
70   -0.752435   -0.751258 0.000138915
71   -0.750011   -0.751241 0.000138067
72   -0.749853   -0.751222 0.000137494
73   -0.752221   -0.751235 0.000136287
74   -0.749582   -0.751213 0.000136276
75   -0.750074   -0.751198 0.000135302
76   -0.752168   -0.751211 0.000134119
77   -0.751963    -0.75122 0.000132726
78   -0.752547   -0.751237 0.000132113
79    -0.75101   -0.751234 0.000130462
80     -0.7496   -0.751214 0.000130431
81   -0.751523   -0.751218 0.000128867
82    -0.75081   -0.751213 0.000127383
83   -0.752848   -0.751233 0.000127372
84   -0.749232   -0.751209  0.00012808
85   -0.749816   -0.751192  0.00012762
86   -0.751877     -0.7512 0.000126379
87   -0.748835   -0.751173 0.000127841
88   -0.753285   -0.751197 0.000128638
89   -0.749971   -0.751183 0.000127928
90   -0.750373   -0.751174 0.000126819
91   -0.751883   -0.751182 0.000125659
92   -0.749997   -0.751169 0.000124952
93   -0.752168    -0.75118 0.000124067
94    -0.75116    -0.75118  0.00012274
95   -0.749368   -0.751161  0.00012293
96   -0.751091    -0.75116 0.000121645
97   -0.752306   -0.751172 0.000120962
98   -0.751451   -0.751175 0.000119755
99   -0.750456   -0.751167 0.000118761
100   -0.751798   -0.751174 0.000117737
101   -0.752363   -0.751185 0.000117159
102   -0.751813   -0.751192 0.000116168
103   -0.751592   -0.751196   0.0001151
104   -0.749995   -0.751184 0.000114571
105   -0.752643   -0.751198 0.000114322
106   -0.750557   -0.751192   0.0001134
107   -0.751862   -0.751198  0.00011251
108   -0.750669   -0.751193 0.000111571
109   -0.751888     -0.7512 0.000110726
110   -0.752328    -0.75121 0.000110193
111   -0.750048   -0.751199 0.000109697
112   -0.752104   -0.751207 0.000109012
113   -0.752778   -0.751221 0.000108933
114   -0.752078   -0.751229 0.000108235
115   -0.751243   -0.751229  0.00010729
116    -0.75139    -0.75123  0.00010637
117    -0.75401   -0.751254 0.000108099
118   -0.749573    -0.75124 0.000108122
119   -0.754376   -0.751266 0.000110401
120   -0.750736   -0.751262 0.000109566
121   -0.749629   -0.751248 0.000109492
122   -0.750867   -0.751245 0.000108636
123   -0.750216   -0.751237 0.000108073
124   -0.749728   -0.751225 0.000107887
125   -0.750082   -0.751216  0.00010741
126   -0.751661   -0.751219 0.000106613
127   -0.749496   -0.751205 0.000106636
128   -0.754147   -0.751228 0.000108267
129    -0.75116   -0.751228 0.000107426
130   -0.751157   -0.751227 0.000106598
131   -0.748984    -0.75121 0.000107158
132   -0.750333   -0.751204 0.000106551
133   -0.752085    -0.75121 0.000105954
134   -0.751722   -0.751214  0.00010523
135     -0.7524   -0.751223 0.000104816
136   -0.752709   -0.751234 0.000104615
137   -0.750552   -0.751229 0.000103968
138   -0.751666   -0.751232  0.00010326
139   -0.750941    -0.75123 0.000102536
140   -0.749282   -0.751216 0.000102747
141   -0.752411   -0.751224 0.000102368
142   -0.749336   -0.751211 0.000102511
143   -0.750517   -0.751206 0.000101907
144    -0.75103   -0.751205 0.000101204
145   -0.749166   -0.751191 0.000101482
146   -0.752795   -0.751202 0.000101382
147   -0.751645   -0.751205 0.000100735
148   -0.751328   -0.751206 0.000100056
149   -0.749691   -0.751196 9.99003e-05
150   -0.752728   -0.751206 9.97566e-05
151   -0.753827   -0.751223 0.000100603
152   -0.750907   -0.751221 9.99604e-05
153    -0.75199   -0.751226 9.94321e-05
154   -0.751526   -0.751228 9.88036e-05
155   -0.751517    -0.75123 9.81818e-05
156   -0.751035   -0.751229 9.75583e-05
157   -0.749483   -0.751218 9.75705e-05
158   -0.751205   -0.751218  9.6951e-05
159   -0.752614   -0.751226 9.67391e-05
160   -0.750069   -0.751219 9.64044e-05
161   -0.753475   -0.751233 9.68231e-05
162   -0.750285   -0.751227 9.64015e-05
163   -0.749624   -0.751217 9.63118e-05
164   -0.748605   -0.751201 9.70393e-05
165   -0.750186   -0.751195 9.66457e-05
166   -0.750267    -0.75119 9.62243e-05
167   -0.751658   -0.751193 9.56874e-05
168   -0.750976   -0.751191 9.51249e-05
169    -0.75107   -0.751191  9.4563e-05
170   -0.751192   -0.751191 9.40051e-05
171   -0.749925   -0.751183 9.37464e-05
172   -0.749718   -0.751175  9.3588e-05
173   -0.751645   -0.751177 9.30852e-05
174   -0.751192   -0.751177 9.25487e-05
175   -0.754309   -0.751195  9.3742e-05
176   -0.751912   -0.751199 9.32967e-05
177   -0.751378     -0.7512 9.27736e-05
178   -0.751144     -0.7512 9.22515e-05
179      -0.751   -0.751199 9.17415e-05
180   -0.750544   -0.751195 9.13029e-05
181   -0.749898   -0.751188 9.10797e-05
182    -0.75203   -0.751193  9.0696e-05
183   -0.752661   -0.751201 9.05551e-05
184   -0.750726   -0.751198 9.00985e-05
185   -0.749779   -0.751191 8.99378e-05
186   -0.752376   -0.751197 8.96797e-05
187   -0.750701   -0.751194 8.92383e-05
188   -0.749306   -0.751184 8.93291e-05
189    -0.75045    -0.75118 8.89401e-05
190   -0.752123   -0.751185 8.86099e-05
191   -0.752664   -0.751193 8.84841e-05
192   -0.751688   -0.751196 8.80597e-05
193   -0.751016   -0.751195 8.76072e-05
194   -0.752691   -0.751202 8.74952e-05
195   -0.750301   -0.751198 8.71681e-05
196   -0.751243   -0.751198 8.67225e-05
197   -0.752435   -0.751204 8.65094e-05
198   -0.752027   -0.751208 8.61717e-05
199    -0.75063   -0.751206 8.57867e-05
200   -0.748974   -0.751194 8.60826e-05
1   -0.750645   -0.750645           0
2    -0.75271   -0.751678   0.0010328
3   -0.750898   -0.751418 0.000650506
4   -0.750179   -0.751108 0.000554465
5   -0.753282   -0.751543 0.000611098
6   -0.751526    -0.75154 0.000498967
7   -0.752016   -0.751608 0.000427151
8   -0.750602   -0.751482 0.000390729
9   -0.753386   -0.751694 0.000404315
10     -0.7504   -0.751564 0.000384074
11   -0.751683   -0.751575 0.000347576
12   -0.751746   -0.751589  0.00031761
13   -0.752006   -0.751621 0.000293915
14   -0.749962   -0.751503 0.000296818
15   -0.751566   -0.751507 0.000276355
16   -0.751101   -0.751482 0.000259751
17   -0.751514   -0.751484 0.000244001
18   -0.749091   -0.751351 0.000265681
19    -0.75019    -0.75129 0.000258622
20   -0.752315   -0.751341 0.000250652
21   -0.750358   -0.751294 0.000242964
22   -0.750493   -0.751258 0.000234503
23   -0.751906   -0.751286 0.000225839
24   -0.751571   -0.751298 0.000216551
25   -0.752256   -0.751336 0.000211216
26    -0.75044   -0.751302 0.000205835
27   -0.749518   -0.751236 0.000208786
28   -0.752235   -0.751271 0.000204335
29   -0.750573   -0.751247 0.000198628
30   -0.749619   -0.751193 0.000199419
31   -0.750822   -0.751181 0.000193248
32   -0.752203   -0.751213 0.000189819
33   -0.751854   -0.751232 0.000185002
34   -0.752518    -0.75127  0.00018342
35   -0.751102   -0.751265 0.000178167
36    -0.75208   -0.751288  0.00017462
37   -0.750971   -0.751279 0.000170051
38   -0.755114    -0.75138 0.000193845
39   -0.748965   -0.751318 0.000198708
40   -0.752733   -0.751354 0.000196878
41   -0.750032   -0.751322 0.000194704
42   -0.750518   -0.751302 0.000190971
43   -0.750018   -0.751273 0.000188856
44   -0.748714   -0.751214 0.000193462
45   -0.750155   -0.751191 0.000190573
46   -0.751858   -0.751205 0.000186947
47   -0.749517   -0.751169 0.000186421
48   -0.750678   -0.751159 0.000182782
49    -0.75229   -0.751182 0.000180493
50   -0.750736   -0.751173 0.000177072
51   -0.751379   -0.751177 0.000173612
52    -0.74991   -0.751153 0.000171975
53   -0.749675   -0.751125 0.000170988
54   -0.752638   -0.751153 0.000170116
55   -0.751731   -0.751164 0.000167324
56   -0.751288   -0.751166 0.000164324
57   -0.751651   -0.751174  0.00016164
58   -0.752584   -0.751199 0.000160678
59   -0.752205   -0.751216 0.000158849
60   -0.752091    -0.75123 0.000156859
61   -0.751661   -0.751237 0.000154427
62   -0.750726   -0.751229  0.00015214
63    -0.75161   -0.751235 0.000149827
64   -0.751568    -0.75124 0.000147559
65   -0.750846   -0.751234 0.000145398
66   -0.752693   -0.751256 0.000144873
67   -0.750251   -0.751241 0.000143481
68   -0.750187   -0.751226 0.000142203
69   -0.751056   -0.751223 0.000140148
70   -0.752622   -0.751243  0.00013957
71   -0.749867   -0.751224 0.000138949
72   -0.749562   -0.751201 0.000138937
73   -0.751907   -0.751211 0.000137362
74   -0.749733   -0.751191 0.000136957
75   -0.750048   -0.751175 0.000135975
76   -0.752288    -0.75119  0.00013497
77   -0.751824   -0.751198  0.00013346
78     -0.7526   -0.751216 0.000132957
79   -0.751074   -0.751214 0.000131276
80   -0.749274    -0.75119 0.000131876
81    -0.75119    -0.75119 0.000130237
82   -0.751062   -0.751189 0.000128649
83   -0.752888   -0.751209 0.000128728
84   -0.749341   -0.751187 0.000129116
85   -0.749634   -0.751169  0.00012889
86   -0.752171    -0.75118 0.000127915
87   -0.748691   -0.751152 0.000129633
88   -0.753312   -0.751176 0.000130481
89   -0.749864   -0.751161 0.000129847
90   -0.750445   -0.751153 0.000128643
91   -0.752083   -0.751164 0.000127631
92   -0.750013   -0.751151 0.000126854
93   -0.752416   -0.751165 0.000126218
94   -0.751237   -0.751166  0.00012487
95   -0.749734   -0.751151 0.000124464
96   -0.751254   -0.751152 0.000123165
97   -0.752157   -0.751162 0.000122328
98     -0.7518   -0.751168 0.000121249
99   -0.750498   -0.751162 0.000120209
100   -0.751845   -0.751169 0.000119197
101   -0.751866   -0.751175 0.000118212
102   -0.751918   -0.751183 0.000117274
103    -0.75173   -0.751188 0.000116251
104   -0.749771   -0.751174 0.000115931
105    -0.75289   -0.751191 0.000115978
106   -0.750374   -0.751183 0.000115136
107   -0.751582   -0.751187 0.000114116
108    -0.75084   -0.751184   0.0001131
109   -0.751474   -0.751186 0.000112089
110   -0.752142   -0.751195 0.000111405
111   -0.749622   -0.751181 0.000111302
112   -0.752219    -0.75119 0.000110693
113   -0.752896   -0.751205 0.000110743
114   -0.751954   -0.751212 0.000109964
115   -0.751277   -0.751212 0.000109005
116   -0.751149   -0.751212 0.000108062
117   -0.753517   -0.751231 0.000108931
118   -0.749355   -0.751215 0.000109168
119   -0.754645   -0.751244 0.000112017
120   -0.750552   -0.751239  0.00011123
121   -0.749659   -0.751225 0.000111076
122    -0.75085   -0.751222 0.000110205
123   -0.749962   -0.751212 0.000109785
124    -0.74967     -0.7512 0.000109603
125   -0.750198   -0.751192 0.000109018
126   -0.751534   -0.751194 0.000108183
127   -0.749594   -0.751182 0.000108066
128   -0.754402   -0.751207 0.000110129
129   -0.750715   -0.751203 0.000109339
130   -0.751614   -0.751206 0.000108541
131   -0.748891   -0.751189 0.000109149
132   -0.750307   -0.751182 0.000108525
133    -0.75216   -0.751189 0.000107956
134   -0.751605   -0.751192 0.000107192
135   -0.752435   -0.751202 0.000106793
136   -0.752861   -0.751214 0.000106705
137   -0.750715    -0.75121 0.000105985
138   -0.751906   -0.751215 0.000105335
139   -0.751123   -0.751215 0.000104577
140   -0.749366   -0.751201 0.000104663
141   -0.752549   -0.751211 0.000104356
142   -0.749149   -0.751196 0.000104632
143   -0.750459   -0.751191 0.000104025
144   -0.751373   -0.751193 0.000103308
145   -0.749291   -0.751179 0.000103428
146   -0.752838   -0.751191 0.000103343
147   -0.751861   -0.751195 0.000102739
148   -0.751109   -0.751195 0.000102044
149    -0.75005   -0.751187 0.000101648
150   -0.752483   -0.751196 0.000101337
151   -0.753734   -0.751213 0.000102058
152    -0.75101   -0.751211 0.000101393
153   -0.752062   -0.751217 0.000100882
154   -0.751509   -0.751219 0.000100243
155   -0.751406    -0.75122 9.96011e-05
156   -0.750918   -0.751218 9.89795e-05
157    -0.74951   -0.751207 9.89465e-05
158    -0.75155   -0.751209 9.83423e-05
159   -0.752821   -0.751219 9.82461e-05
160   -0.750018   -0.751212 9.79186e-05
161   -0.753222   -0.751224 9.81066e-05
162   -0.750434   -0.751219 9.76212e-05
163    -0.74948   -0.751209 9.76056e-05
164   -0.748627   -0.751193 9.82774e-05
165   -0.749941   -0.751185 9.79744e-05
166   -0.750301    -0.75118 9.75281e-05
167   -0.751661   -0.751183  9.6985e-05
168    -0.75103   -0.751182 9.64103e-05
169   -0.751104   -0.751182 9.58392e-05
170   -0.750698   -0.751179 9.53163e-05
171   -0.750243   -0.751173 9.49151e-05
172   -0.749952   -0.751166 9.46284e-05
173   -0.752075   -0.751171 9.42265e-05
174   -0.751304   -0.751172 9.36865e-05
175   -0.753926   -0.751188 9.44698e-05
176   -0.751923   -0.751192 9.40243e-05
177   -0.751246   -0.751192 9.34921e-05
178   -0.751557   -0.751194 9.29879e-05
179   -0.751125   -0.751194 9.24678e-05
180    -0.75075   -0.751192 9.19857e-05
181   -0.749726   -0.751184 9.18336e-05
182   -0.752083   -0.751188 9.14613e-05
183   -0.752736   -0.751197 9.13524e-05
184   -0.750666   -0.751194 9.09004e-05
185   -0.750381    -0.75119 9.05145e-05
186   -0.752022   -0.751194 9.01378e-05
187   -0.750509    -0.75119 8.97294e-05
188   -0.749389   -0.751181 8.97639e-05
189   -0.749859   -0.751174 8.95611e-05
190   -0.752166   -0.751179 8.92415e-05
191   -0.752768   -0.751187 8.91619e-05
192   -0.751914   -0.751191 8.87769e-05
193   -0.751034    -0.75119 8.83195e-05
194   -0.752749   -0.751198 8.82295e-05
195   -0.750776   -0.751196 8.78026e-05
196   -0.751443   -0.751198 8.73626e-05
197   -0.752688   -0.751205 8.72467e-05
198   -0.752208    -0.75121 8.69526e-05
199   -0.750802   -0.751208 8.65389e-05
200    -0.74863   -0.751195 8.70644e-05
