1     14.0575     0.28115           0
2     15.9502    0.300078   0.0189272
3     12.8581    0.285773   0.0180013
4     14.2199    0.285429   0.0127335
5     13.4692     0.28222   0.0103723
6     13.1972    0.279174  0.00899997
7     15.4364    0.283396  0.00869955
8     14.6729    0.284654  0.00763831
9     15.7273    0.287975  0.00751064
10     13.0786    0.285335  0.00721799
11     12.3996     0.28194  0.00735879
12     14.4729    0.282566  0.00674678
13     16.2267    0.285795  0.00699558
14     13.9889    0.285365  0.00649089
15     14.4799    0.285647  0.00604927
16     17.6195    0.289818  0.00702995
17     14.0261    0.289272  0.00662609
18     12.3154    0.286885  0.00668757
19     13.5341    0.286032  0.00638303
20     15.5485    0.287279  0.00618252
21     13.7313    0.286676  0.00591153
22     16.0143    0.288204   0.0058398
23      14.622    0.288388  0.00558316
24     14.4143    0.288384  0.00534547
25     16.0066    0.289654  0.00528213
26     14.5831    0.289731  0.00507549
27     14.3829    0.289654   0.0048845
28       14.27    0.289502  0.00470927
29      14.257    0.289352  0.00454647
30     14.3803    0.289294  0.00439269
31     13.6126    0.288744  0.00428404
32     15.4607    0.289384  0.00419704
33     16.3356    0.290515  0.00422221
34     15.0676    0.290834  0.00410852
35     15.0684    0.291135  0.00400075
36     15.0333    0.291399  0.00389703
37      13.607    0.290879  0.00382582
38     15.0424    0.291141  0.00373301
39     14.9536    0.291344  0.00364172
40     16.4534    0.292288  0.00367266
41     13.7677    0.291875  0.00360569
42     13.6226    0.291412  0.00354906
43     14.6684    0.291458  0.00346584
44     14.4615    0.291407  0.00338653
45      15.342     0.29175  0.00332814
46     13.3356    0.291206  0.00330017
47     13.6262    0.290808  0.00325357
48     14.2102    0.290671  0.00318803
49     12.6009    0.289882   0.0032204
50     14.0811    0.289717  0.00315965
51     16.5716    0.290535  0.00320327
52     12.9823    0.289941  0.00319674
53     13.1509    0.289433  0.00317672
54     14.1318    0.289307  0.00311987
55     13.8397    0.289079  0.00307106
56     14.9382    0.289252  0.00302068
57     14.8076    0.289373  0.00296968
58     14.6156    0.289424  0.00291847
59     13.8174    0.289202  0.00287712
60     13.8974    0.289015  0.00283497
61     14.1402    0.288913  0.00278997
62     13.4876    0.288604  0.00276195
63      15.143     0.28883  0.00272716
64     13.8431    0.288643  0.00269071
65      14.421     0.28864    0.002649
66     16.2986    0.289205  0.00266917
67     14.9626    0.289355   0.0026333
68     15.9489    0.289791  0.00263061
69     14.3465    0.289749  0.00259254
70     14.5897    0.289779   0.0025554
71     14.3686    0.289745  0.00251938
72     15.6562    0.290069  0.00250528
73     16.0889    0.290504  0.00250861
74     14.3525    0.290457  0.00247492
75      14.506    0.290453   0.0024417
76     13.5838    0.290206  0.00242199
77     13.7992    0.290021  0.00239746
78     14.5426    0.290032  0.00236655
79     14.0559    0.289919  0.00233912
80      14.417    0.289899  0.00230978
81      14.029    0.289784  0.00228398
82     15.4088    0.290008  0.00226708
83     14.0212    0.289893  0.00224258
84     14.5397    0.289904  0.00221575
85     14.7203    0.289956  0.00219016
86     14.2738    0.289904  0.00216517
87     13.0365    0.289569  0.00216625
88     14.4381     0.28956  0.00214152
89     14.1972    0.289497  0.00211826
90     13.6756    0.289319  0.00210211
91     13.7496    0.289162  0.00208483
92     15.2266    0.289329   0.0020688
93     12.3462    0.288873  0.00209662
94     16.2063    0.289248  0.00210783
95     14.0371    0.289158  0.00208744
96     15.0329    0.289278  0.00206906
97     13.6012      0.2891  0.00205532
98     14.9536    0.289202  0.00203679
99     13.4744    0.289003  0.00202592
100     15.3875     0.28919   0.0020143
101     14.8843    0.289274  0.00199603
102      15.156     0.28941  0.00198102
103     15.0239    0.289518  0.00196463
104     14.0578    0.289437  0.00194731
105     15.0072    0.289539  0.00193137
106     14.9086    0.289621   0.0019148
107     15.0067    0.289719  0.00189936
108     13.4875    0.289534  0.00189075
109     14.9824    0.289627  0.00187562
110      15.264    0.289769  0.00186393
111      15.194    0.289896  0.00185143
112     16.1292    0.290188   0.0018579
113     14.1654    0.290127  0.00184239
114     14.8764    0.290192  0.00182731
115     15.5159    0.290367  0.00181978
116     15.6195    0.290557  0.00181399
117     15.3343    0.290695   0.0018037
118     14.7726    0.290735   0.0017888
119     13.9305    0.290633  0.00177663
120     13.4513    0.290453  0.00177094
121     15.8977     0.29068  0.00177089
122      14.294    0.290641  0.00175675
123      14.226    0.290591  0.00174312
124     13.7278    0.290462  0.00173384
125     13.8614    0.290356  0.00172317
126     13.7006    0.290226  0.00171435
127     15.3212    0.290354  0.00170557
128     15.1558    0.290454  0.00169513
129     15.0143     0.29053  0.00168366
130     14.9399    0.290593  0.00167187
131     14.9466    0.290657  0.00166028
132     15.8422    0.290856  0.00165955
133     13.3764     0.29068  0.00165634
134     14.7696    0.290715  0.00164431
135     15.1878    0.290812  0.00163494
136     13.5398    0.290665  0.00162954
137     14.1253    0.290605  0.00161869
138      15.368    0.290727   0.0016115
139     16.2486    0.290973  0.00161872
140     16.2704    0.291219  0.00162583
141      14.925    0.291271  0.00161509
142     14.9384    0.291323  0.00160454
143     15.0597    0.291392  0.00159478
144     13.3594    0.291224  0.00159256
145     14.2116    0.291176  0.00158227
146     16.0321    0.291378   0.0015843
147     11.3998    0.290947  0.00163149
148     13.9742    0.290869  0.00162228
149     14.6386    0.290882  0.00161141
150      15.864    0.291058  0.00161027
151     13.8916     0.29097  0.00160197
152     15.8537    0.291142  0.00160064
153     12.1346    0.290825  0.00162137
154     15.3152    0.290926  0.00161394
155     13.6698    0.290813  0.00160747
156     13.2478    0.290647  0.00160571
157     12.7518     0.29042   0.0016115
158     14.8656    0.290464  0.00160186
159     13.8855    0.290384  0.00159377
160     14.0892     0.29033  0.00158469
161     16.4168    0.290566  0.00159241
162     15.0308    0.290628  0.00158377
163      14.111    0.290577  0.00157486
164     14.8287    0.290613  0.00156566
165     14.0679    0.290557  0.00155715
166     13.7498    0.290463  0.00155058
167     13.0328    0.290285  0.00155157
168     14.6878    0.290305  0.00154244
169     14.6777    0.290325  0.00153341
170     13.5765    0.290214  0.00152837
171     14.2688    0.290186  0.00151966
172     14.6509    0.290202  0.00151089
173     14.1528    0.290161   0.0015027
174     14.8389    0.290199  0.00149452
175     16.2719      0.2904  0.00149954
176     13.5846    0.290294  0.00149478
177     14.8691    0.290334  0.00148685
178     13.7374    0.290247  0.00148107
179     15.3096    0.290336  0.00147546
180     14.5063    0.290334  0.00146724
181     13.9338     0.29027  0.00146053
182     16.4594    0.290484  0.00146814
183     14.3371    0.290463  0.00146024
184     13.8924    0.290395   0.0014539
185     14.2327    0.290364  0.00144635
186     14.6781    0.290381  0.00143866
187     13.3888     0.29026  0.00143604
188     13.5587    0.290159  0.00143199
189     13.6923    0.290072    0.001427
190     14.5544    0.290078  0.00141948
191     13.8416    0.290008  0.00141373
192     14.3389    0.289991  0.00140645
193     15.5206    0.290097  0.00140314
194     12.9666    0.289939  0.00140487
195     13.3341    0.289819  0.00140272
196     14.6943     0.28984   0.0013957
197     13.9629    0.289786  0.00138964
198      15.061    0.289844  0.00138381
199     15.4529    0.289941  0.00138022
200     13.6372    0.289855  0.00137599
1     14.0142    0.280284           0
2     15.9557    0.299699   0.0194148
3     12.8495    0.285463   0.0181194
4     14.2303    0.285249   0.0128141
5     13.4853     0.28214   0.0104012
6     13.2061    0.279137  0.00900781
7     15.4389    0.283371  0.00871134
8     14.6695    0.284624  0.00764748
9     15.7326     0.28796  0.00752464
10     13.0871    0.285338  0.00722291
11     12.3956    0.281936  0.00736626
12      14.455    0.282533  0.00675088
13     16.2185    0.285751  0.00699427
14      13.972      0.2853  0.00649111
15     14.4658    0.285568  0.00604882
16     17.6304    0.289758  0.00704069
17     14.0066    0.289192  0.00663777
18      12.309    0.286802  0.00669883
19     13.5297    0.285949  0.00639362
20     15.5347    0.287186  0.00619042
21     13.7441      0.2866  0.00591734
22     16.0112    0.288129  0.00584532
23     14.6345    0.288327  0.00558891
24     14.4137    0.288325  0.00535098
25     15.9964    0.289589  0.00528586
26     14.5978     0.28968  0.00507931
27      14.409    0.289625  0.00488788
28     14.2633    0.289469  0.00471265
29     14.2625    0.289323  0.00454957
30     14.3849    0.289269  0.00439564
31     13.6212    0.288726  0.00428606
32     15.4713    0.289373  0.00420008
33     16.3397    0.290507   0.0042258
34     15.0635    0.290823  0.00411183
35      15.059    0.291119  0.00400357
36     15.0386    0.291387  0.00390001
37     13.6056    0.290866  0.00382874
38     15.0471    0.291132  0.00373604
39     14.9418    0.291329  0.00364434
40     16.4452    0.292269  0.00367419
41     13.7664    0.291855  0.00360719
42     13.6331    0.291398   0.0035498
43     14.6711    0.291445  0.00346658
44     14.4739    0.291401  0.00338718
45      15.354    0.291749  0.00332933
46     13.3545    0.291213  0.00329999
47     13.6354    0.290819  0.00325293
48     14.2097    0.290681  0.00318743
49     12.6075    0.289895  0.00321922
50     14.0856    0.289731  0.00315842
51     16.5812    0.290553    0.003203
52     12.9939    0.289963  0.00319571
53     13.1614    0.289458  0.00317516
54     14.1244    0.289329  0.00311848
55     13.8531    0.289106  0.00306937
56     14.9418     0.28928  0.00301907
57     14.8096    0.289401   0.0029681
58        14.6    0.289446  0.00291683
59     13.8118    0.289222  0.00287569
60     13.8914    0.289032  0.00283373
61      14.131    0.288927  0.00278887
62      13.514    0.288626  0.00275995
63     15.1552    0.288856   0.0027255
64     13.8311    0.288665  0.00268937
65     14.4256    0.288663  0.00264768
66     16.3046     0.28923  0.00266822
67      14.947    0.289375  0.00263208
68     15.9444    0.289809  0.00262916
69     14.3637    0.289772  0.00259103
70     14.6004    0.289804  0.00255395
71     14.3616    0.289768  0.00251798
72     15.6687    0.290096  0.00250432
73     16.0821    0.290528   0.0025073
74     14.3402    0.290477  0.00247369
75     14.4846    0.290467  0.00244051
76     13.5775    0.290218  0.00242101
77     13.7921    0.290031  0.00239665
78     14.5265    0.290038  0.00236573
79     14.0709    0.289929  0.00233814
80     14.4123    0.289908  0.00230882
81     14.0095    0.289788   0.0022833
82     15.4228    0.290015  0.00226674
83     14.0241      0.2899  0.00224221
84     14.5224    0.289907  0.00221536
85     14.7357    0.289964  0.00218988
86      14.273    0.289911   0.0021649
87     13.0609    0.289581  0.00216513
88      14.439    0.289572  0.00214041
89     14.2104    0.289512  0.00211708
90     13.6718    0.289333  0.00210103
91     13.7572    0.289177  0.00208366
92     15.2196    0.289343  0.00206751
93     12.3544    0.288888  0.00209502
94     16.1933    0.289261  0.00210575
95     14.0293    0.289169  0.00208547
96     15.0381     0.28929  0.00206716
97     13.6277    0.289117    0.002053
98     14.9481    0.289218  0.00203443
99     13.4618    0.289016  0.00202386
100     15.3816    0.289202  0.00201215
101     14.8901    0.289287  0.00199395
102     15.1506    0.289422  0.00197888
103     15.0112    0.289527  0.00196238
104     14.0493    0.289445  0.00194515
105     15.0283    0.289551  0.00192945
106     14.9203    0.289634  0.00191298
107     15.0262    0.289736  0.00189775
108       13.48    0.289549  0.00188932
109     14.9702     0.28964  0.00187409
110      15.236    0.289777  0.00186203
111      15.207    0.289906  0.00184971
112     16.1249    0.290197  0.00185607
113     14.1609    0.290136  0.00184061
114     14.8738      0.2902  0.00182553
115     15.5123    0.290374  0.00181796
116     15.6088    0.290562  0.00181199
117     15.3156    0.290697  0.00180148
118     14.7562    0.290734  0.00178654
119     13.9224    0.290631  0.00177447
120      13.461    0.290453  0.00176864
121     15.9004     0.29068  0.00176869
122     14.2928    0.290641  0.00175457
123     14.2172     0.29059    0.001741
124     13.7342    0.290461  0.00173166
125     13.8548    0.290354  0.00172108
126     13.7134    0.290227  0.00171213
127     15.3385    0.290357  0.00170358
128     15.1244    0.290452  0.00169288
129     15.0326    0.290531  0.00168156
130     14.9393    0.290594  0.00166979
131     14.9439    0.290658   0.0016582
132      15.848    0.290857  0.00165761
133     13.3725    0.290681  0.00165448
134     14.7478    0.290713   0.0016424
135     15.1836    0.290809  0.00163301
136     13.5552    0.290664  0.00162742
137     14.1032    0.290601  0.00161672
138     15.3778    0.290724  0.00160966
139     16.2548    0.290971  0.00161705
140     16.2768    0.291218  0.00162434
141     14.9094    0.291268  0.00161353
142     14.9435    0.291321  0.00160302
143     15.0886    0.291394  0.00159345
144     13.3571    0.291226  0.00159128
145     14.2044    0.291177  0.00158104
146     16.0061    0.291375  0.00158264
147     11.3866    0.290942  0.00163037
148     13.9814    0.290865  0.00162112
149      14.663    0.290882  0.00161028
150     15.8809     0.29106  0.00160941
151     13.8772     0.29097  0.00160122
152     15.8473    0.291141  0.00159981
153     12.1158    0.290822  0.00162104
154     15.3296    0.290924  0.00161373
155      13.677    0.290812   0.0016072
156     13.2518    0.290647  0.00160539
157     12.7252    0.290417  0.00161166
158     14.8738    0.290462  0.00160205
159     13.8693    0.290379  0.00159406
160     14.1022    0.290327  0.00158493
161     16.4085    0.290562  0.00159249
162     15.0272    0.290624  0.00158383
163     14.0948     0.29057  0.00157499
164      14.828    0.290607  0.00156579
165     14.0837    0.290553  0.00155721
166     13.7475    0.290459  0.00155065
167     13.0476    0.290282  0.00155143
168      14.674    0.290301  0.00154229
169     14.6796    0.290321  0.00153326
170     13.5587    0.290208  0.00152837
171      14.278    0.290181  0.00151965
172     14.6576    0.290198  0.00151089
173     14.1553    0.290157  0.00150269
174     14.8315    0.290194  0.00149449
175     16.2662    0.290395  0.00149942
176     13.5775    0.290288  0.00149472
177     14.8784    0.290329  0.00148682
178     13.7299    0.290241  0.00148108
179     15.2936    0.290328  0.00147537
180     14.5215    0.290329  0.00146715
181     13.9223    0.290263   0.0014605
182      16.451    0.290476  0.00146798
183     14.3531    0.290457  0.00146005
184     13.9026     0.29039  0.00145366
185     14.2123    0.290357  0.00144616
186     14.6764    0.290374  0.00143847
187     13.3792    0.290252  0.00143594
188     13.5684    0.290151  0.00143181
189     13.6814    0.290064  0.00142689
190     14.5376    0.290067  0.00141937
191     13.8322    0.289997  0.00141366
192     14.3431    0.289981  0.00140638
193     15.5268    0.290087  0.00140312
194     12.9587    0.289928  0.00140493
195     13.3341    0.289809  0.00140278
196     14.6877    0.289829  0.00139575
197     13.9747    0.289776  0.00138964
198       15.06    0.289834  0.00138381
199     15.4717    0.289933  0.00138036
200     13.6311    0.289846  0.00137616
