1   -0.915339   -0.915339           0
2   -0.910824   -0.913082   0.0022576
3   -0.912261   -0.912808  0.00133183
4   -0.914877   -0.913325  0.00107442
5   -0.913598    -0.91338 0.000834036
6   -0.910342   -0.912874 0.000848542
7   -0.912006    -0.91275  0.00072777
8   -0.916494   -0.913218 0.000785074
9   -0.914382   -0.913347 0.000704359
10   -0.917845   -0.913797 0.000774068
11   -0.914662   -0.913876 0.000704577
12   -0.915502   -0.914011 0.000657319
13   -0.911515   -0.913819 0.000634398
14   -0.916128   -0.913984 0.000610051
15   -0.912677   -0.913897 0.000574575
16   -0.914843   -0.913956  0.00054071
17   -0.916901   -0.914129 0.000536633
18   -0.913707   -0.914106 0.000506486
19   -0.912112   -0.914001 0.000490446
20   -0.912342   -0.913918  0.00047261
21   -0.913939   -0.913919 0.000449543
22   -0.915003   -0.913968 0.000431447
23   -0.913067   -0.913929 0.000414119
24   -0.913608   -0.913916 0.000396714
25   -0.915395   -0.913975 0.000385089
26   -0.911954   -0.913897 0.000378062
27   -0.917392   -0.914027 0.000386131
28   -0.913438   -0.914006 0.000372678
29   -0.917395   -0.914122 0.000378116
30   -0.911891   -0.914048  0.00037279
31   -0.914454   -0.914061 0.000360802
32   -0.913453   -0.914042 0.000349862
33    -0.91928   -0.914201 0.000374403
34   -0.915365   -0.914235 0.000364834
35   -0.913253   -0.914207 0.000355367
36   -0.911333   -0.914127 0.000354463
37   -0.913141   -0.914101 0.000345779
38    -0.91345   -0.914083 0.000336993
39   -0.913229   -0.914062 0.000328969
40    -0.91103   -0.913986 0.000329472
41   -0.914494   -0.913998 0.000321575
42   -0.913744   -0.913992 0.000313883
43   -0.913734   -0.913986 0.000306555
44   -0.912659   -0.913956 0.000301022
45   -0.913822   -0.913953 0.000294271
46   -0.913486   -0.913943 0.000287982
47   -0.912322   -0.913908 0.000283891
48   -0.911368   -0.913855 0.000282908
49   -0.914923   -0.913877  0.00027793
50   -0.912909   -0.913858 0.000273003
51   -0.913037   -0.913842  0.00026808
52   -0.912568   -0.913817 0.000264013
53   -0.911818    -0.91378 0.000261717
54   -0.911957   -0.913746 0.000259034
55   -0.912037   -0.913715 0.000256172
56   -0.915885   -0.913753 0.000254523
57    -0.91439   -0.913765 0.000250268
58   -0.912565   -0.913744 0.000246783
59    -0.91233    -0.91372 0.000243746
60   -0.912862   -0.913706 0.000240075
61    -0.91205   -0.913679 0.000237662
62   -0.912162   -0.913654 0.000235074
63   -0.909837   -0.913593 0.000239117
64   -0.914504   -0.913608 0.000235781
65   -0.916254   -0.913648 0.000235669
66    -0.91703     -0.9137 0.000237661
67   -0.913094   -0.913691 0.000234261
68   -0.914789   -0.913707 0.000231355
69   -0.915256   -0.913729  0.00022908
70   -0.913477   -0.913726 0.000225813
71   -0.915115   -0.913745 0.000223468
72   -0.913387    -0.91374 0.000220399
73   -0.913622   -0.913739 0.000217365
74   -0.915178   -0.913758 0.000215287
75   -0.914632    -0.91377 0.000212717
76   -0.913381   -0.913765 0.000209962
77   -0.910261   -0.913719 0.000212154
78   -0.910755   -0.913681 0.000212836
79   -0.916179   -0.913713 0.000212491
80   -0.913523    -0.91371 0.000209831
81   -0.909907   -0.913663 0.000212477
82   -0.917678   -0.913712 0.000215506
83   -0.913347   -0.913708 0.000212939
84   -0.913747   -0.913708 0.000210389
85   -0.916091   -0.913736 0.000209781
86   -0.912885   -0.913727 0.000207564
87   -0.913062   -0.913719 0.000205306
88   -0.911734   -0.913696 0.000204208
89   -0.912317   -0.913681 0.000202495
90   -0.915896   -0.913705  0.00020174
91   -0.911864   -0.913685 0.000200534
92   -0.913032   -0.913678 0.000198469
93   -0.912861   -0.913669  0.00019652
94    -0.91305   -0.913663  0.00019453
95   -0.916915   -0.913697 0.000195493
96   -0.911091    -0.91367 0.000195341
97   -0.911683   -0.913649 0.000194398
98   -0.914019   -0.913653 0.000192441
99   -0.909694   -0.913613  0.00019464
100   -0.915157   -0.913629 0.000193301
101   -0.914323   -0.913635 0.000191501
102   -0.914146    -0.91364  0.00018968
103   -0.914293   -0.913647 0.000187936
104   -0.911651   -0.913628 0.000187107
105   -0.910824   -0.913601  0.00018723
106   -0.915085   -0.913615 0.000185983
107   -0.913342   -0.913612 0.000184254
108   -0.913707   -0.913613 0.000182542
109   -0.912306   -0.913601 0.000181257
110   -0.914707   -0.913611 0.000179883
111   -0.916981   -0.913642 0.000180821
112    -0.91513   -0.913655 0.000179691
113   -0.914562   -0.913663 0.000178275
114   -0.913648   -0.913663 0.000176704
115   -0.915083   -0.913675 0.000175596
116   -0.918525   -0.913717 0.000179025
117   -0.914918   -0.913727 0.000177785
118   -0.915986   -0.913746 0.000177308
119   -0.908554   -0.913703 0.000181146
120   -0.916923    -0.91373 0.000181624
121   -0.912365   -0.913718  0.00018047
122   -0.916558   -0.913742 0.000180492
123   -0.914926   -0.913751 0.000179277
124   -0.912549   -0.913742  0.00017809
125   -0.912074   -0.913728 0.000177163
126   -0.917203   -0.913756 0.000177902
127   -0.914528   -0.913762   0.0001766
128   -0.913723   -0.913762 0.000175215
129   -0.912714   -0.913753 0.000174041
130   -0.913128   -0.913749 0.000172764
131   -0.915776   -0.913764 0.000172138
132   -0.912824   -0.913757 0.000170977
133   -0.917075   -0.913782 0.000171511
134   -0.913216   -0.913778 0.000170278
135   -0.913848   -0.913778 0.000169013
136   -0.912758   -0.913771 0.000167933
137   -0.917405   -0.913797   0.0001688
138   -0.913179   -0.913793 0.000167633
139   -0.914874   -0.913801 0.000166604
140   -0.913237   -0.913797 0.000165458
141   -0.914475   -0.913801 0.000164351
142   -0.911867   -0.913788 0.000163757
143   -0.913064   -0.913783 0.000162687
144   -0.913346    -0.91378 0.000161582
145    -0.91248   -0.913771 0.000160713
146    -0.91467   -0.913777 0.000159728
147   -0.916307   -0.913794 0.000159569
148   -0.911483   -0.913778 0.000159254
149   -0.914016    -0.91378  0.00015819
150   -0.913099   -0.913775 0.000157197
151    -0.91189   -0.913763 0.000156651
152   -0.912336   -0.913754   0.0001559
153   -0.913155    -0.91375 0.000154927
154   -0.912533   -0.913742 0.000154121
155    -0.91575   -0.913755  0.00015367
156   -0.913213   -0.913751 0.000152722
157   -0.914382   -0.913755 0.000151799
158   -0.912613   -0.913748 0.000151008
159   -0.912714   -0.913742 0.000150197
160   -0.911427   -0.913727 0.000149954
161   -0.918227   -0.913755 0.000151619
162    -0.91696   -0.913775 0.000151973
163   -0.912264   -0.913766 0.000151322
164   -0.915186   -0.913774 0.000150645
165   -0.915958   -0.913787 0.000150314
166   -0.915206   -0.913796  0.00014965
167   -0.913283   -0.913793 0.000148783
168    -0.91141   -0.913779 0.000148573
169    -0.91156   -0.913766 0.000148274
170   -0.912056   -0.913756 0.000147742
171   -0.912253   -0.913747 0.000147138
172   -0.911414   -0.913733 0.000146907
173   -0.911971   -0.913723  0.00014641
174   -0.913206    -0.91372 0.000145597
175   -0.913811   -0.913721 0.000144763
176   -0.918146   -0.913746 0.000146118
177   -0.916699   -0.913762 0.000146245
178   -0.912656   -0.913756 0.000145554
179   -0.916131   -0.913769 0.000145345
180   -0.911942   -0.913759 0.000144891
181   -0.913752   -0.913759 0.000144089
182   -0.913506   -0.913758 0.000143302
183   -0.913221   -0.913755 0.000142547
184   -0.915758   -0.913766 0.000142187
185   -0.912366   -0.913758 0.000141619
186   -0.910971   -0.913743  0.00014165
187   -0.914134   -0.913745 0.000140906
188   -0.914787   -0.913751 0.000140264
189   -0.915546    -0.91376 0.000139843
190   -0.913136   -0.913757 0.000139144
191   -0.908072   -0.913727 0.000141577
192    -0.91284   -0.913723 0.000140914
193    -0.91453   -0.913727 0.000140244
194   -0.914962   -0.913733 0.000139664
195   -0.918054   -0.913755 0.000140702
196   -0.913598   -0.913755 0.000139985
197   -0.913293   -0.913752 0.000139292
198   -0.913475   -0.913751 0.000138594
199   -0.915654    -0.91376 0.000138227
200   -0.912898   -0.913756 0.000137602
1   -0.915246   -0.915246           0
2   -0.910786   -0.913016   0.0022304
3    -0.91224   -0.912757  0.00131344
4   -0.914907   -0.913295  0.00107305
5   -0.913717   -0.913379 0.000835456
6   -0.910482   -0.912896 0.000835792
7   -0.912003   -0.912769 0.000717803
8   -0.916491   -0.913234 0.000776497
9   -0.914408   -0.913364 0.000697119
10    -0.91779   -0.913807 0.000764638
11   -0.914477   -0.913868 0.000694316
12   -0.915448      -0.914 0.000647353
13   -0.911534    -0.91381 0.000624944
14   -0.916038   -0.913969 0.000600081
15   -0.912829   -0.913893 0.000563794
16   -0.914946   -0.913959 0.000531468
17   -0.916856   -0.914129 0.000527513
18   -0.913717   -0.914106 0.000497871
19   -0.912059   -0.913999 0.000483108
20   -0.912299   -0.913914 0.000466127
21   -0.913984   -0.913917 0.000443388
22   -0.914944   -0.913964 0.000425323
23    -0.91299   -0.913921 0.000408608
24    -0.91376   -0.913915  0.00039127
25   -0.915374   -0.913973 0.000379808
26    -0.91199   -0.913897  0.00037279
27   -0.917475   -0.914029 0.000382418
28    -0.91335   -0.914005 0.000369304
29   -0.917251   -0.914117 0.000373509
30   -0.911854   -0.914042 0.000368641
31   -0.914475   -0.914056 0.000356826
32   -0.913603   -0.914041 0.000345784
33   -0.919306   -0.914201 0.000371169
34   -0.915304   -0.914233 0.000361546
35   -0.913165   -0.914203 0.000352389
36   -0.911469   -0.914127 0.000350781
37   -0.913176   -0.914101 0.000342135
38   -0.913398   -0.914083 0.000333523
39   -0.913274   -0.914062 0.000325521
40   -0.911027   -0.913986 0.000326223
41   -0.914427   -0.913997 0.000318349
42    -0.91377   -0.913991 0.000310724
43   -0.913803   -0.913987 0.000303443
44   -0.912634   -0.913956 0.000298058
45   -0.913789   -0.913953 0.000291383
46   -0.913374    -0.91394 0.000285256
47   -0.912467   -0.913909 0.000280874
48   -0.911384   -0.913856 0.000279946
49   -0.914896   -0.913877 0.000274993
50   -0.912933   -0.913858 0.000270099
51   -0.913173   -0.913845 0.000265091
52   -0.912472   -0.913819  0.00026128
53   -0.911798    -0.91378 0.000259122
54   -0.911912   -0.913746 0.000256622
55    -0.91193   -0.913713 0.000254068
56   -0.916061   -0.913755 0.000252988
57   -0.914498   -0.913768 0.000248852
58   -0.912496   -0.913746 0.000245505
59    -0.91231   -0.913722 0.000242531
60   -0.912738   -0.913705 0.000239018
61   -0.912176    -0.91368   0.0002364
62   -0.912184   -0.913656 0.000233804
63   -0.909784   -0.913594 0.000238131
64   -0.914382   -0.913607 0.000234704
65   -0.916323   -0.913649 0.000234813
66    -0.91717   -0.913702 0.000237303
67   -0.913093   -0.913693 0.000233911
68   -0.914678   -0.913707 0.000230901
69   -0.915317   -0.913731 0.000228722
70   -0.913547   -0.913728 0.000225446
71   -0.914981   -0.913746 0.000222947
72   -0.913568   -0.913743 0.000219843
73   -0.913666   -0.913742 0.000216813
74   -0.915154   -0.913761 0.000214712
75    -0.91455   -0.913772 0.000212091
76   -0.913459   -0.913768 0.000209322
77   -0.910134    -0.91372 0.000211906
78   -0.910691   -0.913682 0.000212746
79    -0.91629   -0.913715 0.000212615
80   -0.913475   -0.913712 0.000209961
81   -0.909962   -0.913665 0.000212459
82     -0.9176   -0.913713 0.000215268
83   -0.913342   -0.913709 0.000212705
84   -0.913722   -0.913709 0.000210158
85   -0.916246   -0.913739 0.000209805
86   -0.912934    -0.91373 0.000207562
87   -0.913034   -0.913722 0.000205318
88   -0.911768   -0.913699 0.000204182
89   -0.912296   -0.913684  0.00020249
90   -0.915968   -0.913709  0.00020183
91   -0.911906   -0.913689 0.000200581
92   -0.912918   -0.913681 0.000198565
93   -0.912837   -0.913672 0.000196628
94   -0.913024   -0.913665 0.000194647
95   -0.916902   -0.913699  0.00019558
96   -0.910942    -0.91367  0.00019565
97   -0.911672    -0.91365 0.000194715
98   -0.914045   -0.913654  0.00019276
99    -0.90987   -0.913615 0.000194592
100   -0.915157   -0.913631 0.000193252
101   -0.914346   -0.913638  0.00019146
102   -0.914008   -0.913641 0.000189609
103   -0.914408   -0.913649 0.000187906
104   -0.911555   -0.913629 0.000187176
105   -0.910859   -0.913602 0.000187252
106   -0.915106   -0.913617 0.000186019
107   -0.913366   -0.913614 0.000184287
108   -0.913702   -0.913615 0.000182574
109   -0.912442   -0.913604 0.000181212
110   -0.914677   -0.913614 0.000179821
111   -0.916888   -0.913644 0.000180618
112   -0.915301   -0.913658 0.000179609
113    -0.91449   -0.913666 0.000178164
114   -0.913629   -0.913665 0.000176595
115    -0.91517   -0.913678  0.00017554
116   -0.918427   -0.913719 0.000178771
117   -0.914923    -0.91373 0.000177535
118   -0.915992   -0.913749 0.000177065
119   -0.908557   -0.913705 0.000180911
120   -0.916914   -0.913732 0.000181378
121   -0.912376   -0.913721 0.000180222
122   -0.916408   -0.913743  0.00018009
123   -0.914846   -0.913752 0.000178846
124   -0.912565   -0.913742 0.000177655
125   -0.912142   -0.913729 0.000176693
126   -0.917261   -0.913757 0.000177511
127   -0.914528   -0.913763 0.000176212
128   -0.913822   -0.913764 0.000174831
129   -0.912718   -0.913756  0.00017366
130   -0.913117   -0.913751 0.000172389
131   -0.915784   -0.913766  0.00017177
132   -0.912813   -0.913759 0.000170617
133    -0.91715   -0.913785 0.000171238
134   -0.913118    -0.91378 0.000170028
135   -0.913893   -0.913781 0.000168766
136   -0.912712   -0.913773 0.000167705
137    -0.91744   -0.913799 0.000168615
138   -0.913147   -0.913795 0.000167455
139    -0.91504   -0.913804 0.000166487
140   -0.913147   -0.913799  0.00016536
141   -0.914525   -0.913804 0.000164264
142   -0.911853    -0.91379 0.000163681
143   -0.913018   -0.913785 0.000162622
144   -0.913211   -0.913781 0.000161538
145   -0.912509   -0.913772  0.00016066
146   -0.914536   -0.913778 0.000159641
147   -0.916238   -0.913794 0.000159433
148    -0.91152   -0.913779 0.000159096
149   -0.914038   -0.913781 0.000158034
150   -0.913038   -0.913776 0.000157055
151   -0.911912   -0.913763 0.000156499
152   -0.912413   -0.913754  0.00015572
153   -0.913173   -0.913751 0.000154745
154   -0.912499   -0.913743 0.000153952
155   -0.915669   -0.913755 0.000153459
156   -0.913062   -0.913751 0.000152537
157    -0.91439   -0.913755 0.000151617
158   -0.912573   -0.913747  0.00015084
159   -0.912664    -0.91374 0.000150043
160   -0.911454   -0.913726 0.000149785
161   -0.918277   -0.913754 0.000151512
162   -0.916867   -0.913773 0.000151795
163   -0.912222   -0.913764 0.000151161
164   -0.915227   -0.913773 0.000150501
165   -0.915986   -0.913786 0.000150186
166   -0.915285   -0.913795 0.000149551
167   -0.913306   -0.913792 0.000148682
168    -0.91151   -0.913779 0.000148417
169   -0.911472   -0.913765 0.000148166
170    -0.91208   -0.913755 0.000147625
171   -0.912189   -0.913746 0.000147045
172   -0.911469   -0.913733 0.000146786
173   -0.912088   -0.913723 0.000146244
174   -0.913286   -0.913721 0.000145423
175    -0.91396   -0.913722 0.000144596
176   -0.918131   -0.913747 0.000145938
177   -0.916674   -0.913764  0.00014605
178   -0.912736   -0.913758 0.000145342
179   -0.916099   -0.913771 0.000145119
180   -0.912048   -0.913762 0.000144627
181   -0.913514    -0.91376 0.000143833
182    -0.91343   -0.913758 0.000143052
183   -0.913171   -0.913755 0.000142304
184   -0.915686   -0.913766 0.000141917
185   -0.912437   -0.913758 0.000141331
186   -0.911168   -0.913745 0.000141257
187   -0.914037   -0.913746 0.000140508
188   -0.914845   -0.913752 0.000139881
189   -0.915533   -0.913761 0.000139458
190   -0.913187   -0.913758 0.000138754
191   -0.908066   -0.913729 0.000141207
192   -0.912845   -0.913724 0.000140545
193   -0.914542   -0.913728  0.00013988
194   -0.914909   -0.913734  0.00013929
195   -0.918104   -0.913757 0.000140374
196   -0.913512   -0.913755 0.000139661
197   -0.913418   -0.913754 0.000138961
198   -0.913496   -0.913752 0.000138264
199   -0.915778   -0.913763 0.000137943
200   -0.912976   -0.913759 0.000137308
