1      1.8778    0.037556           0
2       1.789    0.036668    0.000888
3     1.99436   0.0377411  0.00118925
4     1.70272   0.0368194  0.00124765
5     1.63732   0.0360048  0.00126394
6      1.9736   0.0365827  0.00118278
7     1.93904   0.0368967  0.00104779
8     1.68832   0.0365054 0.000988183
9     1.63076   0.0360732   0.0009728
10     1.89872   0.0362633 0.000890628
11     1.67464   0.0360114 0.000844057
12     1.87852   0.0361413  0.00078139
13     2.09252   0.0365805 0.000842317
14     1.67208   0.0363563 0.000811424
15     1.59268   0.0360561 0.000812852
16      1.6704   0.0358906 0.000778158
17     1.69568   0.0357743 0.000740146
18     1.74016   0.0357204 0.000699899
19     1.45112   0.0353678 0.000750045
20     1.83948   0.0354389 0.000715097
21     1.66016   0.0353325 0.000688474
22     1.69248   0.0352651 0.000659886
23     1.84532   0.0353364 0.000634568
24     1.78436    0.035351 0.000607729
25     1.65936   0.0352645 0.000589304
26     1.87448   0.0353501 0.000572616
27     1.71316   0.0353098 0.000552469
28     1.48724   0.0351111 0.000568262
29     1.94872   0.0352443 0.000564268
30     1.55816   0.0351082 0.000561852
31     1.69404   0.0350686 0.000544866
32     1.81452   0.0351068 0.000528944
33     1.51172   0.0349592 0.000533503
34     1.88256   0.0350384 0.000523595
35     1.79384   0.0350623 0.000508979
36     1.74784   0.0350594 0.000494648
37     1.90476   0.0351414  0.00048804
38     1.75316   0.0351394 0.000475027
39     1.64728   0.0350831 0.000466094
40     1.99504   0.0352036 0.000469987
41     1.72556   0.0351867 0.000458691
42     1.59084   0.0351064 0.000454771
43     1.94064   0.0351926 0.000452357
44     1.70368   0.0351672 0.000442687
45     2.06964   0.0353055 0.000454315
46     1.81272   0.0353262 0.000444807
47     1.81404   0.0353465 0.000435714
48     1.89956   0.0354016 0.000430084
49       1.847    0.035433 0.000422384
50     1.84932    0.035464 0.000415015
51     1.69148    0.035432 0.000408056
52     1.89024   0.0354776 0.000402725
53        1.61   0.0354158 0.000399865
54     1.61864   0.0353594 0.000396416
55     1.55388   0.0352816 0.000396853
56     1.62128   0.0352306 0.000393024
57     1.80044   0.0352442 0.000386309
58     1.75564    0.035242 0.000379597
59      1.8502   0.0352718 0.000374301
60     1.66448   0.0352388  0.00036949
61     1.62332   0.0351934 0.000366213
62     1.64404   0.0351561 0.000362184
63     1.50048   0.0350744 0.000365631
64     1.62512   0.0350342 0.000362109
65     1.81896   0.0350549 0.000357095
66      1.7652   0.0350586 0.000351663
67     1.62292   0.0350198 0.000348542
68     1.66548   0.0349947 0.000344298
69     1.76644   0.0349995 0.000339306
70     1.82244   0.0350202 0.000335064
71     1.73764   0.0350165 0.000330333
72     1.90136   0.0350583 0.000328386
73      1.7368   0.0350539 0.000323886
74      1.7112   0.0350426 0.000319676
75     1.78852   0.0350524 0.000315534
76     1.63208   0.0350206 0.000312966
77     1.66148   0.0349974  0.00030975
78      1.6336   0.0349676 0.000307203
79     1.85596   0.0349948 0.000304509
80      1.8136   0.0350108 0.000301103
81     1.82476   0.0350291 0.000297926
82      1.8952   0.0350641 0.000296352
83     1.66944    0.035044 0.000293454
84     1.65728   0.0350214 0.000290819
85      1.8094   0.0350351 0.000287705
86     1.73932   0.0350322 0.000284355
87     1.52924   0.0349811 0.000285678
88     2.01856   0.0350423 0.000288979
89     1.52944   0.0349923 0.000290063
90     1.72652   0.0349872 0.000286867
91       1.601   0.0349545 0.000285565
92     1.96232   0.0350012 0.000286271
93     1.71244   0.0349931 0.000283291
94     1.66492   0.0349751 0.000280841
95      1.8146   0.0349889 0.000278214
96     1.78796    0.034997 0.000275418
97     1.52984   0.0349516 0.000276313
98     1.74308   0.0349507  0.00027348
99     1.60888   0.0349227 0.000272149
100      1.9762   0.0349687 0.000273315
101     2.10756   0.0350398 0.000279784
102     1.56292   0.0350027 0.000279497
103     1.57632    0.034969  0.00027882
104     1.95104   0.0350079 0.000278861
105      1.5914   0.0349777 0.000277848
106     2.06164   0.0350367  0.00028147
107     1.79236   0.0350442  0.00027893
108       1.401   0.0349792 0.000283886
109     1.86784    0.035001 0.000282114
110     1.64196   0.0349814 0.000280227
111     1.63776   0.0349613 0.000278415
112     1.67152   0.0349476 0.000276256
113     1.72264   0.0349433 0.000273835
114     1.75348   0.0349444 0.000271425
115     1.79204   0.0349522 0.000269167
116     1.61572   0.0349294 0.000267804
117     1.92768   0.0349604 0.000267306
118     1.80332   0.0349698 0.000265197
119      1.6004   0.0349449 0.000264134
120     1.61016    0.034922 0.000262918
121     1.87924    0.034944 0.000261663
122     1.89796   0.0349688 0.000260684
123      1.7556   0.0349699 0.000258558
124     1.92048   0.0349977  0.00025796
125     1.86324   0.0350158  0.00025653
126     1.87856   0.0350361 0.000255293
127     1.62364   0.0350159 0.000254078
128      1.6838   0.0350054 0.000252302
129     1.97464   0.0350402 0.000252744
130     1.68188   0.0350294 0.000251024
131     1.78648   0.0350348 0.000249158
132     1.86148   0.0350514 0.000247822
133      1.6696   0.0350389 0.000246268
134      1.7248   0.0350349 0.000244457
135     1.69164    0.035026 0.000242802
136       1.581   0.0350009 0.000242308
137     1.77036   0.0350039 0.000240551
138     1.68088   0.0349938 0.000239013
139     1.83428    0.035006 0.000237599
140     1.66968   0.0349945 0.000236177
141     1.56936   0.0349689 0.000235887
142     2.00276   0.0350047 0.000236943
143     1.42808   0.0349597 0.000239556
144     1.82376   0.0349702 0.000238119
145      1.5562   0.0349437 0.000237954
146     1.58208   0.0349211 0.000237399
147     1.75612   0.0349224 0.000235782
148     1.85792   0.0349375 0.000234671
149     1.61416   0.0349197  0.00023377
150     1.50948   0.0348882 0.000234338
151     1.68192   0.0348799 0.000232928
152     1.86472   0.0348958 0.000231935
153     1.76792   0.0348988 0.000230434
154     1.67496   0.0348897 0.000229113
155     1.81436   0.0348987 0.000227808
156     1.41052   0.0348559 0.000230368
157     1.62896   0.0348414 0.000229355
158     1.89116   0.0348602 0.000228679
159     1.63136   0.0348462  0.00022767
160     1.72972   0.0348446 0.000226248
161      1.9358   0.0348687  0.00022612
162     1.95036   0.0348942 0.000226168
163     1.96576   0.0349213 0.000226406
164     1.80756   0.0349288 0.000225146
165     1.46644   0.0348949 0.000226337
166      1.8298   0.0349051 0.000225203
167      1.6002   0.0348878 0.000224523
168     1.67364   0.0348793 0.000223341
169     1.99488    0.034909 0.000223993
170     2.10964   0.0349519 0.000226756
171     1.47056   0.0349195 0.000227743
172      1.5712   0.0348992 0.000227325
173     1.65348   0.0348886 0.000226254
174     1.81712   0.0348969 0.000225106
175     1.66348   0.0348876 0.000224009
176      1.8102   0.0348951 0.000222858
177     1.83168   0.0349049 0.000221813
178     1.92732   0.0349254  0.00022151
179     1.94924   0.0349481 0.000221433
180     1.40712   0.0349103 0.000223422
181     1.67544   0.0349025 0.000222319
182     1.94432   0.0349244 0.000222175
183       1.687   0.0349179 0.000221052
184     1.72924   0.0349161 0.000219855
185      1.7204   0.0349134 0.000218681
186     1.56844   0.0348943 0.000218335
187       1.587   0.0348775 0.000217819
188     1.78352   0.0348817 0.000216698
189     1.81588   0.0348893 0.000215682
190     1.90208   0.0349059 0.000215185
191     1.72888   0.0349042 0.000214062
192     1.74588   0.0349042 0.000212944
193     1.88128   0.0349183 0.000212307
194     1.65424   0.0349089 0.000211421
195     1.57792   0.0348917 0.000211034
196      1.5966   0.0348766 0.000210497
197     1.80124   0.0348824 0.000209507
198     1.82116   0.0348902 0.000208592
199     1.84536   0.0349003 0.000207788
200     1.66216    0.034892 0.000206912
1     1.91132   0.0382264           0
2     1.79396   0.0370528   0.0011736
3      1.9772   0.0378832  0.00107176
4       1.704   0.0369324  0.00121588
5     1.66236   0.0361954  0.00119593
6      1.9806   0.0367648  0.00113038
7     1.93696   0.0370469 0.000996113
8     1.64096   0.0365184  0.00101166
9     1.61292   0.0360451  0.00100998
10     1.90504   0.0362506 0.000926449
11     1.64008   0.0359371 0.000894743
12     1.86352   0.0360482 0.000824307
13      2.1038   0.0365119 0.000888787
14     1.67712   0.0362998 0.000849754
15     1.58392   0.0359917 0.000848955
16     1.67204   0.0358323 0.000809971
17      1.6944   0.0357179 0.000769383
18     1.76132   0.0356906 0.000725895
19     1.47228   0.0353619 0.000761243
20     1.83528   0.0354291 0.000725296
21     1.66472   0.0353274 0.000697343
22     1.70212    0.035269 0.000667451
23     1.82456   0.0353222 0.000639982
24      1.7602   0.0353172 0.000612756
25     1.66044   0.0352329 0.000593755
26     1.86572    0.035313 0.000576051
27     1.68184   0.0352509 0.000557771
28     1.50956   0.0350702 0.000567045
29     1.91348   0.0351805 0.000558155
30     1.55708   0.0350459 0.000555781
31      1.6896   0.0350054 0.000539073
32     1.85436   0.0350705 0.000525994
33     1.51124   0.0349236 0.000530531
34     1.86364   0.0349927 0.000519308
35     1.78152   0.0350109 0.000504581
36     1.73232   0.0350008 0.000490469
37     1.89676   0.0350801 0.000483577
38     1.76424   0.0350855  0.00047071
39     1.66636   0.0350404 0.000460693
40      1.9704   0.0351496 0.000462113
41     1.73104   0.0351367 0.000450886
42     1.57768   0.0350514 0.000448213
43     1.95732   0.0351466 0.000447907
44     1.72176   0.0351305 0.000437907
45     2.05612   0.0352636 0.000448297
46      1.8108   0.0352843 0.000438931
47     1.79468   0.0352973 0.000429687
48     1.87912   0.0353449 0.000423325
49     1.85192   0.0353795 0.000416034
50     1.82088   0.0354002 0.000408157
51       1.704   0.0353743  0.00040091
52     1.86436   0.0354111 0.000394842
53     1.58436   0.0353409 0.000393642
54     1.62648   0.0352888 0.000389776
55     1.52708   0.0352025 0.000392238
56     1.64692   0.0351621 0.000387286
57     1.80104   0.0351771 0.000380729
58     1.76012   0.0351776 0.000374107
59     1.85224   0.0352092 0.000369071
60     1.71676   0.0351946  0.00036316
61     1.63136   0.0351526 0.000359629
62      1.6268   0.0351103 0.000356289
63     1.50148   0.0350297 0.000359744
64     1.60304   0.0349833 0.000357104
65     1.79324   0.0349969 0.000351829
66     1.77488   0.0350045  0.00034654
67     1.61912   0.0349653 0.000343565
68      1.6656    0.034941 0.000339347
69      1.7628   0.0349456 0.000334424
70      1.7728   0.0349529 0.000329693
71     1.71528   0.0349438 0.000325144
72     1.89668   0.0349853 0.000323274
73     1.71784   0.0349767 0.000318931
74     1.68708     0.03496 0.000315034
75     1.78548     0.03497 0.000310966
76     1.62724   0.0349381 0.000308502
77     1.66924   0.0349179 0.000305137
78      1.6348   0.0348894 0.000302543
79     1.85768   0.0349181 0.000300061
80     1.79156   0.0349295 0.000296506
81     1.87048   0.0349601 0.000294419
82      1.9338   0.0350054 0.000294316
83     1.64904    0.034981  0.00029177
84     1.63928   0.0349549 0.000289458
85     1.80828   0.0349691 0.000286387
86     1.71908   0.0349623 0.000283119
87     1.52988   0.0349121 0.000284308
88     2.03072   0.0349769 0.000288431
89     1.56028   0.0349346 0.000288303
90     1.77948   0.0349418 0.000285175
91      1.5884    0.034907 0.000284172
92     1.93456   0.0349481  0.00028406
93     1.71204   0.0349405 0.000281092
94     1.63068   0.0349157 0.000279185
95      1.7744   0.0349218 0.000276296
96     1.75924   0.0349245 0.000273417
97     1.49952   0.0348736 0.000275323
98     1.75516    0.034876 0.000272509
99     1.65152   0.0348573 0.000270386
100     1.98716   0.0349062 0.000272091
101     2.12432   0.0349812 0.000279643
102     1.57036   0.0349462 0.000279096
103     1.58068   0.0349138 0.000278261
104     1.96088   0.0349552 0.000278662
105     1.64404   0.0349355 0.000276702
106     2.09348   0.0350009 0.000281777
107     1.81216   0.0350125 0.000279373
108     1.41504   0.0349503 0.000283665
109      1.8492    0.034969 0.000281669
110     1.63728   0.0349488 0.000279828
111      1.6386   0.0349292 0.000277988
112     1.65004    0.034912 0.000276032
113     1.71084   0.0349058 0.000273648
114      1.7744   0.0349109 0.000271285
115     1.81044   0.0349222 0.000269152
116     1.64144   0.0349042 0.000267431
117      1.9104   0.0349324 0.000266635
118      1.7946   0.0349405 0.000264491
119     1.60608   0.0349168 0.000263327
120     1.61596   0.0348952 0.000262019
121      1.8464    0.034912 0.000260387
122     1.90328   0.0349378 0.000259534
123     1.77804   0.0349429 0.000257465
124     1.93208   0.0349727 0.000257117
125      1.8692    0.034992  0.00025578
126     1.88916   0.0350142 0.000254707
127      1.6286   0.0349949 0.000253424
128      1.6916   0.0349859   0.0002516
129     1.96772   0.0350197 0.000251929
130      1.7022   0.0350122 0.000250096
131     1.76288   0.0350141 0.000248187
132      1.8502   0.0350292  0.00024676
133     1.65084    0.035014 0.000245365
134     1.72544   0.0350103 0.000243556
135     1.69792   0.0350025 0.000241871
136     1.57056   0.0349761 0.000241533
137      1.7768   0.0349802 0.000239799
138     1.66728   0.0349683 0.000238349
139      1.8456   0.0349823 0.000237041
140      1.6784   0.0349722 0.000235559
141     1.56048   0.0349455 0.000235399
142     1.99628   0.0349806 0.000236352
143     1.43128   0.0349361 0.000238864
144     1.80444   0.0349441 0.000237335
145     1.57532   0.0349204 0.000236882
146     1.58864   0.0348989 0.000236239
147     1.75228   0.0348999 0.000234629
148     1.88068   0.0349182 0.000233758
149     1.60768   0.0348997 0.000232924
150     1.54836   0.0348734 0.000232847
151      1.6498    0.034861 0.000231634
152     1.90816   0.0348827 0.000231128
153     1.77704    0.034887 0.000229653
154     1.69852   0.0348811 0.000228234
155     1.81108   0.0348897 0.000226922
156     1.40904   0.0348467 0.000229527
157      1.6544   0.0348355 0.000228336
158     1.89196   0.0348545 0.000227681
159     1.65228   0.0348432  0.00022653
160     1.72012   0.0348404 0.000225127
161     1.97988   0.0348699 0.000225667
162     1.94728   0.0348951 0.000225676
163     1.95928   0.0349214 0.000225827
164     1.80536   0.0349287 0.000224562
165     1.46244   0.0348942 0.000225836
166     1.81552   0.0349028 0.000224633
167     1.57476   0.0348824 0.000224215
168     1.68116   0.0348749 0.000223002
169     1.98796   0.0349038 0.000223555
170     2.10008   0.0349455 0.000226124
171     1.46672   0.0349127  0.00022718
172     1.52216   0.0348867 0.000227345
173     1.62348   0.0348727 0.000226459
174     1.78508   0.0348775 0.000225204
175     1.68364   0.0348706 0.000224019
176     1.79284   0.0348762 0.000222813
177       1.874   0.0348909 0.000222038
178     1.91528   0.0349101 0.000221619
179     1.94456   0.0349324 0.000221497
180     1.37784   0.0348914 0.000224042
181     1.69552    0.034886 0.000222867
182     1.93588    0.034907 0.000222636
183      1.6744   0.0348993 0.000221552
184       1.747   0.0348995 0.000220345
185     1.71756   0.0348965 0.000219171
186     1.60332   0.0348813 0.000218519
187     1.58868   0.0348647 0.000217982
188     1.80368   0.0348711 0.000216915
189     1.81416   0.0348786 0.000215894
190     1.86672   0.0348915 0.000215143
191      1.7216   0.0348891 0.000214027
192     1.76488   0.0348912  0.00021292
193     1.88372   0.0349057 0.000212304
194     1.64656   0.0348955 0.000211452
195       1.587   0.0348793 0.000210986
196      1.5672   0.0348613 0.000210681
197     1.82556   0.0348696 0.000209776
198     1.81344   0.0348767 0.000208833
199     1.85916   0.0348883 0.000208104
200     1.70656   0.0348845 0.000207096
