1     5.41552     0.10831           0
2      6.1078    0.115233   0.0069228
3     5.16932    0.111284  0.00561864
4     5.62312    0.111579  0.00398388
5     5.62024    0.111744  0.00309032
6      6.3106    0.114155  0.00349016
7     5.11432     0.11246  0.00340233
8     5.44164    0.112006  0.00298118
9     5.37964    0.111516   0.0026745
10     5.46236    0.111289  0.00240288
11      6.1194    0.112298  0.00239627
12     5.25888    0.111705  0.00226653
13     5.75984    0.111973  0.00210214
14       5.786    0.112241  0.00196452
15     5.09676    0.111554  0.00195366
16     5.93364    0.111999  0.00188087
17     5.60708    0.112007  0.00176678
18      4.9528    0.111288   0.0018145
19     5.14132    0.110842  0.00177317
20      5.3702     0.11067  0.00169094
21     5.23432    0.110386  0.00163346
22     5.35508    0.110236  0.00156458
23     5.43036    0.110165  0.00149668
24      5.6076    0.110248  0.00143535
25     7.17356    0.111577  0.00191349
26      5.4938    0.111512  0.00183959
27     5.70424    0.111607  0.00177271
28     5.77476    0.111746  0.00171386
29     4.64128    0.111093  0.00177775
30     5.10268    0.110792   0.0017437
31     5.77376    0.110943  0.00169327
32      5.9118    0.111171  0.00165526
33     5.79356    0.111314  0.00161063
34     5.37472    0.111201  0.00156657
35     5.46172    0.111145  0.00152219
36      5.8364      0.1113  0.00148741
37     5.37544    0.111198  0.00145028
38     4.92328    0.110863  0.00145081
39     5.95616    0.111074  0.00142891
40     5.44436     0.11102   0.0013938
41     5.17296    0.110835  0.00137183
42     6.04284    0.111074  0.00135987
43      5.2708    0.110942  0.00133437
44     5.79096    0.111053  0.00130839
45      5.0078    0.110811  0.00130171
46     5.63092     0.11085  0.00127371
47     5.13636    0.110677  0.00125824
48     5.66288    0.110731  0.00123292
49     5.01136    0.110517  0.00122637
50      5.8184    0.110634  0.00120728
51     5.45596    0.110604  0.00118375
52     6.03556    0.110799  0.00117692
53     5.55272    0.110803  0.00115451
54     4.73188    0.110504  0.00117181
55     5.53976    0.110509  0.00115032
56     5.76596    0.110595  0.00113285
57     6.00696    0.110763  0.00112533
58     5.27524    0.110672  0.00110947
59     5.12224    0.110533  0.00109938
60      5.7696    0.110614  0.00108393
61     5.35528    0.110556  0.00106756
62     6.08608    0.110736  0.00106553
63     5.55548    0.110742   0.0010485
64      5.2506    0.110652  0.00103586
65     5.73704    0.110715  0.00102174
66     5.15608      0.1106   0.0010127
67     5.77124    0.110672  0.00100006
68     5.45556    0.110649 0.000985514
69     4.99696    0.110494 0.000983453
70     5.45248    0.110474 0.000969522
71     5.78956    0.110548 0.000958699
72     5.28596    0.110481 0.000947666
73     6.08412    0.110635 0.000947106
74      5.2586    0.110561 0.000937132
75     5.24908    0.110487 0.000927541
76     6.21944    0.110669 0.000933355
77      6.2446    0.110854  0.00093949
78     5.70988    0.110897 0.000928357
79     5.48076    0.110881 0.000916674
80     6.01244    0.110998 0.000912687
81     5.27376     0.11093 0.000903924
82      5.5292    0.110926 0.000892842
83     5.84392    0.110997 0.000884931
84     6.23516     0.11116 0.000889427
85     6.22868    0.111318 0.000892954
86      5.3778    0.111274 0.000883594
87     5.37088     0.11123 0.000874503
88      5.8464    0.111295  0.00086693
89     5.56516    0.111295 0.000857133
90      5.9986    0.111391 0.000853022
91     5.50616    0.111377 0.000843711
92      5.8388    0.111436 0.000836551
93     5.47996    0.111416 0.000827742
94      5.5224    0.111406 0.000818954
95     5.70644    0.111435 0.000810794
96     5.55848    0.111432 0.000802309
97     4.97788     0.11131 0.000803376
98     5.34124    0.111264 0.000796452
99     5.63532    0.111278 0.000788501
100      5.4932    0.111264 0.000780704
101     5.65024    0.111281 0.000773128
102     5.72528    0.111313 0.000766163
103      5.4038    0.111282 0.000759338
104     6.02716    0.111371 0.000757256
105     5.65456    0.111387 0.000750188
106      5.5538    0.111384 0.000743083
107      4.9732    0.111273 0.000744488
108     5.60612    0.111281 0.000737604
109     5.95896    0.111353  0.00073439
110     5.66832    0.111371 0.000727913
111     5.56332     0.11137 0.000721326
112     6.23248    0.111489 0.000724622
113     6.12604    0.111587 0.000724786
114     5.34708    0.111546 0.000719555
115     6.03892    0.111626 0.000717774
116     5.97576    0.111694 0.000714802
117     5.67112    0.111709 0.000708821
118     5.71132     0.11173 0.000703112
119      5.1698     0.11166 0.000700687
120     5.30816    0.111614 0.000696332
121     5.04408    0.111526 0.000696227
122     5.67124    0.111541 0.000690672
123     5.16544    0.111474 0.000688296
124        5.96    0.111537 0.000685559
125     5.36368    0.111503 0.000680907
126     5.44504    0.111482 0.000675797
127     5.63376    0.111491 0.000670521
128     5.96352    0.111552 0.000668032
129     5.54904    0.111548 0.000662848
130     6.28084    0.111656 0.000666573
131     5.49724    0.111643 0.000661594
132     5.56076     0.11164 0.000656571
133     5.91488     0.11169 0.000653536
134     5.59156    0.111691 0.000648641
135     5.10008    0.111619 0.000647807
136     5.83324    0.111656 0.000644095
137       5.873    0.111698 0.000640779
138     5.59128    0.111699 0.000636119
139      5.8692     0.11174 0.000632849
140     5.71244    0.111758 0.000628568
141     5.19892    0.111703 0.000626528
142     6.36992    0.111813 0.000631843
143     5.66336    0.111824 0.000627492
144     5.05624    0.111749 0.000627533
145     5.11824    0.111685 0.000626541
146     5.18132    0.111629 0.000624678
147     5.45292    0.111612 0.000620661
148       5.599    0.111614 0.000616458
149     5.64096    0.111623  0.00061236
150     5.68476    0.111636 0.000608421
151      5.2128    0.111587 0.000606351
152     4.93324    0.111502 0.000608319
153     5.88932    0.111544 0.000605724
154     5.84788    0.111579 0.000602804
155     5.81036    0.111609 0.000599646
156     5.55864    0.111606 0.000595797
157     5.21204    0.111559 0.000593845
158       5.653    0.111568 0.000590151
159     5.58744    0.111569 0.000586429
160       5.017    0.111499 0.000586963
161     5.79384    0.111526  0.00058394
162     5.99136    0.111578 0.000582582
163      5.0784    0.111516 0.000582244
164     5.39116    0.111494 0.000579121
165     5.65776    0.111504 0.000575688
166     5.88948    0.111542 0.000573461
167      6.0664      0.1116 0.000573021
168      5.5636    0.111598 0.000569604
169     5.41292    0.111579 0.000566568
170     5.18704    0.111533 0.000565109
171     5.22776    0.111492 0.000563275
172     5.53368    0.111487  0.00056001
173     5.67816    0.111499 0.000556893
174     5.86676    0.111532 0.000554698
175     5.32528    0.111504 0.000552267
176     5.63544    0.111511 0.000549163
177     5.45876    0.111497 0.000546211
178     5.53272    0.111493 0.000543154
179     5.16588    0.111447 0.000542039
180     5.49388    0.111438  0.00053909
181     5.75176    0.111458 0.000536471
182     4.81256    0.111375 0.000540019
183      6.3172    0.111456 0.000543253
184     5.56124    0.111455 0.000540294
185       5.639    0.111462 0.000537414
186     5.90864    0.111498 0.000535733
187      5.5452    0.111495  0.00053287
188     5.20796    0.111456 0.000531462
189     5.60176    0.111459 0.000528651
190     5.54296    0.111456 0.000525871
191     5.67608    0.111467 0.000523222
192       5.649    0.111475  0.00052055
193     5.72132     0.11149 0.000518071
194     5.15648    0.111447 0.000517193
195     5.31624    0.111421 0.000515204
196     4.92492    0.111355 0.000516791
197     6.19252    0.111418 0.000518059
198     5.81528    0.111443 0.000516026
199     5.47896    0.111434 0.000513512
200     5.77932    0.111454  0.00051136
1     5.44012    0.108802           0
2     6.12492     0.11565    0.006848
3      5.1684    0.111556  0.00569154
4     5.60712    0.111703  0.00402719
5     5.63604    0.111906  0.00312609
6     6.33424    0.114369  0.00354706
7       5.114    0.112642  0.00345972
8     5.41904     0.11211  0.00304319
9       5.383    0.111615    0.002729
10     5.45668    0.111367  0.00245348
11     6.12512    0.112379  0.00243923
12     5.25996    0.111781  0.00230569
13     5.75836    0.112042  0.00213686
14      5.7638    0.112273  0.00199179
15      5.1006    0.111589  0.00197641
16     5.90468    0.111995  0.00189294
17     5.61024    0.112007  0.00177815
18     4.96872    0.111306  0.00181744
19     5.12836    0.110846  0.00177958
20     5.35728    0.110661  0.00169836
21     5.23772    0.110379  0.00163977
22      5.3436     0.11022  0.00157156
23     5.37676    0.110103  0.00150621
24     5.60004    0.110182  0.00144425
25     7.17992    0.111519    0.001925
26      5.5132    0.111471  0.00185011
27     5.66892    0.111541  0.00178167
28     5.74944    0.111664  0.00172127
29      4.6534    0.111023  0.00178035
30      5.1012    0.110723  0.00174594
31     5.76424     0.11087  0.00169508
32     5.92532    0.111109  0.00165851
33     5.79936    0.111257  0.00161425
34     5.37924    0.111149  0.00156977
35     5.48252    0.111106  0.00152486
36     5.80732    0.111246   0.0014885
37     5.35524    0.111134  0.00145203
38     4.90232     0.11079  0.00145467
39     5.92924     0.11099   0.0014309
40     5.44056    0.110935  0.00139574
41     5.17764    0.110755  0.00137312
42     6.07052    0.111009  0.00136384
43       5.258    0.110873  0.00133867
44     5.77256    0.110977  0.00131202
45     4.99272     0.11073  0.00130614
46     5.61748    0.110765  0.00127791
47      5.1266     0.11059  0.00126264
48     5.65536    0.110642  0.00123716
49     4.99324    0.110422  0.00123145
50     5.80996    0.110538  0.00121209
51      5.4354    0.110502  0.00118863
52     6.04912    0.110703  0.00118284
53      5.5652    0.110715  0.00116037
54      4.7138     0.11041  0.00117867
55     5.51948     0.11041  0.00115704
56     5.77168      0.1105  0.00113973
57     6.02796    0.110676  0.00113338
58     5.25832    0.110581  0.00111771
59     5.10096    0.110436  0.00110814
60     5.75548    0.110514   0.0010923
61     5.36272     0.11046  0.00107557
62     6.10208    0.110647  0.00107444
63     5.53028    0.110647  0.00105725
64     5.25624     0.11056  0.00104417
65     5.75088    0.110629  0.00103027
66     5.14988    0.110513   0.0010211
67     5.76924    0.110586  0.00100837
68     5.45004    0.110563 0.000993706
69     4.99764    0.110409 0.000991198
70       5.428    0.110382 0.000977293
71     5.77012    0.110453  0.00096602
72       5.259     0.11038  0.00095532
73     6.07492    0.110532 0.000954375
74     5.25412    0.110459 0.000944266
75     5.27508    0.110393 0.000933932
76     6.18976    0.110569 0.000938283
77     6.23972    0.110754 0.000944267
78     5.71996      0.1108 0.000933253
79      5.4722    0.110783 0.000921524
80     5.98372    0.110894 0.000916695
81     5.26108    0.110824 0.000908011
82     5.54484    0.110825  0.00089687
83      5.8098     0.11089 0.000888359
84     6.22808    0.111053 0.000892682
85     6.19372    0.111203 0.000894922
86     5.35984    0.111157 0.000885681
87     5.36744    0.111113 0.000876535
88     5.85364    0.111181 0.000869159
89     5.57224    0.111184 0.000859343
90     5.99216     0.11128 0.000855171
91     5.49988    0.111266 0.000845839
92      5.8528    0.111329 0.000838958
93     5.47292    0.111309 0.000830132
94     5.51376    0.111298 0.000821327
95      5.7054    0.111327 0.000813174
96     5.53208     0.11132  0.00080469
97     4.98412      0.1112 0.000805338
98     5.34228    0.111156 0.000798316
99     5.66404    0.111177 0.000790502
100     5.49584    0.111165 0.000782659
101     5.65936    0.111185  0.00077513
102     5.72692    0.111218 0.000768197
103      5.3988    0.111186 0.000761353
104     6.00796    0.111272 0.000758917
105     5.68472    0.111295 0.000752008
106     5.57704    0.111298 0.000744884
107       4.953    0.111183   0.0007467
108     5.61088    0.111193 0.000739816
109     5.95948    0.111266  0.00073666
110      5.6782    0.111287 0.000730231
111     5.58732    0.111291 0.000723634
112     6.24096    0.111412 0.000727244
113     6.13476    0.111512 0.000727663
114     5.31948    0.111467  0.00072265
115      6.0524     0.11155 0.000721167
116     5.97924     0.11162 0.000718271
117      5.6672    0.111634 0.000712258
118     5.71088    0.111656 0.000706535
119      5.1678    0.111587 0.000704036
120     5.32072    0.111543 0.000699474
121     5.03612    0.111454  0.00069941
122     5.68336    0.111472  0.00069389
123     5.14308    0.111402 0.000691777
124     5.93816    0.111461 0.000688739
125     5.34824    0.111425 0.000684153
126      5.4548    0.111407 0.000678953
127     5.65192     0.11142 0.000673708
128     5.96004    0.111481 0.000671183
129     5.55188    0.111477 0.000665968
130     6.25816    0.111582 0.000669159
131     5.56332     0.11158 0.000664036
132      5.5554    0.111576 0.000658996
133     5.93228     0.11163 0.000656178
134     5.59972    0.111632 0.000651269
135       5.109    0.111562 0.000650207
136     5.83508      0.1116 0.000646514
137     5.88444    0.111645 0.000643314
138     5.60872    0.111648 0.000638647
139     5.88504    0.111692 0.000635529
140      5.7114     0.11171 0.000631234
141      5.2076    0.111656 0.000629029
142       6.352    0.111765 0.000633909
143      5.6476    0.111773 0.000629515
144     5.03488    0.111696 0.000629842
145     5.11196    0.111631 0.000628875
146      5.2052    0.111579 0.000626677
147      5.4508    0.111562 0.000622643
148     5.62884    0.111569  0.00061846
149     5.65676    0.111579 0.000614385
150     5.69032    0.111594 0.000610456
151     5.23752    0.111549 0.000608091
152     4.96124    0.111468 0.000609494
153      5.8808    0.111508 0.000606829
154      5.8542    0.111544 0.000603962
155     5.82168    0.111576 0.000600882
156     5.56592    0.111574  0.00059702
157      5.2026    0.111526 0.000595137
158     5.66596    0.111538 0.000591467
159     5.61088    0.111542 0.000587751
160     5.02392    0.111473 0.000588144
161     5.78288    0.111499 0.000585058
162     5.98436    0.111549 0.000583628
163      5.0828    0.111489 0.000583203
164       5.404    0.111468 0.000580009
165     5.68688    0.111481 0.000576647
166       5.912    0.111522 0.000574607
167     6.08412    0.111583 0.000574387
168     5.57192    0.111582 0.000570958
169     5.45264    0.111567 0.000567767
170     5.19036    0.111522  0.00056626
171     5.23936    0.111482 0.000564315
172     5.51992    0.111476  0.00056106
173      5.6896    0.111489 0.000557968
174     5.85192    0.111521 0.000555668
175     5.31676    0.111492 0.000553278
176     5.62204    0.111497 0.000550152
177     5.43968    0.111482 0.000547248
178     5.48756    0.111472 0.000544251
179     5.16392    0.111426 0.000543135
180     5.47528    0.111415 0.000540214
181     5.76128    0.111437 0.000537634
182     4.81904    0.111354 0.000541033
183     6.34388    0.111439 0.000544714
184     5.56632    0.111438 0.000541746
185     5.62008    0.111443 0.000538835
186     5.90936    0.111479 0.000537155
187     5.52436    0.111474 0.000534301
188     5.21824    0.111436 0.000532795
189      5.5818    0.111437  0.00052997
190     5.56016    0.111436 0.000527175
191     5.68384    0.111448 0.000524539
192     5.62464    0.111453 0.000521828
193     5.70668    0.111467 0.000519303
194     5.18608    0.111427  0.00051816
195     5.30696      0.1114 0.000516208
196      4.9252    0.111334 0.000517766
197     6.23924    0.111403 0.000519636
198     5.84932    0.111431 0.000517773
199     5.51856    0.111426 0.000515192
200     5.78268    0.111447 0.000513045
