1   -0.612056   -0.612056           0
2   -0.614163    -0.61311   0.0010536
3   -0.612648   -0.612956 0.000627455
4   -0.612205   -0.612768 0.000481761
5   -0.613358   -0.612886 0.000391406
6   -0.611843   -0.612712 0.000363791
7   -0.613142   -0.612774  0.00031354
8   -0.613006   -0.612803 0.000273087
9   -0.614136   -0.612951 0.000282749
10   -0.614507   -0.613107 0.000296947
11   -0.613483   -0.613141 0.000270772
12    -0.61364   -0.613182 0.000250656
13   -0.614693   -0.613299 0.000258189
14   -0.612693   -0.613255 0.000242921
15   -0.613184   -0.613251 0.000226197
16   -0.613528   -0.613268 0.000212298
17   -0.612419   -0.613218 0.000205573
18   -0.612917   -0.613201 0.000194537
19   -0.613408   -0.613212 0.000184335
20   -0.613562    -0.61323 0.000175746
21   -0.614176   -0.613275 0.000173136
22   -0.613822     -0.6133 0.000166946
23   -0.613054   -0.613289 0.000159878
24   -0.612406   -0.613252 0.000157426
25   -0.612365   -0.613217 0.000155113
26   -0.613542   -0.613229 0.000149554
27   -0.614122   -0.613262 0.000147655
28    -0.61368   -0.613277 0.000143064
29   -0.613325   -0.613279 0.000138053
30    -0.61348   -0.613285  0.00013354
31   -0.611453   -0.613226 0.000142048
32      -0.611   -0.613157 0.000154133
33   -0.613408   -0.613164 0.000149583
34    -0.61453   -0.613205  0.00015057
35   -0.614011   -0.613228  0.00014801
36   -0.613744   -0.613242 0.000144553
37   -0.613496   -0.613249 0.000140759
38   -0.612661   -0.613233 0.000137876
39   -0.612261   -0.613208  0.00013659
40   -0.614014   -0.613229 0.000134648
41   -0.612952   -0.613222 0.000131496
42   -0.611928   -0.613191 0.000131972
43   -0.612794   -0.613182 0.000129198
44    -0.61319   -0.613182 0.000126227
45   -0.613331   -0.613185 0.000123435
46   -0.613827   -0.613199 0.000121526
47   -0.614363   -0.613224 0.000121463
48   -0.614211   -0.613245 0.000120672
49   -0.611907   -0.613217 0.000121294
50   -0.613955   -0.613232 0.000119756
51   -0.614013   -0.613247 0.000118379
52   -0.613218   -0.613247 0.000116081
53   -0.611248   -0.613209 0.000119952
54   -0.613368   -0.613212 0.000117747
55   -0.613242   -0.613213 0.000115587
56   -0.611837   -0.613188 0.000116133
57   -0.613126   -0.613187 0.000114082
58   -0.613323   -0.613189 0.000112123
59    -0.61361   -0.613196 0.000110436
60   -0.612869   -0.613191 0.000108717
61   -0.614323   -0.613209 0.000108519
62   -0.613557   -0.613215 0.000106901
63   -0.612867    -0.61321 0.000105336
64   -0.613491   -0.613214  0.00010377
65   -0.612579   -0.613204 0.000102627
66    -0.61392   -0.613215  0.00010164
67   -0.613584   -0.613221 0.000100263
68   -0.612722   -0.613213 9.90498e-05
69    -0.61413   -0.613226 9.85032e-05
70   -0.612082    -0.61321 9.84538e-05
71   -0.614866   -0.613233 9.98187e-05
72   -0.612266    -0.61322 9.93363e-05
73    -0.61263   -0.613212 9.82984e-05
74   -0.613205   -0.613212  9.6961e-05
75   -0.612766   -0.613206 9.58437e-05
76   -0.613594   -0.613211 9.47116e-05
77   -0.612699   -0.613204 9.37095e-05
78   -0.613107   -0.613203 9.25087e-05
79   -0.613914   -0.613212  9.1772e-05
80   -0.613294   -0.613213 9.06234e-05
81   -0.613691   -0.613219  8.9692e-05
82   -0.613765   -0.613226 8.88411e-05
83   -0.613387   -0.613228 8.77858e-05
84   -0.613749   -0.613234 8.69561e-05
85    -0.61385   -0.613241 8.62318e-05
86   -0.613434   -0.613243 8.52526e-05
87   -0.613411   -0.613245 8.42891e-05
88    -0.61291   -0.613241 8.34126e-05
89   -0.613691   -0.613246 8.26247e-05
90   -0.610765   -0.613219 8.62292e-05
91   -0.613864   -0.613226 8.55705e-05
92   -0.612418   -0.613217 8.50902e-05
93    -0.61191   -0.613203 8.53352e-05
94   -0.613702   -0.613208 8.45894e-05
95   -0.613898   -0.613216  8.4008e-05
96   -0.612738   -0.613211 8.32774e-05
97   -0.612736   -0.613206 8.25596e-05
98   -0.614253   -0.613217 8.24082e-05
99   -0.614606   -0.613231 8.27708e-05
100   -0.613766   -0.613236 8.21139e-05
101   -0.614002   -0.613244 8.16495e-05
102   -0.612114   -0.613232 8.16005e-05
103   -0.613784   -0.613238 8.09816e-05
104   -0.613771   -0.613243  8.0363e-05
105   -0.613587   -0.613246 7.96615e-05
106   -0.612451   -0.613239  7.9262e-05
107   -0.613506   -0.613241 7.85574e-05
108   -0.613462   -0.613243 7.78535e-05
109   -0.614389   -0.613254 7.78486e-05
110   -0.612278   -0.613245 7.76456e-05
111   -0.613715   -0.613249 7.70595e-05
112   -0.613298    -0.61325 7.63696e-05
113   -0.613509   -0.613252 7.57255e-05
114   -0.611925    -0.61324 7.59556e-05
115   -0.614432   -0.613251 7.60021e-05
116    -0.61428   -0.613259 7.58649e-05
117    -0.61311   -0.613258 7.52245e-05
118   -0.613114   -0.613257 7.45943e-05
119   -0.613715   -0.613261  7.4065e-05
120   -0.614258   -0.613269 7.39135e-05
121   -0.613074   -0.613267 7.33179e-05
122   -0.612358    -0.61326 7.30952e-05
123   -0.614184   -0.613268 7.28866e-05
124   -0.614243   -0.613275 7.27233e-05
125    -0.61288   -0.613272 7.22085e-05
126   -0.612126   -0.613263 7.22081e-05
127   -0.612749   -0.613259 7.17517e-05
128   -0.612374   -0.613252 7.15237e-05
129   -0.613834   -0.613257   7.111e-05
130   -0.613446   -0.613258  7.0576e-05
131   -0.613395   -0.613259  7.0043e-05
132   -0.612136   -0.613251 7.00292e-05
133    -0.61045    -0.61323 7.26217e-05
134   -0.612843   -0.613227 7.21354e-05
135   -0.612446   -0.613221  7.1832e-05
136   -0.612797   -0.613218 7.13701e-05
137    -0.61371   -0.613221 7.09383e-05
138   -0.613509   -0.613224 7.04532e-05
139   -0.612962   -0.613222 6.99699e-05
140   -0.613093   -0.613221 6.94744e-05
141   -0.614058   -0.613227 6.92348e-05
142   -0.614606   -0.613236 6.94288e-05
143   -0.615496   -0.613252 7.07292e-05
144   -0.613978   -0.613257 7.04167e-05
145   -0.613198   -0.613257 6.99306e-05
146   -0.613558   -0.613259 6.94807e-05
147   -0.612973   -0.613257 6.90339e-05
148   -0.613651    -0.61326 6.86176e-05
149   -0.614378   -0.613267 6.85673e-05
150   -0.613206   -0.613267 6.81098e-05
151   -0.614125   -0.613272 6.78955e-05
152   -0.613792   -0.613276 6.75339e-05
153   -0.612973   -0.613274 6.71203e-05
154   -0.614408   -0.613281 6.70885e-05
155   -0.612872   -0.613279 6.67065e-05
156   -0.613144   -0.613278 6.62831e-05
157   -0.612771   -0.613274 6.59386e-05
158   -0.614472   -0.613282 6.59568e-05
159   -0.612907    -0.61328 6.55831e-05
160   -0.613154   -0.613279 6.51767e-05
161   -0.612998   -0.613277  6.4794e-05
162   -0.614461   -0.613284  6.4806e-05
163   -0.612834   -0.613282 6.44665e-05
164   -0.614678    -0.61329 6.46358e-05
165   -0.612902   -0.613288 6.42858e-05
166   -0.611536   -0.613277  6.4763e-05
167   -0.613277   -0.613277 6.43741e-05
168   -0.613811    -0.61328 6.40686e-05
169   -0.613931   -0.613284 6.38047e-05
170   -0.612653   -0.613281 6.35369e-05
171    -0.61448   -0.613288 6.35525e-05
172   -0.614179   -0.613293 6.33942e-05
173   -0.614162   -0.613298 6.32265e-05
174   -0.612278   -0.613292 6.31345e-05
175    -0.61196   -0.613284 6.32324e-05
176   -0.612363   -0.613279 6.30896e-05
177   -0.614234   -0.613285 6.29635e-05
178   -0.611688   -0.613276  6.3248e-05
179   -0.613378   -0.613276 6.28962e-05
180   -0.613214   -0.613276 6.25467e-05
181   -0.613981    -0.61328 6.23221e-05
182   -0.613093   -0.613279 6.19872e-05
183   -0.613218   -0.613278 6.16484e-05
184   -0.614358   -0.613284 6.15928e-05
185   -0.614965   -0.613293 6.19289e-05
186    -0.61328   -0.613293 6.15951e-05
187   -0.613902   -0.613296 6.13514e-05
188   -0.614045     -0.6133 6.11539e-05
189   -0.613522   -0.613302 6.08407e-05
190   -0.613926   -0.613305 6.06089e-05
191   -0.612902   -0.613303 6.03276e-05
192   -0.612877   -0.613301 6.00535e-05
193   -0.612678   -0.613297 5.98285e-05
194   -0.613163   -0.613297 5.95233e-05
195   -0.612811   -0.613294 5.92696e-05
196   -0.613946   -0.613297   5.906e-05
197   -0.612878   -0.613295 5.87979e-05
198   -0.613738   -0.613298 5.85428e-05
199   -0.613605   -0.613299 5.82684e-05
200    -0.61323   -0.613299 5.79773e-05
1   -0.612176   -0.612176           0
2   -0.614267   -0.613222   0.0010456
3   -0.612666   -0.613036 0.000631486
4    -0.61277    -0.61297 0.000451477
5   -0.613117   -0.612999  0.00035095
6   -0.611667   -0.612777 0.000362468
7   -0.613443   -0.612872 0.000320781
8   -0.612918   -0.612878 0.000277865
9   -0.614158    -0.61302 0.000283357
10   -0.614706   -0.613189 0.000304362
11    -0.61277   -0.613151 0.000277931
12   -0.614043   -0.613225 0.000264392
13   -0.614435   -0.613318 0.000260411
14   -0.612325   -0.613247 0.000251318
15   -0.613082   -0.613236 0.000234225
16   -0.613141    -0.61323 0.000219178
17   -0.612629   -0.613195 0.000208899
18   -0.613298   -0.613201 0.000197035
19   -0.613821   -0.613233 0.000189214
20   -0.613525   -0.613248 0.000180095
21   -0.614042   -0.613286 0.000175426
22   -0.613909   -0.613314 0.000169644
23   -0.613312   -0.613314 0.000162101
24   -0.612435   -0.613277 0.000159459
25   -0.612539   -0.613248  0.00015577
26   -0.613525   -0.613258 0.000150038
27   -0.614061   -0.613288 0.000147402
28   -0.614229   -0.613322 0.000145959
29    -0.61271   -0.613301 0.000142405
30   -0.613318   -0.613301 0.000137578
31   -0.611584   -0.613246 0.000144135
32   -0.611021   -0.613176  0.00015592
33   -0.612698   -0.613162 0.000151815
34   -0.614387   -0.613198 0.000151629
35   -0.614806   -0.613244 0.000154239
36   -0.613728   -0.613257 0.000150496
37   -0.613699   -0.613269 0.000146859
38   -0.613154   -0.613266 0.000142974
39    -0.61153   -0.613222 0.000146205
40   -0.614198   -0.613246  0.00014458
41   -0.612304   -0.613223 0.000142869
42   -0.612008   -0.613194 0.000142396
43   -0.612486   -0.613178 0.000140015
44    -0.61277   -0.613168  0.00013711
45   -0.613432   -0.613174 0.000134157
46   -0.613973   -0.613192 0.000132351
47   -0.614525    -0.61322 0.000132575
48   -0.614413   -0.613245 0.000132141
49    -0.61165   -0.613212 0.000133448
50   -0.614141   -0.613231 0.000132065
51   -0.614218    -0.61325 0.000130887
52   -0.613306   -0.613251  0.00012835
53   -0.611834   -0.613224 0.000128715
54   -0.613174   -0.613224 0.000126312
55    -0.61368   -0.613232 0.000124272
56   -0.611843   -0.613207 0.000124526
57   -0.612806     -0.6132 0.000122524
58   -0.613459   -0.613204 0.000120476
59   -0.613453   -0.613209 0.000118491
60    -0.61309   -0.613207 0.000116516
61   -0.614544   -0.613229 0.000116668
62   -0.613824   -0.613238 0.000115172
63   -0.612942   -0.613234 0.000113427
64    -0.61371   -0.613241 0.000111889
65   -0.612432   -0.613229 0.000110855
66   -0.613974    -0.61324 0.000109746
67   -0.613757   -0.613248  0.00010837
68   -0.613091   -0.613245 0.000106789
69   -0.614315   -0.613261 0.000106367
70   -0.611768   -0.613239 0.000106983
71   -0.615118   -0.613266 0.000108735
72   -0.612438   -0.613254 0.000107829
73   -0.612914    -0.61325 0.000106444
74   -0.613019   -0.613247 0.000105042
75   -0.612893   -0.613242 0.000103739
76   -0.613323   -0.613243  0.00010237
77   -0.612594   -0.613235 0.000101384
78   -0.613507   -0.613238 0.000100136
79   -0.613517   -0.613242 9.89236e-05
80   -0.613146    -0.61324 9.76866e-05
81   -0.613002   -0.613237 9.65181e-05
82   -0.613952   -0.613246 9.57312e-05
83   -0.612619   -0.613239  9.4872e-05
84   -0.613563   -0.613242 9.38154e-05
85   -0.613603   -0.613247 9.28022e-05
86   -0.613408   -0.613249 9.17359e-05
87    -0.61343   -0.613251 9.06994e-05
88     -0.6124   -0.613241 9.01824e-05
89   -0.614416   -0.613254 9.01355e-05
90   -0.611208   -0.613231 9.19824e-05
91   -0.613722   -0.613237 9.11253e-05
92   -0.612394   -0.613228 9.05943e-05
93   -0.612112   -0.613216 9.04143e-05
94   -0.613614    -0.61322 8.95477e-05
95   -0.613517   -0.613223 8.86552e-05
96   -0.612941    -0.61322 8.77761e-05
97   -0.612426   -0.613212 8.72518e-05
98   -0.614024    -0.61322 8.67536e-05
99    -0.61483   -0.613236 8.73995e-05
100    -0.61352   -0.613239 8.65675e-05
101   -0.613979   -0.613247 8.60186e-05
102   -0.611888   -0.613233 8.62064e-05
103   -0.613744   -0.613238 8.55092e-05
104    -0.61356   -0.613241 8.47395e-05
105   -0.613709   -0.613246 8.40466e-05
106   -0.612416   -0.613238 8.36172e-05
107   -0.612968   -0.613235 8.28704e-05
108   -0.613413   -0.613237 8.21159e-05
109   -0.614634    -0.61325 8.23617e-05
110   -0.611947   -0.613238 8.24643e-05
111   -0.613821   -0.613243 8.18865e-05
112   -0.612874    -0.61324 8.12192e-05
113     -0.6134   -0.613241 8.05097e-05
114   -0.611573   -0.613227 8.11316e-05
115   -0.614437   -0.613237 8.11084e-05
116   -0.614314   -0.613247 8.09397e-05
117   -0.612485    -0.61324 8.05086e-05
118    -0.61333   -0.613241  7.9827e-05
119   -0.613648   -0.613244 7.92273e-05
120   -0.614208   -0.613252 7.89737e-05
121   -0.612845   -0.613249 7.83907e-05
122    -0.61189   -0.613238 7.85398e-05
123   -0.614259   -0.613246 7.83401e-05
124   -0.614488   -0.613256 7.83485e-05
125   -0.613314   -0.613257 7.77205e-05
126   -0.612658   -0.613252 7.72476e-05
127   -0.613222   -0.613252 7.66373e-05
128   -0.611731    -0.61324 7.69584e-05
129   -0.613362   -0.613241 7.63654e-05
130   -0.613499   -0.613243 7.58017e-05
131   -0.612898    -0.61324  7.5267e-05
132   -0.612523   -0.613235 7.48917e-05
133   -0.611184   -0.613219 7.59088e-05
134   -0.612766   -0.613216 7.54159e-05
135   -0.612293   -0.613209 7.51667e-05
136   -0.612542   -0.613204 7.47728e-05
137   -0.614259   -0.613212 7.46235e-05
138   -0.613566   -0.613214 7.41254e-05
139   -0.613467   -0.613216 7.36126e-05
140   -0.613096   -0.613215   7.309e-05
141   -0.614211   -0.613222 7.29127e-05
142   -0.614568   -0.613232  7.3015e-05
143   -0.615387   -0.613247 7.40527e-05
144     -0.6144   -0.613255 7.39714e-05
145   -0.613192   -0.613254 7.34607e-05
146   -0.613181   -0.613254 7.29576e-05
147   -0.613261   -0.613254 7.24596e-05
148   -0.613262   -0.613254 7.19684e-05
149   -0.614237   -0.613261 7.17874e-05
150   -0.612885   -0.613258 7.13512e-05
151   -0.614424   -0.613266 7.12964e-05
152   -0.613187   -0.613265 7.08277e-05
153   -0.612882   -0.613263 7.04079e-05
154   -0.614864   -0.613273 7.07177e-05
155   -0.612715    -0.61327 7.03521e-05
156    -0.61323   -0.613269 6.99002e-05
157   -0.612754   -0.613266 6.95312e-05
158   -0.614104   -0.613271 6.92929e-05
159    -0.61289   -0.613269 6.88976e-05
160   -0.613626   -0.613271 6.85019e-05
161   -0.612962   -0.613269 6.81023e-05
162   -0.614362   -0.613276 6.80156e-05
163   -0.612653   -0.613272 6.77051e-05
164   -0.614102   -0.613277 6.74811e-05
165    -0.61264   -0.613273  6.7182e-05
166   -0.612278   -0.613267 6.70446e-05
167    -0.61343   -0.613268  6.6649e-05
168   -0.613453    -0.61327 6.62602e-05
169   -0.613322    -0.61327 6.58677e-05
170   -0.612579   -0.613266  6.5605e-05
171   -0.614029    -0.61327 6.53727e-05
172   -0.614408   -0.613277 6.53273e-05
173   -0.613586   -0.613279 6.49731e-05
174   -0.612462   -0.613274 6.47687e-05
175    -0.61173   -0.613265 6.49994e-05
176   -0.612614   -0.613261 6.47347e-05
177   -0.614422   -0.613268 6.47012e-05
178    -0.61185    -0.61326 6.48283e-05
179   -0.613731   -0.613263 6.45188e-05
180   -0.612931   -0.613261 6.41858e-05
181   -0.613824   -0.613264  6.3906e-05
182   -0.613958   -0.613268 6.36683e-05
183   -0.613512   -0.613269 6.33335e-05
184   -0.614707   -0.613277 6.34715e-05
185   -0.615475   -0.613289 6.42361e-05
186   -0.613099   -0.613288  6.3898e-05
187   -0.614323   -0.613293 6.37961e-05
188    -0.61408   -0.613297 6.35937e-05
189   -0.613728     -0.6133 6.32973e-05
190   -0.613462   -0.613301 6.29691e-05
191   -0.613309   -0.613301 6.26386e-05
192   -0.612773   -0.613298 6.23721e-05
193   -0.612434   -0.613293 6.22095e-05
194   -0.612843   -0.613291 6.19315e-05
195   -0.612962   -0.613289 6.16362e-05
196   -0.614235   -0.613294 6.15105e-05
197   -0.612918   -0.613292 6.12272e-05
198   -0.614213   -0.613297 6.10943e-05
199   -0.613914     -0.6133 6.08655e-05
200   -0.613112   -0.613299 6.05677e-05
