1   -0.492731   -0.492731           0
2   -0.494515   -0.493623    0.000892
3    -0.49343   -0.493559 0.000518991
4   -0.492373   -0.493262 0.000471813
5    -0.49425    -0.49346 0.000415388
6   -0.492629   -0.493321 0.000366354
7   -0.493685   -0.493373  0.00031395
8   -0.492808   -0.493303 0.000280919
9   -0.493918   -0.493371 0.000257022
10   -0.493725   -0.493406 0.000232594
11   -0.493134   -0.493382 0.000211837
12   -0.492624   -0.493319 0.000203427
13    -0.49457   -0.493415 0.000210422
14   -0.492693   -0.493363 0.000201523
15   -0.492928   -0.493334 0.000189837
16   -0.494178   -0.493387 0.000185235
17   -0.493088   -0.493369 0.000174884
18   -0.492846    -0.49334 0.000167422
19   -0.494014   -0.493376 0.000162292
20   -0.492781   -0.493346 0.000156811
21   -0.493688   -0.493362 0.000150043
22   -0.493142   -0.493352 0.000143409
23   -0.492864   -0.493331 0.000138667
24   -0.493064    -0.49332 0.000133229
25   -0.493634   -0.493332 0.000128403
26   -0.495091     -0.4934 0.000140694
27    -0.49427   -0.493432 0.000139167
28    -0.49332   -0.493428 0.000134165
29   -0.492362   -0.493392  0.00013458
30   -0.492336   -0.493356 0.000134694
31    -0.49441    -0.49339 0.000134634
32   -0.492922   -0.493376 0.000131179
33   -0.493768   -0.493388 0.000127696
34   -0.493776   -0.493399 0.000124409
35   -0.493738   -0.493409 0.000121189
36   -0.493166   -0.493402 0.000117967
37   -0.493046   -0.493392 0.000115136
38   -0.494027   -0.493409 0.000113303
39   -0.494211    -0.49343  0.00011226
40   -0.494453   -0.493455 0.000112368
41   -0.494218   -0.493474 0.000111159
42   -0.493174   -0.493467 0.000108714
43   -0.492758    -0.49345 0.000107426
44   -0.493717   -0.493456 0.000105131
45   -0.492613   -0.493438 0.000104464
46   -0.492904   -0.493426 0.000102824
47   -0.493571   -0.493429  0.00010066
48   -0.494374   -0.493449 0.000100489
49   -0.493678   -0.493453 9.85287e-05
50   -0.492312   -0.493431 9.92003e-05
51   -0.492613   -0.493415 9.85489e-05
52   -0.492853   -0.493404 9.72371e-05
53   -0.494082   -0.493417 9.62385e-05
54   -0.495248    -0.49345 0.000100345
55   -0.493747   -0.493456 9.86514e-05
56   -0.492184   -0.493433 9.95004e-05
57   -0.492853   -0.493423  9.8268e-05
58   -0.494541   -0.493442 9.84636e-05
59   -0.495197   -0.493472 0.000101246
60    -0.49283   -0.493461 0.000100117
61   -0.494502   -0.493478 9.99307e-05
62   -0.493198   -0.493474 9.84093e-05
63   -0.493069   -0.493467 9.70478e-05
64   -0.492848   -0.493458 9.60084e-05
65   -0.493056   -0.493452 9.47217e-05
66   -0.495211   -0.493478 9.70111e-05
67   -0.493442   -0.493478 9.55538e-05
68   -0.492469   -0.493463    9.53e-05
69   -0.494318   -0.493475 9.47238e-05
70   -0.493338   -0.493473 9.33815e-05
71   -0.493347   -0.493471  9.2074e-05
72   -0.492946   -0.493464 9.10795e-05
73   -0.493722   -0.493468 8.98923e-05
74     -0.4926   -0.493456 8.94412e-05
75   -0.492099   -0.493438 9.00758e-05
76   -0.492677   -0.493428  8.9445e-05
77   -0.494862   -0.493446 9.02203e-05
78   -0.493966   -0.493453 8.93052e-05
79   -0.492021   -0.493435 9.00125e-05
80   -0.493624   -0.493437 8.89116e-05
81   -0.494066   -0.493445 8.81489e-05
82   -0.493467   -0.493445 8.70677e-05
83   -0.494075   -0.493453 8.63464e-05
84    -0.49124   -0.493427 8.92874e-05
85     -0.4942   -0.493436 8.86986e-05
86   -0.494226   -0.493445  8.8141e-05
87   -0.492112    -0.49343 8.84589e-05
88   -0.493555   -0.493431 8.74595e-05
89   -0.492755   -0.493423  8.6804e-05
90   -0.493814   -0.493428  8.5944e-05
91   -0.493096   -0.493424 8.50724e-05
92   -0.495378   -0.493445 8.67804e-05
93   -0.493498   -0.493446  8.5844e-05
94   -0.493445   -0.493446 8.49259e-05
95   -0.493467   -0.493446 8.40275e-05
96   -0.494254   -0.493455 8.35728e-05
97   -0.494154   -0.493462 8.30201e-05
98    -0.49431    -0.49347 8.26236e-05
99   -0.492157   -0.493457 8.28542e-05
100    -0.49431   -0.493466  8.2464e-05
101   -0.492514   -0.493456 8.21859e-05
102   -0.494021   -0.493462 8.15642e-05
103   -0.493085   -0.493458 8.08513e-05
104   -0.493368   -0.493457 8.00748e-05
105   -0.495046   -0.493472 8.07397e-05
106   -0.492002   -0.493459 8.11691e-05
107   -0.493835   -0.493462  8.0484e-05
108   -0.492862   -0.493457 7.99284e-05
109   -0.492248   -0.493445  7.9964e-05
110   -0.493882   -0.493449 7.93329e-05
111   -0.493694   -0.493452 7.86459e-05
112   -0.493138   -0.493449  7.7991e-05
113   -0.493066   -0.493445 7.73721e-05
114   -0.493485   -0.493446 7.66911e-05
115   -0.493366   -0.493445 7.60245e-05
116   -0.493032   -0.493441 7.54503e-05
117   -0.493347   -0.493441  7.4807e-05
118   -0.493605   -0.493442 7.41834e-05
119    -0.49333   -0.493441 7.35634e-05
120   -0.492859   -0.493436 7.31088e-05
121   -0.493269   -0.493435 7.25153e-05
122   -0.495043   -0.493448 7.31167e-05
123   -0.494675   -0.493458 7.32028e-05
124   -0.493168   -0.493456 7.26478e-05
125   -0.494544   -0.493464 7.25882e-05
126   -0.493134   -0.493462 7.20575e-05
127   -0.493229    -0.49346 7.15114e-05
128   -0.492469   -0.493452 7.13718e-05
129   -0.493077   -0.493449 7.08761e-05
130   -0.493842   -0.493452 7.03935e-05
131    -0.49325   -0.493451 6.98712e-05
132   -0.492418   -0.493443 6.97803e-05
133   -0.494643   -0.493452 6.98391e-05
134   -0.493877   -0.493455 6.93884e-05
135   -0.493886   -0.493458 6.89466e-05
136   -0.492771   -0.493453  6.8624e-05
137   -0.493472   -0.493453 6.81214e-05
138   -0.492461   -0.493446 6.80074e-05
139   -0.494229   -0.493452 6.77507e-05
140    -0.49225   -0.493443  6.7811e-05
141   -0.493189   -0.493441 6.73525e-05
142   -0.493136   -0.493439 6.69111e-05
143   -0.493342   -0.493439  6.6445e-05
144   -0.494331   -0.493445 6.62725e-05
145   -0.494371   -0.493451 6.61232e-05
146   -0.493195   -0.493449 6.56921e-05
147   -0.493587    -0.49345 6.52505e-05
148   -0.493555   -0.493451 6.48119e-05
149   -0.493062   -0.493449 6.44283e-05
150   -0.492506   -0.493442 6.43054e-05
151   -0.492776   -0.493438 6.40303e-05
152   -0.493293   -0.493437 6.36148e-05
153   -0.492664   -0.493432 6.33992e-05
154   -0.493694   -0.493434 6.30092e-05
155    -0.49276   -0.493429  6.2752e-05
156   -0.493563    -0.49343 6.23544e-05
157   -0.492934   -0.493427 6.20363e-05
158    -0.49331   -0.493426 6.16468e-05
159   -0.494253   -0.493431 6.14781e-05
160   -0.494323   -0.493437 6.13465e-05
161   -0.493642   -0.493438 6.09775e-05
162    -0.49316   -0.493436 6.06242e-05
163   -0.492595   -0.493431 6.04718e-05
164   -0.493672   -0.493433 6.01199e-05
165   -0.494525   -0.493439 6.01198e-05
166   -0.493317   -0.493439 5.97611e-05
167   -0.492981   -0.493436 5.94654e-05
168   -0.495606   -0.493449 6.05058e-05
169   -0.494925   -0.493458 6.07775e-05
170   -0.492518   -0.493452  6.0671e-05
171   -0.491781   -0.493442 6.11018e-05
172    -0.49336   -0.493442 6.07474e-05
173   -0.493224   -0.493441 6.04084e-05
174   -0.494176   -0.493445 6.02087e-05
175   -0.493134   -0.493443   5.989e-05
176   -0.494501   -0.493449 5.98513e-05
177   -0.494475   -0.493455 5.97939e-05
178   -0.492046   -0.493447 5.99812e-05
179   -0.493078   -0.493445 5.96807e-05
180   -0.492736   -0.493441 5.94787e-05
181   -0.494174   -0.493445 5.92878e-05
182   -0.494168   -0.493449 5.90949e-05
183   -0.492424   -0.493443 5.90373e-05
184   -0.493643   -0.493444 5.87256e-05
185     -0.4938   -0.493446  5.8439e-05
186   -0.492445   -0.493441 5.83728e-05
187   -0.494542   -0.493447 5.83578e-05
188   -0.493378   -0.493446 5.80477e-05
189   -0.494571   -0.493452 5.80457e-05
190   -0.493282   -0.493452 5.77463e-05
191   -0.493955   -0.493454 5.75037e-05
192   -0.493382   -0.493454 5.72047e-05
193   -0.493627   -0.493455 5.69146e-05
194   -0.492626    -0.49345 5.67815e-05
195   -0.492858   -0.493447 5.65713e-05
196   -0.493867   -0.493449 5.63227e-05
197    -0.49279   -0.493446 5.61358e-05
198   -0.495378   -0.493456 5.66971e-05
199   -0.493206   -0.493455 5.64254e-05
200   -0.492102   -0.493448 5.65482e-05
1   -0.492584   -0.492584           0
2   -0.494744   -0.493664     0.00108
3   -0.493778   -0.493702 0.000624687
4   -0.492488   -0.493398 0.000535919
5   -0.494414   -0.493602 0.000462186
6   -0.492672   -0.493447  0.00040794
7   -0.493261    -0.49342 0.000345793
8   -0.492445   -0.493298 0.000323331
9    -0.49363   -0.493335  0.00028753
10   -0.493613   -0.493363 0.000258669
11   -0.493229   -0.493351 0.000234292
12   -0.493115   -0.493331 0.000214777
13   -0.493989   -0.493382 0.000203942
14   -0.492637   -0.493328 0.000196166
15   -0.492677   -0.493285 0.000187717
16   -0.493971   -0.493328 0.000180755
17   -0.492925   -0.493304 0.000171437
18    -0.49347   -0.493313 0.000161896
19   -0.494112   -0.493355 0.000158802
20   -0.492494   -0.493312 0.000156683
21   -0.493856   -0.493338 0.000151267
22   -0.492664   -0.493308 0.000147448
23   -0.493107   -0.493299 0.000141161
24   -0.492851    -0.49328 0.000136433
25   -0.494256   -0.493319 0.000136558
26   -0.495411     -0.4934 0.000153906
27   -0.494744    -0.49345 0.000156241
28   -0.493602   -0.493455 0.000150655
29   -0.492408   -0.493419 0.000149783
30   -0.492088   -0.493375 0.000151352
31   -0.495221   -0.493434  0.00015804
32   -0.493182   -0.493426 0.000153224
33   -0.492955   -0.493412 0.000149192
34   -0.493341    -0.49341 0.000144753
35   -0.493534   -0.493413 0.000140601
36   -0.493448   -0.493414 0.000136643
37   -0.492774   -0.493397  0.00013402
38   -0.494362   -0.493422 0.000132892
39   -0.494077   -0.493439 0.000130522
40   -0.493931   -0.493452 0.000127811
41    -0.49423   -0.493471 0.000126094
42   -0.493102   -0.493462 0.000123366
43   -0.492229   -0.493433 0.000123829
44   -0.493219   -0.493428 0.000121079
45   -0.492726   -0.493413 0.000119381
46   -0.493554   -0.493416 0.000116797
47   -0.493035   -0.493408 0.000114572
48   -0.494181   -0.493424  0.00011331
49   -0.493624   -0.493428 0.000111049
50   -0.492256   -0.493404 0.000111301
51   -0.492237   -0.493381 0.000111473
52   -0.492613   -0.493367 0.000110303
53   -0.494662   -0.493391 0.000110929
54   -0.495173   -0.493424 0.000113746
55    -0.49327   -0.493421 0.000111694
56   -0.492914   -0.493412 0.000110055
57   -0.493083   -0.493406 0.000108261
58   -0.495594   -0.493444 0.000112864
59   -0.495578    -0.49348 0.000116679
60   -0.493051   -0.493473  0.00011494
61   -0.494944   -0.493497 0.000115583
62   -0.493384   -0.493495 0.000113719
63   -0.492694   -0.493483 0.000112619
64   -0.492677    -0.49347 0.000111558
65   -0.492995   -0.493463 0.000110072
66   -0.494565    -0.49348 0.000109669
67   -0.492979   -0.493472 0.000108278
68   -0.492189   -0.493453  0.00010833
69    -0.49393    -0.49346 0.000106972
70   -0.492763    -0.49345 0.000105902
71   -0.493654   -0.493453 0.000104439
72   -0.492755   -0.493443 0.000103433
73   -0.492846   -0.493435 0.000102334
74   -0.493056    -0.49343 0.000101071
75   -0.492374   -0.493416 0.000100703
76   -0.492374   -0.493402  0.00010031
77   -0.494277   -0.493414  9.9648e-05
78   -0.493512   -0.493415 9.83703e-05
79   -0.491805   -0.493395 9.92326e-05
80   -0.493222   -0.493392  9.8008e-05
81   -0.493394   -0.493392 9.67904e-05
82   -0.492875   -0.493386 9.58106e-05
83   -0.493893   -0.493392 9.48459e-05
84   -0.491299   -0.493367 9.69659e-05
85   -0.494067   -0.493375 9.61715e-05
86   -0.493822   -0.493381 9.51886e-05
87   -0.491981   -0.493365 9.54541e-05
88    -0.49443   -0.493377 9.51373e-05
89   -0.493136   -0.493374 9.41011e-05
90    -0.49389    -0.49338 9.32258e-05
91   -0.493426    -0.49338 9.21971e-05
92   -0.494253    -0.49339 9.16813e-05
93   -0.492888   -0.493384 9.08505e-05
94   -0.493246   -0.493383 8.98907e-05
95   -0.493448   -0.493384 8.89421e-05
96   -0.494189   -0.493392 8.84096e-05
97   -0.493666   -0.493395 8.75389e-05
98   -0.494298   -0.493404 8.71295e-05
99   -0.492827   -0.493398 8.64414e-05
100   -0.493944   -0.493404 8.57466e-05
101   -0.492126   -0.493391   8.583e-05
102   -0.494376   -0.493401 8.55313e-05
103   -0.493586   -0.493402 8.47159e-05
104    -0.49263   -0.493395 8.42251e-05
105   -0.495434   -0.493414 8.56487e-05
106   -0.492307   -0.493404 8.54775e-05
107   -0.493938   -0.493409 8.48216e-05
108   -0.492656   -0.493402 8.43213e-05
109   -0.492138    -0.49339 8.43455e-05
110   -0.493776   -0.493394 8.36487e-05
111   -0.493301   -0.493393 8.28959e-05
112   -0.493317   -0.493392 8.21553e-05
113   -0.493021   -0.493389 8.14914e-05
114   -0.492974   -0.493385 8.08552e-05
115   -0.494022   -0.493391 8.03402e-05
116    -0.49357   -0.493393 7.96595e-05
117   -0.493061    -0.49339 7.90266e-05
118   -0.493696   -0.493392  7.8397e-05
119   -0.493805   -0.493396 7.78127e-05
120   -0.492669    -0.49339 7.73989e-05
121   -0.493835   -0.493393 7.68449e-05
122   -0.494296   -0.493401 7.65707e-05
123   -0.494901   -0.493413 7.69186e-05
124   -0.493691   -0.493415 7.63287e-05
125   -0.494563   -0.493424 7.62706e-05
126    -0.49343   -0.493424 7.56628e-05
127   -0.493088   -0.493422 7.51114e-05
128   -0.492322   -0.493413 7.50164e-05
129    -0.49232   -0.493405 7.49134e-05
130   -0.494213   -0.493411 7.45944e-05
131   -0.492915   -0.493407 7.41194e-05
132   -0.492742   -0.493402  7.3728e-05
133   -0.494528   -0.493411 7.36596e-05
134   -0.493614   -0.493412 7.31236e-05
135   -0.493874   -0.493416 7.26604e-05
136   -0.492707    -0.49341  7.2312e-05
137   -0.492939   -0.493407 7.18645e-05
138   -0.492922   -0.493403 7.14285e-05
139   -0.494003   -0.493408 7.10439e-05
140   -0.492946   -0.493404 7.06118e-05
141   -0.493488   -0.493405 7.01118e-05
142   -0.492546   -0.493399 6.98788e-05
143    -0.49325   -0.493398 6.93963e-05
144   -0.494544   -0.493406 6.93708e-05
145   -0.493558   -0.493407 6.88987e-05
146   -0.493666   -0.493409 6.84482e-05
147   -0.493539    -0.49341 6.79867e-05
148   -0.492957   -0.493406 6.75951e-05
149   -0.493365   -0.493406 6.71404e-05
150   -0.493277   -0.493405 6.66969e-05
151    -0.49227   -0.493398 6.66787e-05
152    -0.49283   -0.493394 6.63437e-05
153   -0.492578   -0.493389 6.61243e-05
154   -0.494013   -0.493393 6.58184e-05
155   -0.493389   -0.493393 6.53924e-05
156   -0.493258   -0.493392 6.49776e-05
157   -0.492848   -0.493388 6.46553e-05
158   -0.493219   -0.493387 6.42537e-05
159   -0.494558   -0.493395 6.42717e-05
160   -0.493922   -0.493398 6.39536e-05
161   -0.493269   -0.493397 6.35602e-05
162   -0.493261   -0.493396 6.31722e-05
163   -0.491974   -0.493388 6.33867e-05
164    -0.49328   -0.493387 6.30024e-05
165   -0.494014   -0.493391 6.27348e-05
166   -0.493291    -0.49339 6.23586e-05
167   -0.492891   -0.493387  6.2056e-05
168   -0.495533     -0.4934 6.29938e-05
169   -0.494378   -0.493406 6.28865e-05
170   -0.492642   -0.493401 6.26769e-05
171   -0.492246   -0.493395 6.26742e-05
172    -0.49337   -0.493394  6.2309e-05
173   -0.493411   -0.493394 6.19478e-05
174   -0.494067   -0.493398  6.1712e-05
175    -0.49271   -0.493394 6.14841e-05
176   -0.493306   -0.493394 6.11359e-05
177   -0.494714   -0.493401  6.1245e-05
178   -0.492238   -0.493395 6.12495e-05
179   -0.493194   -0.493394 6.09167e-05
180   -0.492584   -0.493389 6.07441e-05
181   -0.493794   -0.493391 6.04489e-05
182   -0.494488   -0.493397  6.0417e-05
183   -0.492854   -0.493395 6.01592e-05
184    -0.49355   -0.493395 5.98373e-05
185   -0.493827   -0.493398 5.95588e-05
186   -0.492302   -0.493392 5.95297e-05
187   -0.495088   -0.493401 5.99012e-05
188   -0.492517   -0.493396  5.9767e-05
189   -0.495026   -0.493405 6.00718e-05
190   -0.493451   -0.493405 5.97553e-05
191   -0.493995   -0.493408 5.95219e-05
192   -0.493838    -0.49341 5.92535e-05
193   -0.494408   -0.493416 5.91719e-05
194   -0.492683   -0.493412  5.8987e-05
195   -0.492365   -0.493406 5.89288e-05
196   -0.493306   -0.493406 5.86296e-05
197   -0.493232   -0.493405 5.83379e-05
198   -0.495229   -0.493414 5.87689e-05
199   -0.493056   -0.493412 5.85005e-05
200   -0.492091   -0.493406  5.8581e-05
