1    0.284413    0.284413           0
2    0.279114    0.281763  0.00264995
3    0.279734    0.281087  0.00167289
4    0.287398    0.282665  0.00197195
5    0.280649    0.282262  0.00157975
6    0.281679    0.282164  0.00129351
7    0.283757    0.282392  0.00111664
8    0.276828    0.281696  0.00119118
9    0.283228    0.281867  0.00106421
10    0.279356    0.281616 0.000984425
11    0.283669    0.281802 0.000909807
12    0.280985    0.281734 0.000833327
13    0.279813    0.281586 0.000780668
14    0.279701    0.281452 0.000735192
15    0.280177    0.281367 0.000689683
16    0.280516    0.281314 0.000647325
17    0.283802     0.28146 0.000625421
18    0.283134    0.281553  0.00059694
19    0.279368    0.281438 0.000576236
20    0.284747    0.281603 0.000571152
21    0.285185    0.281774 0.000569418
22    0.284109     0.28188 0.000553201
23    0.280155    0.281805 0.000533898
24    0.281538    0.281794 0.000511289
25    0.283594    0.281866 0.000495669
26    0.277148    0.281684 0.000509622
27    0.282077    0.281699   0.0004906
28    0.282485    0.281727 0.000473587
29     0.28333    0.281782 0.000460295
30     0.27995    0.281721  0.00044886
31    0.280593    0.281685 0.000435663
32     0.28011    0.281636 0.000424691
33    0.282698    0.281668 0.000412877
34      0.2816    0.281666 0.000400555
35    0.278682    0.281581 0.000398175
36    0.283459    0.281633 0.000390458
37    0.282125    0.281646 0.000379991
38    0.282629    0.281672  0.00037076
39    0.278867      0.2816  0.00036822
40    0.283871    0.281657 0.000363359
41    0.280938    0.281639 0.000354819
42    0.285054    0.281721 0.000355685
43    0.280086    0.281683 0.000349387
44    0.282467      0.2817 0.000341819
45    0.276094    0.281576 0.000356608
46    0.285001     0.28165 0.000356629
47    0.281287    0.281643 0.000349044
48    0.280122    0.281611  0.00034316
49    0.286803    0.281717 0.000352393
50     0.28149    0.281712 0.000345303
51    0.284167     0.28176  0.00034187
52    0.282418    0.281773 0.000335469
53    0.279967    0.281739 0.000330838
54      0.2801    0.281709 0.000326069
55    0.283607    0.281743 0.000321941
56    0.279941    0.281711 0.000317773
57    0.285251    0.281773 0.000318266
58    0.282784    0.281791 0.000313215
59    0.281218    0.281781 0.000308014
60    0.278305    0.281723 0.000308328
61    0.282976    0.281743 0.000303927
62    0.286336    0.281818 0.000308025
63    0.282343    0.281826 0.000303211
64    0.285352    0.281881 0.000303479
65    0.281212    0.281871  0.00029895
66    0.278475    0.281819 0.000298849
67    0.278386    0.281768 0.000298781
68    0.280649    0.281752 0.000294814
69    0.278113    0.281699 0.000295257
70    0.280798    0.281686 0.000291293
71    0.281981     0.28169 0.000287191
72     0.28445    0.281728 0.000285756
73    0.276925    0.281663 0.000289394
74    0.279995     0.28164 0.000286345
75    0.278798    0.281602  0.00028503
76    0.283333    0.281625 0.000282176
77    0.282063    0.281631 0.000278545
78    0.280113    0.281611 0.000275638
79     0.27829    0.281569 0.000275355
80     0.27916    0.281539 0.000273553
81    0.279681    0.281516 0.000271127
82    0.280707    0.281506 0.000267982
83    0.280728    0.281497 0.000264899
84    0.280951     0.28149 0.000261808
85    0.282229    0.281499 0.000258855
86    0.279433    0.281475 0.000256953
87    0.283741    0.281501 0.000255315
88    0.285935    0.281551 0.000257376
89     0.28261    0.281563 0.000254745
90    0.279429     0.28154 0.000253013
91    0.280456    0.281528   0.0002505
92    0.280193    0.281513 0.000248186
93    0.283635    0.281536 0.000246561
94    0.282502    0.281546  0.00024414
95    0.279309    0.281523 0.000242702
96    0.280156    0.281509 0.000240582
97    0.281987    0.281513  0.00023814
98    0.280746    0.281506 0.000235827
99    0.283329    0.281524 0.000234158
100    0.279898    0.281508 0.000232374
101    0.282912    0.281522 0.000230482
102    0.283575    0.281542 0.000229097
103     0.28272    0.281553  0.00022715
104     0.27554    0.281495 0.000232266
105     0.28473    0.281526 0.000232097
106    0.287009    0.281578 0.000235643
107     0.28177     0.28158 0.000233437
108    0.279547    0.281561  0.00023203
109    0.282053    0.281565 0.000229936
110    0.283142     0.28158 0.000228287
111    0.277248    0.281541 0.000229563
112    0.279213     0.28152 0.000228451
113    0.280223    0.281508 0.000226711
114    0.279773    0.281493 0.000225229
115    0.280869    0.281488 0.000223328
116    0.287867    0.281543 0.000228122
117    0.279536    0.281526 0.000226814
118    0.282197    0.281531 0.000224955
119    0.282364    0.281538 0.000223166
120    0.280286    0.281528 0.000221545
121    0.282927    0.281539  0.00022001
122    0.281028    0.281535 0.000218239
123    0.284641    0.281561 0.000217926
124    0.283878    0.281579 0.000216968
125    0.280267    0.281569 0.000215481
126    0.278779    0.281547 0.000214908
127    0.281185    0.281544 0.000213228
128    0.283404    0.281558 0.000212054
129    0.279176     0.28154 0.000211213
130    0.282326    0.281546 0.000209669
131    0.284083    0.281565 0.000208962
132    0.283344    0.281579  0.00020781
133    0.277701     0.28155 0.000208292
134    0.280917    0.281545 0.000206786
135    0.286187    0.281579  0.00020811
136    0.281515    0.281579 0.000206574
137    0.279724    0.281565 0.000205507
138    0.279137    0.281548  0.00020477
139    0.282148    0.281552 0.000203338
140    0.283839    0.281568  0.00020254
141    0.283346    0.281581 0.000201493
142    0.279676    0.281567 0.000200518
143    0.282073    0.281571 0.000199143
144    0.283926    0.281587  0.00019843
145    0.284297    0.281606  0.00019794
146    0.284782    0.281628  0.00019778
147    0.279462    0.281613 0.000196982
148    0.281786    0.281614  0.00019565
149    0.283045    0.281624 0.000194569
150    0.282296    0.281628  0.00019332
151    0.279067    0.281611 0.000192783
152    0.279415    0.281597 0.000192055
153    0.282661    0.281604 0.000190922
154    0.281053      0.2816 0.000189712
155    0.282069    0.281603 0.000188508
156    0.282955    0.281612 0.000187497
157    0.281845    0.281613 0.000186304
158    0.285745     0.28164 0.000186959
159    0.279866    0.281628 0.000186114
160    0.280978    0.281624 0.000184992
161    0.284127     0.28164 0.000184495
162     0.28009     0.28163 0.000183602
163    0.282534    0.281636 0.000182557
164    0.281696    0.281636  0.00018144
165    0.281498    0.281635 0.000180339
166    0.283472    0.281646 0.000179591
167    0.282365    0.281651 0.000178564
168    0.283468    0.281662 0.000177827
169    0.278753    0.281644 0.000177607
170    0.283105    0.281653 0.000176769
171      0.2842    0.281668 0.000176362
172    0.282031     0.28167 0.000175346
173    0.284683    0.281687 0.000175197
174    0.280887    0.281683 0.000174248
175    0.279168    0.281668 0.000173845
176    0.280325    0.281661 0.000173023
177    0.285577    0.281683 0.000173459
178    0.281026    0.281679 0.000172522
179    0.282061    0.281681 0.000171568
180    0.284146    0.281695 0.000171161
181    0.280495    0.281688 0.000170342
182    0.281402    0.281687 0.000169411
183    0.279871    0.281677 0.000168774
184    0.278846    0.281662 0.000168558
185    0.281273    0.281659 0.000167658
186    0.278859    0.281644 0.000167432
187    0.281286    0.281642 0.000166545
188    0.277926    0.281623 0.000166833
189    0.282041    0.281625 0.000165962
190    0.283981    0.281637 0.000165552
191    0.281188    0.281635   0.0001647
192    0.280989    0.281632 0.000163874
193    0.283492    0.281641 0.000163308
194    0.284974    0.281658  0.00016337
195    0.276046     0.28163 0.000165059
196    0.278191    0.281612 0.000165149
197    0.282292    0.281616 0.000164345
198    0.282443     0.28162 0.000163566
199    0.285301    0.281638  0.00016379
200    0.284129    0.281651 0.000163444
1    0.284145    0.284145           0
2    0.281574    0.282859  0.00128556
3    0.279991    0.281903  0.00121041
4    0.288883    0.283648  0.00194356
5    0.279881    0.282895  0.00168349
6    0.283883     0.28306   0.0013844
7    0.283462    0.283117  0.00117144
8     0.27661    0.282304  0.00130034
9    0.283112    0.282393   0.0011503
10     0.28341    0.282495  0.00103387
11    0.280997    0.282359 0.000945034
12    0.281346    0.282275 0.000866812
13    0.283551    0.282373 0.000803377
14    0.279588    0.282174 0.000769913
15    0.278315    0.281917 0.000761515
16    0.281479    0.281889 0.000712857
17    0.282881    0.281948 0.000672146
18    0.282722    0.281991 0.000635163
19    0.279617    0.281866 0.000613657
20    0.282193    0.281882 0.000582396
21    0.281341    0.281856 0.000554568
22    0.285669     0.28203 0.000556434
23    0.281039    0.281987 0.000533434
24    0.281988    0.281987 0.000510724
25    0.283633    0.282052 0.000494276
26    0.279496    0.281954 0.000484959
27    0.281787    0.281948 0.000466693
28    0.280996    0.281914 0.000450999
29     0.28575    0.282046  0.00045483
30    0.278328    0.281922 0.000456557
31    0.281707    0.281915 0.000441638
32    0.284031    0.281981 0.000432694
33    0.284531    0.282059 0.000426433
34    0.281989    0.282057 0.000413706
35    0.278549    0.281956 0.000414023
36    0.284596     0.28203 0.000408984
37    0.283255    0.282063 0.000399153
38    0.281576     0.28205 0.000388718
39    0.279313     0.28198  0.00038507
40     0.28349    0.282018 0.000377214
41    0.281638    0.282008 0.000368015
42    0.283274    0.282038 0.000360408
43     0.28107    0.282016 0.000352647
44    0.282235    0.282021 0.000344574
45    0.278352    0.281939 0.000346558
46    0.284301    0.281991 0.000342807
47    0.282304    0.281997   0.0003355
48    0.280251    0.281961 0.000330444
49    0.284182    0.282006 0.000326789
50     0.28333    0.282033 0.000321279
51    0.283597    0.282063 0.000316406
52     0.28502     0.28212 0.000315428
53    0.283695     0.28215 0.000310843
54    0.279778    0.282106 0.000308179
55    0.281024    0.282086 0.000303163
56    0.280759    0.282063 0.000298643
57    0.280256    0.282031 0.000295063
58    0.282404    0.282037 0.000290003
59     0.28118    0.282023 0.000285416
60    0.278923    0.281971 0.000285335
61    0.283694       0.282 0.000282035
62    0.283313    0.282021 0.000278257
63     0.28215    0.282023 0.000273812
64    0.284166    0.282056 0.000271572
65    0.278126    0.281996 0.000274114
66    0.279666     0.28196 0.000272227
67    0.279242     0.28192 0.000271186
68    0.281596    0.281915 0.000267211
69    0.280692    0.281897 0.000263906
70    0.283836    0.281925  0.00026158
71    0.283096    0.281942 0.000258396
72    0.284954    0.281983 0.000258195
73    0.281305    0.281974 0.000254803
74    0.280957     0.28196 0.000251712
75    0.277826    0.281905 0.000254378
76    0.282828    0.281917 0.000251302
77    0.281871    0.281917 0.000248018
78    0.282606    0.281926 0.000244977
79    0.279561    0.281896 0.000243701
80    0.281733    0.281894 0.000240644
81     0.28055    0.281877 0.000238233
82     0.27997    0.281854 0.000236456
83    0.283452    0.281873 0.000234382
84    0.281294    0.281866 0.000231678
85    0.280377    0.281849 0.000229605
86    0.280264     0.28183 0.000227667
87    0.282737    0.281841 0.000225276
88     0.28295    0.281853 0.000223058
89    0.283149    0.281868 0.000221018
90     0.27955    0.281842 0.000220061
91    0.279646    0.281818 0.000218963
92    0.280584    0.281805 0.000216985
93    0.282997    0.281817 0.000215022
94    0.281964    0.281819 0.000212728
95    0.276618    0.281764  0.00021748
96    0.282482    0.281772 0.000215333
97    0.281193    0.281766 0.000213185
98    0.280545    0.281753 0.000211365
99    0.283674    0.281773 0.000210117
100    0.280434    0.281759 0.000208435
101    0.283142    0.281773 0.000206815
102    0.279017    0.281746 0.000206552
103    0.281852    0.281747  0.00020454
104    0.279189    0.281722 0.000204051
105    0.283483    0.281739 0.000202793
106    0.285033     0.28177  0.00020326
107    0.280065    0.281754 0.000201981
108    0.279393    0.281732 0.000201293
109    0.280579    0.281722 0.000199718
110    0.281349    0.281718 0.000197923
111    0.276505    0.281671 0.000201678
112    0.278729    0.281645 0.000201588
113    0.282589    0.281654 0.000199971
114    0.277432    0.281617 0.000201638
115     0.27922    0.281596 0.000200961
116     0.28589    0.281633 0.000202632
117    0.282109    0.281637 0.000200934
118    0.282184    0.281641 0.000199278
119    0.284603    0.281666 0.000199158
120    0.284186    0.281687 0.000198604
121    0.280345    0.281676 0.000197268
122    0.280444    0.281666 0.000195905
123    0.283352     0.28168 0.000194788
124    0.284754    0.281705 0.000194796
125    0.279977    0.281691 0.000193725
126    0.280308     0.28168 0.000192494
127    0.280434     0.28167 0.000191224
128    0.283328    0.281683 0.000190166
129    0.280754    0.281676 0.000188824
130     0.28044    0.281666 0.000187606
131    0.283416     0.28168 0.000186647
132    0.284252    0.281699  0.00018625
133    0.279695    0.281684 0.000185458
134     0.28031    0.281674 0.000184354
135    0.286062    0.281706 0.000185848
136    0.281287    0.281703 0.000184502
137    0.279481    0.281687 0.000183867
138    0.278995    0.281667  0.00018357
139    0.280624     0.28166 0.000182399
140    0.284884    0.281683  0.00018255
141    0.283119    0.281693 0.000181537
142    0.277396    0.281663 0.000182776
143    0.282414    0.281668  0.00018157
144    0.282535    0.281674 0.000180405
145    0.283415    0.281686 0.000179558
146    0.285435    0.281712 0.000180163
147    0.281185    0.281708 0.000178969
148    0.282631    0.281715 0.000177865
149    0.281313    0.281712 0.000176688
150     0.28276    0.281719 0.000175645
151    0.280654    0.281712  0.00017462
152    0.279879      0.2817 0.000173886
153    0.283141    0.281709 0.000173003
154    0.282522    0.281714 0.000171957
155     0.28312    0.281723 0.000171084
156    0.279075    0.281707  0.00017083
157    0.282068    0.281709 0.000169754
158    0.284767    0.281728 0.000169783
159    0.280939    0.281723 0.000168785
160    0.281517    0.281722 0.000167731
161    0.284393    0.281738  0.00016751
162    0.280752    0.281732 0.000166584
163    0.279034    0.281716 0.000166385
164    0.280751     0.28171 0.000165472
165    0.280973    0.281706 0.000164526
166    0.283744    0.281718 0.000163992
167    0.283441    0.281728 0.000163334
168    0.281033    0.281724 0.000162412
169    0.279055    0.281708 0.000162218
170    0.282632    0.281714 0.000161353
171    0.283275    0.281723 0.000160666
172    0.284121    0.281737 0.000160337
173    0.280642     0.28173 0.000159533
174    0.281591     0.28173 0.000158615
175    0.278375     0.28171 0.000158867
176    0.279916      0.2817  0.00015829
177    0.284976    0.281719 0.000158478
178    0.282669    0.281724 0.000157675
179    0.281128    0.281721 0.000156827
180    0.284025    0.281734 0.000156478
181    0.280331    0.281726 0.000155804
182    0.283823    0.281737 0.000155374
183    0.279521    0.281725 0.000154996
184    0.281646    0.281725 0.000154152
185    0.282196    0.281727 0.000153338
186     0.27845     0.28171 0.000153525
187    0.283161    0.281717 0.000152899
188    0.278574    0.281701    0.000153
189    0.280153    0.281693 0.000152409
190    0.280035    0.281684 0.000151855
191    0.281475    0.281683 0.000151062
192    0.281661    0.281683 0.000150273
193    0.283019     0.28169 0.000149653
194    0.285361    0.281708 0.000150078
195    0.276097     0.28168 0.000152054
196    0.280645    0.281674 0.000151368
197    0.280515    0.281669 0.000150713
198    0.282334    0.281672 0.000149988
199    0.285585    0.281692 0.000150522
200    0.282973    0.281698 0.000149904
