1   -0.567538   -0.567538           0
2   -0.570141   -0.568839   0.0013016
3   -0.568395   -0.568691 0.000765914
4   -0.567867   -0.568485 0.000579438
5    -0.56917   -0.568622 0.000469239
6   -0.566658   -0.568295 0.000503974
7    -0.56929   -0.568437 0.000449025
8   -0.567168   -0.568278 0.000419966
9   -0.570338   -0.568507 0.000435359
10    -0.56859   -0.568515 0.000389486
11   -0.569242   -0.568581 0.000358436
12   -0.567992   -0.568532 0.000330872
13   -0.568886    -0.56856 0.000305574
14   -0.566347   -0.568401 0.000324048
15   -0.568066   -0.568379 0.000302502
16   -0.569155   -0.568428 0.000287093
17   -0.567098   -0.568349 0.000280796
18   -0.568648   -0.568366 0.000265256
19   -0.569638   -0.568433 0.000259691
20   -0.568827   -0.568453 0.000247152
21    -0.56875   -0.568467 0.000235516
22   -0.568675   -0.568476 0.000224755
23   -0.568941   -0.568496 0.000215708
24   -0.568802   -0.568509 0.000206916
25   -0.568462   -0.568507 0.000198476
26   -0.568699   -0.568515 0.000190832
27   -0.567546   -0.568479 0.000187103
28   -0.568046   -0.568463 0.000180957
29   -0.567493    -0.56843 0.000177785
30   -0.566085   -0.568352 0.000188708
31   -0.568646   -0.568361 0.000182767
32   -0.568538   -0.568367 0.000177049
33   -0.569232   -0.568393 0.000173591
34   -0.567691   -0.568372 0.000169669
35   -0.568416   -0.568374 0.000164754
36   -0.567709   -0.568355 0.000161174
37   -0.568165    -0.56835 0.000156842
38    -0.56941   -0.568378 0.000155184
39   -0.569246     -0.5684 0.000152785
40   -0.569354   -0.568424 0.000150812
41    -0.56824   -0.568419 0.000147156
42   -0.568043   -0.568411 0.000143889
43   -0.567856   -0.568398 0.000141093
44   -0.568365   -0.568397 0.000137851
45   -0.568741   -0.568405  0.00013497
46    -0.56867    -0.56841 0.000132129
47   -0.568658   -0.568416 0.000129394
48   -0.568696   -0.568421 0.000126805
49   -0.568227   -0.568417 0.000124253
50   -0.567022    -0.56839 0.000124899
51   -0.567542   -0.568373 0.000123547
52    -0.56763   -0.568359 0.000121987
53    -0.56917   -0.568374 0.000120637
54   -0.569198   -0.568389 0.000119362
55   -0.568379   -0.568389 0.000117172
56   -0.568163   -0.568385 0.000115132
57   -0.567802   -0.568375 0.000113556
58   -0.569006   -0.568386 0.000112111
59    -0.56969   -0.568408 0.000112389
60   -0.568886   -0.568416 0.000110787
61   -0.569256    -0.56843 0.000109823
62   -0.568174   -0.568425 0.000108116
63   -0.568024   -0.568419 0.000106577
64   -0.567851    -0.56841 0.000105273
65   -0.566933   -0.568387 0.000106103
66   -0.570013   -0.568412 0.000107346
67   -0.567792   -0.568403 0.000106136
68   -0.567038   -0.568383 0.000106471
69   -0.568771   -0.568388 0.000105068
70   -0.567341   -0.568373 0.000104632
71   -0.567749   -0.568365 0.000103522
72   -0.567922   -0.568358 0.000102259
73   -0.569058   -0.568368 0.000101303
74   -0.567336   -0.568354 0.000100893
75   -0.567536   -0.568343 0.000100134
76   -0.568552   -0.568346 9.88463e-05
77   -0.570432   -0.568373 0.000101246
78   -0.568646   -0.568377 0.000100001
79   -0.568005   -0.568372 9.88392e-05
80    -0.56937   -0.568384 9.83897e-05
81   -0.569026   -0.568392 9.74894e-05
82   -0.567598   -0.568383 9.67786e-05
83   -0.568152    -0.56838 9.56458e-05
84    -0.56733   -0.568367 9.53236e-05
85   -0.568203   -0.568365 9.42153e-05
86   -0.568462   -0.568366 9.31201e-05
87   -0.567824    -0.56836 9.22545e-05
88    -0.56807   -0.568357 9.12596e-05
89   -0.568243   -0.568356 9.02374e-05
90   -0.568275   -0.568355 8.92336e-05
91    -0.56873   -0.568359 8.83437e-05
92   -0.569733   -0.568374 8.86452e-05
93    -0.56875   -0.568378 8.77803e-05
94   -0.567766   -0.568371 8.70847e-05
95   -0.567707   -0.568364 8.64463e-05
96   -0.569163   -0.568373 8.59449e-05
97   -0.568696   -0.568376 8.51195e-05
98   -0.569208   -0.568384 8.46732e-05
99   -0.568307   -0.568384 8.38171e-05
100   -0.567392   -0.568374 8.35653e-05
101   -0.567416   -0.568364 8.32755e-05
102   -0.568576   -0.568366 8.24811e-05
103   -0.569106   -0.568374 8.19911e-05
104   -0.567779   -0.568368 8.13998e-05
105   -0.570582   -0.568389 8.33339e-05
106   -0.567294   -0.568379 8.31874e-05
107    -0.56929   -0.568387 8.28449e-05
108   -0.567973   -0.568383 8.21638e-05
109   -0.568541   -0.568385 8.14194e-05
110   -0.569726   -0.568397 8.15926e-05
111   -0.567998   -0.568393 8.09339e-05
112   -0.568451   -0.568394 8.02097e-05
113   -0.568579   -0.568395 7.95136e-05
114      -0.568   -0.568392 7.88893e-05
115   -0.568912   -0.568397 7.83309e-05
116   -0.568818     -0.5684 7.77375e-05
117   -0.569309   -0.568408 7.74605e-05
118   -0.568014   -0.568405 7.68736e-05
119   -0.567701   -0.568399  7.6454e-05
120   -0.569323   -0.568406 7.62047e-05
121   -0.568749   -0.568409 7.56252e-05
122   -0.570262   -0.568424 7.65255e-05
123   -0.569878   -0.568436 7.68158e-05
124   -0.568336   -0.568435 7.61981e-05
125   -0.568984    -0.56844 7.57133e-05
126   -0.568669   -0.568442  7.5132e-05
127   -0.568358   -0.568441 7.45409e-05
128   -0.567746   -0.568436 7.41556e-05
129    -0.56839   -0.568435 7.35793e-05
130   -0.569189   -0.568441 7.32409e-05
131   -0.567789   -0.568436   7.285e-05
132   -0.568626   -0.568437 7.23102e-05
133   -0.570502   -0.568453 7.34247e-05
134   -0.569906   -0.568464 7.36766e-05
135   -0.568421   -0.568464 7.31295e-05
136   -0.566749   -0.568451 7.36766e-05
137    -0.56827    -0.56845 7.31487e-05
138   -0.567645   -0.568444 7.28505e-05
139   -0.568808   -0.568446  7.2372e-05
140   -0.567669   -0.568441 7.20675e-05
141   -0.568318    -0.56844 7.15598e-05
142   -0.567725   -0.568435 7.12324e-05
143   -0.567955   -0.568432  7.0812e-05
144   -0.569184   -0.568437 7.05124e-05
145   -0.568702   -0.568439 7.00484e-05
146   -0.567568   -0.568433  6.9822e-05
147   -0.568739   -0.568435 6.93768e-05
148   -0.569682   -0.568443 6.94195e-05
149    -0.56879   -0.568445 6.89914e-05
150   -0.568842   -0.568448 6.85808e-05
151   -0.569659   -0.568456 6.85956e-05
152    -0.56881   -0.568458 6.81825e-05
153   -0.568094   -0.568456 6.77772e-05
154   -0.567683   -0.568451 6.75224e-05
155   -0.567722   -0.568446 6.72502e-05
156   -0.569635   -0.568454 6.72509e-05
157    -0.56632    -0.56844 6.81896e-05
158   -0.567674   -0.568436 6.79302e-05
159   -0.569579   -0.568443 6.78838e-05
160     -0.5682   -0.568441 6.74752e-05
161   -0.569502   -0.568448  6.7378e-05
162   -0.568488   -0.568448 6.69612e-05
163     -0.5678   -0.568444 6.66678e-05
164   -0.568314   -0.568443 6.62649e-05
165   -0.568467   -0.568443 6.58622e-05
166   -0.568416   -0.568443 6.54644e-05
167   -0.568622   -0.568444 6.50801e-05
168   -0.571114    -0.56846 6.66141e-05
169   -0.568813   -0.568462 6.62516e-05
170   -0.568886   -0.568465  6.5908e-05
171   -0.568064   -0.568462 6.55633e-05
172   -0.569317   -0.568467   6.537e-05
173   -0.567958   -0.568464 6.50576e-05
174   -0.568978   -0.568467 6.47498e-05
175   -0.568275   -0.568466 6.43881e-05
176   -0.568827   -0.568468 6.40541e-05
177   -0.569459   -0.568474 6.39367e-05
178   -0.567115   -0.568466 6.40331e-05
179   -0.567928   -0.568463 6.37454e-05
180   -0.568331   -0.568463 6.33945e-05
181   -0.568195   -0.568461 6.30606e-05
182   -0.567158   -0.568454 6.31203e-05
183   -0.567946   -0.568451 6.28359e-05
184   -0.568078   -0.568449 6.25263e-05
185   -0.568998   -0.568452 6.22582e-05
186    -0.56832   -0.568451 6.19267e-05
187   -0.569021   -0.568454 6.16698e-05
188   -0.568416   -0.568454 6.13413e-05
189   -0.568955   -0.568457 6.10734e-05
190    -0.56933   -0.568462 6.09245e-05
191   -0.568458   -0.568461 6.06047e-05
192   -0.569019   -0.568464 6.03581e-05
193   -0.569744   -0.568471 6.04095e-05
194   -0.567005   -0.568463 6.05707e-05
195   -0.568757   -0.568465  6.0278e-05
196   -0.569274   -0.568469 6.01114e-05
197   -0.568618    -0.56847 5.98103e-05
198   -0.570342   -0.568479 6.02543e-05
199   -0.568682    -0.56848 5.99593e-05
200   -0.567811   -0.568477 5.97525e-05
1   -0.567493   -0.567493           0
2    -0.56981   -0.568651   0.0011584
3   -0.569107   -0.568803 0.000685858
4   -0.568142   -0.568638 0.000512339
5   -0.569003   -0.568711 0.000403522
6   -0.566758   -0.568386 0.000463103
7   -0.568931   -0.568464 0.000399079
8   -0.566894   -0.568267 0.000397391
9   -0.570542    -0.56852 0.000432115
10   -0.568546   -0.568523 0.000386504
11   -0.569221   -0.568586 0.000355319
12   -0.568058   -0.568542 0.000327338
13   -0.568432   -0.568534 0.000301226
14   -0.565998   -0.568353 0.000332518
15   -0.567666   -0.568307 0.000312927
16   -0.568491   -0.568318 0.000292943
17   -0.567022   -0.568242 0.000285536
18   -0.569184   -0.568294 0.000274245
19   -0.569696   -0.568368 0.000269694
20    -0.56876   -0.568388 0.000256603
21   -0.569003   -0.568417 0.000245832
22   -0.568005   -0.568398 0.000235139
23    -0.56887   -0.568419 0.000225619
24   -0.568347   -0.568416 0.000216034
25   -0.569211   -0.568448 0.000209641
26    -0.56869   -0.568457 0.000201631
27   -0.567722    -0.56843 0.000195922
28   -0.568666   -0.568438 0.000188983
29   -0.567454   -0.568404 0.000185478
30   -0.566181    -0.56833 0.000193912
31   -0.569035   -0.568353 0.000188926
32   -0.568774   -0.568366 0.000183401
33   -0.568328   -0.568365  0.00017776
34   -0.567418   -0.568337 0.000174689
35   -0.568787    -0.56835 0.000170111
36     -0.5678   -0.568335 0.000166023
37    -0.56835   -0.568335 0.000161474
38   -0.569554   -0.568367 0.000160405
39   -0.568782   -0.568378   0.0001566
40   -0.569374   -0.568403 0.000154655
41   -0.567997   -0.568393 0.000151161
42   -0.567686   -0.568376 0.000148473
43     -0.5672   -0.568349 0.000147536
44   -0.567982    -0.56834 0.000144384
45   -0.568491   -0.568344 0.000141179
46   -0.569008   -0.568358 0.000138829
47   -0.568389   -0.568359 0.000135845
48   -0.568483   -0.568361  0.00013301
49   -0.568592   -0.568366 0.000130352
50   -0.567107   -0.568341 0.000130176
51   -0.567158   -0.568318 0.000129688
52    -0.56805   -0.568313 0.000127274
53    -0.56961   -0.568337 0.000127225
54   -0.569411   -0.568357 0.000126422
55   -0.568114   -0.568352 0.000124181
56   -0.568494   -0.568355 0.000121969
57   -0.567826   -0.568346  0.00012017
58   -0.569733    -0.56837 0.000120477
59   -0.569797   -0.568394 0.000120863
60   -0.569014   -0.568404 0.000119281
61   -0.569587   -0.568424 0.000118902
62   -0.568427   -0.568424 0.000116968
63   -0.567736   -0.568413 0.000115613
64   -0.567408   -0.568397  0.00011487
65    -0.56735   -0.568381 0.000114229
66   -0.569733   -0.568401 0.000114335
67     -0.5676   -0.568389 0.000113249
68   -0.566933   -0.568368 0.000113609
69   -0.568973   -0.568377 0.000112293
70    -0.56696   -0.568357 0.000112512
71    -0.56789    -0.56835 0.000111111
72   -0.567974   -0.568345 0.000109681
73   -0.568562   -0.568348 0.000108209
74   -0.567701   -0.568339 0.000107094
75   -0.567662    -0.56833 0.000106041
76   -0.568458   -0.568332  0.00010465
77     -0.5698   -0.568351 0.000105028
78   -0.568347   -0.568351 0.000103672
79   -0.567818   -0.568344 0.000102574
80    -0.56888   -0.568351 0.000101505
81   -0.567906   -0.568345 0.000100395
82   -0.567469   -0.568334 9.97368e-05
83   -0.568038   -0.568331 9.85924e-05
84   -0.567664   -0.568323 9.77345e-05
85   -0.568104    -0.56832 9.66122e-05
86   -0.568478   -0.568322 9.54999e-05
87   -0.568088   -0.568319 9.44342e-05
88   -0.568714   -0.568324 9.34622e-05
89   -0.568605   -0.568327   9.246e-05
90   -0.568045   -0.568324 9.14807e-05
91   -0.568934   -0.568331 9.07182e-05
92   -0.569018   -0.568338 9.00368e-05
93    -0.56892   -0.568344 8.92829e-05
94   -0.568168   -0.568343 8.83479e-05
95   -0.567403   -0.568333 8.79704e-05
96    -0.56887   -0.568338 8.72293e-05
97   -0.568397   -0.568339 8.63274e-05
98   -0.569438    -0.56835 8.61755e-05
99   -0.568962   -0.568356  8.5524e-05
100   -0.567205   -0.568345 8.54438e-05
101   -0.567059   -0.568332 8.55458e-05
102   -0.569035   -0.568339 8.49831e-05
103   -0.569381   -0.568349 8.47597e-05
104   -0.566627   -0.568332 8.55579e-05
105   -0.570763   -0.568356 8.78444e-05
106    -0.56755   -0.568348 8.73427e-05
107   -0.568853   -0.568353 8.66511e-05
108   -0.568067    -0.56835 8.58857e-05
109    -0.56817   -0.568348 8.51102e-05
110    -0.56972   -0.568361 8.52497e-05
111   -0.567957   -0.568357 8.45566e-05
112   -0.568555   -0.568359 8.38169e-05
113   -0.568501    -0.56836 8.30813e-05
114   -0.567627   -0.568354    8.26e-05
115   -0.569118   -0.568361  8.2148e-05
116   -0.568918   -0.568365 8.15787e-05
117   -0.568986   -0.568371  8.1052e-05
118   -0.567861   -0.568366 8.04782e-05
119   -0.567678   -0.568361 8.00082e-05
120   -0.569227   -0.568368 7.96667e-05
121    -0.56896   -0.568373  7.9157e-05
122   -0.569558   -0.568382 7.91049e-05
123   -0.569576   -0.568392  7.9057e-05
124   -0.568645   -0.568394 7.84434e-05
125   -0.569032   -0.568399 7.79804e-05
126   -0.568712   -0.568402 7.73989e-05
127   -0.568403   -0.568402  7.6787e-05
128   -0.567533   -0.568395 7.64866e-05
129   -0.568013   -0.568392 7.59492e-05
130   -0.569421     -0.5684 7.57771e-05
131   -0.567421   -0.568392 7.55669e-05
132   -0.568709   -0.568395 7.50305e-05
133   -0.570139   -0.568408 7.56106e-05
134   -0.569442   -0.568416 7.54396e-05
135   -0.568245   -0.568414 7.48894e-05
136   -0.567309   -0.568406 7.47799e-05
137   -0.567949   -0.568403 7.43071e-05
138   -0.567936   -0.568399 7.38442e-05
139   -0.568824   -0.568403 7.33746e-05
140   -0.567928   -0.568399 7.29274e-05
141    -0.56885   -0.568402 7.24788e-05
142   -0.567506   -0.568396 7.22431e-05
143   -0.568286   -0.568395 7.17402e-05
144    -0.56924   -0.568401 7.14814e-05
145   -0.568381   -0.568401 7.09869e-05
146   -0.567661   -0.568396  7.0681e-05
147   -0.568922   -0.568399 7.02896e-05
148    -0.56939   -0.568406 7.01334e-05
149   -0.568979    -0.56841 6.97672e-05
150   -0.569469   -0.568417  6.9659e-05
151   -0.569282   -0.568423 6.94326e-05
152   -0.568362   -0.568422 6.89755e-05
153   -0.567899   -0.568419 6.86084e-05
154   -0.568312   -0.568418  6.8165e-05
155   -0.568339   -0.568418 6.77257e-05
156   -0.569091   -0.568422 6.74285e-05
157    -0.56656    -0.56841 6.80394e-05
158    -0.56748   -0.568404 6.78633e-05
159   -0.569109   -0.568409 6.75805e-05
160   -0.568459   -0.568409 6.71575e-05
161   -0.568862   -0.568412 6.67985e-05
162   -0.568454   -0.568412 6.63854e-05
163    -0.56755   -0.568407 6.61883e-05
164   -0.567794   -0.568403 6.58897e-05
165   -0.567683   -0.568399 6.56344e-05
166   -0.568931   -0.568402 6.53166e-05
167   -0.568547   -0.568403 6.49301e-05
168   -0.571171   -0.568419 6.66127e-05
169    -0.56817   -0.568418 6.62339e-05
170   -0.568117   -0.568416 6.58669e-05
171   -0.568656   -0.568418 6.54956e-05
172   -0.569557   -0.568424 6.54498e-05
173    -0.56831   -0.568423 6.50737e-05
174   -0.568744   -0.568425 6.47248e-05
175   -0.567891   -0.568422 6.44263e-05
176   -0.567808   -0.568419 6.41542e-05
177   -0.570061   -0.568428 6.44617e-05
178   -0.567214   -0.568421 6.44602e-05
179   -0.568008   -0.568419 6.41406e-05
180    -0.56831   -0.568418 6.37861e-05
181   -0.568224   -0.568417 6.34418e-05
182   -0.567635   -0.568413 6.32384e-05
183   -0.568824   -0.568415  6.2932e-05
184   -0.568006   -0.568413 6.26285e-05
185   -0.569346   -0.568418 6.24927e-05
186    -0.56827   -0.568417 6.21609e-05
187   -0.569232   -0.568422 6.19809e-05
188   -0.567888   -0.568419 6.17156e-05
189   -0.569338   -0.568424 6.15804e-05
190   -0.569325   -0.568428 6.14388e-05
191   -0.568165   -0.568427 6.11319e-05
192   -0.569059    -0.56843 6.09017e-05
193   -0.570002   -0.568438   6.113e-05
194    -0.56712   -0.568432 6.11926e-05
195    -0.56863   -0.568433 6.08865e-05
196    -0.56904   -0.568436 6.06543e-05
197   -0.569115   -0.568439 6.04441e-05
198   -0.570285   -0.568448 6.08562e-05
199   -0.568237   -0.568447 6.05589e-05
200   -0.567794   -0.568444  6.0344e-05
