8.49931           0
8.4954  0.00390821
8.62211    0.126725
8.67556    0.104341
8.68298   0.0811618
8.73925    0.086938
8.72042   0.0758516
8.7194   0.0656972
8.70691   0.0592711
8.6703   0.0644254
8.68889   0.0611687
8.68512   0.0559667
8.69622   0.0526648
8.68585   0.0498474
8.67321   0.0480962
8.67367   0.0449922
8.67476   0.0422767
8.67968   0.0401612
8.69578   0.0412618
8.69345   0.0392138
8.68477   0.0382964
8.67439   0.0379624
8.6794   0.0366191
8.67526   0.0353037
8.65919   0.0374819
8.65656   0.0361073
8.65574   0.0347539
8.64981   0.0340105
8.66531   0.0362928
8.67141   0.0355883
8.67181   0.0344235
8.66618   0.0338026
8.67438   0.0337729
8.67992   0.0332303
8.68016   0.0322678
8.68139    0.031383
8.68297   0.0305636
8.68434   0.0297798
8.68408   0.0290073
8.68104   0.0284351
8.67866   0.0278347
8.67138   0.0281225
8.67788   0.0282194
8.68811   0.0294067
8.69183   0.0289855
8.69466    0.028489
8.69606   0.0279112
8.68718   0.0287288
8.68046   0.0289272
8.68423   0.0285924
8.68154   0.0281554
8.6808   0.0276185
8.67988   0.0271078
8.68684   0.0274941
8.69127   0.0273524
8.68826   0.0270277
8.69155   0.0267518
8.68798   0.0265279
8.68411   0.0263599
8.67627   0.0270761
8.67901   0.0267693
8.68074   0.0263907
8.68001   0.0259787
8.67599   0.0258832
8.67706   0.0255041
8.67649   0.0251211
8.67428   0.0248425
8.6773   0.0246601
8.67216   0.0248363
8.67317   0.0244998
8.67845   0.0247212
8.67415   0.0247515
8.6721   0.0244961
8.67003   0.0242514
8.6694    0.023934
8.67019     0.02363
8.66689   0.0235524
8.67184   0.0237684
8.67185   0.0234656
8.67019   0.0232295
8.66627    0.023274
8.66844   0.0230912
8.67212   0.0231063
8.6708   0.0228677
8.66808   0.0227603
8.67005     0.02258
8.67087   0.0223341
8.66842   0.0222147
8.66579   0.0221211
8.6617   0.0222521
8.66192   0.0220073
8.65838   0.0220539
8.65989   0.0218678
8.6608    0.021653
8.65769   0.0216482
8.65607   0.0214828
8.65748   0.0213071
8.65647    0.021113
8.65518   0.0209381
8.65462   0.0207354
8.65535   0.0205423
8.65398   0.0203864
8.65086   0.0204273
8.64837   0.0203819
8.64729   0.0202157
8.64689   0.0200281
8.64679   0.0198403
8.64623   0.0196638
8.64862   0.0196288
8.64971   0.0194801
8.65114   0.0193567
8.65257   0.0192359
8.65289   0.0190676
8.65315   0.0189014
8.65407   0.0187592
8.65459   0.0186038
8.65701   0.0186025
8.65496    0.018558
8.6504   0.0189563
8.65091   0.0188044
8.64964   0.0186914
8.64974   0.0185378
8.64749   0.0185232
8.64561   0.0184689
8.6418   0.0187135
8.64486   0.0188149
8.6426   0.0188024
8.6418    0.018672
8.64498   0.0187983
8.64683    0.018744
8.64655   0.0186025
8.64659   0.0184611
8.64691   0.0183245
8.64782   0.0182103
8.64971   0.0181732
8.65076   0.0180698
8.64944   0.0179864
8.64891   0.0178635
8.65009   0.0177738
8.65375   0.0180226
8.65467   0.0179182
8.65541   0.0178068
8.65113   0.0181937
8.6502   0.0180905
8.65176   0.0180324
8.65216    0.017913
8.65294   0.0178078
8.65323   0.0176894
8.65311   0.0175706
8.652   0.0174883
8.65075   0.0174167
8.64754   0.0175979
8.64827   0.0174979
8.64955   0.0174303
8.64896   0.0173276
8.64839   0.0172254
8.64847   0.0171155
8.648   0.0170135
8.64751   0.0169132
8.64694   0.0168167
8.64883   0.0168184
8.65027   0.0167763
8.65101   0.0166894
8.65258   0.0166619
8.65279   0.0165619
8.65085   0.0165759
8.64922   0.0165572
8.64647   0.0166865
8.64636   0.0165878
8.64707   0.0165049
8.6468   0.0164102
8.64807   0.0163638
8.64812    0.016269
8.64949   0.0162326
8.64859   0.0161646
8.64885   0.0160747
8.64415    0.016662
8.64485   0.0165829
8.64468   0.0164908
8.64538   0.0164137
8.64533   0.0163228
8.64554   0.0162342
8.64501   0.0161543
8.64582    0.016087
8.64592   0.0160001
8.64493   0.0159444
8.64656   0.0159426
8.6459   0.0158715
8.64511   0.0158068
8.6464   0.0157761
8.64804   0.0157788
8.64722   0.0157181
8.64686   0.0156406
8.64548   0.0156208
8.64445   0.0155742
8.64461   0.0154953
8.64674   0.0155637
8.64581   0.0155134
8.64474    0.015472
8.64323    0.015468
8.46852           0
8.48456   0.0160345
8.61741    0.133176
8.6702    0.107959
8.68216   0.0844754
8.73614   0.0875859
8.71817   0.0761756
8.71594   0.0660075
8.70146   0.0599879
8.6643   0.0652624
8.68355   0.0620911
8.68032   0.0567733
8.6923   0.0535797
8.68213   0.0506357
8.6705   0.0485525
8.67124   0.0454226
8.6719   0.0426722
8.67753   0.0406244
8.69356   0.0416351
8.69201   0.0395289
8.68261   0.0387564
8.67211   0.0384141
8.67746   0.0370939
8.67312   0.0357797
8.65779   0.0375859
8.65513   0.0362093
8.6543   0.0348523
8.64793   0.0341839
8.66364   0.0365373
8.66995   0.0358579
8.67133   0.0347094
8.66529   0.0341469
8.67326   0.0340422
8.67897   0.0335156
8.67898    0.032544
8.68063   0.0316702
8.68271   0.0308723
8.68418   0.0300848
8.68379   0.0293058
8.6808   0.0287195
8.67821   0.0281301
8.67074   0.0284485
8.67724   0.0285282
8.6873   0.0296321
8.69123   0.0292318
8.69408   0.0287312
8.69519   0.0281349
8.68638   0.0289174
8.67994   0.0290429
8.68418     0.02877
8.68135   0.0283421
8.68053   0.0278036
8.6797   0.0272868
8.68659   0.0276489
8.69094   0.0274893
8.68771    0.027187
8.69103   0.0269112
8.68777   0.0266432
8.68393   0.0264679
8.67652   0.0270575
8.67933   0.0267584
8.68142   0.0264057
8.6808   0.0259905
8.67704   0.0258557
8.67818   0.0254804
8.67765    0.025097
8.67552   0.0248108
8.67839   0.0246105
8.67336   0.0247664
8.67442   0.0244329
8.67949    0.024614
8.67523   0.0246407
8.67295   0.0244075
8.671   0.0241539
8.67052   0.0238345
8.67146   0.0235375
8.66806    0.023477
8.67295   0.0236837
8.6726   0.0233845
8.67091   0.0231524
8.66709   0.0231812
8.66932   0.0230048
8.67296   0.0230157
8.67174   0.0227724
8.66902   0.0226676
8.67124   0.0225121
8.67201   0.0222653
8.66974   0.0221279
8.66711   0.0220357
8.66307   0.0221607
8.66334   0.0219176
8.65958   0.0220016
8.66118   0.0218228
8.66216   0.0216113
8.65897   0.0216184
8.65745   0.0214458
8.65883   0.0212679
8.65762   0.0210847
8.6563   0.0209122
8.65581   0.0207077
8.65663    0.020518
8.65523   0.0203642
8.65205   0.0204144
8.6492   0.0204172
8.64814   0.0202498
8.64754   0.0200666
8.64734   0.0198792
8.64659   0.0197085
8.64912     0.01969
8.65005   0.0195322
8.65148   0.0194078
8.65287   0.0192843
8.65324   0.0191164
8.65345   0.0189492
8.65435   0.0188054
8.6549   0.0186506
8.65726   0.0186405
8.65516   0.0186013
8.65053   0.0190156
8.65094   0.0188609
8.64974   0.0187425
8.64983   0.0185884
8.64763   0.0185666
8.6458   0.0185072
8.64218   0.0187115
8.64518   0.0188036
8.6431   0.0187715
8.64239   0.0186375
8.64535   0.0187268
8.64718   0.0186721
8.64688   0.0185314
8.64689   0.0183905
8.64723   0.0182549
8.64826   0.0181472
8.65024   0.0181216
8.65133   0.0180205
8.65002   0.0179364
8.64955   0.0178121
8.65072   0.0177225
8.6545   0.0179954
8.65545   0.0178927
8.65614   0.0177798
8.65181   0.0181795
8.6509   0.0180757
8.65233   0.0180073
8.65266   0.0178866
8.65344   0.0177816
8.65375   0.0176637
8.65362   0.0175452
8.6525   0.0174641
8.65126   0.0173918
8.64801   0.0175804
8.64876   0.0174813
8.64993   0.0174069
8.64919   0.0173104
8.64861   0.0172086
8.64876   0.0170993
8.64833   0.0169962
8.64796   0.0168931
8.6474   0.0167964
8.64927   0.0167957
8.65077   0.0167591
8.65148   0.0166711
8.65298   0.0166371
8.6533   0.0165391
8.6514   0.0165494
8.64972   0.0165349
8.64699   0.0166615
8.64692   0.0165628
8.64759   0.0164788
8.6473   0.0163847
8.64859   0.0163403
8.64867   0.0162458
8.65007   0.0162127
8.64923   0.0161414
8.64947   0.0160512
8.64486   0.0166137
8.64552   0.0165334
8.64526   0.0164429
8.6459    0.016364
8.64577   0.0162738
8.64602    0.016186
8.64548   0.0161063
8.64625    0.016037
8.64645   0.0159513
8.64538   0.0159015
8.64705   0.0159047
8.64625   0.0158404
8.64538   0.0157801
8.64655   0.0157406
8.64822   0.0157468
8.64732   0.0156907
8.64697   0.0156132
8.64568   0.0155857
8.64467   0.0155386
8.64488   0.0154606
8.64707   0.0155378
8.64619   0.0154843
8.64514   0.0154418
8.64362   0.0154395
