1     28.1978    0.563957           0
2     24.7514    0.529492   0.0344648
3     26.4715    0.529471   0.0198983
4     26.0371    0.527289   0.0142385
5     28.9196     0.53751   0.0150367
6     24.1126      0.5283   0.0153477
7     27.4072    0.531135   0.0132773
8       26.63    0.531318      0.0115
9     28.6504     0.53595   0.0111498
10     27.9384    0.538232   0.0102303
11     26.4404    0.537375  0.00929328
12     26.7675    0.537207  0.00848524
13     28.2576    0.539356  0.00809588
14     26.2194    0.538287   0.0075712
15     28.9438    0.540993  0.00754999
16     28.2216    0.542458  0.00721271
17     27.9538    0.543436  0.00684533
18     28.9055    0.545362   0.0067352
19     26.0312     0.54406  0.00650255
20     28.1427       0.545  0.00624002
21     28.2555    0.545957   0.0060122
22     28.4564     0.54701  0.00582835
23     28.1253    0.547684  0.00560978
24     28.0635     0.54825  0.00540071
25     28.1184    0.548815  0.00521087
26     26.8256    0.548342  0.00502875
27     26.9043    0.547962   0.0048538
28     28.9276    0.549054  0.00480314
29     30.3046    0.551021  0.00503462
30     29.0756    0.552038  0.00496896
31     27.3966    0.551905  0.00480783
32     25.4173    0.550544  0.00485009
33     27.6591    0.550624   0.0047015
34      23.412    0.548201   0.0051648
35     27.8423    0.548448  0.00502115
36     27.1312    0.548286  0.00488236
37     28.1841    0.548702  0.00476677
38     29.3556    0.549713  0.00474845
39     27.2257     0.54958  0.00462702
40     29.6591     0.55067  0.00463972
41     27.8943    0.550846  0.00452857
42     28.7562    0.551424  0.00445707
43     27.1035    0.551206  0.00435762
44     27.1076       0.551   0.0042624
45     28.2706    0.551321   0.0041789
46     27.1996    0.551161  0.00409015
47     26.7983    0.550838  0.00401521
48      26.755     0.55051  0.00394432
49     28.3796    0.550859  0.00387869
50     29.7206     0.55173  0.00389887
51     28.1678    0.551958  0.00382845
52     26.7788    0.551643   0.0037673
53     27.2306     0.55151  0.00369792
54     28.9688    0.552026   0.0036653
55     29.1118    0.552575  0.00363972
56     28.0544    0.552727  0.00357737
57      28.924    0.553179  0.00354297
58     27.3991     0.55309   0.0034825
59     26.0966    0.552562  0.00346346
60     30.1708    0.553409  0.00350915
61      24.714     0.55244  0.00358469
62     25.1955    0.551657  0.00361222
63     26.9386    0.551453   0.0035603
64     28.3593    0.551698  0.00351284
65     26.6872    0.551422  0.00346939
66     29.5759     0.55203  0.00347002
67     27.3936    0.551968   0.0034184
68     26.1224    0.551533  0.00339561
69     28.3994    0.551772  0.00335453
70     28.2492    0.551961  0.00331164
71      27.545    0.551946   0.0032647
72     26.0801    0.551524  0.00324651
73     27.4848    0.551499  0.00320182
74     24.5327    0.550677  0.00326354
75     29.0173    0.551073  0.00324394
76     25.7518    0.550598   0.0032359
77      23.441    0.549536  0.00336557
78     29.0713    0.549945   0.0033472
79     25.7027    0.549491  0.00333565
80     26.9244    0.549353  0.00329656
81     26.2037    0.549041  0.00327053
82     26.2665    0.548752  0.00324331
83     26.9564    0.548636   0.0032061
84     28.0514    0.548784  0.00317113
85     27.1851    0.548724  0.00313417
86       25.62    0.548301  0.00312618
87     27.1203    0.548234  0.00309078
88     28.5378     0.54849  0.00306616
89     26.3744    0.548254  0.00304068
90     30.7288    0.548991  0.00309569
91     26.4656    0.548774  0.00306911
92       28.93    0.549099  0.00305283
93     26.6312    0.548921  0.00302502
94     25.3501    0.548475  0.00302571
95     28.4678    0.548695  0.00300175
96     27.1707     0.54864  0.00297083
97     26.7589    0.548501  0.00294331
98     25.8985     0.54819  0.00292974
99     28.7788    0.548467  0.00291316
100     27.8765    0.548557   0.0028853
101     29.2132    0.548911  0.00287838
102     23.1442    0.548067   0.0029722
103     26.7235    0.547935  0.00294616
104     26.0552    0.547677  0.00292908
105     26.7968    0.547565   0.0029032
106      29.252    0.547919  0.00289733
107     27.2379    0.547889  0.00287028
108     26.7422    0.547769  0.00284614
109     29.2309    0.548107   0.0028401
110      29.636    0.548512  0.00284324
111     28.7666    0.548754  0.00282785
112     27.3481    0.548738  0.00280253
113     28.8067     0.54898  0.00278818
114     25.7036    0.548674  0.00278053
115      26.477    0.548508  0.00276126
116     27.9734    0.548602  0.00273898
117     27.1104    0.548548  0.00271602
118     25.9284    0.548294  0.00270487
119     28.8518    0.548535  0.00269289
120     27.7364    0.548587  0.00267086
121     27.8742     0.54866  0.00264971
122     30.4742    0.549159  0.00267478
123     27.8131    0.549217  0.00265357
124     25.1632    0.548846  0.00265804
125     28.6254    0.549035  0.00264348
126     28.2124    0.549156  0.00262519
127     27.5599    0.549172  0.00260449
128     24.8927    0.548771  0.00261498
129     28.9726    0.549009  0.00260551
130     29.2022    0.549278   0.0025994
131     27.9768    0.549357  0.00258067
132     27.3174    0.549334  0.00256114
133     26.9176    0.549251  0.00254315
134     28.3527    0.549384   0.0025276
135     24.9975    0.549018  0.00253539
136     26.3691    0.548859   0.0025217
137     27.0454    0.548801   0.0025039
138     27.0327    0.548742  0.00248639
139       27.26    0.548716  0.00246857
140     30.0624    0.549092  0.00247943
141     29.2538    0.549347  0.00247497
142     27.7774    0.549391  0.00245787
143     27.7154    0.549425  0.00244086
144     29.6348    0.549725  0.00244241
145     25.9924    0.549519  0.00243424
146     24.5107    0.549113   0.0024514
147     25.7357    0.548879  0.00244589
148     29.1023    0.549103  0.00243962
149     26.5807    0.548986  0.00242603
150     29.7988    0.549299  0.00243008
151     28.2186    0.549399    0.002416
152     25.1871    0.549099  0.00241877
153     26.1141    0.548923   0.0024093
154     28.1242    0.549011  0.00239522
155      27.793    0.549056  0.00238013
156      29.252    0.549286  0.00237604
157      27.511    0.549292  0.00236087
158     27.0393    0.549238   0.0023465
159     28.3818    0.549354  0.00233456
160     28.1296    0.549437   0.0023214
161     30.8934    0.549862  0.00234576
162     26.6236    0.549754  0.00233371
163     28.4402    0.549871  0.00232229
164     27.4959    0.549872  0.00230809
165     29.8001    0.550151  0.00231103
166     26.6278    0.550045  0.00229951
167     28.1363    0.550121  0.00228696
168     27.9604    0.550175  0.00227395
169     29.0785    0.550361  0.00226807
170     27.8505      0.5504  0.00225503
171     30.1312    0.550706  0.00226251
172     28.7528    0.550847  0.00225377
173     26.9813    0.550782  0.00224164
174     28.4331    0.550885  0.00223109
175      27.051    0.550829  0.00221902
176     27.2585    0.550796  0.00220661
177     26.0426    0.550627  0.00220062
178     27.1923    0.550589  0.00218856
179      30.175    0.550885  0.00219628
180     26.5633    0.550776  0.00218676
181      27.018    0.550718  0.00217541
182     26.3186    0.550584  0.00216755
183     27.1089    0.550539  0.00215616
184     27.8988    0.550579   0.0021448
185     23.4747    0.550141  0.00217773
186     26.8232    0.550067  0.00216724
187      27.795    0.550098  0.00215585
188     26.4185    0.549983  0.00214746
189     27.0042     0.54993  0.00213671
190     28.3912    0.550025  0.00212752
191     28.4047    0.550119  0.00211846
192     27.9066    0.550161  0.00210782
193       28.67    0.550281  0.00210032
194     27.3449    0.550264  0.00208954
195     29.2949    0.550447  0.00208681
196     27.0422    0.550398  0.00207672
197     27.4904    0.550395  0.00206615
198     25.9424    0.550235  0.00206185
199     28.6712    0.550352  0.00205477
200     22.8642    0.549886  0.00209676
1     28.0621    0.561242           0
2     24.7462    0.528083   0.0331596
3     26.4762    0.528563   0.0191507
4     26.0411    0.526628   0.0136792
5      28.915    0.536962    0.014801
6      24.119    0.527865   0.0151262
7     27.4052    0.530756   0.0131068
8     26.6352       0.531   0.0113534
9      28.647     0.53566   0.0110441
10     27.9303    0.537954   0.0101411
11     26.4364    0.537116  0.00921126
12     26.7689    0.536971  0.00840994
13     28.2513    0.539129  0.00803139
14     26.2055    0.538056  0.00751261
15     28.9458     0.54078  0.00750563
16      28.212    0.542247  0.00717235
17     27.9623    0.543246  0.00681106
18     28.9017    0.545179  0.00670605
19       26.05    0.543907  0.00646967
20     28.1482    0.544859  0.00621119
21     28.2446    0.545813  0.00598453
22     28.4404    0.546859  0.00580096
23     28.1176    0.547532  0.00558379
24     28.0687    0.548109  0.00537709
25     28.1108    0.548673   0.0051883
26     26.8305    0.548209  0.00500631
27     26.8955    0.547828   0.0048324
28     28.9263    0.548924  0.00478394
29      30.307    0.550897  0.00501999
30     29.0878    0.551926  0.00495766
31      27.395    0.551796  0.00479683
32     25.4194    0.550439  0.00483855
33      27.665    0.550526  0.00469044
34     23.4215    0.548111  0.00515134
35     27.8404     0.54836  0.00500816
36     27.1314    0.548201  0.00486966
37     28.1965    0.548626  0.00475526
38     29.3522    0.549637  0.00473757
39     27.2222    0.549504  0.00461641
40     29.6544    0.550593  0.00462958
41     27.8979    0.550773  0.00451882
42     28.7625    0.551356  0.00444826
43     27.0885    0.551133   0.0043493
44     27.1167    0.550933    0.004254
45       28.28    0.551259  0.00417115
46     27.2014    0.551102  0.00408249
47     26.7877    0.550775  0.00400801
48     26.7628    0.550452  0.00393692
49     28.3842    0.550803  0.00387174
50     29.7142    0.551673  0.00389192
51     28.1757    0.551905   0.0038219
52     26.7767     0.55159  0.00376088
53     27.2276    0.551458  0.00369163
54     28.9594    0.551971  0.00365884
55     29.1034    0.552518  0.00363314
56     28.0511     0.55267   0.0035709
57     28.9295    0.553125  0.00353705
58     27.3957    0.553035  0.00347669
59     26.1011    0.552509  0.00345745
60     30.1703    0.553358  0.00350358
61     24.7272    0.552393  0.00357802
62      25.204    0.551614  0.00360506
63     26.9304    0.551408  0.00355338
64     28.3514    0.551652  0.00350592
65     26.6878    0.551376  0.00346253
66     29.5695    0.551983  0.00346314
67     27.4067    0.551925  0.00341155
68     26.1046    0.551487  0.00338952
69     28.3987    0.551725  0.00334857
70     28.2404    0.551912  0.00330567
71      27.534    0.551895  0.00325883
72     26.0736    0.551473  0.00324091
73     27.4958    0.551451  0.00319628
74     24.5209    0.550626  0.00325888
75      29.025    0.551025  0.00323972
76     25.7585    0.550553  0.00323143
77     23.4362     0.54949  0.00336159
78     29.0825    0.549903  0.00334373
79     25.7018    0.549449  0.00333221
80     26.9389    0.549315    0.003293
81      26.199    0.549002  0.00326709
82     26.2584    0.548712  0.00324007
83     26.9549    0.548596  0.00320289
84     28.0427    0.548742  0.00316789
85     27.1895    0.548684  0.00313094
86     25.6179    0.548261  0.00312302
87     27.1138    0.548192  0.00308768
88     28.5452     0.54845  0.00306328
89     26.3879    0.548218  0.00303758
90     30.7439    0.548959  0.00309361
91     26.4597    0.548741  0.00306713
92     28.9224    0.549064  0.00305074
93     26.6258    0.548886    0.003023
94     25.3665    0.548444  0.00302317
95     28.4615    0.548663  0.00299917
96     27.1755    0.548609  0.00296824
97     26.7651    0.548472  0.00294069
98     25.8964    0.548161  0.00292717
99     28.7737    0.548436  0.00291055
100      27.872    0.548526  0.00288271
101     29.2139     0.54888  0.00287589
102     23.1363    0.548036  0.00297019
103     26.7242    0.547904  0.00294415
104     26.0528    0.547646  0.00292711
105     26.8056    0.547536  0.00290118
106     29.2659    0.547893   0.0028957
107     27.2511    0.547866  0.00286863
108     26.7494    0.547747  0.00284445
109     29.2434    0.548087  0.00283873
110     29.6272    0.548491   0.0028417
111     28.7588    0.548732  0.00282622
112     27.3537    0.548717  0.00280091
113     28.8062    0.548959  0.00278659
114     25.6924    0.548651  0.00277916
115     26.4835    0.548486  0.00275983
116       27.98    0.548582  0.00273761
117     27.1044    0.548527  0.00271468
118      25.918    0.548271  0.00270369
119     28.8564    0.548514  0.00269182
120     27.7535    0.548568  0.00266985
121     27.8894    0.548644  0.00264879
122     30.4824    0.549144  0.00267415
123     27.8054    0.549201  0.00265293
124      25.168    0.548831  0.00265729
125     28.6302    0.549022  0.00264279
126      28.225    0.549144  0.00262461
127     27.5642    0.549161  0.00260392
128     24.8983    0.548761  0.00261427
129     28.9789       0.549   0.0026049
130     29.1875    0.549267  0.00259857
131     27.9872    0.549347   0.0025799
132      27.317    0.549325  0.00256038
133     26.9212    0.549243  0.00254238
134     28.3432    0.549374  0.00252676
135     24.9926    0.549007  0.00253466
136     26.3706    0.548849  0.00252096
137     27.0495    0.548791  0.00250315
138     27.0265    0.548731  0.00248566
139     27.2684    0.548707  0.00246784
140     30.0492    0.549081  0.00247843
141     29.2506    0.549335  0.00247395
142     27.7749    0.549379  0.00245685
143     27.7129    0.549413  0.00243985
144     29.6344    0.549713  0.00244142
145     25.9995    0.549508  0.00243317
146     24.5006    0.549101  0.00245057
147     25.7278    0.548866  0.00244516
148     29.1022     0.54909  0.00243891
149     26.5815    0.548973  0.00242532
150     29.8048    0.549287  0.00242949
151     28.2224    0.549388  0.00241544
152        25.2    0.549089    0.002418
153     26.1176    0.548914  0.00240849
154     28.1326    0.549003  0.00239446
155      27.785    0.549047  0.00237936
156     29.2466    0.549277  0.00237522
157     27.5127    0.549283  0.00236005
158      27.035    0.549228   0.0023457
159     28.3814    0.549344  0.00233377
160     28.1325    0.549427  0.00232063
161     30.8847    0.549851  0.00234482
162      26.617    0.549743  0.00233281
163     28.4345     0.54986  0.00232137
164     27.4963     0.54986  0.00230717
165     29.8083    0.550141  0.00231025
166     26.6274    0.550035  0.00229874
167     28.1334     0.55011  0.00228618
168      27.962    0.550165  0.00227318
169      29.073     0.55035  0.00226727
170     27.8685    0.550391  0.00225427
171      30.127    0.550696   0.0022617
172     28.7419    0.550836  0.00225289
173      26.986    0.550772  0.00224075
174      28.435    0.550875  0.00223022
175     27.0448    0.550818  0.00221817
176     27.2672    0.550787  0.00220575
177     26.0422    0.550618  0.00219977
178     27.2038    0.550581  0.00218768
179     30.1632    0.550875  0.00219525
180     26.5748    0.550768  0.00218567
181     27.0136     0.55071  0.00217434
182     26.3258    0.550577  0.00216644
183     27.1163    0.550532  0.00215504
184     27.9055    0.550573  0.00214369
185      23.479    0.550135  0.00217655
186     26.8197    0.550061  0.00216608
187     27.7835    0.550091  0.00215468
188     26.4234    0.549976  0.00214627
189     26.9949    0.549923  0.00213555
190     28.3799    0.550016  0.00212631
191     28.4108    0.550111   0.0021173
192     27.9012    0.550152  0.00210664
193     28.6773    0.550274   0.0020992
194     27.3416    0.550256  0.00208843
195     29.3073     0.55044  0.00208583
196     27.0344     0.55039  0.00207576
197     27.4894    0.550387  0.00206519
198     25.9501    0.550229  0.00206084
199     28.6865    0.550347  0.00205386
200     22.8494     0.54988   0.0020962
