15.0373           0
14.8055    0.231764
15.1604     0.37929
15.0958    0.275881
14.9943    0.236586
14.9067    0.212114
15.1002     0.26378
15.0739    0.229947
15.0778    0.202831
15.0854    0.181577
15.1286    0.169826
15.0637    0.168033
15.064    0.154568
15.0295     0.14722
15.0181    0.137528
14.9871    0.132323
14.9809    0.124449
14.9764     0.11742
15.0431    0.129554
15.0674      0.1253
15.0587    0.119506
15.0409    0.115331
15.007    0.115298
15.0573    0.121331
15.0752    0.117738
15.0988    0.115556
15.1092    0.111678
15.0999    0.108016
15.0905    0.104648
15.0937    0.101151
15.1282    0.103748
15.1121     0.10174
15.1258   0.0995594
15.1342   0.0969516
15.1305   0.0942144
15.1494   0.0934883
15.1621   0.0918157
15.1734   0.0900686
15.1611   0.0885815
15.1634   0.0863702
15.1549   0.0846683
15.1611   0.0828576
15.1633   0.0809382
15.1739   0.0797915
15.1508    0.081372
15.1617   0.0803363
15.186   0.0822713
15.1802   0.0807505
15.1873   0.0794052
15.1853   0.0778271
15.1876     0.07632
15.1965    0.075375
15.2057   0.0745022
15.2087   0.0731704
15.2055   0.0718974
15.2153   0.0712737
15.2448   0.0759903
15.2477   0.0747234
15.2485   0.0734508
15.2446   0.0723205
15.2472   0.0711713
15.2619    0.071536
15.255   0.0707275
15.2619   0.0699559
15.2616    0.068872
15.267   0.0680364
15.251   0.0688857
15.2494   0.0678852
15.2379   0.0678807
15.2548    0.069006
15.2491   0.0682644
15.2471   0.0673376
15.2516   0.0665575
15.2612   0.0663471
15.2568   0.0655987
15.2542   0.0647857
15.2582   0.0640677
15.2663   0.0637602
15.2696   0.0630346
15.2611   0.0628224
15.2594   0.0620668
15.2477   0.0624078
15.259   0.0626821
15.2662   0.0623468
15.2637   0.0616606
15.2634   0.0609401
15.2602   0.0603173
15.2644   0.0597759
15.2652   0.0591047
15.252   0.0599166
15.2466   0.0594947
15.2394   0.0592834
15.2406    0.058655
15.2579   0.0605404
15.2534   0.0600646
15.2501   0.0595321
15.2654   0.0608832
15.2611    0.060412
15.2462   0.0616306
15.2482   0.0610444
15.2489   0.0604405
15.2399   0.0605079
15.2377   0.0599584
15.2375   0.0593795
15.232   0.0590665
15.2331   0.0585178
15.2296   0.0580741
15.2352    0.057805
15.2422   0.0576948
15.2408   0.0571858
15.2421   0.0566835
15.2335   0.0568269
15.2303   0.0564097
15.2279   0.0559659
15.2287   0.0554822
15.2223   0.0553725
15.2258   0.0550111
15.2144   0.0557167
15.2132   0.0552608
15.2159   0.0548668
15.2147   0.0544246
15.2075   0.0544599
15.2015   0.0543446
15.202   0.0539069
15.1962   0.0537859
15.2015   0.0536228
15.1943   0.0536896
15.1872   0.0537419
15.1841   0.0534144
15.1889   0.0532253
15.1884   0.0528206
15.1881   0.0524196
15.1807    0.052538
15.1895   0.0528727
15.191   0.0525004
15.1989   0.0527159
15.195   0.0524745
15.1925   0.0521534
15.1916   0.0517841
15.1926   0.0514214
15.1883   0.0512312
15.19   0.0508979
15.1871   0.0506287
15.1867    0.050277
15.195   0.0506022
15.1942   0.0502608
15.1964   0.0499685
15.1976   0.0496434
15.198   0.0493109
15.1998   0.0490132
15.2019   0.0487361
15.203   0.0484255
15.202   0.0481168
15.2088    0.048272
15.2066   0.0480064
15.213   0.0481224
15.2112   0.0478478
15.2055   0.0478884
15.2122    0.048053
15.2204   0.0484566
15.2229   0.0482177
15.2277   0.0481641
15.2285   0.0478743
15.2235   0.0478515
15.2253   0.0475957
15.2219   0.0474298
15.2217   0.0471454
15.2232   0.0468876
15.2233   0.0466095
15.227   0.0464804
15.2315   0.0464319
15.2313   0.0461619
15.2281   0.0460005
15.2288   0.0457408
15.2297   0.0454871
15.2304    0.045233
15.2306   0.0449771
15.2303   0.0447248
15.2315   0.0444909
15.2256   0.0446373
15.2177   0.0450914
15.2154   0.0449026
15.2223   0.0451914
15.225   0.0450256
15.2257   0.0447873
15.2263     0.04455
15.2228   0.0444468
15.2205   0.0442717
15.2196   0.0440459
15.2158   0.0439779
15.2159   0.0437472
15.217    0.043533
15.2211   0.0435011
15.224   0.0433714
15.2192   0.0434127
15.2229   0.0433476
15.2241   0.0431446
15.2242   0.0429262
15.2245   0.0427109
15.2279   0.0426323
15.057           0
14.8084    0.248554
15.1644    0.383834
15.0948    0.280199
14.9892    0.241372
14.9021    0.215462
15.0954    0.265598
15.0702    0.231399
15.0754    0.204142
15.0843    0.182806
15.1283    0.171118
15.0646    0.168723
15.0663    0.155212
15.0316    0.147841
15.0186    0.138242
14.9879    0.132918
14.9825     0.12497
14.9778    0.117917
15.0436    0.129472
15.0674    0.125125
15.0589    0.119323
15.0408    0.115204
15.0065    0.115277
15.0567    0.121234
15.0744    0.117619
15.0986     0.11558
15.1089    0.111691
15.0998    0.108017
15.0906    0.104625
15.0938    0.101128
15.1283    0.103698
15.112    0.101709
15.1264   0.0996273
15.1346   0.0969998
15.1307   0.0942705
15.1495    0.093531
15.1622   0.0918472
15.1739   0.0901544
15.1619   0.0886225
15.1641   0.0864057
15.1557   0.0846909
15.1621   0.0828979
15.1643    0.080979
15.1752    0.079857
15.152   0.0814182
15.1631   0.0803906
15.1875   0.0823477
15.1818   0.0808116
15.1891   0.0794842
15.1869   0.0779105
15.1893   0.0764056
15.198    0.075426
15.2071   0.0745447
15.21   0.0732093
15.2068   0.0719389
15.2164   0.0712934
15.2459   0.0760118
15.2488   0.0747439
15.2496   0.0734705
15.2455   0.0723489
15.248   0.0711956
15.2625   0.0715166
15.2556     0.07071
15.2625   0.0699423
15.2624    0.068858
15.268   0.0680398
15.2521   0.0688676
15.2504   0.0678682
15.239   0.0678547
15.256   0.0690089
15.2501   0.0682806
15.2481   0.0673575
15.2525   0.0665774
15.262   0.0663572
15.2577   0.0656076
15.2549   0.0647992
15.259   0.0640781
15.2668    0.063739
15.2703   0.0630217
15.2619   0.0627934
15.26   0.0620403
15.2482   0.0624119
15.2594    0.062658
15.2664   0.0623076
15.264   0.0616179
15.2637   0.0608977
15.2604   0.0602851
15.2646   0.0597451
15.2654   0.0590753
15.2522   0.0598937
15.247   0.0594564
15.2398   0.0592485
15.2408    0.058617
15.2582   0.0605403
15.2537   0.0600713
15.2504   0.0595341
15.2657    0.060874
15.2613   0.0604085
15.2465   0.0616139
15.2486    0.061031
15.2492   0.0604273
15.2403   0.0604883
15.2381   0.0599384
15.2379   0.0593599
15.2325   0.0590373
15.2336   0.0584878
15.23    0.058052
15.2356   0.0577853
15.2424   0.0576627
15.2411   0.0571514
15.2423   0.0566478
15.2337   0.0567996
15.2304   0.0563903
15.2281   0.0559412
15.2288   0.0554562
15.2224   0.0553377
15.226   0.0549805
15.2146   0.0556937
15.2132   0.0552411
15.216    0.054849
15.2149   0.0544056
15.2078   0.0544238
15.2017   0.0543202
15.2022   0.0538831
15.1965   0.0537588
15.2018   0.0535958
15.1945   0.0536673
15.1874   0.0537238
15.1843   0.0533969
15.1893   0.0532255
15.1889   0.0528196
15.1886   0.0524185
15.1813   0.0525323
15.1901    0.052868
15.1916   0.0524986
15.1996   0.0527082
15.1956   0.0524681
15.1932   0.0521458
15.1923   0.0517757
15.1932   0.0514121
15.1891   0.0512159
15.1907   0.0508816
15.1876    0.050619
15.1873   0.0502678
15.1956   0.0506074
15.1947   0.0502664
15.197   0.0499738
15.1982   0.0496492
15.1986   0.0493171
15.2004   0.0490188
15.2026   0.0487435
15.2037    0.048433
15.2027   0.0481248
15.2095   0.0482921
15.2073   0.0480298
15.2136   0.0481409
15.2118   0.0478699
15.206   0.0479116
15.2127   0.0480779
15.221    0.048479
15.2234   0.0482406
15.2283   0.0481901
15.2291   0.0478999
15.2239   0.0478858
15.2257   0.0476277
15.2223   0.0474642
15.2221   0.0471794
15.2236   0.0469224
15.2237   0.0466441
15.2274   0.0465116
15.232   0.0464665
15.2317   0.0461963
15.2286   0.0460361
15.2293   0.0457763
15.2301   0.0455222
15.2308   0.0452682
15.231   0.0450121
15.2307   0.0447593
15.232   0.0445276
15.2261    0.044671
15.2182   0.0451208
15.2158   0.0449382
15.2227   0.0452186
15.2253   0.0450468
15.2261   0.0448102
15.2267   0.0445726
15.2232   0.0444744
15.2208   0.0443002
15.2199   0.0440739
15.2162   0.0440027
15.2163   0.0437719
15.2173   0.0435562
15.2215   0.0435295
15.2244   0.0434034
15.2196   0.0434477
15.2233   0.0433821
15.2246   0.0431807
15.2246   0.0429621
15.2248   0.0427461
15.2283   0.0426726
