1       1.721     0.03442           0
2      1.2926    0.030136    0.004284
3      1.4176   0.0295413  0.00254385
4     1.67804   0.0305462  0.00206042
5     1.40056   0.0300392  0.00167459
6     1.45608   0.0298863  0.00137582
7     1.72656   0.0305498   0.0013388
8     1.34988   0.0301058  0.00124155
9       1.232   0.0294985  0.00125209
10     1.47172   0.0294921  0.00111992
11     1.42208   0.0293966   0.0010175
12     1.36084   0.0292149 0.000946441
13      1.3374   0.0290252  0.00089104
14      1.3112   0.0288251  0.00084886
15     1.37036   0.0287306 0.000795879
16     1.58988   0.0289223 0.000768759
17     1.42944   0.0289026  0.00072239
18      1.6892   0.0291738  0.00073308
19     1.62264   0.0293464 0.000714577
20     1.52152   0.0294006 0.000680071
21      1.2954   0.0292343 0.000667914
22     1.30264   0.0290897 0.000653044
23     1.35456   0.0290028 0.000630026
24     1.49016   0.0290361 0.000604125
25     1.45468   0.0290384 0.000579461
26     1.37228   0.0289772 0.000560089
27     1.36404   0.0289143 0.000542596
28     1.15824    0.028709 0.000561734
29      1.3194    0.028629 0.000547895
30     1.56228   0.0287162 0.000536455
31     1.46596   0.0287356 0.000519226
32     1.63884   0.0288619 0.000518357
33     1.21556    0.028724 0.000520986
34     1.20952   0.0285907 0.000522724
35     1.35732   0.0285494 0.000509244
36      1.5272   0.0286048 0.000497988
37     1.65476   0.0287262 0.000499315
38     1.48368   0.0287511 0.000486637
39     1.37664   0.0287199 0.000475023
40      1.3754   0.0286896 0.000463985
41     1.37276   0.0286595 0.000453527
42     1.62176   0.0287494 0.000451635
43     1.43004   0.0287459  0.00044102
44     1.50252   0.0287756 0.000431899
45      1.3606   0.0287408  0.00042362
46     1.61248   0.0288171 0.000421272
47      1.5256   0.0288532 0.000413785
48     1.40928   0.0288393 0.000405312
49     1.35232   0.0288027 0.000398637
50     1.53404   0.0288402 0.000392385
51      1.5886   0.0288977 0.000388886
52       1.374   0.0288704 0.000382308
53     1.56568   0.0289165 0.000377847
54      1.5276   0.0289468 0.000372019
55      1.5786   0.0289946 0.000368298
56     1.46276   0.0289992 0.000361692
57     1.27624   0.0289383 0.000360481
58     1.55244   0.0289746 0.000356075
59     1.62104   0.0290331 0.000354828
60      1.5314   0.0290596 0.000349876
61     1.52556   0.0290834 0.000344914
62     1.23136   0.0290116 0.000346834
63     1.36504   0.0289844 0.000342363
64      1.5272   0.0290088 0.000337851
65     1.48424   0.0290192 0.000332776
66     1.51528   0.0290387 0.000328274
67     1.42724   0.0290313 0.000323421
68     1.45244   0.0290316  0.00031863
69     1.62044   0.0290805  0.00031777
70     1.15916   0.0289963  0.00032433
71     1.59948   0.0290384 0.000322497
72     1.44924   0.0290377 0.000317988
73      1.5094   0.0290534 0.000313997
74     1.47852   0.0290604 0.000309804
75     1.59316   0.0290978 0.000307921
76     1.70432   0.0291634 0.000310852
77     1.72632   0.0292331 0.000314595
78       1.478   0.0292373 0.000310564
79     1.56664   0.0292638 0.000307753
80     1.63612    0.029307 0.000306941
81     1.22532   0.0292478 0.000308868
82     1.76084   0.0293205 0.000313642
83     1.50492   0.0293299 0.000309982
84     1.21008   0.0292689 0.000312295
85     1.31504   0.0292339 0.000310568
86     1.69376   0.0292879 0.000311644
87     1.70244   0.0293426 0.000312864
88      1.4028    0.029328 0.000309634
89     1.53032   0.0293424 0.000306472
90     1.62688   0.0293779  0.00030512
91     1.28496   0.0293375 0.000304444
92      1.7464   0.0293982 0.000307187
93     1.59596   0.0294253 0.000305073
94     1.66604   0.0294668 0.000304642
95     1.45824   0.0294636 0.000301435
96     1.74756   0.0295208 0.000303706
97     1.54868   0.0295357 0.000300932
98     1.39676   0.0295194 0.000298293
99     1.52324    0.029529 0.000295419
100     1.34816   0.0295033 0.000293573
101     1.54224   0.0295166 0.000290955
102     1.16352   0.0294553 0.000294525
103     1.34784   0.0294311 0.000292659
104     1.28396    0.029395 0.000292067
105     1.56988   0.0294141 0.000289901
106     1.32412   0.0293864 0.000288481
107     1.49532   0.0293913 0.000285814
108     1.65908   0.0294264 0.000285322
109      1.5606   0.0294428 0.000283166
110     1.78744   0.0295001 0.000286377
111     1.70668   0.0295418 0.000286839
112     1.75584   0.0295916 0.000288592
113     1.44208    0.029585 0.000286103
114     1.60624   0.0296072 0.000284456
115     1.51496   0.0296133 0.000282036
116     1.31164   0.0295841 0.000281109
117     1.67304   0.0296173 0.000280659
118     1.57808   0.0296337 0.000278757
119     1.67812   0.0296667 0.000278369
120     1.60832   0.0296876 0.000276825
121      1.2928   0.0296559 0.000276348
122      1.6518   0.0296836  0.00027547
123     1.19112    0.029636 0.000277346
124     1.66072   0.0296648 0.000276609
125     1.22036   0.0296228 0.000277593
126     1.50604   0.0296267 0.000275409
127     1.54904   0.0296374  0.00027344
128     1.64908   0.0296635  0.00027255
129      1.2264   0.0296237 0.000273344
130     1.34672    0.029603 0.000272021
131     1.48064   0.0296031 0.000269936
132     1.53636   0.0296116 0.000268019
133     1.42048   0.0296026  0.00026615
134     1.28816   0.0295739 0.000265705
135      1.4058   0.0295631 0.000263951
136     1.60724   0.0295821 0.000262689
137     1.48892   0.0295835 0.000260769
138     1.65328   0.0296088 0.000260099
139     1.68552   0.0296383 0.000259902
140        1.28   0.0296094 0.000259646
141     1.32388   0.0295872 0.000258753
142      1.0668   0.0295291 0.000263413
143     1.31384   0.0295064 0.000262552
144     1.62152   0.0295267 0.000261511
145      1.5974   0.0295434 0.000260238
146     1.54432   0.0295526 0.000258613
147     1.66868   0.0295786  0.00025816
148     1.22428   0.0295441 0.000258708
149     1.27164   0.0295166 0.000258443
150     1.29976   0.0294931 0.000257786
151        1.55   0.0295031 0.000256267
152     1.46176   0.0295013 0.000254582
153     1.76708   0.0295395 0.000255777
154     1.54504   0.0295483 0.000254264
155     1.36788   0.0295342 0.000253014
156     1.26036   0.0295064 0.000252912
157     1.46096   0.0295046 0.000251303
158     1.50312   0.0295081 0.000249732
159       1.587   0.0295222 0.000248553
160     1.53008   0.0295289 0.000247087
161     1.32808   0.0295105 0.000246238
162     1.38308   0.0294991 0.000244979
163      1.2552   0.0294721  0.00024496
164       1.205   0.0294394 0.000245656
165     1.33144   0.0294223 0.000244756
166     1.61008   0.0294391 0.000243852
167      1.2884   0.0294171 0.000243383
168     1.37836   0.0294061  0.00024218
169      1.1642   0.0293698 0.000243453
170     1.33236   0.0293538 0.000242546
171     1.39464   0.0293453 0.000241275
172     1.70464   0.0293729 0.000241451
173      1.6144   0.0293897 0.000240642
174     1.69684   0.0294159 0.000240678
175     1.26896   0.0293928 0.000240407
176     1.28124   0.0293714 0.000239994
177     1.39976   0.0293636 0.000238761
178      1.4276   0.0293591  0.00023746
179     1.44664   0.0293567 0.000236142
180     1.15084   0.0293215 0.000237453
181     1.25068   0.0292977 0.000237334
182     1.65888    0.029319 0.000236987
183     1.45556   0.0293178 0.000235691
184       1.313   0.0293012 0.000234995
185     1.34172   0.0292879 0.000234101
186     1.39832   0.0292808 0.000232948
187     1.40708   0.0292747 0.000231779
188     1.39156    0.029267  0.00023067
189       1.452   0.0292658  0.00022945
190      1.3342   0.0292522 0.000228643
191        1.44   0.0292499 0.000227455
192     1.61688   0.0292659 0.000226838
193      1.5272   0.0292726 0.000225757
194     1.42588   0.0292687 0.000224624
195      1.3942   0.0292616 0.000223582
196     1.44524   0.0292597 0.000222446
197      1.3642   0.0292497 0.000221541
198     1.52996   0.0292565 0.000220524
199      1.3266   0.0292428  0.00021984
200     1.50112   0.0292467 0.000218773
1      1.6898    0.033796           0
2     1.30132   0.0299112   0.0038848
3     1.43216   0.0294885  0.00228237
4     1.65636   0.0303982  0.00185259
5     1.40308   0.0299309  0.00150919
6     1.44904   0.0297725  0.00124238
7     1.72032   0.0304345  0.00124126
8     1.31548   0.0299189  0.00119222
9     1.22604   0.0293191  0.00121049
10     1.46836   0.0293239   0.0010827
11     1.42904   0.0292564 0.000981669
12     1.36924   0.0291004 0.000909608
13     1.33048   0.0289088 0.000858375
14     1.30332   0.0287058 0.000820225
15     1.38404   0.0286374  0.00076664
16     1.58548   0.0288294 0.000742386
17     1.44076   0.0288286 0.000697351
18      1.6822   0.0290961 0.000709812
19     1.62448   0.0292747 0.000694764
20      1.5148   0.0293258 0.000661086
21     1.31052   0.0291774 0.000646081
22     1.28504   0.0290194 0.000635961
23     1.33476   0.0289184 0.000616027
24     1.47576   0.0289432 0.000590325
25     1.46868   0.0289604 0.000566481
26     1.34944   0.0288846 0.000549515
27      1.3578   0.0288206 0.000532633
28     1.17112   0.0286278 0.000548273
29     1.33392   0.0285606 0.000533283
30     1.53676   0.0286331 0.000520274
31     1.48184   0.0286654 0.000504252
32      1.6298   0.0287883 0.000503453
33     1.21536   0.0286525 0.000506501
34     1.18796   0.0285086 0.000512021
35     1.34808   0.0284644 0.000499137
36     1.51904   0.0285176 0.000487986
37     1.64048   0.0286336 0.000488584
38     1.44916   0.0286428 0.000475642
39     1.40368   0.0286282 0.000463516
40     1.37768   0.0286013 0.000452577
41      1.3754   0.0285747 0.000442205
42     1.61212    0.028662 0.000440295
43     1.40224   0.0286476 0.000430173
44     1.50364     0.02868 0.000421529
45      1.3706   0.0286519 0.000413018
46       1.593   0.0287216 0.000409916
47     1.53512   0.0287637 0.000403308
48       1.405   0.0287499 0.000395058
49     1.33156   0.0287067  0.00038932
50      1.4882   0.0287278  0.00038204
51     1.57504   0.0287822 0.000378401
52     1.36968   0.0287555 0.000372012
53     1.55212   0.0287986 0.000367468
54      1.5516     0.02884 0.000362963
55     1.56768   0.0288857 0.000359221
56     1.43832   0.0288836 0.000352755
57      1.3022   0.0288338 0.000350074
58     1.55028   0.0288712 0.000346017
59      1.6228    0.028932 0.000345486
60     1.53196   0.0289604 0.000340869
61     1.53232   0.0289881 0.000336372
62     1.21884   0.0289137 0.000339158
63     1.36772   0.0288889 0.000334647
64     1.52872   0.0289153 0.000330428
65     1.50116   0.0289323 0.000325751
66     1.51952   0.0289544 0.000321537
67     1.43692   0.0289512 0.000316718
68     1.44636   0.0289508 0.000312026
69     1.59824   0.0289945 0.000310558
70     1.15232   0.0289095 0.000317665
71     1.62284   0.0289595 0.000317119
72     1.44728   0.0289593 0.000312684
73     1.52508   0.0289804 0.000309094
74     1.49144   0.0289919 0.000305104
75     1.61184   0.0290352 0.000304102
76     1.69528   0.0290992  0.00030684
77     1.72116   0.0291684 0.000310622
78     1.45244   0.0291669 0.000306618
79     1.55952   0.0291925 0.000303794
80     1.60248   0.0292282 0.000302091
81     1.26556   0.0291798 0.000302232
82     1.76856   0.0292553 0.000307924
83      1.4824   0.0292601 0.000304228
84     1.20076   0.0291976 0.000307001
85     1.33392    0.029168 0.000304812
86      1.6924   0.0292224 0.000306123
87     1.72164   0.0292823 0.000308453
88     1.42296   0.0292729 0.000305072
89     1.51464   0.0292844 0.000301842
90     1.59536   0.0293135 0.000299889
91       1.297   0.0292765 0.000298883
92      1.7368   0.0293358 0.000301514
93     1.60156   0.0293648 0.000299659
94     1.66696   0.0294071 0.000299454
95      1.4958   0.0294124 0.000296333
96     1.75528   0.0294717 0.000299167
97     1.53772    0.029485 0.000296362
98     1.39288   0.0294684 0.000293792
99     1.52764   0.0294793 0.000291015
100     1.32276   0.0294491 0.000289673
101     1.54972   0.0294644 0.000287199
102     1.17272   0.0294054 0.000290409
103      1.3536   0.0293828 0.000288467
104     1.26928   0.0293444 0.000288254
105     1.54468   0.0293591 0.000285876
106     1.34068   0.0293351 0.000284183
107     1.51832   0.0293447 0.000281679
108     1.63228   0.0293753 0.000280728
109      1.5238   0.0293854 0.000278324
110      1.8038   0.0294462  0.00028241
111     1.71384   0.0294897 0.000283217
112     1.73052   0.0295355 0.000284376
113     1.44568     0.02953 0.000281902
114     1.63144   0.0295571 0.000280738
115     1.52896    0.029566 0.000278428
116       1.288   0.0295332  0.00027796
117     1.69968   0.0295713 0.000278199
118     1.55872   0.0295849 0.000276165
119     1.63668   0.0296114  0.00027511
120     1.58972   0.0296296 0.000273414
121     1.28452    0.029597 0.000273092
122      1.6816   0.0296301 0.000272856
123     1.22196   0.0295879   0.0002739
124     1.66936   0.0296185 0.000273404
125      1.2174   0.0295764 0.000274466
126     1.49112   0.0295783 0.000272286
127     1.54176   0.0295882 0.000270315
128     1.65416   0.0296155 0.000269581
129      1.2376   0.0295778 0.000270127
130      1.3522   0.0295583 0.000268749
131     1.47816   0.0295584 0.000266689
132     1.53916   0.0295676 0.000264824
133      1.4058   0.0295567 0.000263052
134     1.28756   0.0295283 0.000262621
135     1.42304   0.0295204 0.000260789
136     1.59248   0.0295375  0.00025943
137      1.4662    0.029536 0.000257534
138     1.65056   0.0295612 0.000256898
139     1.67016   0.0295888 0.000256537
140     1.28508    0.029561 0.000256207
141     1.33708    0.029541 0.000255168
142     1.08756   0.0294862 0.000259236
143     1.31864   0.0294644 0.000258335
144     1.65828   0.0294901 0.000257819
145      1.5632   0.0295024 0.000256327
146     1.55908   0.0295139 0.000254825
147     1.65244   0.0295379 0.000254226
148     1.22304   0.0295036 0.000254822
149     1.26696   0.0294757 0.000254644
150      1.3082   0.0294536 0.000253903
151     1.58808   0.0294689 0.000252678
152      1.4334   0.0294636 0.000251066
153     1.76444   0.0295017 0.000252309
154       1.513   0.0295066 0.000250713
155     1.37212   0.0294933 0.000249446
156      1.2574   0.0294654 0.000249402
157     1.45164   0.0294627 0.000247824
158      1.5154    0.029468 0.000246309
159     1.60928   0.0294851 0.000245351
160     1.51348     0.02949 0.000243862
161     1.32576   0.0294715 0.000243046
162     1.37796   0.0294597 0.000241829
163      1.2536   0.0294328 0.000241844
164     1.20356   0.0294001 0.000242577
165     1.34612   0.0293851  0.00024157
166     1.58092   0.0293985 0.000240487
167     1.27824   0.0293756 0.000240142
168      1.3902   0.0293662 0.000238892
169     1.16856   0.0293308 0.000240109
170     1.33436   0.0293152 0.000239198
171      1.3656   0.0293035 0.000238084
172       1.713   0.0293323 0.000238443
173      1.6164   0.0293496 0.000237693
174     1.70068   0.0293764 0.000237838
175     1.25368   0.0293518  0.00023775
176     1.29676   0.0293324 0.000237191
177     1.41876    0.029327 0.000235909
178     1.41796   0.0293216 0.000234643
179      1.4444   0.0293192 0.000233341
180     1.17692   0.0292871 0.000234253
181     1.25968   0.0292644  0.00023405
182       1.662   0.0292863 0.000233783
183     1.43596   0.0292832 0.000232523
184     1.30192   0.0292655 0.000231927
185     1.36672   0.0292551 0.000230906
186     1.39824   0.0292482 0.000229766
187     1.40544   0.0292421 0.000228615
188     1.41736   0.0292373 0.000227446
189     1.45524   0.0292366  0.00022624
190       1.329   0.0292226 0.000225481
191      1.4138   0.0292177 0.000224352
192      1.6422   0.0292366 0.000223978
193     1.55356   0.0292461 0.000223017
194     1.42092   0.0292418 0.000221905
195     1.37836   0.0292332 0.000220932
196     1.46884    0.029234 0.000219803
197     1.35788   0.0292234 0.000218938
198     1.49564   0.0292269 0.000217857
199     1.32128   0.0292128 0.000217216
200     1.46424   0.0292132 0.000216128
