1   -0.665536   -0.665536           0
2   -0.666872   -0.666204    0.000668
3    -0.66439   -0.665599 0.000717079
4   -0.663728   -0.665132 0.000689928
5   -0.665336   -0.665172 0.000535977
6   -0.663768   -0.664938 0.000496294
7    -0.66619   -0.665117 0.000455987
8   -0.664712   -0.665067 0.000398132
9   -0.665344   -0.665097  0.00035247
10   -0.663512   -0.664939 0.000352879
11   -0.665426   -0.664983 0.000322243
12   -0.663917   -0.664894 0.000307295
13    -0.66419    -0.66484 0.000287809
14   -0.661261   -0.664584 0.000369277
15   -0.664429   -0.664574 0.000343935
16   -0.664843   -0.664591 0.000322161
17   -0.662016   -0.664439 0.000338406
18   -0.664787   -0.664459 0.000319637
19    -0.66388   -0.664428 0.000303877
20   -0.664811   -0.664447 0.000288918
21    -0.66431   -0.664441 0.000274893
22   -0.664869    -0.66446 0.000262821
23   -0.665904   -0.664523 0.000258859
24   -0.664102   -0.664506 0.000248458
25   -0.663866    -0.66448 0.000239684
26    -0.66385   -0.664456 0.000231554
27   -0.661848   -0.664359 0.000242845
28   -0.664349   -0.664359 0.000234012
29   -0.663346   -0.664324 0.000228485
30   -0.662059   -0.664248 0.000233289
31   -0.664589   -0.664259 0.000225905
32   -0.664461   -0.664266 0.000218822
33   -0.665566   -0.664305 0.000215719
34   -0.663509   -0.664282 0.000210585
35   -0.663587   -0.664262  0.00020544
36   -0.663941   -0.664253 0.000199851
37    -0.66268    -0.66421 0.000198969
38   -0.664845   -0.664227  0.00019438
39   -0.664088   -0.664224 0.000189364
40   -0.665074   -0.664245 0.000185789
41   -0.663019   -0.664215  0.00018365
42   -0.663042   -0.664187 0.000181388
43    -0.66312   -0.664162 0.000178849
44   -0.663181    -0.66414 0.000176154
45   -0.662755   -0.664109 0.000174923
46   -0.663554   -0.664097 0.000171503
47   -0.664128   -0.664098 0.000167816
48   -0.663693   -0.664089 0.000164499
49   -0.663262   -0.664072 0.000161988
50    -0.66324   -0.664056 0.000159586
51   -0.663659   -0.664048 0.000156619
52   -0.662344   -0.664015 0.000157034
53   -0.664381   -0.664022 0.000154197
54   -0.665202   -0.664044 0.000152883
55    -0.66464   -0.664055 0.000150468
56   -0.663798    -0.66405 0.000147828
57   -0.662422   -0.664022 0.000147993
58   -0.663778   -0.664017 0.000145479
59   -0.664562   -0.664027  0.00014329
60   -0.664142   -0.664029 0.000140894
61   -0.662424   -0.664002  0.00014104
62   -0.663565   -0.663995 0.000138926
63   -0.665126   -0.664013 0.000137877
64   -0.665005   -0.664029 0.000136587
65   -0.663435   -0.664019 0.000134779
66   -0.664699    -0.66403  0.00013312
67   -0.663482   -0.664022 0.000131373
68   -0.663182   -0.664009 0.000130014
69   -0.665923   -0.664037 0.000131084
70   -0.663891   -0.664035 0.000129215
71   -0.664587   -0.664043 0.000127619
72   -0.663968   -0.664042 0.000125839
73   -0.665866   -0.664067 0.000126593
74   -0.662594   -0.664047 0.000126447
75   -0.662438   -0.664025  0.00012658
76   -0.665472   -0.664044 0.000126345
77    -0.66436   -0.664048 0.000124761
78   -0.663654   -0.664043 0.000123255
79    -0.66309   -0.664031 0.000122282
80   -0.663934    -0.66403  0.00012075
81   -0.663238    -0.66402  0.00011965
82   -0.662901   -0.664007 0.000118967
83   -0.666048   -0.664031 0.000120071
84   -0.662518   -0.664013 0.000119992
85   -0.664219   -0.664016 0.000118597
86   -0.663622   -0.664011 0.000117299
87   -0.662254   -0.663991 0.000117688
88   -0.665579   -0.664009 0.000117735
89   -0.662656   -0.663994 0.000117393
90    -0.66405   -0.663994 0.000116083
91    -0.66436   -0.663998  0.00011487
92    -0.66356   -0.663994 0.000113715
93   -0.663837   -0.663992 0.000112498
94   -0.664072   -0.663993 0.000111298
95   -0.663901   -0.663992 0.000110125
96   -0.665086   -0.664003 0.000109566
97   -0.664355   -0.664007 0.000108492
98    -0.66449   -0.664012 0.000107492
99   -0.664235   -0.664014 0.000106424
100   -0.662962   -0.664004 0.000105879
101   -0.664405   -0.664007 0.000104901
102   -0.664437   -0.664012 0.000103953
103   -0.664931   -0.664021 0.000103325
104   -0.663838   -0.664019 0.000102341
105   -0.666227    -0.66404 0.000103521
106   -0.663242   -0.664032 0.000102816
107   -0.665309   -0.664044 0.000102547
108   -0.663981   -0.664044 0.000101594
109   -0.663957   -0.664043 0.000100661
110   -0.663536   -0.664038 9.98483e-05
111   -0.663045   -0.664029 9.93487e-05
112   -0.663874   -0.664028 9.84675e-05
113   -0.665379    -0.66404 9.83221e-05
114   -0.663688   -0.664037 9.75046e-05
115   -0.665293   -0.664048 9.72681e-05
116   -0.664334    -0.66405 9.64576e-05
117   -0.665227    -0.66406 9.61573e-05
118   -0.663822   -0.664058 9.53602e-05
119   -0.664398   -0.664061 9.45987e-05
120   -0.664581   -0.664065 9.39069e-05
121    -0.66457    -0.66407 9.32208e-05
122   -0.664773   -0.664075  9.2633e-05
123   -0.663133   -0.664068 9.21958e-05
124   -0.664864   -0.664074 9.16745e-05
125   -0.663594    -0.66407 9.10194e-05
126   -0.664038    -0.66407 9.02944e-05
127   -0.663554   -0.664066 8.96729e-05
128   -0.664208   -0.664067 8.89765e-05
129   -0.664558   -0.664071 8.83662e-05
130   -0.665405   -0.664081 8.82821e-05
131   -0.663082   -0.664074 8.79373e-05
132   -0.663544    -0.66407 8.73607e-05
133    -0.66521   -0.664078 8.71241e-05
134   -0.664614   -0.664082  8.6564e-05
135   -0.664691   -0.664087 8.60388e-05
136   -0.664573    -0.66409 8.54786e-05
137   -0.662046   -0.664075 8.61538e-05
138   -0.663528   -0.664071 8.56191e-05
139   -0.663942    -0.66407  8.5006e-05
140   -0.662918   -0.664062 8.47968e-05
141   -0.663611   -0.664059 8.42539e-05
142   -0.663211   -0.664053 8.38713e-05
143   -0.664235   -0.664054 8.32924e-05
144   -0.665981   -0.664068  8.3787e-05
145   -0.663125   -0.664061 8.34608e-05
146   -0.665005   -0.664068 8.31389e-05
147   -0.663416   -0.664063 8.26902e-05
148    -0.66445   -0.664066 8.21711e-05
149   -0.664138   -0.664066 8.16192e-05
150   -0.664245   -0.664067  8.1082e-05
151    -0.66708   -0.664087 8.29773e-05
152   -0.665262   -0.664095 8.27913e-05
153   -0.664557   -0.664098 8.23037e-05
154   -0.664043   -0.664098 8.17683e-05
155   -0.663325   -0.664093  8.1392e-05
156   -0.663386   -0.664088 8.09956e-05
157   -0.663331   -0.664083 8.06223e-05
158   -0.664104   -0.664084 8.01106e-05
159   -0.664699   -0.664087 7.96992e-05
160   -0.661813   -0.664073 8.04654e-05
161   -0.665538   -0.664082 8.04796e-05
162   -0.664326   -0.664084 7.99955e-05
163   -0.662606   -0.664075 8.00182e-05
164    -0.66437   -0.664077 7.95491e-05
165   -0.663312   -0.664072 7.92012e-05
166   -0.664024   -0.664072 7.87232e-05
167   -0.665862   -0.664082 7.89817e-05
168   -0.664877   -0.664087 7.86524e-05
169   -0.663056   -0.664081 7.84233e-05
170   -0.663869    -0.66408 7.79706e-05
171   -0.663637   -0.664077 7.75566e-05
172   -0.663933   -0.664076 7.71089e-05
173   -0.663109   -0.664071 7.68656e-05
174    -0.66545   -0.664079 7.68324e-05
175   -0.664898   -0.664083 7.65353e-05
176   -0.662838   -0.664076 7.64272e-05
177   -0.664544   -0.664079 7.60401e-05
178   -0.664104   -0.664079 7.56119e-05
179   -0.663888   -0.664078 7.51958e-05
180   -0.664144   -0.664078 7.47778e-05
181   -0.663725   -0.664076 7.43892e-05
182   -0.663016   -0.664071 7.42084e-05
183   -0.664467   -0.664073 7.38336e-05
184   -0.662506   -0.664064 7.39235e-05
185   -0.664115   -0.664064 7.35233e-05
186   -0.664656   -0.664068 7.31961e-05
187    -0.66413   -0.664068 7.28044e-05
188   -0.664435    -0.66407 7.24424e-05
189   -0.664285   -0.664071 7.20671e-05
190    -0.66473   -0.664075 7.17705e-05
191   -0.664336   -0.664076 7.14069e-05
192    -0.66448   -0.664078 7.10652e-05
193   -0.664915   -0.664082 7.08289e-05
194   -0.664035   -0.664082 7.04633e-05
195   -0.663757    -0.66408 7.01209e-05
196   -0.665462   -0.664088 7.01176e-05
197   -0.665299   -0.664094 7.00314e-05
198    -0.66539     -0.6641 6.99839e-05
199   -0.662554   -0.664092 7.00637e-05
200   -0.662944   -0.664087 6.99486e-05
1   -0.665214   -0.665214           0
2   -0.666538   -0.665876   0.0006616
3   -0.664691   -0.665481 0.000549434
4   -0.663861   -0.665076 0.000561264
5   -0.665899   -0.665241 0.000464884
6   -0.664197   -0.665067 0.000417546
7   -0.665902   -0.665186  0.00037254
8    -0.66444   -0.665093 0.000335837
9   -0.665302   -0.665116 0.000297094
10    -0.66343   -0.664948 0.000314686
11   -0.665491   -0.664997 0.000288904
12   -0.664131   -0.664925 0.000273422
13   -0.663931   -0.664848 0.000262868
14   -0.661299   -0.664595 0.000351421
15   -0.664499   -0.664588 0.000327217
16   -0.664394   -0.664576 0.000306326
17   -0.661909   -0.664419 0.000327746
18   -0.665173   -0.664461 0.000311824
19    -0.66399   -0.664436 0.000295995
20   -0.664896   -0.664459 0.000281744
21   -0.664787   -0.664475 0.000268446
22   -0.664656   -0.664483 0.000256085
23   -0.665614   -0.664532 0.000249591
24   -0.663747     -0.6645 0.000241195
25   -0.664386   -0.664495 0.000231391
26    -0.66352   -0.664458 0.000225455
27   -0.661414   -0.664345 0.000244477
28   -0.664874   -0.664364 0.000236339
29   -0.663595   -0.664337 0.000229579
30   -0.662162   -0.664265 0.000233351
31   -0.664774   -0.664281 0.000226296
32   -0.664669   -0.664293 0.000219444
33   -0.664776   -0.664308 0.000213193
34   -0.663184   -0.664275 0.000209453
35   -0.663741    -0.66426 0.000203952
36   -0.664088   -0.664255 0.000198263
37   -0.662773   -0.664215 0.000196947
38   -0.665328   -0.664244 0.000193919
39   -0.663782   -0.664232 0.000189252
40   -0.664774   -0.664246 0.000184957
41   -0.662698   -0.664208   0.0001843
42    -0.66344    -0.66419 0.000180786
43     -0.6624   -0.664148 0.000181372
44   -0.663026   -0.664123 0.000179029
45   -0.663035   -0.664098 0.000176666
46   -0.663952   -0.664095 0.000172812
47   -0.663861    -0.66409 0.000169169
48     -0.6636    -0.66408 0.000165922
49   -0.663642   -0.664071 0.000162747
50   -0.663155   -0.664053 0.000160507
51   -0.663554   -0.664043 0.000157633
52   -0.663104   -0.664025 0.000155623
53    -0.66437   -0.664031 0.000152797
54   -0.665298   -0.664055 0.000151763
55   -0.664232   -0.664058 0.000149013
56   -0.663667   -0.664051 0.000146494
57    -0.66269   -0.664027  0.00014587
58   -0.663686   -0.664021 0.000143454
59   -0.664906   -0.664036 0.000141795
60    -0.66464   -0.664046 0.000139775
61   -0.662574   -0.664022 0.000139566
62   -0.663842   -0.664019 0.000137328
63    -0.66473   -0.664031   0.0001356
64   -0.664989   -0.664046 0.000134301
65   -0.663653    -0.66404 0.000132357
66   -0.664384   -0.664045  0.00013044
67   -0.663406   -0.664035 0.000128832
68   -0.663395   -0.664026 0.000127271
69   -0.666142   -0.664057  0.00012911
70   -0.663874   -0.664054 0.000127279
71   -0.664786   -0.664064 0.000125896
72   -0.663918   -0.664062 0.000124152
73   -0.665978   -0.664088 0.000125219
74   -0.662702    -0.66407 0.000124927
75   -0.662045   -0.664043 0.000126173
76   -0.665595   -0.664063 0.000126166
77   -0.663856    -0.66406 0.000124546
78   -0.664029    -0.66406  0.00012294
79   -0.662744   -0.664043 0.000122511
80   -0.663749    -0.66404 0.000121026
81   -0.662674   -0.664023 0.000120707
82   -0.663198   -0.664013 0.000119649
83   -0.665714   -0.664033 0.000119962
84   -0.662741   -0.664018  0.00011952
85   -0.664134   -0.664019 0.000118113
86   -0.663886   -0.664018 0.000116742
87   -0.662349   -0.663999 0.000116976
88    -0.66563   -0.664017 0.000117116
89   -0.662565   -0.664001 0.000116937
90   -0.664443   -0.664006 0.000115735
91    -0.66448   -0.664011 0.000114575
92   -0.663765   -0.664008 0.000113354
93   -0.663715   -0.664005 0.000112173
94   -0.664126   -0.664006 0.000110981
95    -0.66417   -0.664008  0.00010982
96   -0.665232   -0.664021 0.000109415
97   -0.663957    -0.66402 0.000108283
98   -0.664811   -0.664028 0.000107476
99   -0.664622   -0.664034 0.000106554
100    -0.66308   -0.664025 0.000105914
101   -0.663872   -0.664023 0.000104871
102   -0.664931   -0.664032 0.000104218
103   -0.664738   -0.664039 0.000103429
104   -0.663685   -0.664036 0.000102486
105   -0.665854   -0.664053 0.000102973
106   -0.663128   -0.664044 0.000102369
107    -0.66528   -0.664056 0.000102064
108   -0.664022   -0.664055 0.000101115
109   -0.664016   -0.664055 0.000100183
110   -0.663501    -0.66405 9.93962e-05
111   -0.662888    -0.66404 9.90514e-05
112   -0.663834   -0.664038 9.81802e-05
113   -0.665141   -0.664047 9.77959e-05
114   -0.663418   -0.664042 9.70916e-05
115   -0.665168   -0.664052 9.67405e-05
116   -0.664323   -0.664054 9.59314e-05
117   -0.664514   -0.664058  9.5189e-05
118   -0.663334   -0.664052 9.45779e-05
119   -0.664947   -0.664059 9.40811e-05
120    -0.66433   -0.664062  9.3321e-05
121   -0.664896   -0.664069 9.28031e-05
122   -0.664374   -0.664071 9.20734e-05
123   -0.662997   -0.664062 9.17384e-05
124   -0.664962    -0.66407 9.12841e-05
125   -0.663598   -0.664066 9.06293e-05
126   -0.664178   -0.664067 8.99116e-05
127   -0.663826   -0.664065  8.9221e-05
128   -0.663808   -0.664063 8.85439e-05
129    -0.66415   -0.664063 8.78575e-05
130   -0.665322   -0.664073 8.77146e-05
131   -0.663082   -0.664066 8.73709e-05
132   -0.663781   -0.664063 8.67333e-05
133   -0.665216   -0.664072 8.65139e-05
134   -0.664419   -0.664075 8.59049e-05
135   -0.664555   -0.664078 8.53404e-05
136   -0.664683   -0.664083 8.48273e-05
137   -0.662461   -0.664071  8.5034e-05
138   -0.663845   -0.664069 8.44314e-05
139   -0.663966   -0.664068 8.38251e-05
140   -0.663109   -0.664062  8.3506e-05
141    -0.66359   -0.664058 8.29789e-05
142    -0.66323   -0.664052 8.25985e-05
143   -0.664213   -0.664054 8.20265e-05
144    -0.66621   -0.664068 8.28196e-05
145    -0.66304   -0.664061 8.25517e-05
146   -0.665074   -0.664068 8.22769e-05
147    -0.66363   -0.664065 8.17696e-05
148   -0.663997   -0.664065 8.12166e-05
149   -0.664474   -0.664068 8.07163e-05
150   -0.664282   -0.664069  8.0189e-05
151   -0.666771   -0.664087 8.16415e-05
152   -0.665274   -0.664095 8.14775e-05
153   -0.664318   -0.664096 8.09564e-05
154   -0.664032   -0.664096 8.04301e-05
155   -0.663509   -0.664092 7.99992e-05
156   -0.663101   -0.664086 7.97383e-05
157   -0.663611   -0.664083 7.92864e-05
158   -0.664219   -0.664084 7.87877e-05
159   -0.664613   -0.664087 7.83614e-05
160   -0.661765   -0.664072 7.92109e-05
161   -0.665118   -0.664079 7.89851e-05
162   -0.664149   -0.664079 7.84972e-05
163   -0.662126   -0.664067 7.89287e-05
164   -0.664242   -0.664068 7.84532e-05
165   -0.663221   -0.664063 7.81452e-05
166    -0.66448   -0.664066 7.77136e-05
167   -0.665717   -0.664076  7.7877e-05
168   -0.665058   -0.664081 7.76324e-05
169   -0.663013   -0.664075 7.74303e-05
170   -0.663147    -0.66407 7.71668e-05
171   -0.664283   -0.664071 7.67244e-05
172   -0.664062   -0.664071  7.6277e-05
173   -0.663354   -0.664067 7.59481e-05
174   -0.665373   -0.664074 7.58825e-05
175   -0.664469   -0.664076 7.54813e-05
176   -0.662656   -0.664068 7.54839e-05
177   -0.664904   -0.664073 7.52046e-05
178    -0.66451   -0.664076 7.48212e-05
179   -0.663637   -0.664073 7.44424e-05
180   -0.664331   -0.664075 7.40416e-05
181   -0.663392   -0.664071 7.37279e-05
182    -0.66301   -0.664065 7.35531e-05
183   -0.664528   -0.664067 7.31939e-05
184   -0.662525   -0.664059 7.32762e-05
185   -0.664722   -0.664063  7.2967e-05
186   -0.664762   -0.664066 7.26708e-05
187   -0.664451   -0.664069 7.23104e-05
188   -0.664318    -0.66407 7.19371e-05
189   -0.664181    -0.66407 7.15578e-05
190    -0.66456   -0.664073 7.12269e-05
191   -0.664355   -0.664074 7.08684e-05
192   -0.664171   -0.664075 7.05001e-05
193   -0.664994    -0.66408 7.02952e-05
194   -0.663878   -0.664079 6.99396e-05
195   -0.663902   -0.664078 6.95859e-05
196    -0.66565   -0.664086 6.96929e-05
197   -0.665822   -0.664095 6.98963e-05
198    -0.66524     -0.6641 6.97825e-05
199   -0.662645   -0.664093 6.98152e-05
200   -0.663096   -0.664088  6.9644e-05
