1     22.1726    0.443453           0
2     20.2628    0.424354   0.0190984
3     18.6731     0.40739   0.0202329
4      19.839    0.404738   0.0145506
5     19.8939    0.403366   0.0113541
6     19.6175     0.40153  0.00945059
7     19.3107    0.399342  0.00828148
8     18.1974    0.394918  0.00842674
9     22.5573    0.401165  0.00970891
10      22.674    0.406397    0.010138
11     20.1498    0.406088   0.0091754
12     22.6935    0.410069  0.00927425
13     18.6954    0.407288  0.00897309
14     18.8288    0.405094  0.00859224
15     18.7554    0.403095  0.00824494
16     21.5385    0.404825  0.00790401
17     17.8302    0.401988  0.00794794
18     22.3694     0.40451  0.00790649
19       20.23    0.404515  0.00747879
20     20.7138    0.405003  0.00711177
21     19.3794    0.404174  0.00681528
22     20.2206    0.404185  0.00649813
23      18.808    0.402966  0.00632759
24      18.313    0.401437  0.00624828
25     19.5213    0.400997   0.0060093
26     19.4547    0.400539  0.00579167
27     17.9676    0.399013  0.00577804
28     19.2284    0.398497  0.00559171
29     18.7294    0.397673  0.00545808
30     19.2186    0.397229  0.00529161
31     18.8997    0.396609  0.00515555
32     17.9372    0.395426  0.00513016
33     18.9198     0.39491  0.00499898
34     19.2478    0.394617  0.00485855
35     20.2944    0.394939  0.00472867
36     21.9054    0.396138  0.00474931
37     18.9658    0.395683  0.00464149
38     20.4235     0.39602   0.0045302
39      19.433    0.395831  0.00441655
40     21.3405    0.396606  0.00437383
41     20.7941    0.397076  0.00429165
42     18.6674    0.396511  0.00422615
43     19.7775    0.396489  0.00412676
44     18.6076    0.395935  0.00406964
45     21.2218    0.396569  0.00402828
46     20.5867    0.396898   0.0039535
47     22.2365    0.397916   0.0040001
48     21.6072    0.398629  0.00398027
49     18.3797    0.397996  0.00394931
50     19.9406    0.398012  0.00386956
51     20.1614    0.398115   0.0037943
52     19.7005    0.398036  0.00372146
53      21.247    0.398543  0.00368569
54     21.1706    0.399004  0.00364599
55     20.9175    0.399355  0.00359633
56     18.6746    0.398894   0.0035616
57     21.0517    0.399282  0.00352005
58     19.0588     0.39897  0.00347289
59     20.6141    0.399195  0.00342097
60     20.7602    0.399462  0.00337403
61     21.4799    0.399956  0.00335484
62     19.8609    0.399912  0.00330058
63     19.2207    0.399666  0.00325707
64     21.5177    0.400146  0.00324144
65     19.5841    0.400015  0.00319383
66     20.4942    0.400165  0.00314862
67      21.968     0.40075  0.00315597
68     21.6319    0.401219  0.00314438
69     21.4022    0.401608  0.00312276
70     20.6138     0.40176   0.0030816
71     21.2042    0.402075  0.00305411
72     19.4962    0.401906  0.00301612
73     20.2792    0.401956  0.00297495
74      21.886     0.40244    0.002974
75     17.9731    0.401866  0.00298951
76     20.7428    0.402037  0.00295486
77     17.7345    0.401422  0.00298036
78     19.8228    0.401359  0.00294259
79     20.2775    0.401412  0.00290559
80      20.556    0.401533   0.0028716
81     15.4423    0.400389  0.00305808
82     19.9274    0.400367  0.00302064
83     19.1135    0.400148  0.00299198
84      15.766    0.399139  0.00312388
85     18.2937    0.398747  0.00311162
86     21.0998    0.399018  0.00308709
87     20.1983    0.399074  0.00305193
88     20.4936    0.399197  0.00301954
89        20.6    0.399341  0.00298888
90     19.3509    0.399204  0.00295866
91      22.497    0.399762  0.00297861
92     21.4653    0.400083  0.00296351
93     20.4737    0.400184  0.00293321
94     17.1312    0.399571  0.00296574
95     22.3488     0.40007  0.00297648
96      22.105    0.400508  0.00297767
97     19.0061    0.400298   0.0029543
98     19.2421     0.40014  0.00292825
99     20.9428    0.400329  0.00290468
100     19.9275    0.400312  0.00287554
101     17.6658    0.399846   0.0028847
102     19.1996    0.399691   0.0028605
103     21.2076    0.399928  0.00284253
104     20.1662    0.399961  0.00281526
105     20.1916    0.399998  0.00278856
106      19.243    0.399855  0.00276582
107     19.4067    0.399746  0.00274204
108      21.242    0.399978  0.00272645
109     19.1882    0.399829  0.00270541
110     20.8255    0.399981  0.00268499
111     21.9845    0.400339  0.00268463
112     21.7398    0.400646  0.00267829
113      21.258    0.400863  0.00266333
114      19.351    0.400742  0.00264265
115     22.9109    0.401241  0.00266683
116     22.7498    0.401705  0.00268404
117     20.3874    0.401757   0.0026615
118     18.2407    0.401443  0.00265736
119     22.6253    0.401873  0.00266964
120     20.6748    0.401969  0.00264907
121     19.7786    0.401917  0.00262762
122     20.5464     0.40199  0.00260704
123     21.9464    0.402291  0.00260314
124     21.7475    0.402554  0.00259546
125     20.3991    0.402598  0.00257498
126     18.3992    0.402323  0.00256919
127     20.1695    0.402331  0.00254889
128     22.0239    0.402629   0.0025464
129     19.3129    0.402502  0.00252977
130     20.2071    0.402515  0.00251026
131     19.8245    0.402469  0.00249145
132     19.1282    0.402318   0.0024771
133     20.9816    0.402448  0.00246185
134     19.5278     0.40236  0.00244502
135     19.0579    0.402203  0.00243192
136     17.9246    0.401881  0.00243527
137     22.0474    0.402166  0.00243419
138     18.5996    0.401948  0.00242636
139     19.7145    0.401893  0.00240947
140     20.7948    0.401993  0.00239429
141     19.6483    0.401929  0.00237811
142      17.987    0.401631  0.00237992
143     20.4161    0.401678  0.00236368
144      19.528    0.401601  0.00234848
145     22.3339    0.401912  0.00235285
146      18.463    0.401688  0.00234736
147     21.5771    0.401891  0.00234017
148     20.0345    0.401883  0.00232432
149     20.8018    0.401978  0.00231062
150     18.8913    0.401817   0.0023008
151     20.5772    0.401882  0.00228642
152     18.1185    0.401622  0.00228616
153     22.5248    0.401941  0.00229352
154      20.897    0.402045  0.00228095
155     18.5968    0.401851  0.00227449
156     21.2385    0.401998  0.00226464
157     18.1653    0.401751  0.00226362
158     22.3116    0.402033   0.0022668
159     21.0822    0.402156  0.00225587
160     21.7253    0.402358  0.00225082
161     20.7489    0.402437  0.00223817
162     18.9993    0.402298  0.00222863
163     20.2787    0.402318    0.002215
164     18.3914    0.402108  0.00221148
165     20.9469     0.40221   0.0022004
166     19.0089    0.402077  0.00219113
167     19.8018    0.402041  0.00217827
168      18.842    0.401891  0.00217045
169     20.5234    0.401942  0.00215817
170      20.723    0.402015   0.0021467
171     20.3127     0.40204  0.00213425
172     20.6457    0.402103  0.00212275
173     22.7222    0.402406  0.00213202
174     22.0802    0.402631  0.00213167
175     18.8368    0.402483  0.00212461
176     19.3486    0.402395  0.00211434
177     19.2295    0.402294  0.00210477
178     19.2858    0.402201  0.00209498
179     17.2629    0.401883   0.0021074
180     20.0676     0.40188  0.00209566
181     18.2946    0.401681  0.00209351
182     19.0139    0.401564  0.00208529
183     18.1412    0.401352  0.00208464
184     21.2066    0.401476  0.00207698
185     17.3541    0.401182  0.00208654
186     16.9247    0.400845  0.00210248
187     19.1805    0.400753  0.00209324
188     21.6868    0.400928  0.00208945
189     19.7912    0.400901  0.00207854
190     19.3213    0.400825  0.00206898
191     18.3285    0.400646  0.00206591
192     20.0204    0.400644  0.00205513
193      23.453    0.400999  0.00207495
194     18.0755    0.400795  0.00207424
195     19.6068    0.400751  0.00206406
196     17.8063    0.400523  0.00206608
197      18.968    0.400416  0.00205837
198     20.2218    0.400436  0.00204805
199     19.5114    0.400385  0.00203838
200     18.7529    0.400258  0.00203211
1      22.248    0.444959           0
2     20.2598    0.425077    0.019882
3     18.6797    0.407916   0.0206463
4     19.8397    0.405136   0.0148616
5     19.8904     0.40367   0.0116046
6     19.6298    0.401825   0.0096532
7     19.3119    0.399598  0.00845686
8     18.1835    0.395107  0.00859112
9     22.5591    0.401338  0.00980944
10     22.6884     0.40658    0.010221
11     20.1512    0.406257  0.00925089
12     22.6807    0.410204  0.00932148
13     18.6819    0.407391  0.00902406
14     18.8294    0.405191  0.00863953
15      18.759     0.40319  0.00828807
16     21.5496    0.404928  0.00794513
17     17.8316    0.402087  0.00798556
18     22.3541    0.404587    0.007933
19     20.2373    0.404595  0.00750387
20     20.7121    0.405077  0.00713512
21     19.3856     0.40425  0.00683705
22     20.2065    0.404245  0.00651887
23     18.8083    0.403024  0.00634751
24     18.3048    0.401485  0.00626903
25     19.5239    0.401045  0.00602914
26     19.4559    0.400586  0.00581074
27     17.9719    0.399062  0.00579537
28     19.2421    0.398554   0.0056076
29     18.7405    0.397736  0.00547238
30      19.218     0.39729  0.00530559
31     18.8928    0.396663  0.00516973
32     17.9357    0.395477  0.00514413
33       18.92     0.39496  0.00501259
34     19.2471    0.394665  0.00487185
35     20.2957    0.394986  0.00474151
36     21.9101    0.396187  0.00476172
37     18.9558    0.395725  0.00465416
38     20.4232    0.396061  0.00454241
39     19.4345    0.395872  0.00442844
40     21.3288    0.396639  0.00438404
41     20.7958    0.397109  0.00430154
42     18.6643    0.396542  0.00423603
43     19.7621    0.396512  0.00413645
44     18.6257    0.395967  0.00407799
45     21.2402    0.396607  0.00403752
46     20.5752    0.396931  0.00396202
47     22.2418     0.39795  0.00400856
48     21.6052    0.398662  0.00398814
49     18.3868    0.398031  0.00395657
50     19.9465    0.398049  0.00387667
51     20.1523    0.398147  0.00380116
52     19.6864    0.398062  0.00372831
53     21.2455    0.398568  0.00369221
54     21.1721    0.399029  0.00365235
55     20.9202    0.399381  0.00360259
56     18.6804    0.398921  0.00356749
57     21.0559     0.39931  0.00352591
58     19.0574    0.398997  0.00347871
59     20.6148    0.399223  0.00342666
60     20.7463    0.399484  0.00337921
61     21.4763    0.399977  0.00335965
62     19.8592    0.399932  0.00330532
63     19.2176    0.399685  0.00326182
64      21.529    0.400167  0.00324654
65     19.5809    0.400036  0.00319891
66     20.5006    0.400187   0.0031537
67     21.9698    0.400772  0.00316092
68     21.6383    0.401243  0.00314943
69     21.3988     0.40163  0.00312754
70     20.6114    0.401782  0.00308625
71     21.2087    0.402097  0.00305878
72     19.5002    0.401929  0.00302067
73     20.2771    0.401978  0.00297941
74     21.8974    0.402465   0.0029788
75     17.9761    0.401892  0.00299407
76     20.7402    0.402062  0.00295929
77     17.7341    0.401447  0.00298472
78     19.8184    0.401381  0.00294693
79     20.2701    0.401432  0.00290983
80     20.5474    0.401551  0.00287569
81      15.447    0.400408  0.00306148
82      19.934    0.400387  0.00302399
83     19.1137    0.400169  0.00299529
84     15.7616    0.399157  0.00312739
85     18.2935    0.398766  0.00311509
86     21.1001    0.399036  0.00309049
87     20.1952    0.399092  0.00305528
88     20.4926    0.399214  0.00302283
89     20.5991    0.399358  0.00299211
90     19.3491     0.39922  0.00296188
91     22.4915    0.399776  0.00298148
92     21.4617    0.400097  0.00296622
93     20.4744    0.400198  0.00293589
94     17.1312    0.399585  0.00296837
95     22.3539    0.400085   0.0029792
96     22.1068    0.400523  0.00298037
97     19.0008    0.400312  0.00295705
98     19.2331    0.400152  0.00293107
99     20.9538    0.400343  0.00290761
100     19.9228    0.400324  0.00287845
101     17.6666    0.399859  0.00288754
102     19.1913    0.399702   0.0028634
103     21.2181    0.399941  0.00284556
104     20.1562    0.399972  0.00281823
105     20.1978     0.40001  0.00279152
106     19.2491    0.399868  0.00276869
107     19.4163     0.39976  0.00274481
108     21.2312     0.39999  0.00272901
109     19.1828     0.39984    0.002708
110     20.8458    0.399996  0.00268776
111     21.9798    0.400352  0.00268722
112     21.7393     0.40066  0.00268081
113     21.2614    0.400877  0.00266586
114     19.3493    0.400755  0.00264518
115     22.9237    0.401257  0.00266968
116     22.7493     0.40172  0.00268679
117     20.3973    0.401774  0.00266426
118     18.2483    0.401462  0.00265994
119     22.6304    0.401892  0.00267228
120     20.6655    0.401987  0.00265163
121     19.7808    0.401934  0.00263015
122     20.5473    0.402008  0.00260955
123     21.9424    0.402307  0.00260552
124     21.7516    0.402571  0.00259786
125     20.3968    0.402614  0.00257735
126     18.3992    0.402339  0.00257154
127     20.1683    0.402348  0.00255122
128     22.0242    0.402645  0.00254869
129     19.3241     0.40252  0.00253196
130     20.2068    0.402533  0.00251244
131     19.8297    0.402487   0.0024936
132     19.1286    0.402336  0.00247923
133     20.9886    0.402467  0.00246401
134     19.5308    0.402379  0.00244715
135     19.0622    0.402222  0.00243399
136     17.9312    0.401902   0.0024372
137     22.0361    0.402185  0.00243589
138     18.6086    0.401968  0.00242793
139     19.7052    0.401911  0.00241106
140     20.8039    0.402012  0.00239592
141     19.6568    0.401949   0.0023797
142     17.9988    0.401654   0.0023813
143     20.4165    0.401701  0.00236505
144     19.5459    0.401626  0.00234976
145      22.337    0.401937  0.00235415
146      18.457    0.401712  0.00234874
147     21.5812    0.401916  0.00234156
148     20.0337    0.401907   0.0023257
149     20.8042    0.402002    0.002312
150      18.893    0.401841  0.00230217
151     20.5789    0.401906  0.00228778
152     18.1188    0.401646  0.00228751
153     22.5216    0.401965  0.00229477
154     20.8907    0.402068  0.00228214
155     18.6125    0.401875  0.00227552
156     21.2471    0.402023  0.00226571
157     18.1638    0.401776  0.00226472
158     22.2995    0.402056  0.00226768
159     21.0752    0.402178  0.00225669
160     21.7215     0.40238  0.00225158
161     20.7528    0.402459  0.00223893
162     18.9995     0.40232  0.00222939
163     20.2844    0.402341  0.00221577
164     18.3879     0.40213  0.00221229
165     20.9483    0.402232   0.0022012
166     18.9966    0.402098  0.00219202
167     19.7949     0.40206  0.00217918
168       18.84     0.40191  0.00217138
169     20.5253    0.401961  0.00215909
170     20.7328    0.402036  0.00214765
171     20.3113     0.40206  0.00213519
172      20.639    0.402122  0.00212366
173      22.722    0.402425   0.0021329
174     22.0748    0.402649  0.00213246
175     18.8428    0.402502  0.00212535
176     19.3558    0.402415  0.00211505
177      19.224    0.402313  0.00210551
178     19.2744    0.402219  0.00209578
179     17.2799    0.401902  0.00210791
180     20.0691      0.4019  0.00209616
181     18.2992    0.401701  0.00209397
182       19.02    0.401584  0.00208572
183     18.1331    0.401371  0.00208517
184     21.2056    0.401495  0.00207749
185     17.3562    0.401201  0.00208702
186     16.9171    0.400863   0.0021031
187     19.1769     0.40077  0.00209388
188     21.6886    0.400946  0.00209009
189      19.789    0.400919  0.00207919
190     19.3092    0.400841  0.00206967
191     18.3275    0.400662  0.00206662
192     20.0224     0.40066  0.00205582
193     23.4709    0.401017  0.00207594
194     18.0756    0.400813  0.00207523
195     19.6028    0.400768  0.00206505
196     17.8072    0.400541  0.00206706
197     18.9751    0.400434  0.00205931
198     20.2218    0.400454  0.00204899
199     19.5222    0.400404  0.00203928
200     18.7488    0.400276  0.00203304
