1    0.451252    0.451252           0
2    0.447812    0.449532  0.00171988
3    0.420598    0.439888  0.00969573
4    0.421656     0.43533   0.0082327
5     0.42712    0.433688    0.006585
6     0.42511    0.432258  0.00556345
7    0.442585    0.433733  0.00492797
8    0.421534    0.432208  0.00453202
9    0.441368    0.433226  0.00412441
10    0.422091    0.432113  0.00385339
11    0.427936    0.431733  0.00350614
12    0.428245    0.431442  0.00321382
13    0.421164    0.430652  0.00306019
14    0.439843    0.431308  0.00290826
15    0.422172    0.430699  0.00277511
16    0.417135    0.429851  0.00273079
17     0.43247    0.430005  0.00256975
18    0.405107    0.428622  0.00278984
19    0.439583    0.429199  0.00270124
20    0.433405    0.429409  0.00257123
21    0.438045    0.429821  0.00248006
22    0.445925    0.430553  0.00247536
23    0.421363    0.430153   0.0023988
24    0.424402    0.429913  0.00230914
25    0.441607    0.430381   0.0022637
26    0.458763    0.431473  0.00243346
27    0.439582    0.431773  0.00236078
28    0.426429    0.431582   0.0022829
29     0.41261    0.430928  0.00229787
30    0.439123    0.431201  0.00223669
31    0.449871    0.431803  0.00224561
32    0.416264    0.431318  0.00222787
33    0.440453    0.431595  0.00217698
34    0.451769    0.432188  0.00219375
35      0.4383    0.432363   0.0021373
36    0.431709    0.432345  0.00207716
37    0.437675    0.432489  0.00202537
38    0.429381    0.432407  0.00197304
39    0.431696    0.432389  0.00192187
40    0.425468    0.432216  0.00188119
41    0.440224    0.432411   0.0018451
42    0.430553    0.432367  0.00180117
43    0.460752    0.433027  0.00187859
44    0.435063    0.433073  0.00183598
45    0.422312    0.432834  0.00181058
46    0.442215    0.433038  0.00178249
47    0.444713    0.433286  0.00176175
48    0.447705    0.433587  0.00175062
49    0.435424    0.433624  0.00171493
50    0.444173    0.433835  0.00169348
51    0.439127    0.433939  0.00166318
52    0.429411    0.433852   0.0016332
53    0.464477     0.43443  0.00170311
54    0.435731    0.434454  0.00167145
55    0.422008    0.434227  0.00165631
56    0.431823    0.434185  0.00162703
57    0.447973    0.434426  0.00161643
58    0.446817     0.43464  0.00160262
59    0.440595    0.434741  0.00157846
60    0.414327    0.434401  0.00158878
61    0.432798    0.434374  0.00156274
62    0.454259    0.434695  0.00157043
63    0.435705    0.434711  0.00154538
64    0.414132     0.43439  0.00155466
65    0.446051    0.434569  0.00154103
66     0.42883    0.434482  0.00151999
67    0.415053    0.434192  0.00152496
68    0.452734    0.434465  0.00152691
69    0.439937    0.434544  0.00150671
70    0.439146     0.43461  0.00148648
71     0.41852    0.434383  0.00148282
72    0.443205    0.434506   0.0014672
73    0.430467     0.43445  0.00144802
74    0.452322    0.434692  0.00144859
75    0.441905    0.434788  0.00143238
76    0.419049    0.434581   0.0014285
77    0.440183    0.434654   0.0014117
78     0.43942    0.434715  0.00139482
79    0.423543    0.434573   0.0013843
80    0.421678    0.434412  0.00137635
81    0.428795    0.434343  0.00136102
82    0.417711     0.43414  0.00135954
83     0.44131    0.434226  0.00134583
84     0.44632     0.43437  0.00133749
85    0.436877      0.4344  0.00132199
86    0.419703    0.434229  0.00131766
87    0.420872    0.434076  0.00131144
88    0.455616     0.43432  0.00131936
89    0.456068    0.434565  0.00132714
90    0.440225    0.434628  0.00131382
91    0.436661     0.43465  0.00129949
92    0.444764     0.43476  0.00128998
93    0.452671    0.434952  0.00129049
94    0.427701    0.434875  0.00127901
95    0.432418    0.434849  0.00126574
96     0.43652    0.434867  0.00125261
97    0.412672    0.434638  0.00126057
98    0.438575    0.434678  0.00124829
99    0.424134    0.434572  0.00124019
100    0.431575    0.434542   0.0012281
101    0.437482    0.434571  0.00121622
102    0.420255     0.43443  0.00121239
103    0.440029    0.434485  0.00120179
104    0.443209    0.434569  0.00119313
105    0.438136    0.434603  0.00118221
106    0.438322    0.434638  0.00117152
107    0.440635    0.434694  0.00116188
108    0.433933    0.434687  0.00115109
109    0.451811    0.434844  0.00115125
110    0.438101    0.434873  0.00114112
111     0.41443    0.434689  0.00114569
112    0.416784    0.434529  0.00114662
113    0.422418    0.434422  0.00114147
114    0.423933     0.43433  0.00113515
115    0.426697    0.434264  0.00112719
116    0.455429    0.434446  0.00113223
117     0.42973    0.434406  0.00112323
118    0.430304    0.434371  0.00111422
119    0.442621    0.434441  0.00110699
120    0.445638    0.434534  0.00110168
121    0.447961    0.434645  0.00109816
122    0.409983    0.434443  0.00110772
123    0.427443    0.434386  0.00110015
124    0.444854     0.43447   0.0010945
125    0.419196    0.434348  0.00109257
126     0.43838     0.43438  0.00108433
127    0.426667    0.434319  0.00107747
128    0.426875    0.434261   0.0010706
129    0.444767    0.434343  0.00106539
130     0.43213    0.434326   0.0010573
131    0.429103    0.434286  0.00104995
132    0.431206    0.434262  0.00104223
133    0.439596    0.434302  0.00103514
134    0.434316    0.434303  0.00102739
135    0.455421    0.434459  0.00103168
136    0.445382    0.434539  0.00102721
137    0.433557    0.434532  0.00101971
138    0.426405    0.434473    0.001014
139    0.445494    0.434553   0.0010098
140    0.440612    0.434596  0.00100349
141    0.442347    0.434651 0.000997868
142    0.442977    0.434709 0.000992549
143    0.448189    0.434804 0.000990082
144    0.424079    0.434729 0.000985999
145    0.448976    0.434827 0.000984092
146    0.426771    0.434772 0.000978885
147    0.432937     0.43476 0.000972283
148    0.433263     0.43475 0.000965744
149    0.417208    0.434632 0.000966439
150    0.448236    0.434723 0.000964249
151    0.435549    0.434728 0.000957857
152    0.427536    0.434681  0.00095271
153    0.430972    0.434657 0.000946773
154    0.442923     0.43471 0.000942136
155    0.449399    0.434805 0.000940823
156    0.424786    0.434741 0.000936976
157    0.464295    0.434929  0.00094983
158    0.445022    0.434993 0.000945959
159    0.446475    0.435065  0.00094276
160    0.443799     0.43512 0.000938438
161     0.45699    0.435256 0.000942432
162    0.453789     0.43537 0.000943558
163    0.448033    0.435448 0.000940964
164    0.427797    0.435401 0.000936371
165    0.435456    0.435401 0.000930679
166    0.439232    0.435424 0.000925344
167    0.439172    0.435447  0.00092006
168    0.448858    0.435527 0.000918044
169    0.434396     0.43552  0.00091262
170    0.429185    0.435483 0.000908001
171    0.415162    0.435364 0.000910464
172    0.425832    0.435308  0.00090685
173     0.43721    0.435319  0.00090166
174     0.46595    0.435496 0.000913583
175    0.453623    0.435599 0.000914235
176    0.437721    0.435611 0.000909105
177    0.457169    0.435733 0.000912123
178    0.450968    0.435819 0.000911014
179    0.439607     0.43584 0.000906157
180    0.431663    0.435816 0.000901408
181     0.42663    0.435766 0.000897849
182    0.433613    0.435754 0.000892981
183    0.444383    0.435801 0.000889338
184    0.431528    0.435778 0.000884797
185    0.428326    0.435738 0.000880922
186    0.428876    0.435701  0.00087695
187    0.420149    0.435618 0.000876203
188    0.431585    0.435596 0.000871794
189    0.444593    0.435644 0.000868475
190    0.406684    0.435491 0.000877235
191    0.449041    0.435562 0.000875509
192    0.450404    0.435639  0.00087436
193     0.42973    0.435609 0.000870357
194    0.435015    0.435606 0.000865865
195    0.415638    0.435503 0.000867478
196    0.457046    0.435613 0.000870011
197    0.439606    0.435634 0.000865821
198    0.424344    0.435577 0.000863322
199    0.433419    0.435566 0.000859041
200    0.453066    0.435653 0.000859203
1    0.451062    0.451062           0
2    0.447574    0.449318  0.00174433
3    0.419167    0.439268   0.0101007
4    0.419681    0.434371  0.00865971
5    0.425346    0.432566   0.0069464
6    0.425745    0.431429  0.00578453
7    0.443693    0.433181  0.00519328
8    0.424833    0.432137  0.00461697
9    0.439617    0.432969  0.00415574
10    0.422725    0.431944  0.00385557
11    0.427997    0.431585   0.0035059
12    0.428257    0.431308  0.00321244
13    0.421506    0.430554  0.00304969
14    0.439111    0.431165  0.00288886
15    0.420931    0.430483  0.00277458
16    0.414887    0.429508  0.00277238
17    0.434664    0.429811   0.0026218
18    0.407774    0.428587  0.00275844
19    0.440262    0.429202   0.0026806
20     0.43748    0.429616  0.00257651
21    0.438329    0.430031  0.00248563
22    0.446717    0.430789  0.00248837
23    0.423422    0.430469   0.0023992
24    0.426064    0.430285  0.00230438
25    0.440793    0.430706  0.00224989
26     0.45786     0.43175  0.00240071
27    0.437744    0.431972  0.00232073
28    0.429975    0.431901  0.00223745
29    0.412951    0.431247  0.00225563
30     0.44273     0.43163  0.00221251
31    0.449043    0.432192  0.00221244
32    0.416609    0.431705  0.00219683
33    0.441744    0.432009  0.00215085
34    0.453501    0.432641  0.00218027
35    0.438917     0.43282  0.00212464
36    0.430838    0.432765  0.00206552
37    0.436863    0.432876  0.00201197
38    0.430924    0.432825  0.00195898
39    0.430488    0.432765  0.00190903
40    0.424381    0.432555  0.00187245
41     0.44308    0.432812  0.00184417
42    0.430501    0.432757  0.00180057
43    0.461447    0.433424  0.00188053
44    0.433994    0.433437  0.00183734
45    0.421824    0.433179  0.00181449
46    0.441227    0.433354  0.00178321
47    0.445847     0.43362  0.00176499
48    0.445551    0.433868  0.00174562
49    0.435625    0.433904     0.00171
50    0.442923    0.434085  0.00168513
51    0.440322    0.434207  0.00165628
52    0.429726    0.434121   0.0016264
53    0.465369     0.43471  0.00170087
54    0.436639    0.434746  0.00166946
55    0.423246    0.434537  0.00165211
56    0.432589    0.434502  0.00162271
57    0.444405    0.434676  0.00160343
58    0.446784    0.434885  0.00158931
59    0.440304    0.434976  0.00156484
60     0.41515    0.434646  0.00157363
61    0.433614    0.434629  0.00154771
62     0.45269     0.43492  0.00155015
63    0.435598    0.434931  0.00152539
64    0.412022    0.434573  0.00154345
65    0.443017    0.434703  0.00152506
66    0.431076    0.434648  0.00150278
67    0.418324    0.434404   0.0015001
68    0.452174    0.434666   0.0015008
69    0.440554    0.434751  0.00148135
70    0.436966    0.434783  0.00146037
71    0.417308    0.434537  0.00146054
72    0.442391    0.434646  0.00144424
73    0.430292    0.434586  0.00142557
74     0.45256    0.434829  0.00142699
75    0.443379    0.434943  0.00141245
76    0.419079    0.434734  0.00140928
77    0.444995    0.434868  0.00139723
78    0.438817    0.434918  0.00138013
79    0.422163    0.434757  0.00137208
80    0.421579    0.434592  0.00136479
81    0.429483    0.434529  0.00134932
82    0.418177    0.434329  0.00134759
83    0.439478    0.434392   0.0013327
84    0.447397    0.434546  0.00132581
85    0.437559    0.434582   0.0013106
86    0.418927      0.4344    0.001308
87    0.421063    0.434246  0.00130194
88    0.453927     0.43447  0.00130634
89    0.456817    0.434721  0.00131576
90    0.443201    0.434815  0.00130447
91    0.434134    0.434808  0.00129007
92    0.444934    0.434918  0.00128071
93     0.45037    0.435084  0.00127772
94    0.429287    0.435022  0.00126555
95    0.436678     0.43504  0.00125228
96    0.437698    0.435068  0.00123948
97    0.410685    0.434816  0.00125213
98    0.439576    0.434865  0.00124023
99    0.428128    0.434797  0.00122953
100     0.43168    0.434766  0.00121757
101    0.436777    0.434785  0.00120562
102    0.421643    0.434657  0.00120067
103    0.439948    0.434708  0.00119007
104    0.445092    0.434808  0.00118279
105    0.437896    0.434837  0.00117184
106    0.440202    0.434888  0.00116184
107    0.440967    0.434945  0.00115233
108    0.435023    0.434945  0.00114161
109    0.453003    0.435111  0.00114316
110    0.440512     0.43516  0.00113378
111    0.415799    0.434986  0.00113698
112    0.416929    0.434825  0.00113826
113     0.42178    0.434709  0.00113403
114    0.425917    0.434632  0.00112668
115    0.428131    0.434575  0.00111827
116    0.455696    0.434758  0.00112344
117    0.431643    0.434731  0.00111411
118    0.432181    0.434709  0.00110484
119    0.443033    0.434779  0.00109775
120    0.445961    0.434872  0.00109254
121    0.449102     0.43499  0.00108984
122    0.410573     0.43479  0.00109924
123    0.426732    0.434724  0.00109224
124    0.448104    0.434832  0.00108875
125    0.419992    0.434714  0.00108651
126    0.438727    0.434745  0.00107833
127    0.427025    0.434685  0.00107153
128    0.426463     0.43462  0.00106506
129    0.439488    0.434658  0.00105745
130    0.430485    0.434626  0.00104977
131    0.430013    0.434591  0.00104232
132    0.432232    0.434573  0.00103455
133    0.438712    0.434604  0.00102721
134    0.436528    0.434618  0.00101962
135    0.456383     0.43478   0.0010248
136    0.444338     0.43485  0.00101966
137    0.434589    0.434848   0.0010122
138    0.426409    0.434787  0.00100669
139    0.445504    0.434864  0.00100239
140    0.441033    0.434908 0.000996183
141    0.440954    0.434951 0.000990022
142    0.444625    0.435019 0.000985383
143    0.448055     0.43511 0.000982705
144    0.425231    0.435042 0.000978266
145    0.450783     0.43515 0.000977542
146    0.425419    0.435083 0.000973109
147    0.435059    0.435083 0.000966466
148    0.433307    0.435071 0.000959989
149    0.414812    0.434935  0.00096317
150    0.450646     0.43504 0.000962444
151    0.434128    0.435034 0.000956068
152    0.424866    0.434967  0.00095211
153    0.430191    0.434936 0.000946381
154    0.441691     0.43498 0.000941239
155    0.452174    0.435091 0.000941703
156    0.425994    0.435032 0.000937462
157    0.464465     0.43522  0.00095015
158    0.443924    0.435275 0.000945723
159    0.447341    0.435351 0.000942815
160    0.443561    0.435402 0.000938308
161    0.454022    0.435518 0.000939607
162    0.451606    0.435617 0.000939055
163     0.44931    0.435701 0.000937049
164     0.42738     0.43565 0.000932699
165    0.436174    0.435654 0.000927034
166    0.438644    0.435672 0.000921609
167    0.439197    0.435693 0.000916317
168    0.446838    0.435759 0.000913259
169    0.432385    0.435739 0.000908058
170    0.431091    0.435712 0.000903115
171    0.415221    0.435592 0.000905779
172    0.422731    0.435517 0.000903596
173    0.436539    0.435523 0.000898378
174    0.465237    0.435694 0.000909377
175    0.454317      0.4358 0.000910407
176    0.437885    0.435812 0.000905297
177    0.460077    0.435949 0.000910547
178    0.449976    0.436028  0.00090884
179    0.437927    0.436039  0.00090381
180    0.430143    0.436006 0.000899372
181    0.426496    0.435953 0.000895931
182    0.434917    0.435948 0.000891013
183    0.443908    0.435991 0.000887198
184    0.431472    0.435967 0.000882705
185    0.427742    0.435922 0.000879045
186    0.427377    0.435876 0.000875512
187    0.421457    0.435799 0.000874225
188    0.435943      0.4358 0.000869563
189    0.447248     0.43586 0.000867068
190    0.409103     0.43572 0.000873914
191    0.446156    0.435774 0.000871042
192    0.451089    0.435854 0.000870157
193    0.429715    0.435822 0.000866221
194    0.437582    0.435831 0.000861792
195    0.414906    0.435724 0.000864051
196    0.457209    0.435833 0.000866592
197    0.435968    0.435834 0.000862182
198    0.427247    0.435791 0.000858912
199    0.433165    0.435778 0.000854687
200    0.452109    0.435859 0.000854314
