1    0.416115    0.416115           0
2    0.409505     0.41281  0.00330499
3    0.416491    0.414037  0.00226854
4    0.414805    0.414229  0.00161555
5    0.403023    0.411988  0.00256695
6    0.410866    0.411801  0.00210422
7    0.412354     0.41188  0.00178015
8    0.412539    0.411962  0.00154385
9    0.426724    0.413602  0.00213168
10    0.413169    0.413559  0.00190712
11    0.413989    0.413598   0.0017255
12    0.408351    0.413161  0.00163473
13    0.414538    0.413267  0.00150746
14    0.404781    0.412661  0.00152157
15    0.409166    0.412428  0.00143554
16     0.41622    0.412665  0.00136358
17     0.41164    0.412604  0.00128228
18    0.409107     0.41241  0.00122446
19    0.407932    0.412174  0.00118196
20    0.411804    0.412156  0.00112146
21    0.411339    0.412117  0.00106743
22    0.417839    0.412377  0.00105046
23    0.411275    0.412329  0.00100489
24    0.416342    0.412496  0.00097653
25    0.420154    0.412803 0.000985469
26    0.413256     0.41282 0.000946969
27     0.40699    0.412604 0.000936452
28    0.414991    0.412689 0.000906404
29    0.415141    0.412774 0.000878667
30    0.418024    0.412949 0.000866722
31    0.416693     0.41307 0.000846953
32    0.425596    0.413461 0.000908695
33    0.417407    0.413581 0.000888809
34    0.416957     0.41368 0.000867972
35    0.419986     0.41386 0.000861852
36    0.422846     0.41411 0.000873967
37    0.413296    0.414088 0.000850303
38    0.415726    0.414131 0.000828746
39    0.405961    0.413921 0.000833956
40    0.420607    0.414089 0.000829847
41    0.417613    0.414175 0.000813906
42    0.422604    0.414375 0.000819256
43    0.412845     0.41434 0.000800768
44    0.405468    0.414138 0.000807921
45    0.408657    0.414016 0.000799101
46     0.41506    0.414039 0.000781865
47    0.409051    0.413933 0.000772373
48    0.411237    0.413877 0.000758194
49    0.410778    0.413813 0.000745247
50    0.416395    0.413865 0.000732014
51    0.416988    0.413926 0.000720125
52    0.416141    0.413969 0.000707423
53    0.418268     0.41405 0.000698673
54    0.403443    0.413854 0.000713193
55    0.406234    0.413715  0.00071368
56    0.409505     0.41364 0.000704842
57    0.412511     0.41362 0.000692649
58    0.414371    0.413633 0.000680725
59    0.418871    0.413722 0.000674951
60    0.414018    0.413727 0.000663624
61    0.418564    0.413806 0.000657455
62    0.411792    0.413774  0.00064758
63    0.416167    0.413811 0.000638349
64      0.4142    0.413818 0.000628325
65    0.420597    0.413922 0.000627314
66    0.420482    0.414021 0.000625681
67    0.413698    0.414016  0.00061629
68    0.412951    0.414001 0.000607362
69    0.416279    0.414034 0.000599405
70    0.418962    0.414104  0.00059496
71    0.405747    0.413986 0.000598215
72     0.41798    0.414042  0.00059245
73    0.417161    0.414085 0.000585838
74      0.4113    0.414047  0.00057909
75    0.409321    0.413984 0.000574781
76    0.414472     0.41399 0.000567204
77    0.412916    0.413977 0.000559964
78    0.409223    0.413916 0.000556088
79    0.421269    0.414009 0.000556838
80    0.412871    0.413994 0.000550017
81     0.40551     0.41389 0.000553191
82    0.407725    0.413814 0.000551552
83    0.412551    0.413799 0.000545079
84    0.413463    0.413795 0.000538565
85    0.421057    0.413881 0.000539005
86    0.415104    0.413895  0.00053289
87    0.412574     0.41388 0.000526948
88     0.41131    0.413851 0.000521743
89    0.417764    0.413894 0.000517719
90    0.420595    0.413969 0.000517319
91    0.417996    0.414013 0.000513513
92    0.419299    0.414071 0.000511141
93    0.410525    0.414033  0.00050705
94     0.40981    0.413988 0.000503634
95    0.410367    0.413949  0.00049976
96    0.408625    0.413894 0.000497627
97    0.414196    0.413897  0.00049248
98    0.414449    0.413903 0.000487462
99     0.42223    0.413987  0.00048979
100    0.417559    0.414023 0.000486181
101    0.411095    0.413994 0.000482215
102    0.412983    0.413984 0.000477567
103    0.417377    0.414017 0.000474054
104    0.411336    0.413991 0.000470181
105    0.413579    0.413987 0.000465698
106    0.418283    0.414027  0.00046306
107    0.414623    0.414033 0.000458746
108    0.415142    0.414043 0.000454594
109     0.41072    0.414013 0.000451435
110    0.413835    0.414011 0.000447315
111    0.413646    0.414008 0.000443279
112    0.402277    0.413903 0.000451616
113     0.41299    0.413895 0.000447675
114     0.41103     0.41387 0.000444442
115    0.404678     0.41379 0.000447753
116    0.414278    0.413794 0.000443896
117    0.411596    0.413775 0.000440487
118    0.412241    0.413762 0.000436931
119    0.420881    0.413822 0.000437354
120    0.413276    0.413818 0.000433718
121    0.419954    0.413868 0.000433098
122    0.411454    0.413849 0.000429989
123    0.413676    0.413847 0.000426481
124    0.417712    0.413878 0.000424174
125    0.419885    0.413926 0.000423503
126    0.412443    0.413915 0.000420293
127    0.414431    0.413919  0.00041699
128    0.412453    0.413907 0.000413878
129    0.412052    0.413893 0.000410909
130    0.420029     0.41394 0.000410459
131    0.416623    0.413961 0.000407828
132    0.416934    0.413983 0.000405353
133    0.420635    0.414033 0.000405391
134    0.410213    0.414005 0.000403363
135    0.412602    0.413994 0.000400499
136     0.41664    0.414014 0.000398019
137    0.412607    0.414003 0.000395236
138    0.408566    0.413964 0.000394335
139    0.410507    0.413939 0.000392277
140    0.422487       0.414 0.000394221
141    0.413603    0.413997 0.000391426
142    0.412613    0.413988 0.000388782
143    0.413952    0.413987 0.000386054
144    0.415883    0.414001 0.000383589
145    0.418348    0.414031 0.000382113
146    0.412033    0.414017 0.000379733
147    0.422932    0.414078 0.000381986
148    0.412868    0.414069 0.000379484
149    0.419047    0.414103 0.000378406
150      0.4134    0.414098 0.000375904
151    0.403608    0.414029 0.000379814
152    0.406293    0.413978 0.000380724
153    0.413528    0.413975 0.000378239
154    0.411946    0.413962 0.000376006
155    0.419028    0.413994    0.000375
156    0.419025    0.414027 0.000373981
157    0.416806    0.414044 0.000372013
158    0.428354    0.414135 0.000380584
159    0.409867    0.414108 0.000379134
160    0.414513     0.41411 0.000376765
161    0.419526    0.414144 0.000375926
162    0.408653     0.41411 0.000375132
163    0.422745    0.414163 0.000376568
164    0.416225    0.414176 0.000374476
165    0.421561    0.414221 0.000374881
166    0.415429    0.414228 0.000372687
167    0.418154    0.414251 0.000371194
168    0.405578      0.4142 0.000372572
169    0.419517    0.414231 0.000371695
170    0.408302    0.414196 0.000371145
171     0.41412    0.414196 0.000368968
172    0.415717    0.414205 0.000366923
173    0.415659    0.414213 0.000364893
174    0.416891    0.414228 0.000363116
175    0.414753    0.414231 0.000361048
176     0.41412    0.414231 0.000358991
177    0.407822    0.414195 0.000358789
178    0.411405    0.414179 0.000357111
179    0.419202    0.414207 0.000356218
180    0.419684    0.414237 0.000355538
181    0.409519    0.414211 0.000354528
182    0.409057    0.414183  0.00035371
183    0.418397    0.414206 0.000352525
184    0.407798    0.414171  0.00035233
185    0.405043    0.414122 0.000353877
186    0.414759    0.414125 0.000351986
187    0.419154    0.414152  0.00035113
188    0.408287    0.414121 0.000350648
189    0.409761    0.414098  0.00034955
190    0.416034    0.414108 0.000347854
191    0.420593    0.414142  0.00034769
192    0.412897    0.414136 0.000345935
193    0.413087     0.41413 0.000344181
194    0.421836     0.41417 0.000344698
195     0.41303    0.414164 0.000342976
196    0.421661    0.414202 0.000343359
197    0.421996    0.414242 0.000343894
198    0.422419    0.414283 0.000344637
199    0.427059    0.414347 0.000348859
200    0.423448    0.414393  0.00035008
1    0.422729    0.422729           0
2    0.412968    0.417848  0.00488058
3    0.414191    0.416629  0.00307019
4    0.413282    0.415793  0.00232662
5    0.403072    0.413248  0.00311776
6    0.412469    0.413119  0.00254895
7    0.414083    0.413256  0.00215866
8    0.413413    0.413276  0.00186956
9    0.423393      0.4144  0.00199551
10    0.414132    0.414373  0.00178504
11    0.416895    0.414603  0.00163082
12    0.407338    0.413997  0.00160711
13    0.415514    0.414114  0.00148292
14    0.405511    0.413499  0.00150416
15    0.410156    0.413277  0.00141792
16    0.414566    0.413357  0.00132879
17    0.414725    0.413438  0.00125078
18    0.410905    0.413297   0.0011876
19     0.40661    0.412945   0.0011772
20    0.415031    0.413049  0.00112165
21     0.41212    0.413005  0.00106782
22    0.421015    0.413369  0.00108126
23    0.412628    0.413337  0.00103368
24    0.416818    0.413482  0.00100025
25     0.41949    0.413722 0.000989045
26    0.413651     0.41372 0.000950247
27    0.408337     0.41352 0.000935854
28    0.414217    0.413545 0.000902155
29    0.416798    0.413657  0.00087769
30     0.41953    0.413853 0.000870233
31     0.41842       0.414 0.000854491
32    0.425536    0.414361 0.000902482
33    0.418875    0.414498  0.00088534
34    0.416537    0.414558 0.000860996
35    0.421067    0.414744 0.000856474
36    0.421722    0.414937 0.000854617
37    0.410953     0.41483 0.000838145
38    0.413861    0.414804 0.000816189
39    0.407648    0.414621 0.000815885
40    0.416918    0.414678 0.000797299
41     0.41675    0.414729 0.000779249
42    0.420027    0.414855  0.00077086
43    0.415317    0.414866 0.000752796
44    0.404866    0.414638 0.000769802
45    0.409514    0.414525  0.00076107
46    0.414053    0.414514 0.000744412
47    0.407014    0.414355 0.000745678
48    0.413067    0.414328 0.000730471
49    0.409274    0.414225 0.000722803
50     0.41843    0.414309 0.000713176
51    0.416261    0.414347 0.000700099
52    0.414928    0.414358 0.000686595
53    0.420627    0.414477 0.000683822
54     0.40202    0.414246 0.000709583
55    0.406772     0.41411 0.000709691
56    0.412926    0.414089 0.000697223
57    0.410121    0.414019 0.000688412
58    0.413373    0.414008  0.00067653
59    0.415249    0.414029 0.000665297
60    0.413099    0.414014 0.000654299
61    0.418888    0.414094 0.000648425
62    0.410697    0.414039 0.000640229
63    0.413962    0.414038 0.000629986
64    0.413295    0.414026 0.000620173
65    0.420616    0.414127 0.000618918
66    0.423135    0.414264 0.000624561
67    0.414769    0.414271 0.000615215
68    0.413004    0.414253 0.000606387
69    0.414565    0.414257 0.000597551
70    0.422769    0.414379 0.000601374
71    0.407339     0.41428 0.000601077
72    0.418815    0.414343 0.000596008
73    0.417302    0.414383 0.000589183
74    0.410766    0.414334 0.000583218
75    0.411344    0.414294  0.00057677
76     0.41464    0.414299 0.000569148
77    0.415909     0.41432 0.000562097
78    0.410996    0.414277 0.000556478
79    0.418351    0.414329 0.000551803
80     0.41688    0.414361 0.000545794
81    0.406223     0.41426 0.000548296
82    0.406542    0.414166 0.000549688
83    0.414387    0.414169 0.000543031
84    0.414061    0.414167 0.000536529
85     0.41927    0.414228 0.000533567
86    0.413025    0.414214 0.000527512
87    0.412078    0.414189 0.000521991
88    0.408933    0.414129  0.00051947
89    0.416742    0.414159 0.000514438
90    0.420033    0.414224  0.00051286
91    0.415389    0.414237 0.000507355
92    0.421203    0.414312  0.00050749
93    0.413332    0.414302 0.000502115
94    0.411799    0.414275 0.000497457
95     0.41014    0.414232 0.000494114
96     0.41126    0.414201 0.000489919
97    0.416041     0.41422 0.000485213
98    0.412705    0.414204 0.000480485
99    0.422755    0.414291 0.000483386
100    0.418039    0.414328 0.000479994
101    0.413042    0.414315 0.000475388
102      0.4117     0.41429 0.000471402
103     0.41695    0.414316 0.000467517
104    0.414654    0.414319 0.000463012
105    0.414577    0.414321 0.000458587
106    0.418787    0.414363  0.00045619
107    0.412801    0.414349 0.000452142
108    0.414263    0.414348 0.000447937
109    0.409643    0.414305 0.000445903
110    0.415769    0.414318 0.000442031
111    0.416256    0.414336 0.000438378
112    0.404837    0.414251 0.000442648
113    0.409903    0.414212 0.000440397
114    0.416491    0.414232 0.000436974
115    0.404431    0.414147 0.000441462
116    0.410574    0.414116 0.000438723
117    0.410097    0.414082 0.000436311
118    0.414545    0.414086 0.000432616
119    0.420266    0.414138 0.000432097
120    0.415202    0.414147 0.000428573
121    0.419003    0.414187 0.000426907
122    0.413735    0.414183  0.00042341
123    0.413978    0.414181 0.000419956
124    0.415536    0.414192 0.000416699
125    0.417918    0.414222 0.000414425
126    0.413359    0.414215  0.00041118
127    0.413389    0.414209 0.000407981
128    0.412098    0.414192 0.000405117
129    0.412302    0.414178 0.000402231
130    0.417066      0.4142 0.000399743
131    0.414381    0.414201 0.000396682
132    0.417373    0.414225 0.000394398
133    0.420673    0.414274 0.000394413
134    0.410175    0.414243 0.000392652
135    0.413346    0.414237 0.000389789
136    0.413936    0.414234 0.000386919
137    0.412777    0.414224 0.000384231
138    0.409729    0.414191 0.000382825
139    0.411442    0.414171 0.000380575
140    0.421641    0.414225 0.000381595
141    0.414651    0.414228 0.000378891
142    0.412975    0.414219 0.000376317
143    0.415167    0.414226 0.000373735
144      0.4155    0.414234 0.000371236
145    0.418159    0.414261 0.000369659
146    0.411838    0.414245 0.000367494
147    0.422621    0.414302 0.000369406
148    0.415578     0.41431 0.000367003
149    0.416212    0.414323 0.000364755
150    0.413624    0.414319 0.000362345
151    0.402054    0.414237 0.000368987
152    0.407355    0.414192 0.000369337
153    0.411505    0.414175 0.000367335
154    0.408088    0.414135 0.000367076
155    0.419591     0.41417 0.000366395
156    0.417773    0.414193  0.00036477
157     0.41584    0.414204 0.000362591
158    0.427127    0.414286 0.000369457
159    0.411369    0.414267 0.000367584
160    0.415085    0.414272 0.000365315
161    0.418367    0.414298 0.000363928
162    0.405933    0.414246 0.000365342
163    0.420287    0.414283  0.00036498
164    0.415165    0.414289 0.000362788
165    0.421396    0.414332 0.000363146
166    0.415198    0.414337  0.00036099
167    0.417146    0.414354 0.000359216
168    0.404504    0.414295 0.000361852
169    0.418005    0.414317 0.000360374
170    0.409344    0.414288  0.00035944
171    0.412221    0.414276 0.000357536
172    0.414822    0.414279 0.000355466
173    0.414451     0.41428 0.000353406
174     0.41685    0.414295  0.00035168
175    0.415264      0.4143 0.000349708
176    0.414293      0.4143 0.000347716
177    0.408713    0.414269 0.000347184
178    0.409613    0.414242 0.000346217
179    0.417821    0.414262 0.000344858
180    0.414587    0.414264 0.000342941
181    0.414269    0.414264 0.000341041
182     0.41121    0.414247 0.000339577
183    0.418736    0.414272 0.000338606
184    0.407427    0.414235 0.000338809
185    0.403759    0.414178 0.000341697
186    0.414149    0.414178 0.000339855
187    0.416034    0.414188 0.000338179
188    0.407592    0.414153   0.0003382
189    0.411334    0.414138 0.000336736
190    0.416182    0.414149 0.000335132
191    0.422754    0.414194 0.000336404
192    0.412397    0.414184 0.000334778
193    0.413522    0.414181 0.000333056
194    0.421535    0.414219 0.000333497
195    0.412124    0.414208 0.000331956
196    0.421369    0.414245 0.000332272
197    0.421627    0.414282 0.000332699
198    0.423475    0.414329 0.000334254
199    0.425974    0.414387  0.00033768
200    0.423599    0.414433 0.000339129
