1     0.23869     0.23869           0
2    0.230865    0.234777  0.00391252
3    0.234534    0.234696  0.00226035
4    0.237874    0.235491  0.00178492
5    0.235007    0.235394  0.00138597
6    0.234693    0.235277  0.00113766
7    0.236236    0.235414 0.000971208
8    0.235498    0.235425 0.000841157
9    0.234425    0.235313 0.000750104
10      0.2346    0.235242 0.000674695
11    0.234244    0.235151  0.00061699
12    0.233859    0.235044  0.00057344
13    0.233052     0.23489 0.000549282
14    0.233738    0.234808 0.000515151
15    0.231108    0.234562 0.000539287
16    0.234354    0.234549 0.000504624
17    0.237172    0.234703 0.000498508
18    0.234064    0.234667 0.000471335
19    0.233303    0.234596 0.000451586
20    0.234772    0.234604 0.000428503
21    0.234316    0.234591 0.000407818
22     0.23718    0.234708 0.000406268
23    0.232565    0.234615 0.000399229
24    0.233006    0.234548 0.000388068
25    0.232223    0.234455  0.00038367
26    0.234429    0.234454  0.00036862
27    0.234132    0.234442 0.000354904
28    0.233984    0.234426 0.000342386
29    0.235838    0.234475  0.00033394
30    0.233124     0.23443 0.000325744
31    0.232744    0.234375 0.000319719
32    0.232394    0.234313 0.000315696
33     0.23271    0.234265 0.000309813
34    0.231778    0.234192 0.000309332
35    0.232486    0.234143 0.000304293
36    0.234342    0.234148 0.000295771
37    0.236178    0.234203 0.000292851
38    0.236236    0.234257 0.000290016
39    0.235036    0.234277 0.000283187
40    0.234429     0.23428 0.000276043
41    0.234971    0.234297 0.000269752
42     0.23609     0.23434  0.00026669
43    0.230961    0.234261 0.000272013
44     0.23051    0.234176 0.000279097
45    0.231343    0.234113 0.000279995
46    0.234946    0.234131 0.000274438
47    0.231626    0.234078 0.000273773
48     0.23288    0.234053 0.000269168
49    0.237193    0.234117 0.000271294
50    0.233661    0.234108 0.000265969
51    0.238796      0.2342 0.000276434
52    0.233289    0.234182 0.000271631
53    0.235423    0.234206 0.000267483
54    0.232442    0.234173 0.000264507
55    0.235028    0.234189 0.000260118
56    0.234674    0.234197 0.000255578
57    0.235389    0.234218 0.000251922
58    0.233008    0.234197 0.000248418
59    0.235996    0.234228 0.000246066
60    0.231714    0.234186 0.000245532
61    0.236308    0.234221 0.000243966
62    0.235171    0.234236 0.000240488
63    0.233618    0.234226 0.000236844
64    0.234523    0.234231 0.000233159
65    0.231575     0.23419 0.000233154
66    0.233616    0.234181 0.000229759
67    0.230088     0.23412 0.000234406
68    0.235092    0.234135 0.000231375
69    0.233126     0.23412 0.000228465
70    0.232173    0.234092 0.000226889
71    0.236617    0.234128  0.00022648
72    0.235579    0.234148 0.000224221
73    0.231578    0.234113 0.000223911
74    0.236807    0.234149 0.000223846
75    0.230505      0.2341 0.000226122
76    0.236406    0.234131 0.000225179
77    0.235158    0.234144 0.000222636
78    0.233232    0.234132 0.000220074
79    0.234059    0.234131 0.000217272
80    0.234897    0.234141 0.000214752
81      0.2358    0.234162 0.000213071
82    0.233492    0.234153 0.000210615
83    0.233162    0.234141 0.000208405
84    0.236422    0.234169 0.000207691
85    0.234698    0.234175 0.000205327
86    0.230895    0.234137 0.000206478
87    0.236909    0.234169 0.000206563
88    0.236684    0.234197 0.000206194
89    0.236354    0.234221 0.000205299
90    0.233575    0.234214 0.000203132
91    0.234007    0.234212   0.0002009
92    0.232798    0.234197 0.000199298
93    0.235685    0.234213 0.000197793
94    0.236004    0.234232 0.000196603
95    0.234188    0.234231 0.000194523
96    0.231672    0.234204 0.000194323
97    0.233206    0.234194 0.000192584
98    0.235347    0.234206 0.000190972
99    0.234804    0.234212 0.000189129
100    0.233504    0.234205 0.000187362
101    0.236136    0.234224 0.000186481
102    0.236404    0.234245 0.000185876
103    0.234095    0.234244 0.000184069
104    0.234009    0.234242 0.000182304
105    0.235968    0.234258 0.000181307
106    0.238284    0.234296 0.000183559
107    0.234246    0.234296 0.000181836
108    0.234047    0.234293  0.00018016
109    0.235832    0.234307 0.000179057
110    0.235987    0.234323 0.000178077
111    0.231135    0.234294 0.000178787
112    0.230954    0.234264 0.000179675
113    0.232154    0.234245 0.000179054
114    0.233596     0.23424 0.000177568
115    0.233666    0.234235 0.000176088
116    0.236498    0.234254 0.000175651
117    0.233622    0.234249 0.000174227
118    0.235284    0.234258 0.000172967
119     0.23711    0.234282 0.000173173
120    0.233822    0.234278 0.000171767
121    0.234632    0.234281 0.000170366
122    0.235345    0.234289 0.000169189
123    0.236172    0.234305 0.000168505
124    0.236613    0.234323 0.000168174
125    0.236881    0.234344 0.000168073
126    0.236206    0.234359 0.000167387
127     0.23592    0.234371 0.000166519
128    0.235471     0.23438 0.000165436
129    0.232498    0.234365 0.000164796
130    0.237989    0.234393 0.000165883
131    0.234865    0.234396 0.000164651
132    0.236442    0.234412 0.000164133
133    0.233891    0.234408 0.000162941
134    0.231413    0.234386 0.000163257
135    0.236508    0.234401 0.000162804
136    0.236446    0.234416 0.000162301
137    0.236476    0.234431 0.000161811
138    0.231322    0.234409 0.000162207
139    0.235608    0.234418 0.000161267
140    0.234705     0.23442 0.000160124
141    0.235938     0.23443 0.000159349
142    0.236228    0.234443 0.000158728
143    0.236406    0.234457 0.000158211
144    0.237183    0.234476 0.000158245
145    0.236731    0.234491 0.000157918
146    0.232685    0.234479  0.00015732
147    0.234206    0.234477 0.000156257
148     0.23284    0.234466 0.000155591
149    0.234838    0.234468 0.000154563
150    0.234536    0.234469  0.00015353
151    0.233031    0.234459 0.000152807
152    0.232076    0.234444 0.000152606
153    0.233565    0.234438 0.000151714
154    0.233997    0.234435 0.000150753
155    0.234654    0.234436 0.000149784
156    0.238513    0.234463 0.000151098
157    0.236419    0.234475 0.000150649
158     0.23619    0.234486 0.000150085
159    0.233662    0.234481 0.000149228
160    0.234678    0.234482 0.000148298
161    0.236247    0.234493 0.000147781
162    0.234238    0.234491 0.000146874
163     0.23637    0.234503 0.000146425
164     0.23186    0.234487 0.000146419
165    0.235075     0.23449 0.000145573
166    0.235811    0.234498 0.000144912
167    0.235459    0.234504 0.000144156
168    0.233151    0.234496 0.000143522
169    0.235299    0.234501 0.000142749
170    0.237714     0.23452 0.000143161
171    0.236584    0.234532 0.000142832
172    0.233889    0.234528 0.000142048
173    0.235838    0.234536 0.000141427
174    0.234341    0.234534 0.000140617
175    0.232685    0.234524  0.00014021
176    0.233811     0.23452  0.00013947
177    0.235586    0.234526  0.00013881
178    0.233422     0.23452 0.000138168
179    0.231875    0.234505 0.000138186
180    0.234307    0.234504  0.00013742
181    0.236935    0.234517 0.000137317
182    0.235523    0.234523 0.000136673
183    0.235622    0.234529 0.000136056
184    0.235548    0.234534 0.000135428
185    0.235788    0.234541 0.000134865
186    0.235036    0.234544 0.000134164
187    0.234202    0.234542 0.000133457
188    0.230752    0.234522 0.000134267
189    0.232694    0.234512 0.000133905
190    0.236328    0.234522 0.000133541
191    0.232212     0.23451 0.000133389
192    0.236629    0.234521 0.000133151
193    0.235455    0.234525 0.000132547
194    0.234221    0.234524 0.000131872
195    0.229786      0.2345 0.000133424
196    0.232706     0.23449 0.000133057
197    0.234857    0.234492 0.000132393
198    0.235923    0.234499  0.00013192
199    0.233886    0.234496 0.000131292
200    0.234695    0.234497 0.000130638
1    0.238556    0.238556           0
2    0.231235    0.234896  0.00366066
3    0.234932    0.234908  0.00211352
4    0.237632    0.235589  0.00164228
5    0.234122    0.235295  0.00130551
6    0.236729    0.235534  0.00109238
7    0.237201    0.235772 0.000953431
8    0.234121    0.235566 0.000851112
9    0.234579    0.235456 0.000758575
10    0.234685    0.235379 0.000682865
11    0.233285    0.235189 0.000646349
12    0.234942    0.235168  0.00059039
13    0.235298    0.235178 0.000543172
14    0.233514    0.235059 0.000516743
15    0.231916     0.23485 0.000524711
16    0.233168    0.234745 0.000501957
17    0.235821    0.234808 0.000475737
18    0.233186    0.234718 0.000457491
19    0.234912    0.234728 0.000432864
20    0.235408    0.234762 0.000412058
21     0.23274    0.234666 0.000403598
22    0.236306     0.23474 0.000391973
23     0.23242    0.234639 0.000387892
24    0.232278    0.234541 0.000384195
25    0.233772     0.23451 0.000369788
26     0.23603    0.234569 0.000360055
27    0.236781    0.234651  0.00035602
28     0.23223    0.234564 0.000353791
29     0.23707    0.234651 0.000352135
30    0.233665    0.234618 0.000341778
31    0.232608    0.234553 0.000336867
32    0.236163    0.234603 0.000330027
33    0.234147    0.234589 0.000320169
34    0.234212    0.234578 0.000310807
35    0.233075    0.234535 0.000304836
36    0.235391    0.234559 0.000297198
37    0.235843    0.234594  0.00029113
38    0.235709    0.234623 0.000284881
39    0.233678    0.234599 0.000278536
40    0.235021    0.234609 0.000271688
41    0.237635    0.234683 0.000275065
42    0.234828    0.234687 0.000268458
43      0.2328    0.234643 0.000265788
44    0.231856     0.23458  0.00026729
45    0.233586    0.234557 0.000262215
46    0.233295     0.23453 0.000257916
47    0.233661    0.234511 0.000253046
48    0.234932     0.23452 0.000247873
49    0.235835    0.234547 0.000244241
50    0.237344    0.234603 0.000245755
51    0.238154    0.234673 0.000250751
52    0.237266    0.234723 0.000250888
53    0.236142    0.234749 0.000247562
54    0.232761    0.234712 0.000245707
55    0.232946     0.23468 0.000243328
56    0.235786      0.2347 0.000239758
57    0.232863    0.234668 0.000237709
58     0.23289    0.234637 0.000235577
59    0.237605    0.234688 0.000236949
60    0.232346    0.234649 0.000236211
61    0.236176    0.234674 0.000233653
62    0.236516    0.234703 0.000231767
63    0.233419    0.234683 0.000228968
64    0.234842    0.234685 0.000225376
65    0.232667    0.234654 0.000224043
66    0.234731    0.234655 0.000220625
67    0.231239    0.234605 0.000223208
68    0.234775    0.234607 0.000219916
69    0.234564    0.234606 0.000216706
70    0.234473    0.234604 0.000213596
71    0.235806    0.234621 0.000211245
72    0.236079    0.234642 0.000209272
73    0.234137    0.234635 0.000206501
74    0.235903    0.234652 0.000204411
75    0.228881    0.234575  0.00021585
76    0.237599    0.234615 0.000216676
77    0.233467      0.2346 0.000214363
78    0.234842    0.234603 0.000211619
79     0.23445    0.234601 0.000208933
80    0.234816    0.234604 0.000206322
81    0.234653    0.234604  0.00020376
82    0.234289      0.2346 0.000201296
83    0.235135    0.234607 0.000198961
84     0.23605    0.234624 0.000197327
85    0.233027    0.234605 0.000195895
86    0.233112    0.234588  0.00019438
87    0.236525     0.23461 0.000193419
88     0.23502    0.234615 0.000191265
89    0.237044    0.234642 0.000191064
90    0.233519     0.23463 0.000189341
91    0.233803    0.234621 0.000187469
92     0.23354    0.234609 0.000185792
93    0.236182    0.234626  0.00018456
94    0.233741    0.234616 0.000182829
95    0.231772    0.234586 0.000183355
96    0.234578    0.234586 0.000181435
97    0.233659    0.234577 0.000179809
98    0.235942    0.234591 0.000178509
99     0.23473    0.234592 0.000176702
100    0.233341     0.23458 0.000175373
101    0.235072    0.234584 0.000173696
102    0.232431    0.234563 0.000173277
103    0.234437    0.234562  0.00017159
104    0.236729    0.234583 0.000171205
105    0.235678    0.234593 0.000169887
106    0.236818    0.234614  0.00016958
107    0.235025    0.234618 0.000168032
108    0.235204    0.234624 0.000166557
109    0.234105    0.234619 0.000165091
110    0.233687     0.23461 0.000163802
111    0.231968    0.234587 0.000164056
112    0.231697    0.234561 0.000164619
113     0.23496    0.234564 0.000163194
114    0.234591    0.234565 0.000161757
115    0.235132    0.234569  0.00016042
116    0.237855    0.234598 0.000161534
117    0.236167    0.234611 0.000160708
118    0.236001    0.234623 0.000159774
119    0.238268    0.234654  0.00016136
120    0.237543    0.234678 0.000161812
121    0.235175    0.234682 0.000160522
122    0.234108    0.234677  0.00015927
123    0.236572    0.234693 0.000158719
124    0.238274    0.234721 0.000160062
125    0.236185    0.234733 0.000159207
126    0.235359    0.234738 0.000158017
127    0.236445    0.234752 0.000157343
128    0.236451    0.234765 0.000156673
129    0.234237    0.234761 0.000155507
130    0.236755    0.234776 0.000155067
131    0.237662    0.234798 0.000155448
132    0.236831    0.234813 0.000155033
133    0.233886    0.234807 0.000154021
134    0.230127    0.234772 0.000156806
135    0.236114    0.234782 0.000155957
136    0.236033    0.234791  0.00015508
137    0.235208    0.234794 0.000153974
138    0.231713    0.234771 0.000154476
139    0.234711    0.234771 0.000153361
140    0.235455    0.234776  0.00015234
141    0.233706    0.234768 0.000151446
142      0.2335    0.234759 0.000150641
143    0.234776    0.234759 0.000149584
144    0.234747    0.234759 0.000148541
145    0.233982    0.234754 0.000147611
146    0.233223    0.234744 0.000146971
147    0.233968    0.234738 0.000146063
148    0.232769    0.234725 0.000145681
149    0.233624    0.234718 0.000144889
150     0.23481    0.234718 0.000143921
151    0.235538    0.234724 0.000143068
152    0.230372    0.234695 0.000144978
153    0.233394    0.234687 0.000144278
154    0.235672    0.234693 0.000143481
155    0.235977    0.234701 0.000142793
156     0.23572    0.234708 0.000142025
157    0.238825    0.234734 0.000143533
158    0.238447    0.234757 0.000144544
159    0.234065    0.234753 0.000143699
160    0.237123    0.234768 0.000143564
161     0.23554    0.234773  0.00014275
162    0.232911    0.234761 0.000142331
163    0.233605    0.234754 0.000141632
164    0.232192    0.234738  0.00014163
165    0.234527    0.234737 0.000140775
166    0.235187     0.23474 0.000139951
167    0.236098    0.234748 0.000139348
168    0.233114    0.234738 0.000138857
169    0.235229    0.234741 0.000138063
170    0.236287     0.23475 0.000137549
171     0.23742    0.234766 0.000137631
172    0.234365    0.234764 0.000136849
173    0.233364    0.234756 0.000136295
174    0.233259    0.234747 0.000135783
175    0.232093    0.234732 0.000135854
176    0.233179    0.234723 0.000135367
177    0.235018    0.234725 0.000134611
178     0.23492    0.234726 0.000133857
179    0.232044    0.234711 0.000133947
180    0.234072    0.234707 0.000133248
181    0.235649    0.234712 0.000132612
182    0.236219    0.234721 0.000132141
183    0.233131    0.234712 0.000131704
184    0.238427    0.234732 0.000132533
185      0.2348    0.234733 0.000131815
186    0.234304     0.23473 0.000131125
187    0.233658    0.234724 0.000130547
188    0.232026     0.23471 0.000130642
189    0.232965    0.234701 0.000130277
190    0.234575      0.2347 0.000129591
191    0.234257    0.234698 0.000128932
192    0.235068      0.2347 0.000128273
193    0.235528    0.234704 0.000127679
194    0.235388    0.234708 0.000127068
195    0.232383    0.234696 0.000126975
196    0.234113    0.234693 0.000126361
197     0.23412     0.23469 0.000125752
198    0.235747    0.234695 0.000125229
199    0.234761    0.234696 0.000124598
200    0.234143    0.234693 0.000124005
