1   -0.942634   -0.942634           0
2   -0.938357   -0.940495   0.0021384
3    -0.94533   -0.942107  0.00203004
4   -0.947035   -0.943339  0.00189174
5   -0.944083   -0.943488  0.00147288
6   -0.948058   -0.944249  0.00142351
7   -0.947632   -0.944733  0.00129651
8   -0.947634   -0.945095  0.00117991
9   -0.944158   -0.944991  0.00104578
10   -0.948686   -0.945361  0.00100572
11   -0.943674   -0.945207 0.000922546
12   -0.941826   -0.944925 0.000888063
13   -0.948813   -0.945224 0.000869909
14   -0.946758   -0.945334 0.000812797
15   -0.952414   -0.945806  0.00089183
16   -0.943363   -0.945653 0.000848087
17   -0.948003   -0.945792 0.000808541
18   -0.939587   -0.945447 0.000836608
19    -0.94828   -0.945596 0.000805277
20   -0.944299   -0.945531   0.0007667
21   -0.946915   -0.945597 0.000732249
22   -0.946978    -0.94566 0.000700986
23    -0.94452    -0.94561 0.000671646
24   -0.951133    -0.94584 0.000682982
25   -0.943102   -0.945731 0.000664185
26   -0.947893   -0.945814 0.000643523
27   -0.943816    -0.94574 0.000623636
28    -0.94652   -0.945768 0.000601596
29   -0.943891   -0.945703 0.000584077
30   -0.948203   -0.945787 0.000570393
31   -0.943163   -0.945702 0.000558138
32   -0.946637   -0.945731 0.000541204
33   -0.939709   -0.945549 0.000555387
34   -0.944512   -0.945518 0.000539666
35   -0.946789   -0.945554 0.000525277
36   -0.946122    -0.94557  0.00051072
37   -0.945778   -0.945576 0.000496757
38   -0.947525   -0.945627  0.00048622
39   -0.949246    -0.94572 0.000482596
40   -0.949717    -0.94582 0.000480873
41   -0.944438   -0.945786 0.000470206
42   -0.946765   -0.945809 0.000459466
43   -0.945117   -0.945793 0.000448942
44   -0.946046   -0.945799 0.000438658
45   -0.946234   -0.945809 0.000428908
46   -0.942651    -0.94574 0.000425059
47   -0.950043   -0.945832 0.000425875
48    -0.94483   -0.945811  0.00041743
49   -0.944267   -0.945779 0.000410034
50   -0.943584   -0.945735 0.000404142
51   -0.942646   -0.945675 0.000400741
52   -0.939763   -0.945561 0.000409074
53     -0.9436   -0.945524 0.000402983
54   -0.945411   -0.945522 0.000395456
55   -0.946854   -0.945546 0.000388954
56   -0.949478   -0.945616 0.000388346
57   -0.948728   -0.945671 0.000385358
58   -0.951061   -0.945764 0.000389892
59   -0.948765   -0.945815 0.000386587
60   -0.943149    -0.94577 0.000382678
61   -0.944219   -0.945745  0.00037721
62    -0.94587   -0.945747 0.000371082
63   -0.947901   -0.945781 0.000366741
64    -0.94969   -0.945842 0.000366095
65   -0.948965    -0.94589 0.000363606
66   -0.948518    -0.94593 0.000360262
67   -0.945467   -0.945923 0.000354911
68   -0.943024   -0.945881 0.000352243
69   -0.944058   -0.945854 0.000348104
70   -0.949746    -0.94591  0.00034757
71   -0.946218   -0.945914 0.000342667
72   -0.941829   -0.945857 0.000342605
73   -0.941533   -0.945798 0.000343034
74   -0.950102   -0.945856 0.000343329
75   -0.941256   -0.945795 0.000344229
76   -0.947064   -0.945812  0.00034008
77    -0.94848   -0.945846 0.000337419
78   -0.942843   -0.945808 0.000335283
79    -0.94572   -0.945807 0.000331013
80   -0.942837    -0.94577 0.000328951
81   -0.948061   -0.945798 0.000326094
82   -0.949683   -0.945845 0.000325559
83   -0.947792   -0.945869 0.000322467
84   -0.945378   -0.945863 0.000318658
85   -0.941696   -0.945814  0.00031868
86   -0.942648   -0.945777 0.000317097
87   -0.946717   -0.945788 0.000313617
88   -0.948653    -0.94582 0.000311737
89   -0.946645    -0.94583 0.000308354
90    -0.94759   -0.945849 0.000305535
91   -0.939966   -0.945785 0.000308997
92   -0.947194     -0.9458 0.000306004
93   -0.950414   -0.945849 0.000306735
94   -0.947328   -0.945865 0.000303862
95   -0.942274   -0.945827 0.000303014
96   -0.945198   -0.945821 0.000299913
97   -0.943805     -0.9458 0.000297531
98   -0.947798    -0.94582 0.000295185
99   -0.940894   -0.945771 0.000296395
100   -0.942944   -0.945742 0.000294774
101   -0.951578     -0.9458 0.000297505
102   -0.943821   -0.945781 0.000295212
103    -0.94267   -0.945751 0.000293887
104   -0.947206   -0.945765 0.000291384
105   -0.942325   -0.945732 0.000290449
106   -0.945926   -0.945734 0.000287702
107   -0.943448   -0.945712   0.0002858
108     -0.9544   -0.945793 0.000294346
109   -0.947138   -0.945805 0.000291894
110   -0.942733   -0.945777 0.000290574
111   -0.945435   -0.945774 0.000287961
112   -0.942422   -0.945744 0.000286943
113   -0.940994   -0.945702 0.000287483
114   -0.944906   -0.945695 0.000285035
115   -0.947843   -0.945714 0.000283163
116   -0.944571   -0.945704 0.000280884
117   -0.946773   -0.945713 0.000278623
118   -0.947221   -0.945726 0.000276547
119    -0.94208   -0.945695 0.000275919
120   -0.944347   -0.945684 0.000273841
121   -0.947101   -0.945696  0.00027182
122    -0.94783   -0.945713  0.00027015
123   -0.945165   -0.945709 0.000267982
124   -0.943739   -0.945693 0.000266286
125    -0.94325   -0.945673  0.00026487
126    -0.94487   -0.945667 0.000262836
127   -0.944997   -0.945662 0.000260812
128   -0.942274   -0.945635 0.000260117
129   -0.945178   -0.945632 0.000258117
130   -0.941075   -0.945597  0.00025851
131   -0.948445   -0.945618 0.000257449
132   -0.942378   -0.945594 0.000256668
133   -0.938766   -0.945542 0.000259852
134   -0.948118   -0.945562 0.000258621
135    -0.94553   -0.945561 0.000256698
136   -0.949243   -0.945589 0.000256238
137   -0.947149     -0.9456 0.000254616
138   -0.945918   -0.945602 0.000252774
139   -0.949003   -0.945627 0.000252139
140   -0.946574   -0.945633 0.000250423
141   -0.947395   -0.945646 0.000248955
142   -0.944189   -0.945636 0.000247408
143   -0.943387    -0.94562 0.000246174
144   -0.951814   -0.945663 0.000248215
145   -0.944597   -0.945656 0.000246607
146   -0.943621   -0.945642 0.000245308
147   -0.948525   -0.945661 0.000244422
148   -0.946349   -0.945666 0.000242809
149    -0.94637   -0.945671  0.00024122
150   -0.946211   -0.945674 0.000239634
151   -0.945525   -0.945673 0.000238044
152   -0.945341   -0.945671 0.000236482
153    -0.94716   -0.945681 0.000235133
154   -0.946117   -0.945684 0.000233619
155   -0.943275   -0.945668 0.000232626
156   -0.947978   -0.945683 0.000231604
157   -0.942835   -0.945665 0.000230837
158   -0.942256   -0.945643 0.000230384
159   -0.944698   -0.945637 0.000229008
160   -0.938491   -0.945593 0.000231913
161   -0.945595   -0.945593 0.000230468
162   -0.944024   -0.945583 0.000229246
163   -0.943118   -0.945568 0.000228336
164   -0.949635   -0.945593 0.000228291
165   -0.948123   -0.945608 0.000227421
166   -0.946171   -0.945611 0.000226072
167   -0.945349    -0.94561  0.00022472
168   -0.944298   -0.945602 0.000223515
169    -0.94033   -0.945571 0.000224368
170   -0.941843   -0.945549 0.000224119
171   -0.948651   -0.945567 0.000223542
172   -0.945328   -0.945566 0.000222243
173   -0.940819   -0.945538 0.000222651
174   -0.948965   -0.945558 0.000222242
175    -0.94495   -0.945554 0.000220996
176   -0.943558   -0.945543 0.000220029
177   -0.942056   -0.945523 0.000219668
178   -0.946197   -0.945527 0.000218463
179   -0.942955   -0.945513 0.000217714
180   -0.946035   -0.945516  0.00021652
181   -0.941966   -0.945496 0.000216212
182    -0.94413   -0.945489 0.000215152
183    -0.94655   -0.945494 0.000214051
184   -0.949382   -0.945515 0.000213931
185   -0.948014   -0.945529   0.0002132
186    -0.94353   -0.945518 0.000212323
187   -0.945475   -0.945518 0.000211184
188   -0.945931    -0.94552  0.00021007
189   -0.951504   -0.945552  0.00021134
190   -0.943189   -0.945539 0.000210592
191   -0.949109   -0.945558 0.000210319
192   -0.942349   -0.945541 0.000209887
193   -0.950813   -0.945569 0.000210576
194   -0.945432   -0.945568 0.000209489
195   -0.944997   -0.945565 0.000208432
196   -0.945571   -0.945565 0.000207366
197   -0.943186   -0.945553 0.000206664
198   -0.948902    -0.94557 0.000206312
199   -0.946594   -0.945575 0.000205337
200   -0.948702   -0.945591 0.000204906
1   -0.944195   -0.944195           0
2    -0.93839   -0.941293   0.0029024
3   -0.945386   -0.942657  0.00216083
4   -0.947083   -0.943764  0.00188654
5   -0.944099   -0.943831  0.00146284
6   -0.948086    -0.94454  0.00138913
7   -0.947621    -0.94498  0.00125381
8   -0.947581   -0.945305  0.00113345
9    -0.94419   -0.945181  0.00100726
10   -0.948648   -0.945528 0.000965314
11   -0.943685    -0.94536 0.000889092
12     -0.9418   -0.945064 0.000864159
13   -0.948749   -0.945347 0.000843941
14   -0.946859   -0.945455 0.000788766
15   -0.952445   -0.945921 0.000869672
16   -0.943368   -0.945762 0.000829007
17    -0.94793   -0.945889  0.00078909
18   -0.939642   -0.945542 0.000820942
19   -0.948339   -0.945689 0.000790365
20   -0.944258   -0.945618 0.000753216
21   -0.946987   -0.945683 0.000719413
22   -0.947005   -0.945743  0.00068856
23   -0.944542   -0.945691 0.000660009
24   -0.951099   -0.945916 0.000670891
25   -0.943038   -0.945801  0.00065371
26    -0.94787   -0.945881 0.000633087
27   -0.943878   -0.945806 0.000613686
28   -0.946502   -0.945831 0.000591884
29   -0.943906   -0.945765 0.000574957
30   -0.948221   -0.945847 0.000561462
31    -0.94319   -0.945761 0.000549767
32   -0.946605   -0.945787 0.000532962
33   -0.939714   -0.945603 0.000548371
34   -0.944438   -0.945569   0.0005331
35   -0.946722   -0.945602 0.000518691
36   -0.946115   -0.945616 0.000504278
37   -0.945754    -0.94562 0.000490474
38   -0.947616   -0.945673 0.000480273
39   -0.949286   -0.945765 0.000476886
40   -0.949677   -0.945863 0.000474986
41   -0.944483   -0.945829 0.000464477
42   -0.946709    -0.94585 0.000453766
43   -0.945192   -0.945835 0.000443352
44   -0.946032   -0.945839 0.000433182
45   -0.946221   -0.945848 0.000423531
46   -0.942552   -0.945776 0.000420373
47   -0.949987   -0.945866 0.000420976
48    -0.94477   -0.945843 0.000412745
49   -0.944226    -0.94581 0.000405579
50   -0.943563   -0.945765 0.000399917
51   -0.942675   -0.945705 0.000396652
52   -0.939731    -0.94559 0.000405557
53   -0.943645   -0.945553 0.000399521
54   -0.945376    -0.94555 0.000392066
55   -0.946838   -0.945573 0.000385584
56    -0.94953   -0.945644 0.000385171
57   -0.948674   -0.945697 0.000382069
58   -0.951029   -0.945789 0.000386516
59   -0.948782    -0.94584 0.000383281
60   -0.943136   -0.945795 0.000379523
61   -0.944216   -0.945769 0.000374146
62   -0.945851    -0.94577 0.000368064
63   -0.947818   -0.945802  0.00036363
64   -0.949608   -0.945862 0.000362809
65   -0.948994    -0.94591 0.000360419
66   -0.948616   -0.945951 0.000357276
67   -0.945534   -0.945945 0.000351958
68   -0.943026   -0.945902 0.000349391
69    -0.94407   -0.945875 0.000345312
70   -0.949757   -0.945931  0.00034483
71   -0.946168   -0.945934 0.000339955
72   -0.941832   -0.945877 0.000340008
73   -0.941533   -0.945818 0.000340558
74   -0.950106   -0.945876 0.000340886
75   -0.941227   -0.945814 0.000341973
76   -0.947115   -0.945831 0.000337878
77   -0.948458   -0.945865 0.000335201
78    -0.94283   -0.945826 0.000333155
79   -0.945771   -0.945825 0.000328912
80   -0.942862   -0.945788 0.000326879
81    -0.94811   -0.945817 0.000324089
82   -0.949555   -0.945863 0.000323342
83   -0.947854   -0.945887 0.000320323
84   -0.945426   -0.945881 0.000316534
85   -0.941757   -0.945833 0.000316529
86   -0.942667   -0.945796 0.000314985
87   -0.946696   -0.945806 0.000311515
88   -0.948526   -0.945837 0.000309502
89   -0.946664   -0.945846 0.000306146
90   -0.947594   -0.945866 0.000303347
91    -0.93997   -0.945801 0.000306912
92    -0.94713   -0.945815 0.000303901
93   -0.950394   -0.945865  0.00030462
94   -0.947384   -0.945881 0.000301795
95   -0.942171   -0.945842 0.000301144
96   -0.945178   -0.945835 0.000298071
97   -0.943816   -0.945814 0.000295715
98   -0.947786   -0.945834 0.000293373
99   -0.940976   -0.945785 0.000294511
100   -0.942867   -0.945756 0.000293007
101    -0.95159   -0.945814 0.000295788
102   -0.943862   -0.945794 0.000293498
103   -0.942704   -0.945764 0.000292179
104   -0.947218   -0.945778 0.000289693
105   -0.942341   -0.945746 0.000288783
106   -0.945906   -0.945747 0.000286049
107   -0.943357   -0.945725 0.000284243
108   -0.954395   -0.945805 0.000292819
109   -0.947219   -0.945818  0.00029041
110   -0.942723    -0.94579  0.00028913
111   -0.945442   -0.945787  0.00028653
112   -0.942394   -0.945757 0.000285572
113   -0.940987   -0.945714 0.000286163
114   -0.944859   -0.945707 0.000283741
115   -0.947846   -0.945725 0.000281878
116   -0.944603   -0.945716 0.000279604
117   -0.946763   -0.945725 0.000277349
118   -0.947194   -0.945737  0.00027527
119   -0.942059   -0.945706 0.000274691
120   -0.944309   -0.945695 0.000272642
121   -0.947125   -0.945706 0.000270637
122   -0.947886   -0.945724 0.000269004
123   -0.945269   -0.945721 0.000266833
124   -0.943784   -0.945705 0.000265133
125   -0.943342   -0.945686 0.000263682
126   -0.944883    -0.94568 0.000261658
127    -0.94501   -0.945674 0.000259644
128    -0.94233   -0.945648 0.000258929
129   -0.945115   -0.945644 0.000256947
130   -0.941149    -0.94561 0.000257297
131   -0.948403   -0.945631 0.000256215
132   -0.942426   -0.945607 0.000255423
133   -0.938701   -0.945555 0.000258759
134   -0.948026   -0.945573 0.000257481
135   -0.945544   -0.945573 0.000255567
136   -0.949309     -0.9456 0.000255164
137   -0.947134   -0.945612 0.000253542
138   -0.945957   -0.945614  0.00025171
139    -0.94891   -0.945638 0.000251016
140   -0.946586   -0.945645 0.000249308
141   -0.947376   -0.945657 0.000247838
142   -0.944118   -0.945646 0.000246325
143   -0.943246   -0.945629 0.000245171
144   -0.951755   -0.945672 0.000247151
145   -0.944645   -0.945665 0.000245543
146   -0.943579    -0.94565 0.000244274
147   -0.948539    -0.94567 0.000243401
148   -0.946381   -0.945675 0.000241798
149   -0.946488    -0.94568 0.000240232
150   -0.946136   -0.945683 0.000238644
151   -0.945579   -0.945683  0.00023706
152   -0.945362   -0.945681 0.000235504
153   -0.947107    -0.94569 0.000234146
154   -0.946174   -0.945693 0.000232642
155   -0.943232   -0.945677 0.000231681
156   -0.947992   -0.945692 0.000230669
157   -0.942768   -0.945673  0.00022995
158   -0.942176   -0.945651  0.00022956
159   -0.944768   -0.945646 0.000228179
160   -0.938467   -0.945601 0.000231144
161   -0.945643   -0.945601 0.000229704
162   -0.944082   -0.945592 0.000228475
163   -0.943099   -0.945576 0.000227583
164   -0.949598   -0.945601 0.000227517
165   -0.948114   -0.945616 0.000226646
166    -0.94619    -0.94562 0.000225303
167   -0.945394   -0.945618 0.000223954
168   -0.944256    -0.94561 0.000222764
169    -0.94027   -0.945579 0.000223685
170   -0.941906   -0.945557 0.000223413
171   -0.948714   -0.945575 0.000222868
172   -0.945261   -0.945574 0.000221576
173   -0.940773   -0.945546 0.000222032
174   -0.948955   -0.945565 0.000221621
175   -0.944954   -0.945562 0.000220378
176   -0.943595   -0.945551 0.000219407
177   -0.942056   -0.945531 0.000219056
178    -0.94623   -0.945535 0.000217857
179   -0.942915    -0.94552  0.00021713
180   -0.945994   -0.945523 0.000215937
181   -0.941965   -0.945503 0.000215638
182   -0.944126   -0.945496 0.000214584
183   -0.946614   -0.945502 0.000213495
184   -0.949365   -0.945523 0.000213367
185   -0.948034   -0.945536 0.000212644
186    -0.94352   -0.945526 0.000211776
187   -0.945384   -0.945525 0.000210642
188   -0.945938   -0.945527  0.00020953
189   -0.951427   -0.945558 0.000210743
190   -0.943205   -0.945546 0.000209997
191   -0.949176   -0.945565 0.000209757
192   -0.942259   -0.945548 0.000209371
193   -0.950749   -0.945575 0.000210019
194   -0.945398   -0.945574 0.000208936
195   -0.945003   -0.945571 0.000207882
196   -0.945595   -0.945571 0.000206819
197   -0.943256   -0.945559 0.000206102
198   -0.948976   -0.945576 0.000205783
199    -0.94652   -0.945581 0.000204801
200   -0.948674   -0.945597 0.000204361
