1     2.20392   0.0440784           0
2     2.43644   0.0464036   0.0023252
3       2.127   0.0451157  0.00186032
4     2.32408   0.0454572  0.00135904
5     2.23804   0.0453179  0.00106188
6     2.38052      0.0457 0.000947478
7     2.38044   0.0459727 0.000845921
8     2.27172   0.0459054 0.000735673
9     2.26036   0.0458278 0.000653424
10     2.60912   0.0464633 0.000863352
11     2.50208   0.0467886 0.000845976
12     2.38408    0.046863 0.000775844
13     2.30204   0.0467998  0.00071647
14      2.4476   0.0469535 0.000680903
15     2.54864   0.0472214 0.000688195
16     2.43364   0.0473121 0.000650107
17     2.24688   0.0471725  0.00062644
18     2.45604   0.0472807  0.00060045
19     2.18108   0.0470881 0.000599731
20     2.52292   0.0472566 0.000593385
21      2.4834   0.0473715 0.000575984
22      2.2548    0.047268 0.000558834
23     2.62488   0.0474954 0.000580377
24      2.2352   0.0473791 0.000567711
25     2.28672   0.0473133 0.000548489
26     2.35004   0.0473013 0.000527108
27     2.50776    0.047407 0.000518107
28     2.62324   0.0475876 0.000530933
29     2.75312   0.0478454 0.000573485
30     2.59688   0.0479818 0.000570584
31     2.72276   0.0481906 0.000590057
32     2.38624    0.048176 0.000571506
33      2.4674   0.0482116 0.000555054
34     2.66824   0.0483631 0.000559406
35     2.17516   0.0482243 0.000560654
36     2.42012   0.0482292 0.000544881
37     2.48344   0.0482681 0.000531376
38     2.18212   0.0481464 0.000531335
39     2.33676   0.0481102 0.000518796
40      2.3304   0.0480727 0.000507052
41     2.18428   0.0479657 0.000505974
42     2.13736   0.0478414 0.000509172
43     2.42344    0.047856 0.000497404
44     2.01868   0.0476859 0.000514863
45       2.208   0.0476076 0.000509354
46     2.34052   0.0475903 0.000498459
47     2.65384    0.047707 0.000501514
48     2.39088   0.0477093  0.00049096
49     2.57428   0.0477864 0.000486973
50     2.09652   0.0476692 0.000491298
51     2.30776   0.0476396 0.000482482
52     2.25856   0.0475921 0.000475488
53     2.44412   0.0476164 0.000467065
54     2.46944   0.0476493 0.000459508
55     2.11772    0.047553 0.000461235
56     2.54152   0.0476115 0.000456689
57     2.16604   0.0475362 0.000454877
58     2.18584   0.0474704 0.000451791
59     2.80244   0.0476158 0.000467264
60     2.15056    0.047539 0.000465776
61     2.38684   0.0475423 0.000458089
62     2.00864   0.0474234 0.000466052
63     2.26076   0.0473884 0.000459932
64      2.2594    0.047354 0.000453992
65     2.16052   0.0472902 0.000451476
66     2.56636   0.0473514 0.000448771
67     2.25324   0.0473173 0.000443338
68     2.33544   0.0473083 0.000436861
69     2.33168   0.0472986 0.000430594
70     2.49872   0.0473368 0.000426116
71     2.08812   0.0472583 0.000427346
72     2.37848   0.0472626 0.000421391
73     2.61568   0.0473318 0.000421299
74     2.11944    0.047265 0.000420901
75      2.3166   0.0472525 0.000415437
76     2.08476   0.0471794 0.000416405
77       2.018   0.0470909 0.000420397
78     2.27152   0.0470696 0.000415518
79     2.53148   0.0471146 0.000412692
80      2.5842   0.0471718 0.000411484
81     2.54872   0.0472187 0.000409075
82     2.48268   0.0472484 0.000405145
83     2.16232   0.0472002 0.000403128
84     2.30236   0.0471864 0.000398536
85     2.27568   0.0471668 0.000394311
86     2.17684   0.0471246 0.000391978
87     2.53764   0.0471663 0.000389685
88     2.53476   0.0472064 0.000387313
89     2.37992   0.0472108 0.000382961
90     2.24212   0.0471845 0.000379596
91     2.61332   0.0472403 0.000379532
92     2.31664   0.0472304 0.000375514
93     2.15468    0.047186 0.000374108
94      2.4024   0.0471951  0.00037022
95     2.26092   0.0471743 0.000366893
96     2.34176   0.0471708 0.000363068
97     2.56296   0.0472129 0.000361769
98     2.59288   0.0472603 0.000361182
99     2.05524   0.0471981 0.000362882
100     2.30484   0.0471871 0.000359403
101      2.4928   0.0472136 0.000356807
102      2.5904   0.0472586 0.000356151
103     2.42356   0.0472704 0.000352873
104      2.6662   0.0473286 0.000354278
105     2.52804   0.0473594 0.000352235
106     2.11864   0.0473123 0.000352054
107        2.17   0.0472758  0.00035066
108     2.43096   0.0472882  0.00034762
109     2.37972    0.047291 0.000344428
110     2.38568   0.0472949 0.000341304
111     2.08392   0.0472443 0.000341979
112     2.49332   0.0472677 0.000339719
113     2.13432   0.0472271 0.000339132
114     2.31488    0.047219 0.000336243
115     2.62236   0.0472644 0.000336392
116     2.15744    0.047229 0.000335362
117      2.6872   0.0472846 0.000337114
118     2.30912   0.0472753 0.000334375
119       2.333   0.0472701 0.000331594
120      2.3286   0.0472643  0.00032887
121     1.96268   0.0471981 0.000332793
122     2.31228   0.0471903 0.000330146
123     2.07352   0.0471438 0.000330736
124     2.61864    0.047186 0.000330758
125     2.17044   0.0471557 0.000329489
126     2.33876   0.0471527 0.000326878
127     2.23236    0.047133 0.000324893
128     2.11184   0.0470947 0.000324607
129     2.12224   0.0470587 0.000324091
130     2.46136   0.0470754 0.000322021
131     2.47468   0.0470938 0.000320086
132     2.47432    0.047112 0.000318169
133     2.55792   0.0471424  0.00031723
134     2.30396   0.0471345 0.000314953
135     1.98328   0.0470791  0.00031747
136     2.35148   0.0470788 0.000315127
137     2.48848   0.0470984 0.000313434
138     2.34748   0.0470973 0.000311156
139     2.45328   0.0471115 0.000309234
140     2.47736   0.0471289  0.00030751
141      2.1922   0.0471056 0.000306209
142     2.57848    0.047137 0.000305666
143       2.579   0.0471681 0.000305107
144     2.16888   0.0471418 0.000304122
145     2.42628   0.0471513 0.000302168
146      1.9926   0.0471013 0.000304227
147     2.39552   0.0471068 0.000302201
148     1.99192   0.0470577 0.000304143
149      2.4888    0.047076 0.000302645
150     2.68256   0.0471198   0.0003038
151     2.24436    0.047105 0.000302143
152       2.585   0.0471352 0.000301667
153     2.55916   0.0471617 0.000300855
154     2.24052   0.0471464 0.000299285
155     2.29292   0.0471381 0.000297464
156     2.53324   0.0471607 0.000296414
157     2.26472   0.0471488  0.00029476
158     2.22012   0.0471315 0.000293404
159     1.86656   0.0470698 0.000297996
160      2.2088   0.0470517  0.00029668
161     2.28952   0.0470439 0.000294936
162     2.58152   0.0470722 0.000294473
163     2.61208   0.0471039 0.000294375
164     2.29884    0.047097 0.000292655
165     2.18172   0.0470761 0.000291632
166     2.34048   0.0470745 0.000289874
167      2.5336    0.047096 0.000288937
168     2.34544   0.0470949 0.000287214
169     2.70576   0.0471364 0.000288516
170       2.564   0.0471608 0.000287848
171     2.37032   0.0471622 0.000286163
172     1.74104   0.0470905 0.000293403
173     2.61192   0.0471202 0.000293216
174     2.39548   0.0471248 0.000291561
175     2.33436   0.0471223 0.000289901
176     2.38412   0.0471255 0.000288267
177     2.71148   0.0471656  0.00028943
178     2.39204   0.0471694 0.000287825
179      2.9684   0.0472375 0.000294214
180     2.14488   0.0472134 0.000293566
181     2.11824   0.0471866 0.000293166
182     1.99424   0.0471465 0.000294299
183     2.62704    0.047176 0.000294167
184     2.09816   0.0471477 0.000293932
185     2.39788    0.047152 0.000292372
186     2.35332   0.0471516 0.000290796
187      2.3438   0.0471501  0.00028924
188      2.1646   0.0471296 0.000288429
189     2.25204   0.0471185 0.000287111
190     2.19248   0.0471013 0.000286114
191     2.19944    0.047085 0.000285078
192     1.88144   0.0470358 0.000287835
193      2.1038   0.0470101  0.00028749
194     2.02616   0.0469766 0.000287952
195     2.26152   0.0469677 0.000286612
196     2.51856   0.0469851 0.000285674
197     2.25068    0.046975 0.000284396
198       2.498   0.0469901 0.000283358
199     2.36464   0.0469916 0.000281934
200     2.18156   0.0469748 0.000281024
1       2.203     0.04406           0
2     2.40988   0.0461288   0.0020688
3     2.12944   0.0449488    0.001679
4     2.32764   0.0453498  0.00125313
5      2.2548    0.045299 0.000971993
6     2.37456   0.0456644  0.00087369
7     2.38916   0.0459671 0.000798034
8      2.2938   0.0459557 0.000691211
9     2.24888    0.045847 0.000619203
10     2.56908   0.0464005 0.000782972
11     2.52864   0.0467798   0.0008034
12     2.39448   0.0468723 0.000739209
13     2.26424   0.0467502 0.000690851
14     2.39968    0.046839 0.000645741
15     2.55496    0.047123 0.000664868
16     2.43708   0.0472241 0.000630101
17     2.23768   0.0470788 0.000609457
18      2.5004   0.0472416 0.000597201
19     2.18508   0.0470552 0.000594827
20     2.50868   0.0472112 0.000585447
21     2.48104   0.0473259  0.00056857
22     2.29564   0.0472617 0.000545902
23     2.61508   0.0474808 0.000565784
24     2.22668    0.047358 0.000555442
25     2.30408   0.0473069 0.000535202
26     2.33744   0.0472855 0.000514653
27     2.49488   0.0473822 0.000504587
28      2.6348    0.047572 0.000521955
29     2.74924   0.0478276 0.000564789
30      2.6136   0.0479758 0.000565392
31     2.69316   0.0481657  0.00057889
32     2.38664   0.0481522 0.000560671
33     2.48672   0.0482001 0.000545526
34     2.66672   0.0483511 0.000550361
35     2.14572   0.0481958 0.000556522
36     2.41404   0.0481981 0.000540848
37     2.48092   0.0482365 0.000527426
38     2.16264   0.0481054 0.000529847
39      2.3092   0.0480561 0.000518428
40     2.35328   0.0480313 0.000505908
41      2.1926   0.0479294 0.000503834
42       2.121   0.0477982 0.000508889
43     2.40232    0.047804 0.000496947
44     1.99628   0.0476249 0.000517485
45     2.19596   0.0475426 0.000512514
46     2.33884   0.0475259 0.000501525
47        2.66   0.0476467  0.00050537
48     2.39804   0.0476532 0.000494773
49      2.5534   0.0477229 0.000489556
50     2.09168   0.0476051 0.000493915
51     2.28964   0.0475696 0.000485436
52     2.22172   0.0475093 0.000479812
53      2.4328   0.0475309 0.000471169
54     2.44576   0.0475566 0.000463071
55     2.11404   0.0474606 0.000464584
56     2.54296   0.0475213 0.000460232
57     2.16436    0.047447 0.000458147
58     2.18496   0.0473824 0.000454793
59     2.77472   0.0475199 0.000467685
60      2.1436   0.0474425 0.000466303
61     2.39104   0.0474487 0.000458637
62      2.0228   0.0473359 0.000465063
63     2.24912   0.0472985 0.000459143
64     2.23392   0.0472576 0.000453763
65     2.20916   0.0472103 0.000449224
66     2.53752   0.0472639 0.000445606
67     2.27424   0.0472374 0.000439707
68     2.33696     0.04723 0.000433254
69     2.34312   0.0472247 0.000426962
70     2.48144   0.0472591 0.000422218
71     2.05732    0.047173 0.000425039
72     2.39564   0.0471832  0.00041922
73     2.57652   0.0472428 0.000417704
74     2.07176   0.0471643 0.000419429
75     2.30176   0.0471492 0.000414072
76     2.05372   0.0470693 0.000416333
77     2.01484   0.0469814 0.000420199
78      2.2798   0.0469636 0.000415157
79     2.54204   0.0470127 0.000412796
80     2.57336   0.0470684 0.000411389
81     2.52532   0.0471108 0.000408489
82     2.48884   0.0471433 0.000404785
83      2.1486   0.0470931 0.000403024
84     2.31932   0.0470846 0.000398286
85     2.28944   0.0470694 0.000393868
86     2.17044   0.0470268 0.000391581
87     2.51524   0.0470645 0.000388884
88      2.5394   0.0471068  0.00038676
89     2.39672   0.0471161 0.000382503
90      2.2834      0.0471 0.000378571
91     2.64132    0.047163  0.00037964
92     2.32828   0.0471565 0.000375547
93     2.16052    0.047114 0.000373902
94     2.41348   0.0471263 0.000370107
95     2.28844    0.047112 0.000366469
96     2.36352   0.0471137 0.000362635
97     2.54904   0.0471536 0.000361085
98     2.60876   0.0472048 0.000361036
99     2.11736   0.0471557 0.000360724
100       2.294    0.047143 0.000357326
101     2.49952   0.0471712 0.000354892
102     2.60264    0.047219  0.00035464
103     2.41628   0.0472298 0.000351344
104     2.65392    0.047286 0.000352464
105     2.49952   0.0473118  0.00035004
106     2.13496   0.0472682 0.000349442
107     2.17644   0.0472333 0.000347921
108     2.40928   0.0472421 0.000344797
109     2.39164   0.0472475 0.000341662
110       2.367   0.0472484 0.000338543
111      2.1196   0.0472046  0.00033832
112     2.45652   0.0472218 0.000335726
113     2.11772   0.0471787 0.000335518
114      2.3028   0.0471689 0.000332708
115     2.63016   0.0472162  0.00033317
116     2.15376   0.0471805 0.000332209
117      2.6308   0.0472269 0.000332618
118     2.32904   0.0472214 0.000329833
119     2.34768   0.0472192 0.000327057
120     2.31196    0.047211 0.000324423
121     1.93576   0.0471408 0.000329303
122     2.29696    0.047131 0.000326741
123     2.07076   0.0470845 0.000327388
124      2.6292   0.0471288 0.000327752
125     2.16884   0.0470988 0.000326502
126     2.31888   0.0470931 0.000323951
127     2.21988   0.0470719  0.00032209
128     2.11252   0.0470342 0.000321776
129     2.18568   0.0470085 0.000320308
130     2.46256   0.0470257 0.000318303
131      2.4828   0.0470458 0.000316501
132     2.46276   0.0470625  0.00031454
133     2.57008   0.0470952 0.000313866
134     2.34536   0.0470938 0.000311518
135      1.9956   0.0470406 0.000313745
136     2.37512    0.047044 0.000311448
137      2.4726   0.0470615 0.000309666
138     2.37368   0.0470645 0.000307428
139     2.47992   0.0470827 0.000305752
140     2.46964   0.0470992 0.000304008
141     2.20568   0.0470781 0.000302586
142     2.56432   0.0471077 0.000301906
143        2.59   0.0471405 0.000301578
144     2.15868    0.047113 0.000300741
145     2.44928   0.0471259 0.000298938
146     1.98296   0.0470747 0.000301257
147      2.4332   0.0470856 0.000299395
148     2.01448   0.0470396  0.00030089
149     2.49904   0.0470594 0.000299515
150     2.69224   0.0471046 0.000300931
151     2.26488   0.0470926 0.000299171
152     2.57388   0.0471215 0.000298593
153     2.55312   0.0471473 0.000297751
154     2.22184   0.0471297 0.000296334
155       2.322   0.0471252  0.00029445
156     2.50412   0.0471442  0.00029317
157      2.2394   0.0471292 0.000291683
158     2.22028   0.0471119 0.000290343
159      1.8714    0.047051  0.00029487
160     2.20904   0.0470331  0.00029357
161     2.26964   0.0470229 0.000291918
162     2.61308   0.0470552 0.000291908
163     2.62032    0.047088 0.000291963
164     2.29028   0.0470802 0.000290282
165      2.1936   0.0470608 0.000289172
166      2.3586   0.0470615 0.000287426
167     2.51012   0.0470803 0.000286318
168     2.38472   0.0470839 0.000284632
169        2.73   0.0471284 0.000286417
170     2.55728    0.047152 0.000285706
171     2.36004   0.0471523  0.00028403
172       1.722   0.0470784 0.000291886
173      2.5812   0.0471047 0.000291381
174     2.40752   0.0471107 0.000289764
175     2.32604   0.0471073 0.000288123
176     2.39016   0.0471113 0.000286509
177     2.72756   0.0471533  0.00028797
178     2.41572   0.0471598 0.000286422
179     2.97012   0.0472282 0.000292914
180     2.16408   0.0472063 0.000292106
181     2.08996   0.0471764  0.00029202
182     2.01412   0.0471385 0.000292871
183     2.64224   0.0471697  0.00029293
184      2.1132   0.0471431 0.000292551
185     2.36224   0.0471436 0.000290966
186     2.36444   0.0471444 0.000289399
187      2.3348    0.047142 0.000287857
188     2.16916    0.047122 0.000287019
189     2.27408   0.0471133 0.000285628
190      2.2116   0.0470982 0.000284525
191      2.1838   0.0470802 0.000283598
192      1.8906    0.047032 0.000286217
193     2.09904   0.0470058 0.000285931
194      2.0378   0.0469736 0.000286272
195     2.23552    0.046962 0.000285036
196     2.52696   0.0469802 0.000284165
197     2.25904   0.0469711 0.000282866
198     2.48644    0.046985 0.000281778
199       2.366   0.0469867 0.000280364
200     2.18544   0.0469703  0.00027944
