1    -0.52795    -0.52795           0
2   -0.529642   -0.528796   0.0008456
3   -0.528387    -0.52866 0.000506868
4   -0.527413   -0.528348 0.000475011
5   -0.528989   -0.528476 0.000389623
6   -0.527202   -0.528264  0.00038253
7    -0.52941   -0.528427 0.000362377
8   -0.527427   -0.528302 0.000337816
9   -0.530091   -0.528501 0.000358139
10   -0.528472   -0.528498 0.000320343
11   -0.529534   -0.528592 0.000304687
12   -0.527542   -0.528505  0.00029158
13   -0.529301   -0.528566 0.000275112
14   -0.527075    -0.52846 0.000276072
15   -0.528379   -0.528454 0.000257065
16   -0.529278   -0.528506 0.000245917
17   -0.528254   -0.528491 0.000231472
18   -0.528317   -0.528481 0.000218448
19   -0.529418   -0.528531 0.000212426
20    -0.52843   -0.528526 0.000201587
21   -0.529274   -0.528561 0.000195028
22   -0.528275   -0.528548 0.000186406
23   -0.528789   -0.528559 0.000178424
24   -0.527886   -0.528531 0.000173109
25    -0.52944   -0.528567 0.000169978
26   -0.529715   -0.528611 0.000169175
27   -0.529418   -0.528641 0.000165505
28   -0.528979   -0.528653 0.000159942
29   -0.527099     -0.5286 0.000163366
30   -0.526491   -0.528529 0.000172766
31   -0.529355   -0.528556 0.000169211
32   -0.528824   -0.528564 0.000164052
33   -0.529413    -0.52859 0.000161068
34   -0.529094   -0.528605 0.000156962
35   -0.529581   -0.528633 0.000154941
36   -0.528352   -0.528625 0.000150777
37   -0.528368   -0.528618  0.00014681
38   -0.529674   -0.528646  0.00014557
39   -0.529886   -0.528678 0.000145313
40   -0.530382    -0.52872 0.000147907
41   -0.528878   -0.528724 0.000144306
42   -0.528186   -0.528711 0.000141411
43    -0.52788   -0.528692 0.000139429
44   -0.528928   -0.528697 0.000136329
45   -0.528806     -0.5287 0.000133287
46   -0.528384   -0.528693 0.000130538
47   -0.529586   -0.528712 0.000129135
48   -0.528638    -0.52871 0.000126426
49   -0.528531   -0.528707 0.000123873
50    -0.52757   -0.528684 0.000123482
51   -0.527501   -0.528661  0.00012324
52   -0.527717   -0.528643 0.000122202
53    -0.52976   -0.528664 0.000121714
54   -0.530766   -0.528703 0.000125626
55   -0.528061   -0.528691 0.000123872
56   -0.528461   -0.528687 0.000121709
57   -0.528704   -0.528687 0.000119555
58    -0.52936   -0.528699 0.000118047
59   -0.530304   -0.528726 0.000119177
60   -0.529478   -0.528738 0.000117843
61   -0.529086   -0.528744 0.000116035
62   -0.528222   -0.528736 0.000114458
63   -0.528656   -0.528734 0.000112634
64   -0.528154   -0.528725 0.000111231
65   -0.528309   -0.528719 0.000109694
66   -0.530464   -0.528745 0.000111208
67   -0.528733   -0.528745 0.000109535
68   -0.527813   -0.528732  0.00010878
69   -0.529354   -0.528741 0.000107571
70    -0.52811   -0.528732 0.000106404
71   -0.528307   -0.528726 0.000105065
72   -0.528035   -0.528716 0.000104038
73    -0.52929   -0.528724 0.000102904
74   -0.527917   -0.528713 0.000102088
75   -0.527656   -0.528699 0.000101698
76    -0.52801    -0.52869  0.00010076
77    -0.53055   -0.528714 0.000102337
78    -0.52863   -0.528713 0.000101022
79   -0.527774   -0.528701  0.00010044
80   -0.529138   -0.528706 9.93267e-05
81   -0.529413   -0.528715 9.84796e-05
82     -0.5278   -0.528704 9.79094e-05
83   -0.529704   -0.528716 9.74701e-05
84   -0.527141   -0.528697 9.81116e-05
85   -0.529043   -0.528701 9.70359e-05
86   -0.529765   -0.528714 9.66948e-05
87    -0.52709   -0.528695  9.7383e-05
88   -0.528712   -0.528695 9.62702e-05
89   -0.527854   -0.528686 9.56501e-05
90   -0.528382   -0.528682 9.46414e-05
91   -0.527736   -0.528672 9.41717e-05
92   -0.529984   -0.528686 9.42278e-05
93   -0.529586   -0.528696 9.37094e-05
94   -0.528515   -0.528694  9.2727e-05
95   -0.528322    -0.52869 9.18295e-05
96   -0.529405   -0.528698 9.11724e-05
97   -0.528912     -0.5287 9.02546e-05
98    -0.52991   -0.528712  9.0179e-05
99   -0.527898   -0.528704 8.96419e-05
100   -0.529418   -0.528711 8.90274e-05
101   -0.528027   -0.528704 8.84012e-05
102   -0.529067   -0.528708 8.76026e-05
103   -0.528843   -0.528709 8.67578e-05
104   -0.528446   -0.528707 8.59567e-05
105   -0.530533   -0.528724 8.68925e-05
106    -0.52757   -0.528713 8.67552e-05
107   -0.529746   -0.528723 8.64806e-05
108   -0.528019   -0.528716 8.59234e-05
109   -0.527712   -0.528707 8.56286e-05
110   -0.529528   -0.528715 8.51742e-05
111   -0.528816   -0.528715 8.44083e-05
112   -0.528445   -0.528713 8.36861e-05
113   -0.528614   -0.528712 8.29468e-05
114   -0.528789   -0.528713 8.22188e-05
115   -0.528915   -0.528715 8.15197e-05
116   -0.528142    -0.52871 8.09643e-05
117   -0.528211   -0.528705 8.03822e-05
118    -0.52835   -0.528702 7.97549e-05
119   -0.527766   -0.528694  7.9472e-05
120   -0.528274   -0.528691 7.88849e-05
121   -0.528821   -0.528692 7.82376e-05
122   -0.530301   -0.528705 7.87062e-05
123   -0.530549    -0.52872 7.94895e-05
124    -0.52808   -0.528715 7.90147e-05
125   -0.529013   -0.528717 7.84163e-05
126   -0.529067    -0.52872 7.78409e-05
127   -0.528314   -0.528717 7.72919e-05
128   -0.527678   -0.528709 7.71138e-05
129   -0.528381   -0.528706 7.65559e-05
130    -0.52967   -0.528714 7.63259e-05
131   -0.528222    -0.52871 7.58338e-05
132    -0.52832   -0.528707 7.53151e-05
133    -0.53063   -0.528722 7.61327e-05
134   -0.530098   -0.528732  7.6257e-05
135   -0.528858   -0.528733 7.56958e-05
136   -0.527397   -0.528723 7.57765e-05
137    -0.52928   -0.528727 7.53312e-05
138   -0.527526   -0.528718 7.52877e-05
139   -0.529709   -0.528725  7.5083e-05
140    -0.52725   -0.528715 7.52864e-05
141   -0.528688   -0.528715 7.47508e-05
142   -0.527946   -0.528709 7.44199e-05
143    -0.52825   -0.528706 7.39675e-05
144   -0.529243    -0.52871 7.35467e-05
145   -0.528485   -0.528708 7.30542e-05
146   -0.527906   -0.528703 7.27601e-05
147   -0.528707   -0.528703 7.22634e-05
148   -0.528912   -0.528704 7.17874e-05
149   -0.528747   -0.528704 7.13046e-05
150   -0.528053     -0.5287 7.09607e-05
151   -0.528674     -0.5287 7.04895e-05
152   -0.528394   -0.528698 7.00532e-05
153    -0.52872   -0.528698  6.9594e-05
154   -0.528915   -0.528699 6.91549e-05
155   -0.527808   -0.528694 6.89476e-05
156   -0.529474   -0.528699 6.86864e-05
157   -0.527298    -0.52869 6.88285e-05
158   -0.528435   -0.528688 6.84105e-05
159   -0.529501   -0.528693 6.81707e-05
160   -0.529325   -0.528697 6.78582e-05
161   -0.528995   -0.528699 6.74608e-05
162   -0.529099   -0.528702 6.70886e-05
163   -0.528144   -0.528698 6.67634e-05
164   -0.528512   -0.528697 6.63648e-05
165   -0.529038   -0.528699 6.59938e-05
166   -0.528886     -0.5287 6.56047e-05
167   -0.527939   -0.528696 6.53697e-05
168   -0.531666   -0.528713 6.73413e-05
169   -0.529365   -0.528717 6.70525e-05
170   -0.528131   -0.528714  6.6746e-05
171   -0.527322   -0.528706 6.68521e-05
172   -0.528616   -0.528705 6.64643e-05
173   -0.528774   -0.528705 6.60802e-05
174   -0.529443    -0.52871  6.5836e-05
175   -0.528854   -0.528711 6.54639e-05
176    -0.52995   -0.528718  6.5471e-05
177    -0.52984   -0.528724 6.54082e-05
178   -0.527349   -0.528716 6.54969e-05
179   -0.527891   -0.528712 6.52929e-05
180   -0.528176   -0.528709 6.49973e-05
181   -0.529035    -0.52871 6.46623e-05
182   -0.528298   -0.528708 6.43461e-05
183   -0.527749   -0.528703 6.42078e-05
184   -0.528526   -0.528702 6.38651e-05
185    -0.52928   -0.528705 6.35958e-05
186    -0.52885   -0.528706 6.32577e-05
187   -0.530187   -0.528714 6.34153e-05
188   -0.529736   -0.528719  6.3311e-05
189    -0.52881    -0.52872 6.29769e-05
190   -0.528083   -0.528716 6.27341e-05
191   -0.528614   -0.528716  6.2407e-05
192   -0.528226   -0.528713 6.21336e-05
193   -0.530112   -0.528721 6.22343e-05
194   -0.527782   -0.528716 6.21012e-05
195   -0.528397   -0.528714 6.18036e-05
196   -0.528686   -0.528714 6.14876e-05
197   -0.527696   -0.528709 6.13925e-05
198   -0.530693   -0.528719 6.18981e-05
199   -0.528504   -0.528718 6.15958e-05
200   -0.527074   -0.528709 6.18358e-05
1   -0.527418   -0.527418           0
2   -0.529586   -0.528502    0.001084
3   -0.528794   -0.528599 0.000633371
4   -0.527349   -0.528286 0.000546129
5   -0.529181   -0.528465 0.000459295
6   -0.527312   -0.528273 0.000421403
7   -0.529034   -0.528382 0.000372354
8   -0.526976   -0.528206 0.000367235
9   -0.530026   -0.528408 0.000381796
10   -0.528384   -0.528406 0.000341497
11   -0.529346   -0.528491 0.000320494
12   -0.527795   -0.528433 0.000298263
13   -0.528768   -0.528459 0.000275569
14   -0.527106   -0.528362 0.000272827
15   -0.528102   -0.528345 0.000254578
16   -0.528714   -0.528368 0.000239248
17   -0.527856   -0.528338 0.000226744
18   -0.528885   -0.528368 0.000215924
19     -0.5294   -0.528423 0.000211339
20   -0.528573    -0.52843 0.000200635
21   -0.529403   -0.528476 0.000196387
22   -0.527851   -0.528448 0.000189392
23   -0.528763   -0.528462 0.000181488
24   -0.527664   -0.528428 0.000176912
25   -0.530035   -0.528493 0.000181452
26   -0.529846   -0.528545 0.000181941
27    -0.52961   -0.528584  0.00017946
28    -0.52939   -0.528613 0.000175312
29   -0.527195   -0.528564 0.000176083
30   -0.526622   -0.528499 0.000182009
31    -0.52975    -0.52854 0.000180606
32   -0.529022   -0.528555  0.00017552
33   -0.528198   -0.528544 0.000170461
34   -0.528538   -0.528544 0.000165372
35   -0.529587   -0.528574 0.000163321
36   -0.528453    -0.52857 0.000158755
37   -0.528277   -0.528562 0.000154608
38   -0.529766   -0.528594 0.000153784
39   -0.529405   -0.528615 0.000151225
40   -0.530358   -0.528658 0.000153706
41   -0.528758   -0.528661  0.00014993
42   -0.527987   -0.528645 0.000147193
43   -0.527288   -0.528613 0.000147152
44   -0.528213   -0.528604 0.000144057
45   -0.528642   -0.528605 0.000140821
46   -0.528866   -0.528611 0.000137842
47   -0.529093   -0.528621 0.000135267
48   -0.528906   -0.528627 0.000132552
49   -0.528696   -0.528628 0.000129826
50   -0.527211     -0.5286 0.000130322
51   -0.527006   -0.528569 0.000131507
52   -0.527771   -0.528553 0.000129862
53   -0.530067   -0.528582 0.000130551
54   -0.530704   -0.528621 0.000134003
55     -0.5278   -0.528606 0.000132389
56   -0.528763   -0.528609 0.000130033
57   -0.528954   -0.528615 0.000127874
58   -0.530115   -0.528641 0.000128285
59   -0.530579   -0.528674 0.000130301
60    -0.52957   -0.528689 0.000128977
61   -0.529598   -0.528704 0.000127719
62   -0.528322   -0.528698 0.000125793
63   -0.527979   -0.528686 0.000124304
64   -0.527704   -0.528671 0.000123305
65   -0.528421   -0.528667 0.000121454
66   -0.529971   -0.528687 0.000121222
67   -0.528344   -0.528682 0.000119508
68   -0.527419   -0.528663 0.000119192
69   -0.529086   -0.528669 0.000117612
70   -0.527627   -0.528654 0.000116872
71   -0.528389   -0.528651 0.000115274
72   -0.527866    -0.52864 0.000114184
73   -0.528582   -0.528639 0.000112611
74   -0.528027   -0.528631 0.000111386
75   -0.527779   -0.528619 0.000110476
76   -0.527963   -0.528611 0.000109354
77    -0.52997   -0.528628 0.000109358
78   -0.528258   -0.528623 0.000108051
79   -0.527669   -0.528611 0.000107357
80   -0.528683   -0.528612  0.00010601
81   -0.528387    -0.52861  0.00010473
82   -0.527349   -0.528594 0.000104582
83   -0.529533   -0.528605 0.000103931
84    -0.52724   -0.528589 0.000103965
85   -0.529261   -0.528597 0.000103038
86   -0.529686    -0.52861 0.000102618
87    -0.52711   -0.528593 0.000102885
88   -0.529458   -0.528602 0.000102183
89   -0.528462   -0.528601 0.000101041
90   -0.528373   -0.528598 9.99437e-05
91   -0.527813    -0.52859 9.92154e-05
92     -0.5294   -0.528598 9.85256e-05
93   -0.529101   -0.528604   9.761e-05
94    -0.52859   -0.528604 9.65661e-05
95   -0.528088   -0.528598 9.56983e-05
96   -0.529355   -0.528606 9.50239e-05
97   -0.528451   -0.528605 9.40528e-05
98   -0.529808   -0.528617 9.38946e-05
99   -0.528758   -0.528618 9.29523e-05
100   -0.528941   -0.528621 9.20746e-05
101   -0.527486    -0.52861 9.18486e-05
102   -0.529427   -0.528618 9.12956e-05
103   -0.529094   -0.528623  9.0523e-05
104   -0.527392   -0.528611 9.04263e-05
105   -0.531018   -0.528634 9.24471e-05
106   -0.527746   -0.528626 9.19535e-05
107   -0.529574   -0.528634 9.15207e-05
108   -0.527845   -0.528627 9.09636e-05
109   -0.527272   -0.528615 9.09787e-05
110   -0.529622   -0.528624 9.06121e-05
111   -0.528958   -0.528627 8.98426e-05
112   -0.528576   -0.528626  8.9038e-05
113   -0.528381   -0.528624 8.82733e-05
114   -0.528149    -0.52862 8.75949e-05
115   -0.529286   -0.528626  8.7023e-05
116   -0.528234   -0.528622 8.63358e-05
117    -0.52801   -0.528617 8.57548e-05
118   -0.528117   -0.528613 8.51307e-05
119   -0.528194   -0.528609 8.44858e-05
120   -0.528454   -0.528608 8.37888e-05
121   -0.529654   -0.528617 8.35421e-05
122    -0.52987   -0.528627 8.34892e-05
123   -0.530355   -0.528641  8.3991e-05
124   -0.528414   -0.528639  8.3331e-05
125    -0.52897   -0.528642 8.27038e-05
126   -0.528997   -0.528645 8.20931e-05
127     -0.5282   -0.528641 8.15194e-05
128   -0.527538   -0.528633 8.13384e-05
129   -0.527845   -0.528627 8.09362e-05
130    -0.52989   -0.528636 8.08967e-05
131   -0.527717   -0.528629 8.05831e-05
132    -0.52877    -0.52863 7.99773e-05
133   -0.530168   -0.528642 8.02113e-05
134   -0.529843   -0.528651 8.01137e-05
135   -0.528938   -0.528653 7.95464e-05
136   -0.527618   -0.528645 7.93255e-05
137   -0.528738   -0.528646 7.87472e-05
138   -0.528253   -0.528643 7.82264e-05
139     -0.5298   -0.528652 7.81062e-05
140   -0.527557   -0.528644 7.79396e-05
141    -0.52908   -0.528647 7.74467e-05
142   -0.527538   -0.528639  7.7295e-05
143   -0.528355   -0.528637 7.67783e-05
144   -0.529219   -0.528641 7.63503e-05
145   -0.527979   -0.528636 7.59592e-05
146   -0.528339   -0.528634 7.54646e-05
147    -0.52875   -0.528635 7.49537e-05
148   -0.528376   -0.528633 7.44661e-05
149    -0.52912   -0.528637 7.40367e-05
150   -0.528837   -0.528638 7.35535e-05
151   -0.528184   -0.528635 7.31267e-05
152   -0.528189   -0.528632 7.27033e-05
153   -0.528659   -0.528632 7.22267e-05
154   -0.529218   -0.528636 7.18568e-05
155   -0.528723   -0.528637 7.13939e-05
156   -0.529008   -0.528639 7.09747e-05
157    -0.52763   -0.528633 7.08132e-05
158   -0.528123   -0.528629 7.04374e-05
159   -0.529445   -0.528635 7.01806e-05
160   -0.528962   -0.528637 6.97706e-05
161   -0.528714   -0.528637 6.93375e-05
162   -0.529059    -0.52864 6.89574e-05
163    -0.52752   -0.528633 6.88765e-05
164   -0.528309   -0.528631 6.84837e-05
165   -0.528675   -0.528631 6.80679e-05
166   -0.529264   -0.528635  6.7764e-05
167   -0.527997   -0.528631 6.74653e-05
168    -0.53128   -0.528647 6.88911e-05
169   -0.528869   -0.528648 6.84949e-05
170   -0.527846   -0.528643 6.82539e-05
171   -0.527712   -0.528638 6.80719e-05
172   -0.528774   -0.528639 6.76796e-05
173   -0.529216   -0.528642 6.73699e-05
174   -0.529702   -0.528648 6.72582e-05
175   -0.528528   -0.528648 6.68763e-05
176   -0.528688   -0.528648 6.64956e-05
177   -0.530379   -0.528658 6.68386e-05
178    -0.52755   -0.528651 6.67525e-05
179   -0.528346    -0.52865 6.64005e-05
180   -0.528102   -0.528647 6.61005e-05
181   -0.528568   -0.528646 6.57357e-05
182   -0.528379   -0.528645   6.539e-05
183   -0.528235   -0.528642 6.50701e-05
184   -0.528598   -0.528642  6.4716e-05
185    -0.52956   -0.528647 6.45561e-05
186    -0.52849   -0.528646 6.42137e-05
187   -0.530515   -0.528656 6.46466e-05
188   -0.528904   -0.528658 6.43153e-05
189   -0.529458   -0.528662  6.4114e-05
190   -0.528307    -0.52866 6.38029e-05
191   -0.528603    -0.52866 6.34687e-05
192   -0.528728    -0.52866 6.31383e-05
193   -0.530349   -0.528669 6.34168e-05
194   -0.527717   -0.528664 6.32797e-05
195   -0.528062   -0.528661 6.30298e-05
196   -0.528382   -0.528659 6.27235e-05
197   -0.528461   -0.528658 6.24124e-05
198   -0.530635   -0.528668 6.28939e-05
199   -0.528136   -0.528666 6.26342e-05
200   -0.526899   -0.528657 6.29431e-05
