1    0.418893    0.418893           0
2    0.426799    0.422846  0.00395303
3    0.414139    0.419944  0.00369202
4    0.406048     0.41647  0.00434555
5    0.418443    0.416864   0.0033891
6    0.418084    0.417068  0.00277465
7    0.409831    0.416034  0.00256277
8    0.417853    0.416261  0.00223104
9    0.414435    0.416058  0.00197802
10    0.418473      0.4163   0.0017856
11    0.422636    0.416876  0.00171479
12    0.409856    0.416291  0.00167112
13    0.408044    0.415656  0.00166297
14    0.416423    0.415711  0.00154059
15    0.413369    0.415555  0.00144268
16    0.417905    0.415702  0.00135748
17    0.397979    0.414659  0.00164706
18     0.40879    0.414333  0.00158673
19    0.419625    0.414612  0.00152652
20    0.418306    0.414797  0.00145991
21    0.422277    0.415153  0.00143361
22    0.398935    0.414416  0.00155301
23    0.411507    0.414289  0.00148933
24    0.424791    0.414727  0.00149156
25    0.395501    0.413958  0.00162424
26    0.434546     0.41475  0.00174993
27     0.41315     0.41469  0.00168491
28    0.403939    0.414306  0.00166841
29    0.412376     0.41424  0.00161122
30    0.421667    0.414487  0.00157615
31     0.39877     0.41398  0.00160656
32    0.408891    0.413821  0.00156366
33    0.417319    0.413927  0.00151924
34    0.407046    0.413725  0.00148771
35    0.409706     0.41361  0.00144913
36     0.40833    0.413463  0.00141592
37    0.425685    0.413794  0.00141618
38    0.416325     0.41386  0.00138002
39     0.42406    0.414122  0.00136937
40    0.407724    0.413962  0.00134425
41    0.408225    0.413822   0.0013185
42    0.406984    0.413659  0.00129698
43    0.410108    0.413577  0.00126915
44    0.429181    0.413931  0.00128969
45    0.392129    0.413447  0.00135059
46    0.419251    0.413573  0.00132692
47    0.422893    0.413771  0.00131343
48    0.398275    0.413448  0.00132569
49    0.411379    0.413406  0.00129904
50    0.412982    0.413398  0.00127282
51     0.40475    0.413228  0.00125909
52    0.400863     0.41299  0.00125733
53    0.421608    0.413153  0.00124405
54    0.444679    0.413737  0.00135321
55    0.399651    0.413481  0.00135284
56    0.421155    0.413618  0.00133551
57     0.41884    0.413709  0.00131507
58    0.407002    0.413594  0.00129736
59    0.406768    0.413478  0.00128042
60    0.421928    0.413619  0.00126675
61    0.408832     0.41354  0.00124828
62    0.414947    0.413563  0.00122819
63      0.4096      0.4135  0.00121018
64    0.430648    0.413768  0.00122088
65    0.409975     0.41371  0.00120336
66    0.427129    0.413913  0.00120231
67    0.419091     0.41399  0.00118675
68    0.402439     0.41382  0.00118144
69    0.426675    0.414007    0.001179
70    0.413966    0.414006  0.00116204
71    0.412526    0.413985  0.00114575
72    0.419127    0.414057  0.00113198
73    0.415388    0.414075  0.00111651
74    0.407413    0.413985  0.00110499
75    0.403261    0.413842   0.0010995
76    0.423522    0.413969  0.00109238
77    0.403157    0.413829  0.00108721
78    0.422639    0.413942  0.00107911
79    0.405663    0.413837   0.0010705
80    0.423934    0.413963  0.00106455
81    0.412709    0.413948  0.00105143
82    0.380255    0.413537  0.00111686
83    0.413065    0.413531  0.00110334
84     0.41023    0.413492  0.00109083
85    0.420136     0.41357  0.00108075
86    0.427489    0.413732   0.0010803
87    0.404793    0.413629  0.00107275
88    0.412936    0.413621  0.00106051
89    0.406134    0.413537   0.0010519
90    0.409226    0.413489  0.00104125
91    0.423748    0.413602   0.0010359
92    0.393922    0.413388  0.00104667
93    0.426036    0.413524  0.00104425
94    0.407723    0.413462  0.00103492
95    0.409947    0.413425  0.00102463
96    0.417848    0.413471  0.00101495
97    0.424328    0.413583  0.00101065
98    0.409353     0.41354  0.00100121
99    0.430369     0.41371  0.00100552
100    0.414293    0.413716 0.000995433
101    0.416593    0.413744  0.00098594
102    0.416636    0.413773 0.000976637
103    0.404181     0.41368 0.000971582
104    0.400818    0.413556  0.00097011
105    0.408784    0.413511 0.000961901
106     0.40261    0.413408 0.000958317
107    0.421296    0.413481 0.000952176
108    0.409668    0.413446 0.000943979
109    0.402223    0.413343  0.00094093
110    0.418799    0.413393 0.000933655
111    0.396719    0.413243 0.000937321
112     0.41958    0.413299 0.000930636
113     0.41789     0.41334 0.000923258
114    0.412307    0.413331 0.000915168
115     0.42483    0.413431  0.00091267
116    0.423844     0.41352 0.000909211
117    0.434394    0.413699 0.000918893
118    0.414372    0.413705  0.00091109
119    0.415072    0.413716 0.000903474
120    0.399181    0.413595 0.000904065
121    0.399719     0.41348 0.000903867
122     0.41621    0.413503 0.000896706
123    0.397792    0.413375 0.000898511
124    0.430188    0.413511 0.000901491
125     0.40993    0.413482 0.000894708
126    0.419863    0.413533 0.000889023
127     0.42556    0.413627 0.000887065
128    0.434049    0.413787 0.000894451
129    0.441038    0.413998 0.000912287
130    0.429911     0.41412  0.00091348
131     0.42367    0.414193 0.000909407
132    0.414689    0.414197 0.000902499
133    0.444391    0.414424 0.000924009
134    0.417501    0.414447 0.000917375
135    0.408471    0.414403  0.00091163
136    0.404209    0.414328 0.000908001
137    0.418927    0.414361 0.000901973
138    0.401965    0.414272 0.000899908
139     0.42932     0.41438 0.000899946
140    0.404815    0.414312 0.000896103
141    0.409482    0.414277 0.000890383
142     0.40763     0.41423  0.00088533
143    0.425317    0.414308 0.000882529
144     0.40441    0.414239  0.00087907
145    0.396673    0.414118 0.000881352
146    0.400209    0.414023 0.000880463
147    0.417823    0.414049 0.000874835
148    0.414556    0.414052 0.000868911
149    0.413704     0.41405 0.000863063
150    0.424598     0.41412 0.000860169
151    0.422202    0.414174 0.000856128
152    0.428067    0.414265 0.000855375
153    0.401566    0.414182  0.00085381
154    0.402058    0.414103 0.000851893
155    0.423758    0.414166 0.000848668
156     0.42901    0.414261 0.000848562
157    0.439077    0.414419 0.000857829
158    0.412593    0.414407 0.000852461
159    0.420372    0.414445 0.000847912
160    0.417813    0.414466 0.000842859
161    0.398704    0.414368  0.00084331
162    0.396508    0.414258 0.000845308
163    0.412478    0.414247 0.000840177
164    0.426684    0.414323 0.000838475
165    0.405106    0.414267 0.000835248
166    0.404062    0.414205 0.000832474
167    0.416147    0.414217 0.000827556
168    0.403336    0.414152 0.000825161
169    0.427903    0.414233  0.00082429
170    0.418864    0.414261 0.000819879
171    0.398638    0.414169 0.000820175
172    0.401105    0.414093 0.000818923
173    0.417608    0.414114 0.000814429
174    0.426897    0.414187  0.00081306
175    0.430786    0.414282 0.000813946
176    0.418904    0.414308 0.000809734
177    0.420177    0.414341 0.000805829
178    0.397244    0.414245 0.000807026
179    0.405894    0.414199  0.00080386
180    0.423063    0.414248 0.000800897
181    0.437348    0.414376  0.00080662
182    0.400003    0.414297 0.000806054
183    0.406274    0.414253 0.000802835
184    0.394261    0.414144 0.000805818
185    0.406827    0.414105 0.000802426
186    0.430428    0.414192 0.000802911
187    0.428752     0.41427 0.000802392
188    0.410176    0.414248  0.00079841
189    0.405995    0.414205 0.000795374
190    0.409805    0.414182 0.000791515
191    0.428361    0.414256 0.000790852
192    0.414457    0.414257 0.000786723
193     0.41318    0.414251 0.000782656
194    0.409191    0.414225 0.000779048
195    0.412138    0.414215 0.000775117
196    0.409867    0.414192 0.000771471
197    0.398766    0.414114 0.000771529
198      0.4006    0.414046 0.000770651
199    0.404496    0.413998 0.000768269
200     0.40996    0.413978 0.000764684
1    0.416586    0.416586           0
2    0.426198    0.421392  0.00480605
3     0.41456    0.419115  0.00358964
4    0.405727    0.415768   0.0042007
5    0.416607    0.415936  0.00325818
6    0.415981    0.415943   0.0026603
7    0.409955    0.415088   0.0024056
8     0.41799    0.415451  0.00211467
9    0.414489    0.415344  0.00186802
10    0.418947    0.415704  0.00170923
11    0.422738    0.416344  0.00167306
12    0.408392    0.415681  0.00166484
13    0.407365    0.415041  0.00165966
14    0.416956    0.415178  0.00154263
15    0.413284    0.415052  0.00144164
16    0.418089    0.415242  0.00136183
17    0.398132    0.414235  0.00162766
18    0.405572    0.413754  0.00160829
19    0.418461    0.414002  0.00154133
20    0.418545    0.414229  0.00147977
21    0.420988    0.414551  0.00144388
22    0.400867    0.413929  0.00151068
23    0.413383    0.413905   0.0014437
24     0.42483     0.41436  0.00145526
25    0.394876    0.413581  0.00159867
26    0.434588    0.414389  0.00173549
27    0.413681    0.414363  0.00167019
28    0.404062    0.413995  0.00165094
29    0.413614    0.413982  0.00159305
30    0.422069    0.414251  0.00156246
31    0.399068    0.413761  0.00158861
32    0.407618    0.413569   0.0015501
33    0.416301    0.413652  0.00150467
34    0.408198    0.413492  0.00146853
35    0.407304    0.413315  0.00143687
36    0.406909    0.413137  0.00140768
37    0.425576    0.413473  0.00140978
38    0.415313    0.413522  0.00137303
39    0.425144     0.41382  0.00137017
40    0.407533    0.413662  0.00134469
41     0.40822     0.41353  0.00131818
42    0.407304    0.413381  0.00129493
43    0.410356    0.413311  0.00126641
44    0.428426    0.413655   0.0012841
45    0.394137    0.413221  0.00132806
46     0.41978    0.413363  0.00130667
47    0.421318    0.413533  0.00128972
48    0.398456    0.413219  0.00130105
49    0.410058    0.413154  0.00127585
50    0.412409    0.413139  0.00125016
51    0.404752    0.412975  0.00123639
52    0.401849    0.412761  0.00123112
53    0.420573    0.412908  0.00121663
54    0.442998    0.413465  0.00131751
55    0.400396    0.413228  0.00131498
56    0.419468    0.413339  0.00129609
57    0.418118    0.413423   0.0012759
58     0.40705    0.413313  0.00125852
59    0.408479    0.413231  0.00123971
60    0.422596    0.413387  0.00122883
61    0.407839    0.413296  0.00121194
62    0.415682    0.413335  0.00119285
63    0.410879    0.413296  0.00117441
64    0.429704    0.413552    0.001184
65    0.408962    0.413482  0.00116778
66    0.427171    0.413689  0.00116851
67    0.418488    0.413761  0.00115316
68    0.402394    0.413594  0.00114831
69    0.426488     0.41378  0.00114687
70    0.413628    0.413778  0.00113037
71    0.413522    0.413775  0.00111435
72    0.418177    0.413836  0.00110046
73    0.414789    0.413849  0.00108536
74    0.406614    0.413751  0.00107505
75    0.402807    0.413605  0.00107061
76    0.423643    0.413737  0.00106465
77    0.403903    0.413609  0.00105847
78    0.423636    0.413738  0.00105269
79     0.40485    0.413626  0.00104535
80    0.423949    0.413755  0.00104023
81    0.412227    0.413736  0.00102748
82    0.381618    0.413344  0.00108783
83    0.413138    0.413342  0.00107465
84    0.411572    0.413321  0.00106199
85    0.419005    0.413387  0.00105155
86    0.426823    0.413544  0.00105093
87     0.40468    0.413442  0.00104376
88    0.413285     0.41344  0.00103183
89    0.405812    0.413354  0.00102377
90    0.409424    0.413311  0.00101327
91    0.423994    0.413428  0.00100893
92    0.396021    0.413239  0.00101568
93    0.425122    0.413367  0.00101279
94    0.407371    0.413303  0.00100399
95    0.410142    0.413269 0.000993919
96    0.418722    0.413326 0.000985149
97    0.423871    0.413435 0.000980982
98    0.410364    0.413404 0.000971426
99    0.429123    0.413562 0.000974585
100    0.415081    0.413578  0.00096491
101    0.416068    0.413602 0.000955626
102    0.417356    0.413639 0.000946927
103     0.40338    0.413539 0.000942963
104    0.400923    0.413418 0.000941698
105     0.40836     0.41337  0.00093393
106     0.40332    0.413275 0.000929923
107    0.422974    0.413366  0.00092564
108    0.411322    0.413347 0.000917225
109    0.402155    0.413244 0.000914553
110    0.418897    0.413296 0.000907657
111    0.397032    0.413149 0.000911299
112     0.41893    0.413201 0.000904599
113    0.418405    0.413247 0.000897741
114    0.413402    0.413248 0.000889832
115    0.424226    0.413344 0.000887211
116    0.421145    0.413411 0.000882097
117    0.436046    0.413604 0.000895669
118    0.412806    0.413598 0.000888072
119    0.415852    0.413616 0.000880781
120    0.399917    0.413502  0.00088084
121    0.398666     0.41338 0.000882093
122    0.416237    0.413403 0.000875146
123     0.39663    0.413267 0.000878649
124    0.429734      0.4134 0.000881594
125    0.411138    0.413381   0.0008747
126    0.418444    0.413422  0.00086866
127    0.426172    0.413522 0.000867621
128    0.432832    0.413673 0.000873935
129    0.440013    0.413877  0.00089085
130    0.429028    0.413994 0.000891621
131    0.421299    0.414049 0.000886544
132    0.414042    0.414049 0.000879802
133     0.44371    0.414272 0.000901191
134    0.418574    0.414304 0.000895016
135    0.408805    0.414264 0.000889295
136     0.40325    0.414183 0.000886439
137      0.4209    0.414232  0.00088131
138    0.402624    0.414148 0.000878935
139    0.428201    0.414249 0.000878426
140    0.404542    0.414179  0.00087488
141    0.409482    0.414146 0.000869292
142    0.408511    0.414106  0.00086406
143    0.425248    0.414184 0.000861527
144    0.404701    0.414118 0.000858054
145    0.397454    0.414004  0.00085983
146    0.400144    0.413909 0.000859181
147    0.419857    0.413949 0.000854275
148    0.414653    0.413954 0.000848497
149    0.412547    0.413944 0.000842836
150    0.426867    0.414031 0.000841619
151     0.42174    0.414082 0.000837584
152     0.42737    0.414169 0.000836636
153    0.402999    0.414096 0.000834349
154    0.401981    0.414017 0.000832639
155    0.423347    0.414078 0.000829436
156      0.4297    0.414178 0.000830165
157    0.438345    0.414332   0.0008391
158    0.413307    0.414325 0.000833798
159    0.422047    0.414374  0.00082996
160    0.417735    0.414395 0.000825024
161    0.397835    0.414292 0.000826309
162    0.394607     0.41417 0.000830135
163     0.41135    0.414153 0.000825207
164    0.428563    0.414241 0.000824853
165    0.405264    0.414187 0.000821643
166    0.403436    0.414122 0.000819242
167    0.416407    0.414135 0.000814436
168    0.403314    0.414071 0.000812132
169    0.427971    0.414153 0.000811491
170    0.418322    0.414178 0.000807076
171    0.399066    0.414089 0.000807195
172    0.401228    0.414015 0.000805965
173    0.418453     0.41404 0.000801703
174    0.425481    0.414106  0.00079979
175    0.429847    0.414196 0.000800277
176    0.420282    0.414231 0.000796468
177    0.422058    0.414275  0.00079319
178    0.395929    0.414172 0.000795427
179    0.406376    0.414128 0.000792168
180    0.421881    0.414171 0.000788932
181    0.437284    0.414299 0.000794885
182    0.399876     0.41422 0.000794467
183    0.405276    0.414171 0.000791624
184    0.393507    0.414059 0.000795279
185     0.40633    0.414017 0.000792071
186    0.429564      0.4141 0.000792223
187    0.430764    0.414189 0.000792997
188    0.409047    0.414162 0.000789242
189    0.406065    0.414119 0.000786223
190    0.411049    0.414103 0.000782241
191    0.429654    0.414185 0.000782383
192    0.415223     0.41419 0.000778316
193    0.413189    0.414185  0.00077429
194    0.410818    0.414167 0.000770484
195    0.410968    0.414151 0.000766698
196    0.408943    0.414124 0.000763239
197    0.398789    0.414047 0.000763335
198    0.400871     0.41398 0.000762379
199    0.402804    0.413924 0.000760615
200     0.40871    0.413898 0.000757251
