1   -0.944982   -0.944982           0
2   -0.938482   -0.941732   0.0032504
3    -0.94589   -0.943118  0.00233288
4   -0.947293   -0.944162  0.00195206
5   -0.946437   -0.944617  0.00157905
6   -0.945181   -0.944711  0.00129271
7   -0.948984   -0.945321  0.00125153
8   -0.944722   -0.945246  0.00108644
9   -0.947877   -0.945538  0.00100174
10   -0.946099   -0.945595 0.000897739
11   -0.944134   -0.945462 0.000822814
12   -0.945376   -0.945455 0.000751157
13   -0.939773   -0.945018 0.000817593
14   -0.949821   -0.945361 0.000831067
15   -0.947054   -0.945474 0.000781877
16    -0.94497   -0.945442 0.000732057
17   -0.943792   -0.945345 0.000694465
18    -0.94807   -0.945496 0.000672026
19   -0.945362   -0.945489 0.000635713
20   -0.941443   -0.945287 0.000636118
21    -0.94932   -0.945479 0.000634815
22   -0.945384   -0.945475 0.000605288
23   -0.945862   -0.945492 0.000578618
24   -0.945568   -0.945495 0.000553993
25   -0.948262   -0.945606 0.000542781
26   -0.946277   -0.945631 0.000522126
27   -0.946515   -0.945664 0.000503481
28    -0.94824   -0.945756 0.000493812
29   -0.948877   -0.945864 0.000488481
30    -0.94812   -0.945939 0.000477873
31   -0.946248   -0.945949 0.000462308
32   -0.944534   -0.945905 0.000449805
33   -0.947144   -0.945942 0.000437576
34   -0.948091   -0.946005 0.000429191
35   -0.945091   -0.945979 0.000417566
36    -0.94588   -0.945977  0.00040581
37    -0.94639   -0.945988 0.000394849
38   -0.949275   -0.946074 0.000393934
39   -0.944278   -0.946028 0.000386454
40   -0.949662   -0.946119 0.000387471
41   -0.947165   -0.946145 0.000378762
42    -0.94601   -0.946141 0.000369648
43   -0.945557   -0.946128 0.000361205
44    -0.94744   -0.946158 0.000354158
45    -0.94897    -0.94622 0.000351793
46   -0.946664    -0.94623 0.000344196
47   -0.940478   -0.946107 0.000358334
48   -0.947346   -0.946133 0.000351737
49    -0.94425   -0.946095 0.000346622
50   -0.946995   -0.946113 0.000340096
51    -0.94629   -0.946116 0.000333379
52   -0.945558   -0.946105 0.000327081
53   -0.944464   -0.946074 0.000322341
54   -0.942813   -0.946014 0.000322031
55   -0.946509   -0.946023  0.00031625
56   -0.947757   -0.946054  0.00031209
57    -0.94221   -0.945987 0.000313898
58   -0.942392   -0.945925 0.000314603
59   -0.944379   -0.945898 0.000310332
60   -0.945675   -0.945895 0.000305139
61   -0.947062   -0.945914 0.000300705
62   -0.944275   -0.945887 0.000296993
63   -0.943605   -0.945851 0.000294479
64   -0.942152   -0.945793 0.000295548
65    -0.94628   -0.945801 0.000291062
66   -0.945282   -0.945793 0.000286726
67   -0.947013   -0.945811    0.000283
68   -0.948496   -0.945851 0.000281589
69   -0.947362   -0.945873 0.000278341
70   -0.946013   -0.945875 0.000274343
71   -0.947387   -0.945896 0.000271289
72   -0.945146   -0.945885 0.000267697
73   -0.944733    -0.94587 0.000264477
74   -0.945366   -0.945863 0.000260967
75   -0.945478   -0.945858 0.000257515
76   -0.946011    -0.94586 0.000254112
77   -0.943438   -0.945828 0.000252754
78   -0.944322   -0.945809 0.000250239
79   -0.946018   -0.945812 0.000247065
80   -0.947744   -0.945836  0.00024515
81   -0.942882   -0.945799 0.000244837
82    -0.94771   -0.945823 0.000242953
83   -0.942346   -0.945781 0.000243636
84   -0.946702   -0.945792 0.000240968
85   -0.944341   -0.945775 0.000238728
86   -0.944923   -0.945765 0.000236143
87   -0.946133   -0.945769 0.000233451
88   -0.943914   -0.945748 0.000231744
89   -0.943376   -0.945721  0.00023067
90   -0.943115   -0.945692 0.000229923
91    -0.94612   -0.945697 0.000227431
92   -0.944779   -0.945687 0.000225167
93   -0.943656   -0.945665 0.000223801
94   -0.947397   -0.945684 0.000222172
95    -0.94792   -0.945707 0.000221078
96   -0.948374   -0.945735  0.00022052
97   -0.945392   -0.945731 0.000218263
98    -0.94515   -0.945725 0.000216106
99   -0.946381   -0.945732 0.000214015
100   -0.946109   -0.945736 0.000211897
101   -0.948525   -0.945763 0.000211598
102   -0.943878   -0.945745 0.000210327
103   -0.942894   -0.945717 0.000210106
104   -0.943661   -0.945698 0.000209013
105   -0.941997   -0.945662 0.000209992
106   -0.943562   -0.945642 0.000208943
107   -0.941466   -0.945603  0.00021063
108   -0.947218   -0.945618 0.000209205
109   -0.944707    -0.94561 0.000207446
110   -0.946085   -0.945614 0.000205596
111   -0.943374   -0.945594 0.000204733
112    -0.94395   -0.945579 0.000203427
113    -0.94473   -0.945572 0.000201758
114   -0.949766   -0.945609 0.000203337
115   -0.943987   -0.945595 0.000202054
116   -0.944653   -0.945587 0.000200469
117   -0.947957   -0.945607 0.000199778
118   -0.941288    -0.94557 0.000201431
119   -0.944942   -0.945565 0.000199801
120   -0.946805   -0.945575 0.000198398
121    -0.94391   -0.945561 0.000197232
122   -0.946901   -0.945572 0.000195916
123   -0.944226   -0.945562 0.000194625
124   -0.944786   -0.945555 0.000193151
125   -0.946523   -0.945563 0.000191756
126   -0.946368   -0.945569 0.000190335
127   -0.946587   -0.945577    0.000189
128   -0.941958   -0.945549 0.000189638
129   -0.944898   -0.945544  0.00018823
130   -0.945298   -0.945542 0.000186786
131   -0.947798   -0.945559 0.000186153
132   -0.945498   -0.945559 0.000184738
133   -0.942944   -0.945539 0.000184395
134   -0.945424   -0.945538 0.000183015
135   -0.947339   -0.945552 0.000182144
136   -0.943752   -0.945539 0.000181283
137   -0.946971   -0.945549 0.000180259
138   -0.943998   -0.945538   0.0001793
139   -0.942778   -0.945518  0.00017911
140    -0.94611   -0.945522 0.000177876
141   -0.943597   -0.945508 0.000177137
142   -0.943842   -0.945497 0.000176276
143   -0.941912   -0.945472 0.000176825
144   -0.945698   -0.945473   0.0001756
145   -0.945592   -0.945474 0.000174387
146   -0.948128   -0.945492  0.00017414
147   -0.946771   -0.945501  0.00017317
148   -0.944846   -0.945496 0.000172052
149   -0.942162   -0.945474 0.000172353
150   -0.947184   -0.945486 0.000171579
151   -0.945685   -0.945487 0.000170445
152   -0.944016   -0.945477 0.000169596
153   -0.948182   -0.945495 0.000169409
154   -0.944555   -0.945489 0.000168416
155   -0.945731    -0.94549 0.000167333
156   -0.944099   -0.945481 0.000166496
157   -0.945131   -0.945479 0.000165447
158   -0.944656   -0.945474 0.000164479
159   -0.943693   -0.945463 0.000163825
160    -0.94609   -0.945467 0.000162845
161   -0.945712   -0.945468 0.000161837
162   -0.951501   -0.945505  0.00016509
163   -0.948589   -0.945524 0.000165161
164   -0.943835   -0.945514 0.000164473
165   -0.948144    -0.94553 0.000164249
166   -0.948253   -0.945546 0.000164078
167   -0.946117    -0.94555 0.000163129
168   -0.940629   -0.945521 0.000164779
169   -0.945134   -0.945518 0.000163817
170   -0.943107   -0.945504 0.000163467
171   -0.946403   -0.945509 0.000162593
172   -0.943909     -0.9455 0.000161913
173   -0.940653   -0.945472 0.000163394
174   -0.946707   -0.945479 0.000162608
175   -0.945629    -0.94548 0.000161678
176   -0.947538   -0.945492 0.000161181
177   -0.948245   -0.945507 0.000161021
178   -0.949373   -0.945529  0.00016158
179   -0.946955   -0.945537 0.000160872
180   -0.940002   -0.945506 0.000162905
181   -0.943478   -0.945495 0.000162389
182   -0.944422   -0.945489 0.000161602
183   -0.946043   -0.945492 0.000160745
184   -0.947718   -0.945504 0.000160326
185   -0.944083   -0.945496 0.000159642
186   -0.940981   -0.945472 0.000160627
187   -0.948338   -0.945488 0.000160499
188   -0.942611   -0.945472 0.000160374
189   -0.948362   -0.945487 0.000160254
190   -0.946211   -0.945491 0.000159454
191   -0.943965   -0.945483 0.000158818
192   -0.945445   -0.945483 0.000157989
193   -0.945955   -0.945486 0.000157187
194   -0.948171   -0.945499 0.000156987
195   -0.947894   -0.945512 0.000156662
196   -0.944355   -0.945506 0.000155972
197   -0.951371   -0.945536 0.000158009
198   -0.945184   -0.945534 0.000157219
199   -0.944514   -0.945529 0.000156511
200   -0.947776    -0.94554 0.000156131
1   -0.945054   -0.945054           0
2   -0.938419   -0.941737   0.0033176
3   -0.945843   -0.943106  0.00235424
4    -0.94725   -0.944142  0.00196074
5   -0.946499   -0.944613   0.0015903
6   -0.945238   -0.944717  0.00130265
7   -0.948963   -0.945324  0.00125697
8   -0.944693   -0.945245  0.00109142
9    -0.94787   -0.945537  0.00100578
10   -0.946046   -0.945588 0.000901035
11   -0.944115   -0.945454 0.000825937
12   -0.945395   -0.945449  0.00075399
13   -0.939757   -0.945011 0.000820218
14    -0.94983   -0.945355 0.000833755
15   -0.947112   -0.945472 0.000784969
16    -0.94495    -0.94544 0.000734996
17   -0.943768   -0.945341 0.000697377
18   -0.948198     -0.9455  0.00067638
19    -0.94537   -0.945493 0.000639828
20   -0.941403   -0.945289 0.000640519
21   -0.949389   -0.945484 0.000639773
22   -0.945374   -0.945479  0.00061002
23    -0.94583   -0.945494 0.000583094
24   -0.945586   -0.945498 0.000558283
25   -0.948261   -0.945609  0.00054677
26    -0.94625   -0.945633 0.000525898
27    -0.94656   -0.945668 0.000507208
28   -0.948253    -0.94576 0.000497402
29   -0.948819   -0.945865 0.000491401
30    -0.94807   -0.945939 0.000480394
31   -0.946254   -0.945949 0.000464751
32   -0.944552   -0.945905 0.000452106
33   -0.947181   -0.945944 0.000439892
34   -0.948035   -0.946006 0.000431167
35   -0.945142   -0.945981 0.000419393
36   -0.945928   -0.945979 0.000407579
37   -0.946392   -0.945991 0.000396567
38   -0.949274   -0.946077 0.000395541
39    -0.94427   -0.946031  0.00038804
40   -0.949638   -0.946121  0.00038882
41   -0.947194   -0.946147  0.00038012
42   -0.945966   -0.946143 0.000370984
43   -0.945507   -0.946128 0.000362555
44   -0.947466   -0.946158 0.000355521
45   -0.948864   -0.946218 0.000352694
46   -0.946651   -0.946228  0.00034507
47   -0.940632   -0.946109 0.000358025
48   -0.947312   -0.946134 0.000351382
49   -0.944306   -0.946097 0.000346153
50   -0.946978   -0.946114 0.000339617
51   -0.946374   -0.946119  0.00033293
52   -0.945536   -0.946108 0.000326657
53   -0.944499   -0.946078 0.000321869
54    -0.94281   -0.946017 0.000321599
55   -0.946454   -0.946025 0.000315797
56   -0.947877   -0.946058 0.000311865
57   -0.942248   -0.945991 0.000313553
58   -0.942379   -0.945929 0.000314331
59   -0.944381   -0.945903  0.00031007
60   -0.945624   -0.945898 0.000304893
61   -0.947106   -0.945918 0.000300506
62   -0.944275   -0.945892 0.000296805
63   -0.943558   -0.945854 0.000294394
64   -0.942114   -0.945796 0.000295594
65   -0.946334   -0.945804 0.000291129
66   -0.945352   -0.945797 0.000286766
67   -0.947037   -0.945816 0.000283059
68    -0.94845   -0.945855 0.000281541
69   -0.947363   -0.945877 0.000278291
70    -0.94607   -0.945879 0.000274301
71   -0.947314     -0.9459 0.000271163
72   -0.945245    -0.94589 0.000267525
73   -0.944712   -0.945874 0.000264328
74    -0.94537   -0.945867 0.000260821
75   -0.945472   -0.945862 0.000257374
76   -0.946003   -0.945864 0.000253972
77    -0.94341   -0.945832  0.00025267
78   -0.944246   -0.945812 0.000250237
79   -0.946091   -0.945815 0.000247075
80   -0.947738   -0.945839 0.000245147
81   -0.942946   -0.945804 0.000244723
82   -0.947619   -0.945826 0.000242733
83   -0.942352   -0.945784 0.000243415
84    -0.94667   -0.945795 0.000240731
85    -0.94447   -0.945779 0.000238392
86   -0.944922   -0.945769 0.000235815
87   -0.946115   -0.945773 0.000233122
88   -0.943962   -0.945752 0.000231375
89    -0.94335   -0.945725 0.000230347
90   -0.943192   -0.945697 0.000229506
91   -0.946123   -0.945702 0.000227018
92   -0.944706   -0.945691 0.000224798
93   -0.943589   -0.945668 0.000223514
94   -0.947386   -0.945687 0.000221877
95   -0.947899    -0.94571 0.000220761
96   -0.948293   -0.945737 0.000220099
97   -0.945411   -0.945734 0.000217844
98    -0.94516   -0.945728 0.000215689
99   -0.946464   -0.945735 0.000213629
100   -0.946075   -0.945739 0.000211509
101   -0.948541   -0.945766 0.000211235
102   -0.943875   -0.945748 0.000209974
103   -0.942957   -0.945721 0.000209683
104   -0.943635   -0.945701 0.000208623
105   -0.942026   -0.945666  0.00020957
106   -0.943541   -0.945646 0.000208549
107   -0.941413   -0.945606 0.000210344
108   -0.947165    -0.94562 0.000208887
109   -0.944802   -0.945613 0.000207098
110    -0.94609   -0.945617 0.000205252
111   -0.943314   -0.945597 0.000204451
112   -0.943968   -0.945582 0.000203138
113   -0.944707   -0.945574 0.000201481
114    -0.94972   -0.945611  0.00020299
115   -0.944014   -0.945597 0.000201696
116   -0.944714   -0.945589 0.000200094
117    -0.94789   -0.945609 0.000199349
118   -0.941333   -0.945573 0.000200946
119   -0.944893   -0.945567 0.000199332
120   -0.946786   -0.945577 0.000197925
121   -0.943941   -0.945563 0.000196748
122   -0.946878   -0.945574 0.000195426
123   -0.944242   -0.945563 0.000194133
124   -0.944805   -0.945557 0.000192658
125   -0.946554   -0.945565 0.000191277
126   -0.946456   -0.945572 0.000189884
127   -0.946547    -0.94558  0.00018854
128   -0.942019   -0.945552 0.000189118
129   -0.944936   -0.945547 0.000187707
130   -0.945317   -0.945546 0.000186266
131   -0.947827   -0.945563 0.000185657
132   -0.945589   -0.945563 0.000184246
133    -0.94297   -0.945544 0.000183892
134   -0.945395   -0.945543 0.000182518
135   -0.947315   -0.945556 0.000181636
136   -0.943762   -0.945543 0.000180778
137   -0.946981   -0.945553  0.00017976
138    -0.94399   -0.945542 0.000178812
139    -0.94283   -0.945522 0.000178589
140   -0.946101   -0.945526 0.000177357
141   -0.943659   -0.945513 0.000176592
142   -0.943824   -0.945501 0.000175747
143   -0.941864   -0.945476 0.000176357
144   -0.945658   -0.945477 0.000175133
145   -0.945594   -0.945478 0.000173923
146   -0.948099   -0.945496 0.000173658
147    -0.94667   -0.945504 0.000172658
148   -0.944859   -0.945499 0.000171542
149   -0.942227   -0.945477 0.000171797
150    -0.94711   -0.945488 0.000170994
151   -0.945694    -0.94549 0.000169864
152    -0.94404    -0.94548 0.000169012
153   -0.948107   -0.945497 0.000168779
154   -0.944555   -0.945491 0.000167791
155   -0.945717   -0.945493 0.000166711
156   -0.944034   -0.945483 0.000165903
157   -0.945166   -0.945481 0.000164855
158    -0.94461   -0.945476 0.000163902
159   -0.943648   -0.945464 0.000163273
160   -0.946053   -0.945468 0.000162291
161   -0.945744    -0.94547 0.000161289
162   -0.951499   -0.945507 0.000164554
163   -0.948576   -0.945526 0.000164622
164   -0.943784   -0.945515 0.000163959
165   -0.948166   -0.945531 0.000163753
166   -0.948306   -0.945548 0.000163619
167   -0.946022   -0.945551 0.000162661
168   -0.940645   -0.945522 0.000164306
169   -0.945046   -0.945519 0.000163355
170   -0.943198   -0.945505 0.000162964
171   -0.946432   -0.945511 0.000162099
172   -0.943878   -0.945501 0.000161433
173   -0.940685   -0.945473 0.000162894
174   -0.946789   -0.945481 0.000162131
175    -0.94568   -0.945482 0.000161206
176   -0.947523   -0.945493 0.000160707
177   -0.948197   -0.945509 0.000160524
178   -0.949434   -0.945531 0.000161136
179   -0.946901   -0.945538 0.000160416
180   -0.940101   -0.945508 0.000162357
181   -0.943419   -0.945497  0.00016187
182   -0.944445   -0.945491 0.000161082
183   -0.946054   -0.945494 0.000160228
184   -0.947734   -0.945506  0.00015982
185   -0.944117   -0.945499 0.000159131
186   -0.940958   -0.945474 0.000160144
187    -0.94825   -0.945489 0.000159976
188   -0.942691   -0.945474 0.000159817
189   -0.948326   -0.945489 0.000159684
190   -0.946157   -0.945493  0.00015888
191    -0.94396   -0.945485 0.000158249
192    -0.94539   -0.945484 0.000157424
193   -0.945966   -0.945487 0.000156626
194   -0.948096     -0.9455 0.000156396
195   -0.947934   -0.945513 0.000156092
196   -0.944381   -0.945507 0.000155401
197    -0.95135   -0.945537 0.000157429
198   -0.945184   -0.945535 0.000156642
199   -0.944541    -0.94553 0.000155933
200   -0.947773   -0.945541 0.000155556
