3.50998           0
3.43613   0.0738524
3.4119   0.0490423
3.42192   0.0360968
3.42092   0.0279784
3.41832   0.0229919
3.41472   0.0197624
3.41332   0.0171718
3.4168   0.0155398
3.4177   0.0139284
3.41573   0.0127529
3.41595   0.0116439
3.40638   0.0143674
3.41271   0.0147343
3.40747   0.0146849
3.40839   0.0137675
3.40539   0.0132754
3.40905   0.0130387
3.40577   0.0127618
3.40439   0.0121851
3.39844   0.0130296
3.40293   0.0132084
3.40161   0.0126895
3.40544   0.0127375
3.40699   0.0123164
3.40442   0.0121094
3.40257   0.0117988
3.40229    0.011373
3.4001   0.0111893
3.40453   0.0116802
3.40338   0.0113556
3.40438   0.0110405
3.40143   0.0110983
3.40108   0.0107726
3.4013   0.0104626
3.39966   0.0102998
3.40023   0.0100336
3.39719   0.0102282
3.39732  0.00996344
3.39784  0.00972488
3.39772  0.00948539
3.39745  0.00926075
3.39811  0.00906686
3.40143  0.00946046
3.39974  0.00940118
3.40164  0.00938742
3.40126  0.00919304
3.40153  0.00900338
3.40073  0.00885372
3.40007  0.00870009
3.40114   0.0085941
3.4011   0.0084273
3.39972   0.0083802
3.39979  0.00822384
3.39948  0.00807899
3.40093  0.00806493
3.40116  0.00792546
3.40138  0.00779079
3.40363  0.00798225
3.40416  0.00786564
3.40476  0.00775917
3.4052  0.00764576
3.40395  0.00762675
3.4028  0.00759447
3.40171  0.00755514
3.40167   0.0074399
3.40146  0.00733119
3.40306  0.00739744
3.40387  0.00733504
3.40348  0.00724028
3.40438   0.0071946
3.40405  0.00710182
3.40376  0.00700969
3.40346  0.00692073
3.40411  0.00685827
3.40411  0.00676743
3.40473  0.00670746
3.4037  0.00670052
3.40359  0.00661607
3.40528   0.0067476
3.40532  0.00666392
3.40486  0.00659807
3.40498  0.00651916
3.40459  0.00645274
3.40498   0.0063884
3.40537  0.00632549
3.40562  0.00625732
3.4052   0.0061999
3.4058  0.00615877
3.4063  0.00611046
3.40575  0.00606796
3.40557  0.00600425
3.40608  0.00596127
3.40685  0.00594754
3.40666  0.00588775
3.40683  0.00582865
3.40713  0.00577607
3.4071  0.00571693
3.40675  0.00566934
3.40612   0.0056476
3.40526  0.00565756
3.40564  0.00561497
3.406  0.00557138
3.40574  0.00552349
3.40597  0.00547563
3.40586  0.00542495
3.40611  0.00537978
3.40644  0.00533991
3.40654  0.00529172
3.40626   0.0052511
3.40639  0.00520526
3.40641  0.00515863
3.40696  0.00514191
3.40697  0.00509662
3.40661  0.00506505
3.40733  0.00507261
3.407  0.00504021
3.40688  0.00499873
3.40739  0.00498338
3.4076  0.00494603
3.40746  0.00490708
3.4078  0.00487886
3.40768  0.00484071
3.40791  0.00480731
3.40793  0.00476872
3.40791  0.00473074
3.40806  0.00469584
3.40765  0.00467734
3.40773  0.00464167
3.40808  0.00461859
3.40866  0.00462072
3.40816  0.00461311
3.40868  0.00460724
3.40892  0.00457927
3.40917  0.00455208
3.40902  0.00452091
3.40919   0.0044907
3.40921  0.00445809
3.40928  0.00442661
3.40986  0.00443174
3.40952  0.00441261
3.40932  0.00438628
3.40895  0.00437093
3.40894  0.00434048
3.40907   0.0043124
3.409  0.00428335
3.40891  0.00425504
3.40837  0.00426037
3.40899  0.00427681
3.40856  0.00427027
3.4084  0.00424513
3.4083  0.00421817
3.40789  0.00421048
3.40811  0.00418886
3.40744  0.00421618
3.40741  0.00418912
3.40686   0.0041988
3.40707   0.0041775
3.40764  0.00418911
3.40766  0.00416289
3.40791  0.00414447
3.40818  0.00412803
3.4081  0.00410343
3.40813  0.00407844
3.40799  0.00405594
3.40766    0.004045
3.40794  0.00403027
3.40835  0.00402756
3.40839  0.00400386
3.40819  0.00398539
3.40788  0.00397423
3.40779   0.0039521
3.40759  0.00393411
3.40717  0.00393413
3.40706  0.00391314
3.40707  0.00389087
3.40744  0.00388565
3.40758  0.00386659
3.40778  0.00385003
3.40735  0.00385232
3.40755  0.00383619
3.40728  0.00382481
3.40697    0.003817
3.40787  0.00390358
3.40781  0.00388298
3.40808  0.00387129
3.4075  0.00389316
3.40795  0.00389784
3.40789  0.00387757
3.40738  0.00389132
3.4076  0.00387728
3.40802  0.00388049
3.40753  0.00389162
3.40745  0.00387239
3.40731  0.00385511
3.40777  0.00386306
3.40705  0.00390934
3.40721  0.00389263
3.40784  0.00392389
3.408  0.00390752
3.5056           0
3.43107   0.0745328
3.40382   0.0509335
3.4161    0.038052
3.41591   0.0294756
3.41329   0.0242087
3.41197   0.0205028
3.41043   0.0178231
3.41501   0.0163722
3.41498   0.0146438
3.41307   0.0133838
3.41436   0.0122862
3.40643   0.0138058
3.4138   0.0147538
3.40842   0.0147519
3.40873   0.0138025
3.40521   0.0134326
3.40866   0.0131245
3.40526   0.0128722
3.40426   0.0122522
3.39769   0.0133769
3.40162   0.0133439
3.40073   0.0127812
3.40502   0.0129656
3.40703   0.0125984
3.40421   0.0124289
3.40223   0.0121226
3.40142     0.01171
3.3996   0.0114441
3.40386   0.0118475
3.40297   0.0114928
3.40363   0.0111472
3.40024   0.0113243
3.39983   0.0109939
3.40015   0.0106799
3.39876   0.0104706
3.39925   0.0101952
3.39644   0.0103133
3.39585   0.0100626
3.39648  0.00982818
3.39625   0.0095883
3.39593   0.0093627
3.3965  0.00915989
3.39972  0.00951029
3.39798  0.00945724
3.40009  0.00948686
3.39988   0.0092852
3.40019   0.0090949
3.39987  0.00891288
3.39944  0.00874339
3.40046  0.00862984
3.40044  0.00846228
3.39914  0.00840198
3.3992  0.00824517
3.39905  0.00809533
3.40064   0.0081068
3.40065  0.00796332
3.40096  0.00783099
3.40337  0.00806463
3.40388  0.00794552
3.40452   0.0078405
3.40502  0.00772876
3.40387  0.00769045
3.40284  0.00763996
3.40166  0.00761375
3.40166  0.00749751
3.40147  0.00738712
3.40326  0.00749467
3.40405  0.00742638
3.40353   0.0073374
3.40439  0.00728418
3.40381  0.00720621
3.40359  0.00711003
3.40341  0.00701556
3.4039  0.00693833
3.40409   0.0068492
3.40477  0.00679389
3.40383  0.00677227
3.40374  0.00668658
3.40543   0.0068136
3.40541  0.00672897
3.40495  0.00666206
3.40491  0.00658149
3.40456  0.00651178
3.40513  0.00645989
3.40559  0.00640053
3.40579  0.00632996
3.4054  0.00626995
3.4061  0.00623844
3.40672  0.00620019
3.40624  0.00615044
3.40617  0.00608365
3.4068  0.00604998
3.40762  0.00604211
3.40726  0.00598903
3.40738   0.0059276
3.4076  0.00587016
3.40755  0.00581019
3.40718  0.00576323
3.40651  0.00574417
3.40566   0.0057507
3.40592  0.00570009
3.40634  0.00566009
3.40612   0.0056095
3.40645  0.00556566
3.40616  0.00552101
3.40643  0.00547615
3.40672  0.00543268
3.40678  0.00538301
3.40639  0.00534838
3.40652  0.00530161
3.40664  0.00525553
3.40738  0.00526074
3.40734  0.00521454
3.40706  0.00517655
3.40766  0.00516676
3.40722   0.0051413
3.40701  0.00510186
3.40758  0.00509061
3.40786  0.00505551
3.40782  0.00501372
3.40809  0.00498014
3.40797  0.00494105
3.40819  0.00490594
3.40812  0.00486699
3.40807  0.00482845
3.40824  0.00479324
3.40778  0.00477742
3.40787  0.00474099
3.40817  0.00471439
3.40873  0.00471155
3.40829  0.00469716
3.40888  0.00469899
3.4092    0.004675
3.40942  0.00464542
3.40921  0.00461602
3.40942  0.00458699
3.40949  0.00455427
3.4096  0.00452262
3.41008  0.00451638
3.40977  0.00449494
3.4096  0.00446657
3.40919  0.00445435
3.4092  0.00442333
3.40937  0.00439589
3.40933  0.00436585
3.40928  0.00433631
3.40878  0.00433601
3.4094  0.00435074
3.409     0.00434
3.40875  0.00431864
3.4086  0.00429272
3.40822   0.0042812
3.40847  0.00426084
3.40782  0.00428378
3.40782  0.00425624
3.40723  0.00426943
3.40734   0.0042437
3.40781  0.00424235
3.40783  0.00421581
3.40807  0.00419635
3.40835  0.00418018
3.40829  0.00415502
3.40834  0.00413003
3.40815  0.00410952
3.40779  0.00410074
3.40808  0.00408693
3.40855  0.00408932
3.40848  0.00406562
3.40829  0.00404625
3.40798  0.00403488
3.40778  0.00401614
3.40751  0.00400205
3.40709  0.00400111
3.40693  0.00398115
3.4069  0.00395862
3.40725   0.0039516
3.4074  0.00393245
3.40759  0.00391481
3.40708  0.00392601
3.40726  0.00390847
3.40706   0.0038924
3.40668   0.0038892
3.40756  0.00396533
3.40754  0.00394386
3.40772  0.00392656
3.40711  0.00395236
3.40756  0.00395669
3.40756   0.0039357
3.4071  0.00394261
3.40736  0.00393066
3.40777  0.00393126
3.40725  0.00394433
3.40711  0.00392679
3.407  0.00390811
3.40745  0.00391443
3.40678   0.0039524
3.40692  0.00393505
3.40751  0.00395864
3.40772   0.0039445
