1     3.70312   0.0740624           0
2     3.81424   0.0751736   0.0011112
3     3.91124   0.0761907   0.0012025
4     3.76812   0.0759836 0.000875147
5     3.44676   0.0745739   0.0015642
6     3.62656   0.0742335  0.00132176
7     3.94972   0.0749136  0.00130785
8     3.92836   0.0753703  0.00122124
9     4.09592   0.0760979  0.00129975
10      3.6954   0.0758789  0.00118298
11     3.76108   0.0758191  0.00107171
12     3.71368   0.0756903 0.000986777
13      3.9676    0.075972   0.0009504
14     4.11004   0.0764169 0.000985988
15     3.99096   0.0766437 0.000945513
16     4.17264   0.0770693 0.000981506
17      4.3348   0.0776356  0.00108198
18     3.96144   0.0777241  0.00102394
19     4.07596   0.0779238 0.000988928
20     4.02644   0.0780541 0.000947178
21     3.86592    0.078019 0.000901627
22     4.35832   0.0784348 0.000954939
23     4.31424   0.0787761 0.000974217
24     4.10572   0.0789152 0.000943056
25      4.2788   0.0791817  0.00094297
26     4.53056   0.0796213  0.00100699
27     4.36712   0.0799072   0.0010103
28     3.90968    0.079846 0.000975469
29     3.94252   0.0798117 0.000941858
30     3.71896   0.0796306 0.000927765
31     4.14972   0.0797391 0.000903875
32     4.23036   0.0798913 0.000888296
33      4.0972   0.0799535 0.000863202
34     4.01116   0.0799614 0.000837466
35     4.08404   0.0800105 0.000814669
36     4.20908   0.0801264 0.000800149
37     4.07164   0.0801617 0.000779024
38       3.867   0.0800874 0.000761873
39     3.74564   0.0799547 0.000753849
40     3.80428    0.079858 0.000741101
41     4.15452   0.0799369 0.000727086
42     3.69104   0.0797912 0.000724352
43      4.1276   0.0798554 0.000710214
44     3.85836   0.0797943  0.00069657
45     3.92828    0.079767 0.000681462
46       4.509   0.0799934 0.000703876
47      3.8872   0.0799455 0.000690398
48     3.81956   0.0798715 0.000679906
49     3.85284   0.0798141 0.000668359
50     4.33124   0.0799503 0.000668873
51     3.68944   0.0798295 0.000666665
52     4.25168   0.0799295 0.000661335
53     4.05044   0.0799499 0.000649056
54      4.1558   0.0800085 0.000639616
55     4.08472   0.0800392 0.000628627
56      4.1734   0.0801004 0.000620329
57     3.86088   0.0800498 0.000611444
58     3.77252   0.0799705  0.00060602
59     3.94176   0.0799513 0.000595971
60      4.0592   0.0799718 0.000586314
61     4.16964   0.0800279 0.000579343
62     4.14204   0.0800733 0.000571725
63     3.84212    0.080022 0.000564909
64     4.26812   0.0801055 0.000562239
65     3.79756   0.0800415 0.000557199
66      3.5476   0.0799038 0.000565711
67     3.85012   0.0798605 0.000558884
68     4.03812   0.0798738 0.000550764
69     3.82056   0.0798236 0.000545038
70     4.31644   0.0799165 0.000545174
71     3.95192   0.0799042 0.000537583
72     4.43876   0.0800274 0.000544195
73       4.304   0.0801103 0.000543056
74     3.57768   0.0799946 0.000548005
75       4.417   0.0801059 0.000551981
76      4.2414   0.0801681 0.000548202
77     4.33572   0.0802531 0.000547674
78     3.98596   0.0802462 0.000540651
79     3.94456   0.0802291 0.000534039
80     4.23356   0.0802846 0.000530236
81     4.13824   0.0803152 0.000524544
82     3.64964   0.0802259 0.000525746
83     3.60988   0.0801292 0.000528304
84     4.05828   0.0801415 0.000522122
85     4.12416   0.0801691 0.000516678
86     4.17264   0.0802073  0.00051206
87     3.32764   0.0800503 0.000529916
88     3.97592   0.0800443 0.000523894
89     3.98448   0.0800403  0.00051799
90     3.46612   0.0799212 0.000525864
91     3.86196   0.0798917 0.000520887
92     3.84624   0.0798595 0.000516203
93     3.68148   0.0797925 0.000514997
94     3.94392   0.0797828 0.000509582
95     3.89672   0.0797633 0.000504565
96     4.25776   0.0798195  0.00050243
97     4.00712   0.0798228 0.000497235
98     3.72816   0.0797691 0.000495053
99      4.1366   0.0797991  0.00049094
100     3.51412   0.0797039 0.000495235
101     3.61648   0.0796309 0.000495714
102     3.69276   0.0795743 0.000494085
103      4.3448   0.0796453 0.000494402
104     4.09452   0.0796669 0.000490101
105     3.99568   0.0796693 0.000485416
106     4.22548   0.0797149 0.000482979
107     3.75948   0.0796727 0.000480309
108     3.62456   0.0796062 0.000480465
109     3.83776     0.07958 0.000476754
110     3.63832   0.0795181 0.000476444
111     3.91292   0.0795067 0.000472268
112     4.19252   0.0795455 0.000469637
113      3.4902   0.0794593 0.000473378
114      4.1108   0.0794835  0.00046983
115      4.3244   0.0795444 0.000469693
116     3.58752   0.0794772 0.000470449
117     3.72064   0.0794339 0.000468415
118     3.73412   0.0793936  0.00046617
119     4.29092   0.0794476 0.000465379
120      4.1868   0.0794834 0.000462866
121     3.91152    0.079473 0.000459141
122      3.8884    0.079459 0.000455577
123     3.69028   0.0794131 0.000454189
124     3.95172     0.07941 0.000450522
125      4.1544   0.0794394 0.000447871
126     3.98928   0.0794422 0.000444311
127     3.92428   0.0794347 0.000440863
128      3.9298   0.0794281 0.000437454
129     3.51952    0.079358 0.000439667
130     4.09504   0.0793776  0.00043671
131     3.79124   0.0793505 0.000434212
132     4.05484   0.0793637 0.000431113
133     4.02144   0.0793717 0.000427934
134     4.07868   0.0793881 0.000425046
135     3.72376   0.0793518 0.000423453
136     4.15328   0.0793791 0.000421214
137     3.49856   0.0793104 0.000423729
138     3.54884     0.07925  0.00042496
139      4.4136   0.0793149 0.000426855
140     3.59052   0.0792613 0.000427172
141     4.14776   0.0792875  0.00042494
142     3.53516   0.0792271 0.000426245
143     3.87516    0.079215 0.000423426
144     3.75688   0.0791867 0.000421427
145     3.85844   0.0791728 0.000418742
146     4.07356   0.0791885 0.000416162
147     4.42096   0.0792513 0.000418064
148     3.83344   0.0792339 0.000415596
149       3.159   0.0791261 0.000426627
150     3.66456   0.0790872 0.000425555
151     3.57692   0.0790372 0.000425673
152     3.63028   0.0789949 0.000424975
153     4.13948   0.0790197 0.000422916
154     3.68384    0.078985 0.000421591
155      4.1022   0.0790047 0.000419327
156     3.93576   0.0790029 0.000416634
157     3.84408   0.0789894 0.000414193
158     4.08972   0.0790071 0.000411945
159     3.76284   0.0789835 0.000410025
160     3.88324   0.0789753 0.000407538
161     3.66336   0.0789399 0.000406548
162     4.69404   0.0790321 0.000414423
163     4.08496   0.0790484 0.000412198
164     4.13592   0.0790708 0.000410287
165      3.6464   0.0790336 0.000409489
166     4.23572   0.0790678 0.000408451
167     4.31588   0.0791112 0.000408312
168     4.25316   0.0791467 0.000407418
169     3.85444   0.0791345 0.000405183
170     3.85892    0.079123 0.000402957
171     3.91532   0.0791182 0.000400622
172     3.50708    0.079066  0.00040169
173     3.84644   0.0790537 0.000399553
174      3.9662   0.0790552 0.000397253
175     3.69364   0.0790256 0.000396085
176     4.12948   0.0790458 0.000394348
177     4.21796   0.0790759 0.000393262
178     3.50352   0.0790253 0.000394305
179     4.19008    0.079052 0.000393003
180     3.92008   0.0790483  0.00039083
181       3.936   0.0790465 0.000388669
182       4.032   0.0790553 0.000386627
183     3.78848   0.0790373 0.000384927
184     3.97908   0.0790403 0.000382841
185     4.04992   0.0790509 0.000380913
186     3.96148   0.0790518 0.000378861
187      3.7718   0.0790325 0.000377325
188     3.75864    0.079012 0.000375874
189     4.53988   0.0790743 0.000379044
190     3.94376   0.0790733 0.000377046
191     4.41212   0.0791213 0.000378126
192       3.959   0.0791216 0.000376152
193     3.71056   0.0790961 0.000375062
194     4.18244   0.0791196  0.00037386
195     3.60388   0.0790835 0.000373687
196     3.90756   0.0790787 0.000371806
197     3.80456   0.0790636 0.000370225
198       4.234   0.0790919 0.000369441
199     3.80776   0.0790772 0.000367876
200     3.58764   0.0790406 0.000367859
1     3.66216   0.0732432           0
2     3.82852   0.0749068   0.0016636
3     3.92684   0.0761168  0.00154487
4     3.76468    0.075911   0.0011116
5      3.4702   0.0746096  0.00156046
6     3.60836   0.0742025  0.00133756
7     3.92692   0.0748219  0.00128902
8     3.91628   0.0752599  0.00119916
9     4.08916   0.0759847   0.0012821
10     3.68984   0.0757659  0.00116743
11     3.78408   0.0757583  0.00105601
12     3.71584   0.0756381 0.000971455
13     3.96872   0.0759255  0.00093869
14     4.09192   0.0763479  0.00096625
15     3.97244   0.0765546 0.000922979
16     4.18376   0.0769997 0.000971319
17     4.36136   0.0776013  0.00109289
18      3.9558   0.0776854  0.00103382
19     4.06692   0.0778777 0.000996616
20      4.0104   0.0779942 0.000952625
21     3.87192   0.0779677 0.000906514
22     4.34884   0.0783772 0.000956428
23     4.30152     0.07871 0.000972589
24     4.11192    0.078857 0.000942718
25     4.25576   0.0791073 0.000938234
26      4.5338   0.0795523  0.00100526
27      4.3718   0.0798443  0.00101042
28     3.92948   0.0797995 0.000974697
29     3.94512   0.0797685 0.000940995
30     3.69184   0.0795708 0.000930341
31     4.17292   0.0796962 0.000908527
32     4.21552   0.0798404 0.000891417
33      4.1038   0.0799081 0.000866634
34     4.01256   0.0799182 0.000840819
35     4.08268   0.0799678 0.000817946
36     4.20952   0.0800851 0.000803508
37     4.06532   0.0801181 0.000782187
38       3.888   0.0800561  0.00076385
39     3.72848   0.0799154 0.000757189
40     3.79112   0.0798131 0.000745076
41     4.14248   0.0798871 0.000730441
42     3.74208    0.079767 0.000722889
43     4.11752   0.0798271  0.00070843
44     3.88404   0.0797783 0.000693859
45     3.94236   0.0797576  0.00067858
46     4.51528   0.0799869 0.000702161
47     3.90728   0.0799477 0.000688175
48     3.82372   0.0798754 0.000677561
49      3.8366   0.0798112 0.000666683
50     4.32984   0.0799469 0.000667162
51     3.70408   0.0798319 0.000663985
52     4.25876   0.0799347 0.000659149
53     4.08692   0.0799687 0.000647488
54     4.16936    0.080032  0.00063853
55     4.08856   0.0800636  0.00062761
56     4.18876   0.0801299 0.000619855
57     3.87432   0.0800835 0.000610647
58     3.77728   0.0800053 0.000605105
59     3.94788   0.0799875 0.000595026
60     4.05628   0.0800065 0.000585332
61     4.16392   0.0800601  0.00057815
62     4.14256   0.0801052 0.000570527
63     3.82764   0.0800488 0.000564223
64      4.2474   0.0801253 0.000560588
65     3.79736    0.080061 0.000555627
66     3.53832   0.0799202 0.000564977
67     3.84192   0.0798742 0.000558378
68     4.03516   0.0798864 0.000550241
69      3.8286   0.0798384 0.000544331
70     4.31756   0.0799314 0.000544506
71     3.93932   0.0799153 0.000537025
72     4.39896   0.0800273 0.000541228
73     4.27872   0.0801033 0.000539145
74     3.57068   0.0799858 0.000544619
75     4.41772   0.0800974 0.000548772
76     4.20916   0.0801512 0.000544165
77     4.34612   0.0802391 0.000544204
78     3.99132   0.0802338 0.000537207
79     3.93456   0.0802143 0.000530723
80     4.21868   0.0802663  0.00052662
81     4.13192   0.0802956 0.000520902
82     3.65348   0.0802075 0.000522002
83      3.6164   0.0801125  0.00052434
84     4.03724   0.0801201 0.000518115
85     4.15004   0.0801539 0.000513104
86      4.1888   0.0801961 0.000508848
87     3.30692   0.0800345 0.000528283
88      3.9422    0.080021  0.00052242
89     3.98356    0.080017 0.000516532
90     3.50056   0.0799058  0.00052272
91     3.84836   0.0798736 0.000517952
92     3.82932   0.0798378 0.000513536
93     3.65776    0.079766 0.000513041
94     3.93116   0.0797538 0.000507699
95     3.90996   0.0797374 0.000502593
96     4.28528   0.0797996 0.000501201
97     3.99616   0.0798009 0.000496008
98      3.7816   0.0797584  0.00049276
99     4.13568   0.0797882  0.00048867
100        3.57   0.0797043 0.000490977
101     3.62288   0.0796326 0.000491359
102     3.70992   0.0795793 0.000489426
103       4.362   0.0796537 0.000490325
104     4.08128   0.0796726 0.000485957
105      3.9866   0.0796732 0.000481307
106     4.22368   0.0797185 0.000478891
107     3.76612   0.0796774  0.00047617
108     3.59196   0.0796048 0.000477291
109     3.82424   0.0795762 0.000473757
110     3.61688   0.0795104  0.00047402
111     3.91132   0.0794988 0.000469873
112      4.1964   0.0795384 0.000467335
113     3.49172   0.0794525 0.000471074
114       4.103   0.0794754 0.000467484
115      4.3478   0.0795404 0.000467944
116     3.60504   0.0794763 0.000468305
117     3.72496   0.0794337  0.00046623
118       3.717   0.0793906 0.000464273
119     4.30152   0.0794464 0.000463724
120     4.21696   0.0794871 0.000461648
121     3.94944    0.079483 0.000457835
122     3.86804   0.0794656   0.0004544
123     3.72288   0.0794249 0.000452526
124     3.95912    0.079423 0.000448866
125      4.1676   0.0794544 0.000446368
126     3.98168   0.0794558 0.000442814
127     3.95132   0.0794524 0.000439326
128     3.90676   0.0794421 0.000436002
129     3.55668   0.0793777 0.000437377
130     4.10216   0.0793982 0.000434484
131     3.82752   0.0793765 0.000431702
132     4.06956   0.0793918 0.000428691
133     4.01944   0.0793993 0.000425522
134      4.0614   0.0794129 0.000422555
135     3.74024   0.0793788   0.0004208
136     4.15964   0.0794068 0.000418634
137     3.49812   0.0793379 0.000421247
138       3.567   0.0792799  0.00042218
139      4.4128   0.0793445 0.000424077
140     3.60312   0.0792925 0.000424238
141     4.17056   0.0793217  0.00042223
142     3.50372   0.0792566 0.000424273
143     3.87476   0.0792443 0.000421476
144      3.7572   0.0792158 0.000419506
145     3.88224   0.0792049 0.000416744
146      4.0616   0.0792188 0.000414113
147     4.40376   0.0792791 0.000415675
148     3.82968   0.0792609 0.000413256
149     3.14264   0.0791508 0.000424988
150     3.66876   0.0791123 0.000423897
151     3.55496   0.0790592 0.000424411
152     3.62336   0.0790159 0.000423835
153      4.1166   0.0790375 0.000421613
154     3.66572   0.0790004 0.000420512
155     4.09288   0.0790188 0.000418196
156      3.9306   0.0790162 0.000415515
157     3.81496   0.0789989 0.000413223
158     4.14376   0.0790234 0.000411331
159     3.78336   0.0790023 0.000409281
160     3.90364   0.0789965 0.000406756
161       3.668   0.0789615 0.000405735
162     4.69528   0.0790538  0.00041364
163     4.09568   0.0790713 0.000411469
164     4.13144    0.079093 0.000409527
165     3.64636   0.0790556 0.000408749
166      4.2498   0.0790914 0.000407852
167     4.30292   0.0791331 0.000407544
168     4.25512   0.0791687 0.000406666
169     3.83748   0.0791543 0.000404506
170     3.87492   0.0791446 0.000402237
171     3.89348   0.0791372 0.000399947
172     3.52172   0.0790866 0.000400822
173      3.8934   0.0790795  0.00039856
174      3.9476   0.0790788 0.000396264
175      3.7064   0.0790505 0.000395007
176     4.15904    0.079074 0.000393457
177     4.23276   0.0791055 0.000392497
178     3.52836   0.0790575 0.000393222
179     4.17596   0.0790824 0.000391813
180     3.93372   0.0790802 0.000389636
181     3.92912   0.0790774 0.000387488
182     4.06028   0.0790891  0.00038553
183     3.78512   0.0790706 0.000383864
184      3.9888   0.0790744 0.000381791
185     4.02632   0.0790823 0.000379803
186     3.96064    0.079083 0.000377756
187     3.75068   0.0790612  0.00037636
188      3.7816    0.079043 0.000374797
189      4.5426   0.0791055 0.000378008
190     3.96436   0.0791064 0.000376015
191     4.39304   0.0791523 0.000376839
192       3.943   0.0791507 0.000374874
193     3.70236   0.0791243 0.000373863
194     4.21024   0.0791505 0.000372852
195     3.59148   0.0791129  0.00037283
196      3.8936   0.0791066 0.000370977
197     3.80596   0.0790915   0.0003694
198     4.24512   0.0791208   0.0003687
199     3.80352   0.0791055 0.000367162
200     3.59776   0.0790697 0.000367067
