4.62676           0
4.60363   0.0231258
4.6051   0.0134324
4.62656   0.0234699
4.6228   0.0185642
4.6297    0.016653
4.62997   0.0140769
4.61205   0.0216697
4.6388   0.0328749
4.64349   0.0297762
4.64471    0.026961
4.65077   0.0253468
4.64908   0.0233764
4.65039   0.0216818
4.65137   0.0202084
4.64604   0.0196411
4.64599   0.0184497
4.65402   0.0191616
4.65835   0.0186338
4.66198   0.0180466
4.66479   0.0173936
4.66535   0.0165938
4.66265   0.0160839
4.6629   0.0154012
4.66539   0.0149803
4.66442    0.014425
4.66391     0.01389
4.66786   0.0139548
4.66812   0.0134675
4.66571   0.0132314
4.66587   0.0127985
4.66455   0.0124627
4.65972   0.0130072
4.66406    0.013343
4.66736   0.0133696
4.66967   0.0131963
4.67037   0.0128539
4.66969   0.0125293
4.67264   0.0125544
4.67303   0.0122426
4.67383   0.0119669
4.67483   0.0117212
4.67422   0.0114613
4.67404   0.0111993
4.67255    0.011048
4.67509   0.0110986
4.67546   0.0108664
4.67542   0.0106377
4.6785   0.0108637
4.67873   0.0106467
4.68018   0.0105358
4.67864    0.010445
4.67776   0.0102844
4.67694   0.0101247
4.67605  0.00997926
4.67724  0.00987149
4.67578  0.00980506
4.68015   0.0105761
4.67816   0.0105842
4.67635   0.0105614
4.67736   0.0104352
4.67834    0.010312
4.68095    0.010479
4.6801   0.0103495
4.67941   0.0102119
4.67782   0.0101807
4.67734   0.0100393
4.67794  0.00990838
4.67919  0.00984418
4.67752   0.0098456
4.67772  0.00970802
4.67594  0.00973562
4.67447  0.00971451
4.67445  0.00958234
4.67596  0.00957422
4.67651  0.00946313
4.67548  0.00939638
4.67511  0.00928243
4.67389  0.00924423
4.67338  0.00914262
4.67484  0.00914629
4.67593  0.00910017
4.67526  0.00901481
4.67391  0.00900805
4.67324  0.00892698
4.67332  0.00882296
4.67312  0.00872329
4.67377  0.00864808
4.67313  0.00857425
4.67194  0.00856122
4.672  0.00846679
4.6725   0.0083891
4.67121  0.00839784
4.67137  0.00830962
4.67221   0.0082648
4.67306  0.00822162
4.67194   0.0082126
4.67289  0.00818309
4.67247  0.00811047
4.67195  0.00804585
4.67176  0.00796814
4.67086  0.00794071
4.67092  0.00786344
4.67032  0.00780993
4.67098  0.00776263
4.6708  0.00769117
4.67149   0.0076505
4.67077  0.00761375
4.67051  0.00754781
4.66932  0.00757351
4.66961  0.00751058
4.66939  0.00744649
4.66937  0.00738033
4.66815  0.00741719
4.66798  0.00735435
4.66807  0.00729129
4.66934  0.00733837
4.67  0.00730614
4.66939  0.00726991
4.67009  0.00724291
4.6707  0.00720836
4.67109  0.00715991
4.67226  0.00719711
4.67264  0.00714884
4.67333  0.00712444
4.67356  0.00707154
4.67353  0.00701569
4.67308  0.00697553
4.67323  0.00692284
4.67398  0.00691041
4.67415   0.0068596
4.67483  0.00684136
4.67493  0.00679047
4.67496  0.00673966
4.675  0.00668968
4.674  0.00671484
4.67386  0.00666716
4.67353  0.00662672
4.67349  0.00657902
4.6729  0.00655871
4.67282  0.00651248
4.67361  0.00651449
4.67354  0.00646911
4.67389  0.00643321
4.67323  0.00642245
4.6751  0.00664729
4.67476  0.00661078
4.67546  0.00660341
4.6754  0.00655921
4.67572   0.0065233
4.67568   0.0064801
4.67559  0.00643799
4.67515  0.00641087
4.67553  0.00638021
4.67517  0.00634908
4.67511  0.00630847
4.6745  0.00629827
4.67382  0.00629471
4.67367  0.00625679
4.67402  0.00622708
4.67436  0.00619793
4.67395  0.00617364
4.67412  0.00613827
4.67463  0.00612122
4.67421  0.00609804
4.67388  0.00607015
4.67382  0.00603398
4.67379  0.00599808
4.67376  0.00596254
4.67337  0.00594039
4.67306   0.0059136
4.6725  0.00590501
4.67269  0.00587376
4.67264  0.00584011
4.67181  0.00586612
4.67145  0.00584395
4.67129  0.00581307
4.67156  0.00578661
4.67214  0.00578367
4.67222  0.00575208
4.6729   0.0057599
4.67289  0.00572818
4.67284  0.00569694
4.67367  0.00572511
4.67363   0.0056942
4.67429   0.0057016
4.67426  0.00567111
4.67413  0.00564223
4.67364  0.00563379
4.6737  0.00560438
4.67263  0.00567611
4.67287  0.00565123
4.67263  0.00562668
4.67183  0.00565474
4.67209  0.00563182
4.67199  0.00560397
4.67153  0.00559411
4.67136  0.00556853
4.6704  0.00562386
4.66966  0.00564397
4.63271           0
4.60403   0.0286706
4.60381   0.0165545
4.62831   0.0271534
4.62625   0.0211341
4.63364   0.0187721
4.63514   0.0159366
4.61611   0.0235073
4.64137   0.0326745
4.64527   0.0294837
4.64515   0.0266693
4.6515   0.0251613
4.65028   0.0231771
4.65077   0.0214634
4.65107   0.0199836
4.64512   0.0196187
4.64524   0.0184289
4.65414   0.0195224
4.65887   0.0190612
4.66267   0.0184783
4.66617   0.0179209
4.66694   0.0171044
4.66458   0.0165137
4.66496   0.0158152
4.66777   0.0154286
4.66659     0.01487
4.66572   0.0143352
4.66901   0.0141987
4.66943   0.0137069
4.66685   0.0134906
4.66729   0.0130554
4.66594   0.0127123
4.66081    0.013346
4.66528   0.0136969
4.66843   0.0136676
4.67066   0.0134677
4.67145   0.0131224
4.6707   0.0127945
4.67319   0.0127098
4.67373   0.0123995
4.67464   0.0121274
4.67558   0.0118726
4.67497   0.0116094
4.67456   0.0113498
4.67332    0.011164
4.67611   0.0112706
4.67681   0.0110504
4.67662   0.0108195
4.67979   0.0110603
4.6802   0.0108445
4.68169    0.010734
4.6802   0.0106309
4.67946   0.0104544
4.67843   0.0103107
4.67754   0.0101608
4.67868   0.0100436
4.67722  0.00997364
4.68163   0.0107464
4.67967   0.0107424
4.67834   0.0106453
4.67918   0.0105027
4.68027   0.0103891
4.6827   0.0105069
4.68178   0.0103817
4.68098   0.0102518
4.67947   0.0102083
4.67888   0.0100722
4.67945  0.00993958
4.68081  0.00988776
4.67906  0.00990149
4.67928  0.00976345
4.67725  0.00983686
4.67582  0.00980605
4.6759  0.00967289
4.67712  0.00962103
4.67753  0.00950262
4.67651  0.00943446
4.67586  0.00933505
4.67464  0.00929651
4.67399  0.00920275
4.67538  0.00919406
4.6762  0.00911832
4.67536  0.00904678
4.67414  0.00902131
4.67345  0.00894134
4.67333  0.00883751
4.67325  0.00873575
4.67383  0.00865531
4.67314  0.00858497
4.67187   0.0085834
4.67196    0.008489
4.67244  0.00841004
4.67115  0.00841857
4.67125  0.00832916
4.67197   0.0082726
4.67273  0.00822047
4.67172  0.00819745
4.67257  0.00815787
4.67224   0.0080816
4.67173  0.00801672
4.67138  0.00794494
4.67049  0.00791618
4.67059  0.00783958
4.67  0.00778609
4.67062  0.00773628
4.6705   0.0076639
4.67108  0.00761438
4.6704  0.00757428
4.67019  0.00750749
4.66895  0.00754138
4.66924  0.00747862
4.66893  0.00741812
4.66908  0.00735378
4.66786  0.00738971
4.66783  0.00732524
4.66789  0.00726202
4.66922  0.00732201
4.66994  0.00729536
4.66937  0.00725612
4.67027  0.00725106
4.67101  0.00722896
4.67149  0.00718535
4.67254  0.00720421
4.67293   0.0071567
4.67371  0.00714189
4.67386  0.00708644
4.67382  0.00703055
4.67336  0.00699058
4.67356  0.00693908
4.67421  0.00691662
4.6743  0.00686416
4.67498  0.00684557
4.6751   0.0067951
4.67504  0.00674446
4.67506  0.00669433
4.674  0.00672796
4.67386  0.00668012
4.67355  0.00663883
4.67355  0.00659089
4.67286  0.00658018
4.67286  0.00653335
4.67375   0.0065474
4.67369  0.00650168
4.67406  0.00646663
4.67348  0.00644785
4.67539  0.00668325
4.67502  0.00664788
4.67562  0.00662945
4.67558  0.00658494
4.67595  0.00655127
4.67589  0.00650798
4.6758  0.00646561
4.67538  0.00643725
4.67576  0.00640704
4.67545  0.00637329
4.67546  0.00633231
4.67474  0.00633244
4.67403  0.00633183
4.67392  0.00629285
4.67429  0.00626419
4.67456  0.00623116
4.6741  0.00621019
4.6743  0.00617528
4.67475  0.00615401
4.67432  0.00613164
4.674  0.00610292
4.67395  0.00606646
4.674  0.00603046
4.67391  0.00599546
4.67349  0.00597457
4.6732  0.00594638
4.67268   0.0059349
4.67283  0.00590241
4.67273   0.0058692
4.6719   0.0058942
4.6716  0.00586828
4.67141  0.00583814
4.67173  0.00581413
4.67223  0.00580291
4.6723  0.00577094
4.67307  0.00579067
4.67297  0.00575962
4.67294  0.00572812
4.67369  0.00574612
4.67364   0.0057152
4.6744  0.00573514
4.67438  0.00570442
4.67429  0.00567482
4.67387  0.00566039
4.67396  0.00563136
4.67299   0.0056858
4.6732  0.00566001
4.67305  0.00563272
4.67225  0.00565949
4.67247  0.00563458
4.67241  0.00560611
4.67201  0.00559144
4.67179   0.0055676
4.67088  0.00561442
4.6701  0.00563952
