6.92148           0
6.82068    0.100798
6.78788   0.0667999
6.78532   0.0473041
6.81854   0.0494605
6.81568   0.0404853
6.83516   0.0393708
6.80098   0.0482777
6.81062   0.0436547
6.78595   0.0461881
6.81388   0.0502557
6.79056   0.0514643
6.80864   0.0506776
6.80904     0.04692
6.81127   0.0437373
6.81373   0.0409862
6.84296   0.0483406
6.83194   0.0468894
6.824   0.0450587
6.83545   0.0442538
6.82941   0.0425247
6.83059   0.0405628
6.82765   0.0388702
6.82077   0.0378471
6.82807   0.0370278
6.83523   0.0362885
6.83141   0.0351263
6.82853   0.0339713
6.82843   0.0327791
6.82886   0.0316706
6.83113   0.0307157
6.84198    0.031658
6.84339   0.0307162
6.84159   0.0298537
6.84412   0.0290986
6.84441   0.0282803
6.84267   0.0275603
6.85369   0.0290012
6.85083   0.0283922
6.85426   0.0278852
6.85674   0.0273094
6.85928   0.0267713
6.85268   0.0269614
6.84798   0.0267573
6.84619   0.0262168
6.85075   0.0260416
6.85064   0.0254817
6.84614   0.0253468
6.85178   0.0254555
6.85313   0.0249779
6.85671   0.0247434
6.85529   0.0243048
6.85959   0.0242274
6.8633   0.0240622
6.86136   0.0237004
6.86098   0.0232763
6.85917   0.0229358
6.86023   0.0225618
6.86433   0.0225513
6.86478   0.0221768
6.86734   0.0219598
6.86501   0.0217277
6.86798   0.0215844
6.8706   0.0214063
6.87008   0.0210808
6.8715   0.0208071
6.86811   0.0207723
6.86584   0.0205898
6.86486   0.0203129
6.86543   0.0200289
6.86279   0.0199207
6.86618   0.0199318
6.86746   0.0196982
6.86473   0.0196204
6.86289    0.019444
6.86328   0.0191904
6.86853   0.0196521
6.86967   0.0194321
6.87239   0.0193762
6.87281   0.0191372
6.87471    0.018994
6.87108   0.0191088
6.872   0.0188998
6.86736   0.0192413
6.86604    0.019059
6.87135   0.0195682
6.86864   0.0195298
6.86807   0.0193151
6.86661   0.0191529
6.86483   0.0190222
6.86541   0.0188208
6.86471   0.0186281
6.86627    0.018493
6.86639   0.0182956
6.86467   0.0181827
6.86542   0.0180076
6.86692   0.0178844
6.86717   0.0177027
6.86527   0.0176263
6.86794   0.0176527
6.86811   0.0174779
6.8681   0.0173057
6.87085   0.0173551
6.86868   0.0173234
6.86886   0.0171585
6.87102   0.0171326
6.86934   0.0170544
6.87078   0.0169572
6.87367   0.0170479
6.87485   0.0169331
6.87383    0.016811
6.87185   0.0167771
6.87231   0.0166343
6.87132   0.0165176
6.86881   0.0165641
6.87032   0.0164903
6.87291   0.0165526
6.87206   0.0164339
6.87426   0.0164424
6.87205    0.016454
6.87002   0.0164425
6.86949   0.0163158
6.86755   0.0162988
6.86618   0.0162244
6.86567   0.0161022
6.86752   0.0160802
6.86717   0.0159569
6.8677   0.0158409
6.86751   0.0157189
6.86623   0.0156495
6.86513   0.0155691
6.86698   0.0155612
6.86838    0.015507
6.86857   0.0153921
6.86807   0.0152858
6.87146   0.0155475
6.87033   0.0154753
6.87103   0.0153788
6.87006   0.0152988
6.8702   0.0151898
6.87138   0.0151274
6.87141   0.0150206
6.87139   0.0149152
6.87033   0.0148493
6.87023   0.0147469
6.87116   0.0146752
6.86975   0.0146434
6.87051   0.0145641
6.87007   0.0144729
6.87195   0.0144993
6.87313    0.014451
6.87242   0.0143731
6.87357   0.0143254
6.87316   0.0142382
6.87444   0.0142039
6.87595   0.0141933
6.87363   0.0142918
6.87309   0.0142112
6.87402   0.0141517
6.87466   0.0140777
6.87696   0.0141779
6.87607   0.0141182
6.87453   0.0141154
6.8732   0.0140926
6.87248    0.014025
6.87141   0.0139818
6.87143   0.0138979
6.86936   0.0139686
6.86874   0.0138994
6.86957    0.013842
6.86895   0.0137746
6.8694   0.0137017
6.86994   0.0136329
6.87051   0.0135663
6.8715   0.0135251
6.8719   0.0134539
6.87225   0.0133821
6.87318   0.0133394
6.87306   0.0132651
6.87325   0.0131927
6.87207   0.0131728
6.87227   0.0131017
6.87219   0.0130301
6.87251   0.0129628
6.87119   0.0129597
6.87042   0.0129128
6.87015   0.0128463
6.86889   0.0128403
6.86836   0.0127831
6.86959   0.0127755
6.87129   0.0128208
6.87114   0.0127547
6.87028   0.0127177
6.87187   0.0127513
6.87029    0.012783
6.87042   0.0127183
6.8709   0.0126628
6.87133    0.012606
6.87118   0.0125434
6.87023   0.0125162
6.92897           0
6.81587    0.113104
6.78837   0.0708523
6.78705   0.0501176
6.81703   0.0490459
6.81597   0.0400597
6.83585   0.0392619
6.80161   0.0482576
6.81017   0.0434112
6.78635   0.0455507
6.81461   0.0499627
6.79128   0.0512298
6.80983   0.0506432
6.81013   0.0468875
6.81183    0.043683
6.81397   0.0409179
6.84311   0.0482297
6.83132   0.0469754
6.82341   0.0451317
6.8342   0.0441536
6.82825   0.0424176
6.82984   0.0404748
6.82658   0.0388127
6.81972   0.0377873
6.82723   0.0370134
6.8346   0.0363175
6.83051   0.0351846
6.82754   0.0340347
6.827   0.0328445
6.8273   0.0317322
6.82939   0.0307628
6.84004   0.0316322
6.84163   0.0306999
6.83982   0.0298381
6.84221   0.0290715
6.84269   0.0282564
6.84137   0.0275139
6.85252   0.0290086
6.84964   0.0284007
6.85299   0.0278831
6.85541   0.0273016
6.85842   0.0268133
6.85192   0.0269774
6.84709   0.0267948
6.845   0.0262763
6.84983   0.0261486
6.8498   0.0255862
6.84519   0.0254681
6.85083   0.0255725
6.85236   0.0251022
6.85602   0.0248765
6.85461   0.0244344
6.85883   0.0243381
6.8625   0.0241631
6.86021     0.02383
6.85967   0.0234068
6.85779   0.0230693
6.85908   0.0227044
6.86301   0.0226603
6.86349   0.0222846
6.86604   0.0220641
6.86367   0.0218346
6.8668   0.0217122
6.86944   0.0215328
6.86905   0.0212026
6.87039   0.0209218
6.86715   0.0208602
6.86499   0.0206639
6.864   0.0203863
6.86475    0.020107
6.86216   0.0199902
6.86545   0.0199828
6.86671   0.0197476
6.86401   0.0196655
6.86213   0.0194917
6.86245    0.019236
6.86775   0.0197125
6.86907   0.0195027
6.87193   0.0194646
6.87236   0.0192246
6.87427    0.019082
6.87059   0.0192039
6.87147   0.0189913
6.86678   0.0193391
6.8654   0.0191605
6.87062   0.0196425
6.86783   0.0196142
6.86739   0.0193951
6.86592   0.0192319
6.86428   0.0190876
6.86499   0.0188899
6.86437   0.0186935
6.86588   0.0185529
6.866   0.0183548
6.86435   0.0182356
6.86522   0.0180657
6.86671   0.0179403
6.86702   0.0177591
6.86501   0.0176943
6.86775   0.0177308
6.86791    0.017555
6.86804   0.0173826
6.87071   0.0174193
6.86854   0.0173871
6.86867   0.0172212
6.87082   0.0171934
6.86908   0.0171213
6.87056   0.0170264
6.87343   0.0171122
6.87469    0.017003
6.87369   0.0168793
6.87178   0.0168367
6.87227   0.0166943
6.8714     0.01657
6.8689   0.0166145
6.87036   0.0165353
6.87285   0.0165814
6.87199   0.0164627
6.87411   0.0164608
6.87193    0.016468
6.86992   0.0164549
6.8695   0.0163248
6.8675    0.016314
6.86616   0.0162372
6.86563   0.0161155
6.86745   0.0160907
6.86706   0.0159683
6.86764   0.0158533
6.86746    0.015731
6.86603   0.0156748
6.86495   0.0155919
6.86682   0.0155858
6.86833   0.0155409
6.86843   0.0154249
6.86789   0.0153196
6.87131    0.015587
6.87021   0.0155124
6.87088   0.0154145
6.86993   0.0153329
6.87001   0.0152232
6.87128    0.015168
6.8713   0.0150608
6.87122   0.0149553
6.87019   0.0148868
6.8701    0.014784
6.87101   0.0147104
6.8697   0.0146685
6.87046   0.0145892
6.87006   0.0144967
6.87197   0.0145263
6.87316   0.0144789
6.87242   0.0144024
6.87347   0.0143466
6.87312   0.0142576
6.87435    0.014219
6.87582   0.0142036
6.87354   0.0142952
6.87312   0.0142107
6.87404   0.0141507
6.87464   0.0140751
6.87697   0.0141799
6.87612   0.0141181
6.87462   0.0141106
6.87325   0.0140914
6.87239   0.0140322
6.87123   0.0139955
6.8713   0.0139116
6.86929    0.013974
6.86863   0.0139065
6.86945   0.0138489
6.86892   0.0137778
6.86935   0.0137042
6.86991   0.0136362
6.87051    0.013571
6.8715   0.0135291
6.87192   0.0134586
6.87231   0.0133881
6.87334   0.0133519
6.87322   0.0132776
6.87345   0.0132056
6.87228   0.0131843
6.87248    0.013113
6.87239   0.0130415
6.87266   0.0129732
6.8714   0.0129639
6.87062   0.0129177
6.87032   0.0128519
6.86906    0.012846
6.86853   0.0127889
6.86976   0.0127805
6.87151    0.012834
6.87134   0.0127681
6.87054   0.0127273
6.87222   0.0127731
6.87062   0.0128081
6.8708   0.0127438
6.87133     0.01269
6.87172   0.0126317
6.8716   0.0125686
6.87069   0.0125385
