1   -0.638331   -0.638331           0
2   -0.638725   -0.638528   0.0001968
3   -0.638381   -0.638479 0.000123764
4   -0.637352   -0.638197 0.000295013
5   -0.638138   -0.638185 0.000228827
6   -0.636072   -0.637833   0.0003987
7   -0.637531    -0.63779 0.000339712
8   -0.636706   -0.637654 0.000323921
9   -0.638798   -0.637782 0.000312675
10   -0.638938   -0.637897 0.000302618
11   -0.637709    -0.63788 0.000274263
12   -0.638131   -0.637901 0.000251241
13    -0.63887   -0.637976 0.000242842
14   -0.638155   -0.637988 0.000225194
15   -0.637483   -0.637955 0.000212332
16   -0.638306   -0.637977 0.000199825
17   -0.637102   -0.637925  0.00019462
18   -0.638034   -0.637931 0.000183588
19   -0.637138   -0.637889  0.00017861
20   -0.638085   -0.637899 0.000169725
21    -0.63799   -0.637904 0.000161499
22    -0.63723   -0.637873 0.000156994
23   -0.637141   -0.637841 0.000153353
24    -0.63612   -0.637769 0.000163402
25   -0.637206   -0.637747 0.000158339
26   -0.637275   -0.637729 0.000153205
27   -0.638158   -0.637745 0.000148278
28   -0.638963   -0.637788 0.000149365
29   -0.637374   -0.637774 0.000144827
30   -0.638237   -0.637789 0.000140765
31   -0.636624   -0.637752 0.000141242
32   -0.636382   -0.637709 0.000143296
33   -0.637582   -0.637705 0.000138939
34   -0.639586    -0.63776 0.000145696
35   -0.639274   -0.637804 0.000147931
36   -0.638339   -0.637819 0.000144531
37   -0.638499   -0.637837 0.000141769
38   -0.637174   -0.637819 0.000139085
39   -0.637299   -0.637806 0.000136127
40   -0.637451   -0.637797 0.000132977
41   -0.638622   -0.637817 0.000131245
42   -0.636045   -0.637775 0.000134856
43   -0.638024   -0.637781  0.00013181
44   -0.639125   -0.637812 0.000132351
45   -0.638083   -0.637818 0.000129518
46   -0.637704   -0.637815 0.000126695
47   -0.638307   -0.637826 0.000124411
48   -0.638931   -0.637849 0.000123951
49    -0.63739   -0.637839 0.000121754
50   -0.637901    -0.63784 0.000119301
51   -0.639002   -0.637863 0.000119134
52    -0.63739   -0.637854 0.000117174
53   -0.636755   -0.637833 0.000116797
54   -0.638454   -0.637845 0.000115189
55   -0.638112    -0.63785  0.00011318
56   -0.637109   -0.637837 0.000111925
57   -0.638192   -0.637843 0.000110121
58   -0.637587   -0.637838 0.000108295
59   -0.637918    -0.63784 0.000106452
60   -0.637944   -0.637841 0.000104677
61   -0.637946   -0.637843 0.000102961
62   -0.638901    -0.63786 0.000102713
63   -0.637462   -0.637854 0.000101267
64   -0.638112   -0.637858 9.97536e-05
65   -0.636595   -0.637839  0.00010011
66   -0.638691   -0.637851 9.94245e-05
67   -0.638053   -0.637854 9.79754e-05
68   -0.637914   -0.637855 9.65278e-05
69   -0.639115   -0.637874 9.68552e-05
70   -0.637032   -0.637862 9.62156e-05
71   -0.638704   -0.637873 9.55901e-05
72   -0.637432   -0.637867 9.44523e-05
73   -0.637075   -0.637856 9.37792e-05
74   -0.638082   -0.637859 9.25533e-05
75   -0.638462   -0.637868 9.16641e-05
76    -0.63745   -0.637862  9.0617e-05
77   -0.637382   -0.637856  8.9649e-05
78     -0.6372   -0.637847 8.88907e-05
79    -0.63781   -0.637847 8.77596e-05
80   -0.638179   -0.637851 8.67552e-05
81   -0.637838   -0.637851 8.56776e-05
82   -0.637874   -0.637851 8.46267e-05
83   -0.638742   -0.637862 8.42876e-05
84   -0.637749   -0.637861 8.32891e-05
85   -0.637061   -0.637851 8.28394e-05
86    -0.63933   -0.637868 8.36559e-05
87   -0.638064   -0.637871 8.27194e-05
88    -0.63824   -0.637875 8.18816e-05
89   -0.637629   -0.637872 8.10036e-05
90   -0.635741   -0.637848 8.35256e-05
91   -0.637994    -0.63785 8.26181e-05
92   -0.638504   -0.637857 8.20238e-05
93   -0.636789   -0.637846 8.19461e-05
94   -0.639248    -0.63786  8.2431e-05
95   -0.638245   -0.637865  8.1659e-05
96   -0.637632   -0.637862 8.08402e-05
97   -0.637816   -0.637862 8.00038e-05
98   -0.638856   -0.637872 7.98307e-05
99   -0.638371   -0.637877 7.91811e-05
100   -0.638189    -0.63788 7.84473e-05
101   -0.636789   -0.637869 7.84145e-05
102     -0.6358   -0.637849 8.02483e-05
103    -0.63951   -0.637865 8.10861e-05
104   -0.637803   -0.637864 8.03049e-05
105   -0.638728   -0.637873 7.99605e-05
106   -0.637678   -0.637871 7.92238e-05
107   -0.638941   -0.637881 7.91144e-05
108   -0.637645   -0.637879 7.84089e-05
109   -0.640221     -0.6379 8.06033e-05
110   -0.636538   -0.637888 8.08219e-05
111   -0.637917   -0.637888 8.00909e-05
112   -0.636854   -0.637879 7.99072e-05
113   -0.638374   -0.637883 7.93183e-05
114   -0.635299    -0.63786 8.18216e-05
115   -0.638496   -0.637866  8.1295e-05
116   -0.638126   -0.637868 8.06224e-05
117   -0.637434   -0.637865 8.00166e-05
118   -0.637662   -0.637863 7.93541e-05
119   -0.638075   -0.637865 7.87047e-05
120   -0.638339   -0.637869 7.81462e-05
121   -0.637499   -0.637865 7.75578e-05
122   -0.638149   -0.637868 7.69545e-05
123   -0.639789   -0.637883 7.79077e-05
124   -0.638941   -0.637892 7.77459e-05
125   -0.637072   -0.637885 7.73999e-05
126   -0.637091   -0.637879 7.70415e-05
127   -0.637301   -0.637875 7.65679e-05
128   -0.638754   -0.637881 7.62772e-05
129   -0.638341   -0.637885 7.57673e-05
130   -0.637314   -0.637881 7.53106e-05
131   -0.636693   -0.637872 7.52815e-05
132   -0.636107   -0.637858 7.58953e-05
133   -0.635894   -0.637843  7.6756e-05
134   -0.637874   -0.637844 7.61813e-05
135   -0.638251   -0.637847 7.56752e-05
136   -0.639509   -0.637859 7.61045e-05
137   -0.639315   -0.637869 7.62911e-05
138   -0.637592   -0.637867  7.5763e-05
139   -0.637019   -0.637861 7.54631e-05
140   -0.638427   -0.637865 7.50311e-05
141   -0.638288   -0.637868 7.45573e-05
142   -0.638437   -0.637872 7.41385e-05
143   -0.638494   -0.637877 7.37466e-05
144   -0.638685   -0.637882 7.34474e-05
145   -0.637536    -0.63788 7.29782e-05
146   -0.637768   -0.637879 7.24807e-05
147   -0.637286   -0.637875 7.20988e-05
148   -0.638701   -0.637881  7.1827e-05
149   -0.638541   -0.637885 7.14807e-05
150    -0.63789   -0.637885 7.10025e-05
151   -0.639294   -0.637895 7.11455e-05
152   -0.636762   -0.637887 7.10678e-05
153   -0.637912   -0.637887  7.0602e-05
154   -0.639891     -0.6379 7.13389e-05
155   -0.637632   -0.637899 7.08982e-05
156   -0.636608    -0.63789 7.09264e-05
157   -0.636602   -0.637882 7.09496e-05
158   -0.639267   -0.637891 7.10421e-05
159   -0.638096   -0.637892 7.06057e-05
160   -0.637187   -0.637888 7.03012e-05
161   -0.637067   -0.637883 7.00488e-05
162   -0.639486   -0.637893 7.03155e-05
163   -0.636971   -0.637887  7.0111e-05
164   -0.639072   -0.637894 7.00559e-05
165   -0.637238    -0.63789 6.97433e-05
166   -0.636672   -0.637883 6.97092e-05
167   -0.639173   -0.637891 6.97197e-05
168   -0.638666   -0.637895 6.94569e-05
169   -0.639106   -0.637902 6.94152e-05
170   -0.636707   -0.637895 6.93628e-05
171   -0.637971   -0.637896 6.89575e-05
172   -0.638618     -0.6379 6.86837e-05
173   -0.637906     -0.6379 6.82856e-05
174   -0.636864   -0.637894 6.81525e-05
175   -0.636306   -0.637885 6.83671e-05
176    -0.63709    -0.63788 6.81276e-05
177   -0.638554   -0.637884 6.78483e-05
178   -0.637461   -0.637882  6.7508e-05
179   -0.637491    -0.63788 6.71652e-05
180   -0.637771   -0.637879 6.67937e-05
181   -0.638286   -0.637881 6.64618e-05
182   -0.637066   -0.637877 6.62474e-05
183   -0.637883   -0.637877 6.58844e-05
184    -0.64016   -0.637889 6.66899e-05
185   -0.639221   -0.637896 6.67179e-05
186   -0.639363   -0.637904 6.68251e-05
187   -0.637834   -0.637904 6.64679e-05
188   -0.638966    -0.63791 6.63545e-05
189   -0.638411   -0.637912 6.60558e-05
190    -0.63845   -0.637915 6.57681e-05
191   -0.637667   -0.637914 6.54357e-05
192   -0.638294   -0.637916 6.51242e-05
193   -0.637437   -0.637913 6.48334e-05
194   -0.637323    -0.63791   6.457e-05
195   -0.637504   -0.637908 6.42718e-05
196   -0.638419   -0.637911 6.39962e-05
197   -0.635779     -0.6379 6.45833e-05
198   -0.637605   -0.637898 6.42736e-05
199   -0.638245     -0.6379 6.39735e-05
200   -0.637018   -0.637896 6.38056e-05
1   -0.638387   -0.638387           0
2   -0.638722   -0.638554   0.0001672
3   -0.638414   -0.638508 0.000107221
4    -0.63769   -0.638303 0.000218133
5    -0.63807   -0.638257 0.000175263
6    -0.63596   -0.637874 0.000408648
7   -0.637893   -0.637877 0.000345381
8   -0.636702    -0.63773 0.000333179
9    -0.63908    -0.63788 0.000329919
10   -0.638992   -0.637991 0.000315351
11    -0.63695   -0.637896 0.000300525
12   -0.638411   -0.637939 0.000277674
13   -0.638922   -0.638015 0.000266364
14   -0.638101   -0.638021 0.000246682
15   -0.637342   -0.637976 0.000234062
16   -0.638018   -0.637978 0.000218961
17   -0.636978    -0.63792 0.000213937
18   -0.638269   -0.637939 0.000202633
19   -0.637482   -0.637915 0.000193177
20   -0.638205   -0.637929 0.000183836
21   -0.638011   -0.637933 0.000174907
22   -0.637203     -0.6379 0.000170037
23   -0.637197   -0.637869 0.000165328
24   -0.636029   -0.637793 0.000175891
25   -0.637411   -0.637778 0.000169398
26   -0.637237   -0.637757 0.000164076
27   -0.638141   -0.637771 0.000158522
28   -0.639251   -0.637824 0.000161644
29   -0.637029   -0.637796 0.000158362
30    -0.63812   -0.637807 0.000153372
31   -0.636925   -0.637779 0.000151048
32   -0.636373   -0.637735 0.000152709
33   -0.636726   -0.637704  0.00015113
34   -0.639488   -0.637757 0.000155722
35   -0.639653   -0.637811 0.000160619
36   -0.638355   -0.637826 0.000156824
37   -0.638518   -0.637845  0.00015367
38   -0.637307   -0.637831 0.000150239
39   -0.636781   -0.637804 0.000148791
40   -0.637466   -0.637795  0.00014527
41   -0.638472   -0.637812 0.000142641
42   -0.636026   -0.637769 0.000145554
43    -0.63767   -0.637767 0.000142147
44   -0.638402   -0.637781 0.000139626
45   -0.638373   -0.637794  0.00013712
46    -0.63787   -0.637796 0.000134116
47   -0.638336   -0.637808 0.000131733
48   -0.638797   -0.637828 0.000130596
49   -0.637038   -0.637812 0.000128914
50   -0.638502   -0.637826 0.000127062
51   -0.639021   -0.637849  0.00012673
52   -0.637754   -0.637847 0.000124283
53   -0.637131   -0.637834 0.000122662
54   -0.638314   -0.637843 0.000120697
55   -0.638413   -0.637853 0.000118934
56   -0.637099    -0.63784 0.000117564
57   -0.638038   -0.637843 0.000115536
58   -0.637853   -0.637843 0.000113527
59   -0.637896   -0.637844  0.00011159
60   -0.638387   -0.637853 0.000110086
61   -0.638179   -0.637859 0.000108398
62   -0.639218   -0.637881 0.000108865
63   -0.637643   -0.637877 0.000107189
64   -0.638131   -0.637881 0.000105576
65   -0.637006   -0.637867 0.000104806
66   -0.638378   -0.637875 0.000103495
67   -0.638152   -0.637879 0.000102022
68   -0.638435   -0.637887 0.000100843
69   -0.639331   -0.637908  0.00010155
70   -0.637258   -0.637899 0.000100519
71   -0.639221   -0.637918 0.000100827
72   -0.637683   -0.637914 9.94701e-05
73   -0.637219   -0.637905 9.85592e-05
74    -0.63807   -0.637907 9.72439e-05
75   -0.638422   -0.637914 9.61843e-05
76   -0.637654   -0.637911 9.49717e-05
77   -0.637213   -0.637901 9.41672e-05
78   -0.637469   -0.637896 9.31175e-05
79   -0.637322   -0.637889 9.22182e-05
80     -0.6382   -0.637893 9.11413e-05
81    -0.63761   -0.637889 9.00768e-05
82    -0.63808   -0.637891  8.9002e-05
83   -0.637968   -0.637892  8.7928e-05
84   -0.637854   -0.637892 8.68761e-05
85    -0.63704   -0.637882  8.6431e-05
86    -0.63924   -0.637898 8.68676e-05
87   -0.637856   -0.637897 8.58647e-05
88   -0.637637   -0.637894 8.49349e-05
89   -0.637989   -0.637895 8.39819e-05
90    -0.63621   -0.637877 8.51294e-05
91   -0.637862   -0.637876 8.41889e-05
92   -0.638501   -0.637883 8.35449e-05
93   -0.637003   -0.637874 8.31816e-05
94   -0.639373    -0.63789  8.3823e-05
95   -0.637808   -0.637889 8.29404e-05
96   -0.637722   -0.637887 8.20904e-05
97    -0.63744   -0.637882 8.13703e-05
98   -0.638722   -0.637891 8.09897e-05
99   -0.638253   -0.637895 8.02507e-05
100   -0.637808   -0.637894 7.94488e-05
101   -0.636896   -0.637884 7.92762e-05
102   -0.635422    -0.63786 8.21211e-05
103   -0.639342   -0.637874  8.2584e-05
104   -0.638082   -0.637876 8.18104e-05
105   -0.638922   -0.637886 8.16369e-05
106   -0.637435   -0.637882 8.09749e-05
107   -0.638288   -0.637886 8.03043e-05
108   -0.637622   -0.637883 7.95946e-05
109   -0.640278   -0.637905 8.18652e-05
110   -0.636424   -0.637892 8.22276e-05
111   -0.638328   -0.637896 8.15782e-05
112   -0.636402   -0.637882 8.19397e-05
113   -0.638248   -0.637886 8.12758e-05
114   -0.634861   -0.637859 8.48167e-05
115   -0.638446   -0.637864 8.42309e-05
116   -0.638112   -0.637866 8.35289e-05
117   -0.637192   -0.637861 8.30122e-05
118   -0.638064   -0.637862 8.23238e-05
119   -0.638134   -0.637865 8.16611e-05
120    -0.63871   -0.637872  8.1284e-05
121   -0.637285   -0.637867 8.07551e-05
122   -0.637611   -0.637865 8.01178e-05
123    -0.63979    -0.63788 8.09915e-05
124   -0.638682   -0.637887 8.05952e-05
125   -0.637253   -0.637882 8.01085e-05
126   -0.637413   -0.637878 7.95573e-05
127   -0.637717   -0.637877 7.89386e-05
128   -0.638096   -0.637878 7.83382e-05
129   -0.638074    -0.63788 7.77433e-05
130    -0.63725   -0.637875 7.72951e-05
131   -0.636709   -0.637866 7.72178e-05
132   -0.636605   -0.637857 7.72241e-05
133   -0.636438   -0.637846 7.73795e-05
134   -0.637674   -0.637845 7.68106e-05
135   -0.637973   -0.637846 7.62454e-05
136   -0.639102   -0.637855 7.62448e-05
137   -0.639421   -0.637866 7.65445e-05
138    -0.63752   -0.637864 7.60292e-05
139   -0.637661   -0.637862 7.54944e-05
140   -0.638131   -0.637864 7.49778e-05
141   -0.638506   -0.637869  7.4583e-05
142   -0.638403   -0.637873 7.41515e-05
143   -0.638026   -0.637874 7.36389e-05
144   -0.638638   -0.637879 7.33183e-05
145   -0.637878   -0.637879 7.28109e-05
146   -0.637658   -0.637877 7.23264e-05
147   -0.637795   -0.637877 7.18348e-05
148   -0.638608   -0.637882 7.15187e-05
149   -0.638466   -0.637886  7.1145e-05
150   -0.637664   -0.637884 7.06846e-05
151   -0.639006   -0.637892 7.06071e-05
152   -0.636203   -0.637881 7.10152e-05
153   -0.637658   -0.637879 7.05646e-05
154   -0.640349   -0.637895 7.19158e-05
155   -0.637506   -0.637893 7.14945e-05
156   -0.636707   -0.637885   7.144e-05
157   -0.636854   -0.637878 7.12864e-05
158   -0.638762   -0.637884  7.1054e-05
159   -0.637992   -0.637885 7.06089e-05
160   -0.637611   -0.637883 7.01871e-05
161   -0.636952   -0.637877 6.99891e-05
162   -0.639251   -0.637886 7.00709e-05
163   -0.636702   -0.637878  7.0017e-05
164    -0.63852   -0.637882 6.96986e-05
165   -0.636843   -0.637876 6.95606e-05
166   -0.636962   -0.637871 6.93594e-05
167   -0.639184   -0.637878   6.939e-05
168   -0.638691   -0.637883 6.91452e-05
169   -0.638286   -0.637886 6.87762e-05
170   -0.636427   -0.637877 6.89066e-05
171   -0.637904   -0.637877 6.85026e-05
172   -0.638974   -0.637884 6.84013e-05
173   -0.637542   -0.637882 6.80334e-05
174   -0.637086   -0.637877 6.77955e-05
175   -0.636026   -0.637866 6.82322e-05
176   -0.637472   -0.637864 6.78804e-05
177   -0.639003   -0.637871 6.78018e-05
178    -0.63747   -0.637868 6.74573e-05
179    -0.63772   -0.637868 6.70845e-05
180   -0.637358   -0.637865 6.67708e-05
181   -0.638192   -0.637867 6.64254e-05
182   -0.637234   -0.637863 6.61509e-05
183      -0.638   -0.637864 6.57927e-05
184   -0.640419   -0.637878 6.68917e-05
185    -0.63964   -0.637887 6.72077e-05
186   -0.639451   -0.637896 6.73721e-05
187   -0.637794   -0.637895 6.70131e-05
188   -0.639093   -0.637901 6.69594e-05
189   -0.638563   -0.637905 6.66962e-05
190   -0.638408   -0.637908  6.6397e-05
191   -0.638088   -0.637909 6.60552e-05
192   -0.637886   -0.637908 6.57104e-05
193    -0.63731   -0.637905 6.54424e-05
194   -0.637094   -0.637901 6.52383e-05
195   -0.637696     -0.6379 6.49114e-05
196   -0.638323   -0.637902 6.46154e-05
197   -0.635838   -0.637892 6.51347e-05
198   -0.638099   -0.637893 6.48133e-05
199   -0.638702   -0.637897  6.4615e-05
200   -0.636749   -0.637891 6.45469e-05
