1   -0.547074   -0.547074           0
2    -0.54961   -0.548342    0.001268
3   -0.547635   -0.548106 0.000769016
4   -0.546885   -0.547801 0.000623636
5   -0.548264   -0.547893 0.000491869
6   -0.547205   -0.547779 0.000417688
7   -0.548757   -0.547918  0.00037966
8   -0.547056   -0.547811 0.000346016
9   -0.549565   -0.548006 0.000362093
10   -0.548158   -0.548021 0.000324227
11   -0.548771   -0.548089 0.000301104
12   -0.547072   -0.548004 0.000287638
13   -0.548358   -0.548032 0.000265987
14   -0.546944   -0.547954 0.000258217
15    -0.54779   -0.547943 0.000240634
16   -0.548731   -0.547992 0.000230421
17   -0.546693   -0.547916 0.000229543
18   -0.547611   -0.547899 0.000217075
19   -0.548995   -0.547957 0.000213287
20   -0.547746   -0.547946 0.000202616
21   -0.548504   -0.547973 0.000194549
22   -0.547827   -0.547966 0.000185613
23   -0.547842   -0.547961 0.000177442
24   -0.547718    -0.54795 0.000170187
25   -0.548666   -0.547979 0.000165725
26   -0.548437   -0.547997 0.000160194
27    -0.54852   -0.548016 0.000155361
28   -0.548184   -0.548022 0.000149829
29   -0.546976   -0.547986 0.000149002
30   -0.545438   -0.547901 0.000167131
31   -0.547926   -0.547902 0.000161652
32   -0.548174    -0.54791 0.000156751
33   -0.548118   -0.547917 0.000152057
34   -0.548106   -0.547922 0.000147622
35   -0.549173   -0.547958 0.000147728
36   -0.547509   -0.547946 0.000144107
37    -0.54761   -0.547936 0.000140452
38   -0.548555   -0.547953 0.000137672
39   -0.549357   -0.547989 0.000138844
40    -0.54937   -0.548023 0.000139663
41    -0.54801   -0.548023 0.000136214
42   -0.548077   -0.548024 0.000132937
43   -0.547722   -0.548017     0.00013
44    -0.54828   -0.548023 0.000127151
45   -0.548171   -0.548026 0.000124337
46   -0.547614   -0.548017 0.000121933
47   -0.548491   -0.548028 0.000119736
48   -0.547405   -0.548015 0.000117931
49   -0.547962   -0.548013 0.000115504
50   -0.547294   -0.547999  0.00011408
51   -0.546973   -0.547979 0.000113617
52    -0.54731   -0.547966 0.000112151
53    -0.54827   -0.547972 0.000110164
54   -0.549912   -0.548008 0.000113919
55   -0.547691   -0.548002 0.000111976
56   -0.547563   -0.547994 0.000110237
57   -0.547746    -0.54799 0.000108374
58   -0.548581      -0.548 0.000106975
59    -0.54953   -0.548026 0.000108295
60    -0.54831   -0.548031 0.000106581
61   -0.548691   -0.548042 0.000105377
62   -0.547658   -0.548035 0.000103848
63   -0.547918   -0.548033 0.000102203
64   -0.547344   -0.548023 0.000101169
65   -0.546781   -0.548004 0.000101416
66   -0.549235   -0.548022 0.000101596
67   -0.547725   -0.548018 0.000100167
68   -0.546914   -0.548002  0.00010001
69    -0.54872   -0.548012 9.90982e-05
70   -0.546536   -0.547991 9.99223e-05
71   -0.547722   -0.547987 9.85779e-05
72   -0.547755   -0.547984 9.72525e-05
73    -0.54815   -0.547986 9.59381e-05
74   -0.547253   -0.547976 9.51503e-05
75   -0.546931   -0.547962 9.49016e-05
76   -0.547022    -0.54795 9.44577e-05
77   -0.549822   -0.547974 9.63424e-05
78   -0.548234   -0.547978 9.51573e-05
79    -0.54685   -0.547963 9.50239e-05
80   -0.548413   -0.547969 9.39967e-05
81   -0.548485   -0.547975 9.30472e-05
82   -0.547032   -0.547964 9.26226e-05
83   -0.548242   -0.547967 9.15611e-05
84   -0.546978   -0.547955 9.12283e-05
85   -0.548038   -0.547956 9.01539e-05
86   -0.548411   -0.547962 8.92563e-05
87   -0.546568   -0.547946 8.96668e-05
88   -0.548126   -0.547948 8.86659e-05
89    -0.54751   -0.547943 8.78015e-05
90   -0.547568   -0.547939 8.69203e-05
91   -0.547312   -0.547932 8.62351e-05
92   -0.549334   -0.547947 8.66446e-05
93   -0.548798   -0.547956 8.61955e-05
94   -0.548174   -0.547958 8.53052e-05
95   -0.547786   -0.547957 8.44221e-05
96   -0.548963   -0.547967 8.41935e-05
97   -0.547971   -0.547967  8.3321e-05
98   -0.548754   -0.547975  8.2856e-05
99   -0.547613   -0.547972 8.20964e-05
100   -0.548083   -0.547973  8.1279e-05
101   -0.547624   -0.547969 8.05442e-05
102   -0.547925   -0.547969 7.97519e-05
103   -0.548741   -0.547976 7.93287e-05
104   -0.547253   -0.547969 7.88696e-05
105   -0.549662   -0.547985 7.97618e-05
106   -0.546922   -0.547975 7.96406e-05
107   -0.548907   -0.547984  7.9372e-05
108   -0.547171   -0.547977  7.8993e-05
109   -0.547819   -0.547975 7.82783e-05
110   -0.549342   -0.547988 7.85531e-05
111   -0.547507   -0.547983 7.79623e-05
112    -0.54807   -0.547984  7.7267e-05
113    -0.54812   -0.547985 7.65897e-05
114   -0.547886   -0.547984 7.59198e-05
115   -0.548174   -0.547986 7.52749e-05
116   -0.547264    -0.54798 7.48822e-05
117   -0.548674   -0.547986 7.44759e-05
118   -0.547573   -0.547982 7.39249e-05
119   -0.547403   -0.547977 7.34624e-05
120   -0.548488   -0.547982 7.29718e-05
121   -0.548189   -0.547983 7.23865e-05
122   -0.549648   -0.547997  7.3076e-05
123   -0.549253   -0.548007 7.31951e-05
124   -0.547621   -0.548004 7.26692e-05
125   -0.548656   -0.548009  7.2274e-05
126    -0.54825   -0.548011 7.17234e-05
127   -0.547941   -0.548011 7.11586e-05
128   -0.547134   -0.548004 7.09316e-05
129   -0.547856   -0.548003 7.03889e-05
130   -0.548683   -0.548008 7.00413e-05
131   -0.547286   -0.548002 6.97224e-05
132   -0.547715      -0.548 6.92264e-05
133   -0.549403   -0.548011 6.95091e-05
134   -0.549626   -0.548023 7.00331e-05
135   -0.548155   -0.548024 6.95193e-05
136   -0.546667   -0.548014 6.97234e-05
137   -0.548589   -0.548018 6.93398e-05
138   -0.547338   -0.548013 6.90118e-05
139    -0.54859   -0.548017 6.86393e-05
140   -0.546782   -0.548008 6.87156e-05
141   -0.548232    -0.54801  6.8245e-05
142   -0.547154   -0.548004 6.80305e-05
143   -0.547458      -0.548  6.7661e-05
144   -0.548878   -0.548006 6.74658e-05
145   -0.547882   -0.548005 6.70044e-05
146   -0.547517   -0.548002  6.6628e-05
147   -0.548518   -0.548006 6.62664e-05
148   -0.548477   -0.548009 6.58941e-05
149   -0.548106   -0.548009 6.54536e-05
150   -0.547853   -0.548008 6.50241e-05
151   -0.548475   -0.548011  6.4666e-05
152   -0.548214   -0.548013 6.42531e-05
153   -0.547619    -0.54801 6.38835e-05
154   -0.547397   -0.548006 6.35922e-05
155   -0.547211   -0.548001 6.33884e-05
156   -0.548712   -0.548006 6.31455e-05
157   -0.545979   -0.547993 6.40558e-05
158   -0.547542    -0.54799 6.37129e-05
159   -0.549206   -0.547997 6.37716e-05
160   -0.547899   -0.547997 6.33747e-05
161   -0.548638   -0.548001 6.31058e-05
162   -0.548322   -0.548003 6.27463e-05
163   -0.547238   -0.547998 6.25362e-05
164   -0.548118   -0.547999 6.21581e-05
165   -0.548293   -0.548001 6.18059e-05
166   -0.547678   -0.547999 6.14631e-05
167   -0.547682   -0.547997 6.11234e-05
168   -0.550797   -0.548013 6.30029e-05
169   -0.548936   -0.548019 6.28665e-05
170   -0.548382   -0.548021 6.25321e-05
171    -0.54748   -0.548018 6.22458e-05
172   -0.548243   -0.548019 6.18967e-05
173   -0.547552   -0.548017 6.15972e-05
174   -0.548746   -0.548021 6.13853e-05
175   -0.547086   -0.548015 6.12666e-05
176   -0.549098   -0.548022  6.1227e-05
177   -0.549098   -0.548028 6.11829e-05
178   -0.546464   -0.548019 6.14691e-05
179   -0.547814   -0.548018 6.11354e-05
180    -0.54801   -0.548018 6.07949e-05
181   -0.547974   -0.548017 6.04585e-05
182   -0.547282   -0.548013 6.02612e-05
183   -0.547829   -0.548012 5.99395e-05
184   -0.547602    -0.54801 5.96546e-05
185   -0.548522   -0.548013 5.93957e-05
186   -0.547765   -0.548012 5.90905e-05
187   -0.548603   -0.548015 5.88588e-05
188   -0.548653   -0.548018 5.86432e-05
189   -0.548378    -0.54802 5.83631e-05
190   -0.548659   -0.548023 5.81525e-05
191   -0.547899   -0.548023 5.78509e-05
192   -0.548462   -0.548025 5.75943e-05
193   -0.549013    -0.54803 5.75232e-05
194   -0.546997   -0.548025 5.74733e-05
195   -0.548294   -0.548026 5.71945e-05
196   -0.547979   -0.548026 5.69025e-05
197   -0.547942   -0.548026 5.66145e-05
198   -0.550058   -0.548036 5.72552e-05
199   -0.547779   -0.548035 5.69813e-05
200    -0.54624   -0.548026 5.74013e-05
1   -0.546723   -0.546723           0
2   -0.549357    -0.54804   0.0013168
3   -0.548358   -0.548146 0.000767627
4   -0.547054   -0.547873 0.000607551
5   -0.548336   -0.547966 0.000479623
6   -0.547323   -0.547859  0.00040599
7   -0.548474   -0.547947 0.000354191
8   -0.546693    -0.54779 0.000344453
9   -0.549675   -0.547999 0.000369009
10   -0.548125   -0.548012  0.00033029
11   -0.548862   -0.548089 0.000308603
12   -0.547118   -0.548008 0.000293099
13   -0.547987   -0.548007 0.000269617
14    -0.54661   -0.547907 0.000268824
15   -0.547475   -0.547878 0.000251911
16   -0.548205   -0.547899 0.000236524
17   -0.546251   -0.547802 0.000242387
18   -0.548195   -0.547823 0.000229569
19   -0.548938   -0.547882 0.000224928
20   -0.547696   -0.547873 0.000213589
21   -0.548658    -0.54791 0.000206572
22   -0.547422   -0.547888 0.000198203
23   -0.547805   -0.547884 0.000189424
24   -0.547566   -0.547871 0.000181843
25   -0.549368   -0.547931 0.000184408
26   -0.548558   -0.547955 0.000178809
27   -0.548605   -0.547979 0.000173734
28   -0.548672   -0.548004 0.000169232
29   -0.546933   -0.547967 0.000167418
30   -0.545734   -0.547893 0.000178041
31    -0.54831   -0.547906 0.000172728
32   -0.548413   -0.547922 0.000167992
33   -0.547107   -0.547897 0.000164682
34   -0.547469   -0.547885 0.000160262
35   -0.549245   -0.547923 0.000160395
36   -0.547622   -0.547915   0.0001561
37   -0.547798   -0.547912 0.000151855
38   -0.548517   -0.547928 0.000148659
39   -0.548672   -0.547947 0.000146049
40   -0.549296   -0.547981 0.000146292
41    -0.54779   -0.547976 0.000142754
42   -0.547731    -0.54797 0.000139436
43   -0.546957   -0.547947 0.000138179
44   -0.547707   -0.547941 0.000135112
45   -0.548048   -0.547944 0.000132097
46   -0.548125   -0.547948 0.000129253
47    -0.54803   -0.547949 0.000126486
48   -0.547445   -0.547939 0.000124268
49   -0.548056   -0.547941 0.000121729
50    -0.54716   -0.547926 0.000120288
51   -0.546419   -0.547896 0.000121549
52   -0.547291   -0.547884 0.000119755
53   -0.548614   -0.547898 0.000118278
54   -0.550005   -0.547937 0.000122448
55   -0.547384   -0.547927 0.000120621
56   -0.548086    -0.54793 0.000118482
57   -0.548147   -0.547934 0.000116447
58   -0.549275   -0.547957 0.000116736
59   -0.549651   -0.547986 0.000118279
60   -0.548451   -0.547993  0.00011655
61   -0.549248   -0.548014 0.000116454
62   -0.547674   -0.548008 0.000114692
63    -0.54748      -0.548 0.000113168
64   -0.546976   -0.547984 0.000112529
65    -0.54692   -0.547968 0.000111987
66   -0.548757    -0.54798 0.000110924
67   -0.547222   -0.547968 0.000109839
68   -0.546573   -0.547948  0.00011014
69   -0.548592   -0.547957 0.000108933
70   -0.546246   -0.547933 0.000110112
71   -0.547768    -0.54793 0.000108575
72   -0.547584   -0.547926 0.000107164
73   -0.547643   -0.547922 0.000105757
74    -0.54751   -0.547916 0.000104466
75   -0.546984   -0.547904  0.00010381
76   -0.546894    -0.54789 0.000103293
77   -0.549245   -0.547908 0.000103449
78   -0.547674   -0.547905 0.000102158
79   -0.546624   -0.547889 0.000102152
80   -0.547994    -0.54789 0.000100875
81   -0.547397   -0.547884  9.9808e-05
82   -0.546885   -0.547872 9.93336e-05
83   -0.548227   -0.547876 9.82229e-05
84    -0.54727   -0.547869 9.73141e-05
85   -0.548368   -0.547875 9.63415e-05
86   -0.548461   -0.547882 9.54581e-05
87   -0.546629   -0.547867  9.5447e-05
88   -0.548816   -0.547878 9.49702e-05
89   -0.548054    -0.54788  9.3918e-05
90   -0.547477   -0.547875 9.29766e-05
91   -0.547746   -0.547874 9.19602e-05
92    -0.54863   -0.547882  9.1326e-05
93    -0.54871   -0.547891 9.07764e-05
94   -0.548248   -0.547895 8.98857e-05
95   -0.547501   -0.547891 8.90312e-05
96   -0.548603   -0.547898 8.84109e-05
97   -0.547502   -0.547894 8.75898e-05
98   -0.548712   -0.547903 8.70922e-05
99   -0.548424   -0.547908 8.63688e-05
100    -0.54772   -0.547906 8.55213e-05
101   -0.546963   -0.547897 8.51833e-05
102   -0.548467   -0.547902 8.45293e-05
103   -0.548891   -0.547912 8.42536e-05
104   -0.546093   -0.547894 8.52529e-05
105    -0.55011   -0.547915 8.70349e-05
106   -0.547219   -0.547909 8.64598e-05
107    -0.54867   -0.547916 8.59431e-05
108   -0.547088   -0.547908 8.54881e-05
109   -0.547653   -0.547906 8.47326e-05
110   -0.549467    -0.54792   8.515e-05
111   -0.547581   -0.547917 8.44348e-05
112   -0.548101   -0.547919 8.36936e-05
113   -0.547898   -0.547919 8.29498e-05
114   -0.547509   -0.547915 8.22975e-05
115   -0.548584   -0.547921 8.17859e-05
116   -0.547498   -0.547917 8.11598e-05
117   -0.548389   -0.547921 8.05641e-05
118    -0.54735   -0.547916 8.00247e-05
119   -0.547602   -0.547914 7.93934e-05
120   -0.548371   -0.547917 7.88213e-05
121   -0.548898   -0.547926 7.85858e-05
122   -0.549056   -0.547935 7.84879e-05
123   -0.549219   -0.547945 7.85443e-05
124    -0.54805   -0.547946 7.79129e-05
125   -0.548714   -0.547952 7.75306e-05
126   -0.548158   -0.547954 7.69302e-05
127   -0.547995   -0.547954 7.63227e-05
128   -0.546912   -0.547946 7.61606e-05
129   -0.547387   -0.547942  7.5692e-05
130   -0.548974    -0.54795 7.55264e-05
131   -0.546902   -0.547942 7.53728e-05
132   -0.548139   -0.547943 7.48146e-05
133   -0.549016   -0.547951 7.46868e-05
134    -0.54919    -0.54796 7.47019e-05
135   -0.548091   -0.547961 7.41528e-05
136   -0.546974   -0.547954 7.39625e-05
137   -0.548142   -0.547956 7.34335e-05
138   -0.547792   -0.547954 7.29091e-05
139   -0.548766    -0.54796  7.2618e-05
140   -0.546987   -0.547953 7.24317e-05
141   -0.548717   -0.547959 7.21197e-05
142   -0.547054   -0.547952 7.18927e-05
143   -0.547642    -0.54795 7.14212e-05
144   -0.548818   -0.547956 7.11788e-05
145   -0.547662   -0.547954 7.07153e-05
146   -0.547909   -0.547954 7.02299e-05
147   -0.548419   -0.547957 6.98224e-05
148   -0.548142   -0.547958 6.93603e-05
149   -0.548437   -0.547961  6.8968e-05
150   -0.548533   -0.547965 6.86125e-05
151    -0.54817   -0.547967   6.817e-05
152   -0.547565   -0.547964 6.77716e-05
153   -0.547237   -0.547959 6.74948e-05
154   -0.547933   -0.547959 6.70553e-05
155   -0.548027    -0.54796 6.66227e-05
156   -0.548368   -0.547962 6.62461e-05
157   -0.545962   -0.547949 6.70448e-05
158   -0.547182   -0.547945 6.67957e-05
159   -0.548886    -0.54795 6.66381e-05
160    -0.54776   -0.547949  6.6231e-05
161   -0.548258   -0.547951 6.58462e-05
162   -0.548157   -0.547952 6.54508e-05
163   -0.546749   -0.547945 6.54658e-05
164   -0.547795   -0.547944 6.50718e-05
165   -0.547446   -0.547941 6.47465e-05
166   -0.548123   -0.547942 6.43647e-05
167   -0.547706   -0.547941 6.39938e-05
168   -0.550701   -0.547957 6.56989e-05
169   -0.548386    -0.54796 6.53582e-05
170   -0.547582   -0.547958 6.50105e-05
171   -0.548042   -0.547958  6.4631e-05
172   -0.548635   -0.547962 6.43747e-05
173   -0.548077   -0.547963 6.40049e-05
174   -0.548539   -0.547966 6.37222e-05
175   -0.546776   -0.547959 6.37209e-05
176   -0.547939   -0.547959 6.33579e-05
177   -0.549549   -0.547968  6.3636e-05
178   -0.546811   -0.547962 6.36103e-05
179   -0.547962   -0.547962  6.3254e-05
180   -0.548152   -0.547963 6.29105e-05
181   -0.547675   -0.547961 6.25821e-05
182   -0.547482   -0.547958  6.2293e-05
183   -0.548371   -0.547961 6.19927e-05
184   -0.547544   -0.547958 6.16965e-05
185   -0.548739   -0.547963  6.1507e-05
186   -0.547606   -0.547961 6.12054e-05
187    -0.54893   -0.547966 6.10974e-05
188   -0.548077   -0.547966 6.07744e-05
189   -0.548998   -0.547972  6.0698e-05
190   -0.548701   -0.547976 6.04995e-05
191   -0.547851   -0.547975 6.01854e-05
192   -0.548573   -0.547978  5.9952e-05
193   -0.549456   -0.547986 6.01301e-05
194   -0.546944    -0.54798 6.00599e-05
195   -0.548134   -0.547981 5.97564e-05
196    -0.54772    -0.54798 5.94656e-05
197   -0.548698   -0.547984 5.92751e-05
198   -0.550058   -0.547994  5.9898e-05
199   -0.547472   -0.547991 5.96539e-05
200   -0.546413   -0.547984 5.98774e-05
