1   -0.546906   -0.546906           0
2   -0.549402   -0.548154    0.001248
3    -0.54739   -0.547899 0.000764125
4   -0.546392   -0.547522 0.000658728
5   -0.548317   -0.547681 0.000534412
6   -0.547611    -0.54767 0.000436502
7   -0.547525   -0.547649 0.000369491
8   -0.548262   -0.547726 0.000329049
9    -0.54911   -0.547879 0.000328462
10   -0.547781    -0.54787 0.000293951
11   -0.546066   -0.547706 0.000312399
12   -0.547422   -0.547682 0.000286154
13    -0.54821   -0.547723 0.000266334
14   -0.547528   -0.547709 0.000246969
15   -0.548317   -0.547749 0.000233463
16   -0.547584   -0.547739 0.000218628
17    -0.54924   -0.547827 0.000223544
18   -0.547514    -0.54781 0.000211478
19   -0.547274   -0.547782 0.000202019
20   -0.548357    -0.54781 0.000193798
21   -0.549514   -0.547891 0.000201394
22   -0.548346   -0.547912 0.000193128
23   -0.547019   -0.547873 0.000188579
24   -0.547483   -0.547857 0.000181281
25   -0.548587   -0.547886 0.000176314
26   -0.547518   -0.547872 0.000169987
27   -0.548098    -0.54788 0.000163783
28   -0.548314   -0.547896 0.000158582
29   -0.548011     -0.5479 0.000153068
30   -0.546843   -0.547865 0.000152014
31   -0.548152   -0.547874 0.000147321
32   -0.548242   -0.547885 0.000143105
33    -0.54856   -0.547906 0.000140199
34   -0.548501   -0.547923 0.000137134
35   -0.547957   -0.547924 0.000133162
36    -0.54789   -0.547923 0.000129413
37   -0.548406   -0.547936 0.000126542
38   -0.547747   -0.547931 0.000123268
39   -0.548366   -0.547943 0.000120583
40   -0.548406   -0.547954   0.0001181
41   -0.546762   -0.547925 0.000118799
42    -0.54776   -0.547921 0.000116003
43   -0.546885   -0.547897 0.000115809
44   -0.549182   -0.547926 0.000116856
45   -0.547525   -0.547917 0.000114578
46   -0.547166   -0.547901 0.000113242
47   -0.548685   -0.547918 0.000112054
48   -0.549446    -0.54795 0.000114225
49   -0.546736   -0.547925 0.000114578
50   -0.547634   -0.547919 0.000112414
51   -0.547582   -0.547912 0.000110385
52   -0.547083   -0.547896  0.00010941
53   -0.546082   -0.547862 0.000112656
54   -0.548642   -0.547877 0.000111488
55   -0.546523   -0.547852 0.000112174
56   -0.546934   -0.547836 0.000111365
57   -0.548123   -0.547841  0.00010951
58   -0.548624   -0.547854  0.00010845
59   -0.546934   -0.547839  0.00010773
60   -0.548598   -0.547851 0.000106673
61    -0.54903   -0.547871 0.000106676
62   -0.548486    -0.54788  0.00010541
63    -0.54799   -0.547882 0.000103738
64    -0.54787   -0.547882 0.000102105
65   -0.547032   -0.547869 0.000101369
66   -0.547461   -0.547863 0.000100013
67   -0.547909   -0.547863 9.85109e-05
68   -0.547635    -0.54786 9.71094e-05
69   -0.548331   -0.547867 9.59349e-05
70   -0.546794   -0.547852 9.57897e-05
71   -0.548526   -0.547861  9.4908e-05
72   -0.547682   -0.547859 9.36137e-05
73    -0.54703   -0.547847  9.3017e-05
74    -0.54921   -0.547866 9.35801e-05
75   -0.547986   -0.547867 9.23378e-05
76    -0.54793   -0.547868 9.11184e-05
77   -0.548434   -0.547875 9.02266e-05
78   -0.547651   -0.547873 8.91088e-05
79   -0.547059   -0.547862  8.8574e-05
80   -0.547794   -0.547861  8.7464e-05
81   -0.548184   -0.547865 8.64692e-05
82   -0.547883   -0.547866 8.54085e-05
83   -0.547957   -0.547867 8.43804e-05
84   -0.548832   -0.547878  8.4158e-05
85   -0.547678   -0.547876 8.31953e-05
86   -0.548146   -0.547879  8.2282e-05
87   -0.547512   -0.547875   8.144e-05
88   -0.548309    -0.54788 8.06602e-05
89    -0.54773   -0.547878 7.97666e-05
90   -0.545486   -0.547851 8.32314e-05
91   -0.548067   -0.547854 8.23459e-05
92   -0.547046   -0.547845 8.19174e-05
93   -0.546336   -0.547829 8.26404e-05
94    -0.54865   -0.547838 8.22215e-05
95   -0.547613   -0.547835 8.13858e-05
96   -0.547555   -0.547832 8.05863e-05
97   -0.546928   -0.547823 8.02942e-05
98   -0.548464   -0.547829 7.97394e-05
99   -0.548115   -0.547832 7.89826e-05
100   -0.548182   -0.547836 7.82671e-05
101   -0.548891   -0.547846 7.81896e-05
102   -0.547462   -0.547843 7.75107e-05
103    -0.54988   -0.547862 7.92625e-05
104   -0.548339   -0.547867 7.86304e-05
105   -0.549117   -0.547879 7.87824e-05
106   -0.547238   -0.547873 7.82692e-05
107    -0.54827   -0.547877 7.76233e-05
108   -0.546099    -0.54786 7.86423e-05
109   -0.547805    -0.54786 7.79191e-05
110   -0.547843   -0.547859 7.72076e-05
111   -0.548222   -0.547863 7.65788e-05
112   -0.547714   -0.547861 7.59036e-05
113   -0.546245   -0.547847  7.6577e-05
114   -0.545614   -0.547827 7.83882e-05
115   -0.548318   -0.547832 7.78208e-05
116   -0.547541   -0.547829 7.71877e-05
117   -0.547114   -0.547823 7.67692e-05
118   -0.547667   -0.547822 7.61273e-05
119    -0.54769   -0.547821  7.5493e-05
120   -0.548155   -0.547823 7.49132e-05
121   -0.547605   -0.547822 7.43134e-05
122   -0.547125   -0.547816 7.39228e-05
123    -0.55009   -0.547834 7.56137e-05
124   -0.548522    -0.54784 7.52059e-05
125   -0.548307   -0.547844 7.46954e-05
126   -0.547784   -0.547843 7.41017e-05
127   -0.547427    -0.54784 7.35889e-05
128   -0.548562   -0.547846  7.3229e-05
129   -0.547389   -0.547842 7.27454e-05
130   -0.547645   -0.547841 7.21996e-05
131   -0.547982   -0.547842 7.16545e-05
132   -0.546874   -0.547834 7.14867e-05
133   -0.545707   -0.547818 7.27274e-05
134   -0.547698   -0.547817 7.21883e-05
135   -0.548413   -0.547822 7.17872e-05
136   -0.547832   -0.547822 7.12574e-05
137   -0.548158   -0.547824  7.0778e-05
138   -0.548019   -0.547826 7.02774e-05
139   -0.547626   -0.547824 6.97849e-05
140   -0.548618    -0.54783 6.95159e-05
141   -0.547184   -0.547825  6.9173e-05
142   -0.548123   -0.547827 6.87162e-05
143   -0.548472   -0.547832 6.83827e-05
144   -0.549194   -0.547841 6.85613e-05
145   -0.547901   -0.547842 6.80881e-05
146   -0.548256   -0.547845 6.76796e-05
147   -0.547056   -0.547839 6.74314e-05
148   -0.548392   -0.547843 6.70782e-05
149   -0.548814    -0.54785 6.69447e-05
150    -0.54825   -0.547852 6.65504e-05
151    -0.54769   -0.547851 6.61169e-05
152   -0.548782   -0.547857 6.59656e-05
153   -0.546853   -0.547851 6.58611e-05
154   -0.550442   -0.547868 6.75603e-05
155    -0.54677    -0.54786 6.74957e-05
156    -0.54788   -0.547861 6.70618e-05
157    -0.54727   -0.547857 6.67392e-05
158    -0.54847   -0.547861 6.64291e-05
159   -0.546534   -0.547852 6.65349e-05
160   -0.547562   -0.547851 6.61428e-05
161   -0.546733   -0.547844 6.60963e-05
162   -0.549045   -0.547851 6.61042e-05
163   -0.547314   -0.547848 6.57801e-05
164   -0.549382   -0.547857  6.6044e-05
165   -0.547878   -0.547857 6.56427e-05
166   -0.545832   -0.547845 6.63769e-05
167   -0.548293   -0.547848 6.60327e-05
168   -0.549432   -0.547857 6.63124e-05
169   -0.549669   -0.547868 6.67848e-05
170   -0.547925   -0.547868 6.63917e-05
171   -0.548899   -0.547874 6.62771e-05
172   -0.547418   -0.547872 6.59441e-05
173   -0.546962   -0.547866 6.57725e-05
174   -0.547683   -0.547865 6.54018e-05
175   -0.547288   -0.547862 6.51106e-05
176   -0.548317   -0.547865 6.47912e-05
177   -0.549085   -0.547871 6.47919e-05
178   -0.546862   -0.547866 6.46758e-05
179   -0.547606   -0.547864 6.43298e-05
180   -0.547384   -0.547862  6.4027e-05
181    -0.54801   -0.547862 6.36776e-05
182   -0.548632   -0.547867 6.34677e-05
183   -0.548893   -0.547872 6.33685e-05
184    -0.54869   -0.547877 6.31795e-05
185    -0.54859   -0.547881 6.29554e-05
186   -0.547858    -0.54788 6.26161e-05
187   -0.548786   -0.547885 6.24682e-05
188   -0.548576   -0.547889 6.22435e-05
189   -0.548168    -0.54789 6.19309e-05
190   -0.548962   -0.547896 6.18615e-05
191   -0.548101   -0.547897 6.15461e-05
192   -0.547907   -0.547897 6.12248e-05
193   -0.547022   -0.547893 6.10751e-05
194   -0.546336   -0.547885 6.12871e-05
195   -0.545859   -0.547874 6.18504e-05
196   -0.548358   -0.547877 6.15836e-05
197   -0.547094   -0.547873 6.13987e-05
198   -0.548408   -0.547875 6.11476e-05
199   -0.547853   -0.547875 6.08397e-05
200   -0.547342   -0.547873 6.05933e-05
1   -0.546757   -0.546757           0
2   -0.549002   -0.547879   0.0011224
3   -0.547749   -0.547836 0.000649474
4   -0.546776   -0.547571 0.000530187
5   -0.548286   -0.547714 0.000434905
6   -0.547016   -0.547598 0.000373664
7   -0.547635   -0.547603  0.00031585
8   -0.547794   -0.547627  0.00027457
9   -0.549336   -0.547817 0.000307737
10   -0.547797   -0.547815 0.000275255
11   -0.545466   -0.547601 0.000328019
12   -0.548107   -0.547643 0.000302393
13   -0.548165   -0.547683 0.000281039
14    -0.54719   -0.547648 0.000262564
15   -0.547712   -0.547652 0.000244471
16   -0.547922   -0.547669 0.000229299
17   -0.549128   -0.547755 0.000231851
18   -0.547746   -0.547755 0.000218592
19   -0.547032   -0.547717 0.000210236
20   -0.548507   -0.547756 0.000203328
21   -0.549603   -0.547844 0.000212465
22   -0.547918   -0.547847 0.000202606
23   -0.547333   -0.547825 0.000194885
24    -0.54764   -0.547817 0.000186747
25   -0.549146    -0.54787 0.000186836
26   -0.547939   -0.547873 0.000179525
27   -0.548645   -0.547902 0.000175097
28   -0.549019   -0.547942 0.000173383
29   -0.547216   -0.547917 0.000169159
30   -0.546498   -0.547869  0.00017013
31   -0.548258   -0.547882 0.000165027
32    -0.54892   -0.547914 0.000163047
33   -0.547778    -0.54791 0.000158083
34   -0.548707   -0.547934 0.000155144
35   -0.548506    -0.54795 0.000151531
36   -0.547741   -0.547944 0.000147376
37   -0.548435   -0.547957 0.000143951
38   -0.547958   -0.547957 0.000140111
39   -0.548075    -0.54796 0.000136505
40   -0.548918   -0.547984 0.000135187
41   -0.546598   -0.547951 0.000136113
42   -0.547382   -0.547937 0.000133519
43   -0.546419   -0.547902 0.000135071
44    -0.54835   -0.547912 0.000132359
45   -0.548102   -0.547916 0.000129454
46   -0.547402   -0.547905 0.000127101
47   -0.548978   -0.547928 0.000126444
48   -0.549371   -0.547958 0.000127382
49   -0.546741   -0.547933 0.000127204
50   -0.548325   -0.547941  0.00012488
51    -0.54743   -0.547931 0.000122815
52    -0.54679   -0.547909 0.000122411
53   -0.546544   -0.547883  0.00012281
54   -0.548347   -0.547892  0.00012082
55   -0.546491   -0.547866 0.000121306
56    -0.54701   -0.547851 0.000120098
57   -0.548002   -0.547854 0.000118002
58   -0.548742   -0.547869 0.000116958
59    -0.54663   -0.547848  0.00011686
60   -0.549085   -0.547869  0.00011673
61   -0.549082   -0.547888  0.00011651
62   -0.548461   -0.547898 0.000114987
63   -0.548146   -0.547902 0.000113215
64   -0.548443    -0.54791 0.000111753
65   -0.547078   -0.547897 0.000110762
66   -0.547573   -0.547892 0.000109181
67   -0.548067   -0.547895 0.000107571
68   -0.547843   -0.547894  0.00010598
69   -0.548594   -0.547904 0.000104924
70   -0.546826   -0.547889 0.000104556
71   -0.548594   -0.547899 0.000103549
72   -0.547654   -0.547895 0.000102157
73    -0.54765   -0.547892 0.000100805
74   -0.548581   -0.547901 9.98676e-05
75   -0.548046   -0.547903  9.8546e-05
76   -0.547979   -0.547904 9.72458e-05
77    -0.54833    -0.54791 9.61333e-05
78   -0.547795   -0.547908 9.49043e-05
79    -0.54725     -0.5479 9.40656e-05
80   -0.548291   -0.547905  9.3011e-05
81   -0.547304   -0.547898 9.21546e-05
82   -0.547989   -0.547899 9.10307e-05
83    -0.54739   -0.547893 9.01355e-05
84   -0.548592   -0.547901 8.94444e-05
85    -0.54696    -0.54789 8.90763e-05
86   -0.548403   -0.547896 8.82366e-05
87   -0.547606   -0.547892 8.72799e-05
88   -0.547285   -0.547886 8.65582e-05
89   -0.548294    -0.54789 8.57033e-05
90   -0.546182   -0.547871  8.6844e-05
91   -0.547699   -0.547869 8.59051e-05
92   -0.547584   -0.547866 8.50228e-05
93   -0.546549   -0.547852 8.52882e-05
94   -0.548434   -0.547858 8.46025e-05
95   -0.547125    -0.54785 8.40624e-05
96   -0.547186   -0.547844   8.347e-05
97   -0.546915   -0.547834 8.31575e-05
98   -0.547923   -0.547835 8.23097e-05
99   -0.548694   -0.547844 8.19353e-05
100   -0.547997   -0.547845 8.11263e-05
101    -0.54832    -0.54785 8.04566e-05
102   -0.547539   -0.547847  7.9722e-05
103   -0.549555   -0.547863  8.0668e-05
104   -0.548414   -0.547869 8.00641e-05
105   -0.549574   -0.547885 8.09449e-05
106   -0.547322    -0.54788 8.03535e-05
107   -0.547843   -0.547879 7.95997e-05
108   -0.546595   -0.547867 7.97504e-05
109   -0.548008   -0.547869 7.90259e-05
110   -0.547515   -0.547865 7.83701e-05
111   -0.548563   -0.547872 7.79148e-05
112   -0.547512   -0.547868 7.72828e-05
113   -0.546405   -0.547856 7.76833e-05
114   -0.545131   -0.547832 8.06221e-05
115   -0.548534   -0.547838 8.01513e-05
116   -0.547723   -0.547837 7.94635e-05
117   -0.546738   -0.547827 7.93395e-05
118   -0.548416   -0.547832 7.88223e-05
119   -0.547296   -0.547828  7.8287e-05
120   -0.547976   -0.547829 7.76416e-05
121   -0.547445   -0.547826 7.70628e-05
122   -0.546832   -0.547818 7.68615e-05
123   -0.549608   -0.547832  7.7611e-05
124   -0.548613   -0.547839 7.72395e-05
125   -0.548605   -0.547845 7.68638e-05
126   -0.547835   -0.547845 7.62514e-05
127   -0.547576   -0.547843 7.56782e-05
128   -0.548283   -0.547846 7.51635e-05
129   -0.547274   -0.547842 7.47104e-05
130   -0.547496   -0.547839 7.41812e-05
131   -0.547606   -0.547837 7.36341e-05
132   -0.546717   -0.547829 7.35654e-05
133   -0.545706   -0.547813 7.47348e-05
134   -0.546826   -0.547805 7.45398e-05
135   -0.547966   -0.547806 7.39952e-05
136   -0.547562   -0.547805 7.34712e-05
137   -0.548088   -0.547807 7.29623e-05
138   -0.548154   -0.547809 7.24752e-05
139   -0.548005   -0.547811 7.19657e-05
140   -0.548296   -0.547814 7.15338e-05
141   -0.547386   -0.547811 7.10897e-05
142   -0.547757   -0.547811 7.05883e-05
143    -0.54841   -0.547815  7.0218e-05
144   -0.549378   -0.547826  7.0568e-05
145   -0.547806   -0.547826 7.00798e-05
146   -0.548224   -0.547828 6.96516e-05
147   -0.547275   -0.547825 6.92784e-05
148   -0.548218   -0.547827   6.886e-05
149   -0.549008   -0.547835 6.88538e-05
150   -0.548216   -0.547838 6.84403e-05
151   -0.547418   -0.547835 6.80425e-05
152   -0.548338   -0.547838 6.76742e-05
153    -0.54661    -0.54783 6.77083e-05
154   -0.551082   -0.547851 7.05027e-05
155   -0.546872   -0.547845 7.03308e-05
156    -0.54755   -0.547843  6.9904e-05
157   -0.547091   -0.547838 6.96222e-05
158    -0.54799   -0.547839 6.91869e-05
159   -0.546269   -0.547829 6.94563e-05
160   -0.547302   -0.547826 6.90994e-05
161    -0.54703   -0.547821 6.88465e-05
162    -0.54876   -0.547827 6.86651e-05
163   -0.546502   -0.547819 6.87247e-05
164   -0.548834   -0.547825 6.85841e-05
165   -0.547101   -0.547821 6.83083e-05
166   -0.546192   -0.547811 6.86008e-05
167   -0.547838   -0.547811 6.81889e-05
168    -0.54899   -0.547818 6.81444e-05
169    -0.54917   -0.547826 6.82105e-05
170   -0.547538   -0.547824 6.78293e-05
171    -0.54888    -0.54783 6.77134e-05
172   -0.547645   -0.547829 6.73273e-05
173   -0.547018   -0.547825 6.71012e-05
174   -0.547251   -0.547821 6.67959e-05
175   -0.547283   -0.547818 6.64843e-05
176   -0.548042    -0.54782 6.61176e-05
177   -0.550104   -0.547833 6.69978e-05
178    -0.54741    -0.54783 6.66627e-05
179   -0.547301   -0.547827 6.63552e-05
180   -0.546709   -0.547821 6.62774e-05
181   -0.548138   -0.547823 6.59334e-05
182   -0.549166    -0.54783 6.59845e-05
183    -0.54911   -0.547837 6.59948e-05
184   -0.548909   -0.547843 6.58931e-05
185   -0.548773   -0.547848 6.57284e-05
186   -0.547282   -0.547845 6.54449e-05
187   -0.549077   -0.547851 6.54265e-05
188   -0.548458   -0.547855 6.51574e-05
189   -0.548328   -0.547857   6.486e-05
190   -0.548858   -0.547862 6.47323e-05
191   -0.548546   -0.547866 6.44917e-05
192   -0.547565   -0.547865 6.41741e-05
193    -0.54669   -0.547858 6.41303e-05
194   -0.546328   -0.547851 6.42848e-05
195   -0.546158   -0.547842 6.45403e-05
196   -0.548384   -0.547845 6.42697e-05
197   -0.547853   -0.547845 6.39426e-05
198   -0.548749   -0.547849 6.37825e-05
199   -0.547829   -0.547849 6.34613e-05
200   -0.546739   -0.547844 6.33866e-05
