0.5    -0.97435 0.000210163    0.325904  0.00170403     79.2532    0.211388
0.575   -0.945597 0.000204361    0.412926 0.000903568     51.4965    0.172163
0.65   -0.913867 0.000174339    0.429117  0.00100273     32.9005    0.124162
0.725   -0.881433 0.000121323    0.435859 0.000854314     21.7794   0.0679784
0.8   -0.848325 0.000109142    0.439889 0.000586923     15.2284   0.0426708
0.875   -0.815419 0.000101671    0.437486 0.000492453     11.2125    0.028027
0.95   -0.782815 9.13156e-05    0.428948 0.000435506     8.63681   0.0183944
1.025   -0.751195 8.70609e-05    0.414433 0.000339127     6.87071   0.0125387
1.1    -0.72074 7.96489e-05    0.396921 0.000277974     5.59875  0.00879154
1.175   -0.691728 7.05571e-05    0.378239 0.000247258     4.66816  0.00678154
1.25   -0.664088 6.96532e-05    0.357936 0.000216243     3.95799  0.00537162
1.325   -0.637962 6.72569e-05    0.337685 0.000199804     3.41192  0.00451739
1.4   -0.613411 6.43735e-05    0.318013 0.000187246     2.97802  0.00368417
1.475   -0.590226 6.34871e-05    0.299401 0.000176663      2.6288  0.00287166
1.55   -0.568444 6.03408e-05    0.281698 0.000149903     2.34477  0.00241316
1.625   -0.547984 5.98774e-05    0.264941 0.000138883     2.10678  0.00208356
1.7   -0.528657 6.29431e-05    0.249271 0.000119877     1.90621  0.00180766
1.775   -0.510475 6.15466e-05    0.234693 0.000124011     1.73711  0.00156415
1.85   -0.493406 5.85815e-05    0.220993 0.000118269     1.59269  0.00149325
1.925    -0.47732 5.86024e-05    0.208336 0.000110993     1.46791  0.00130057
