0.5   -0.974253  0.00015294    0.327659  0.00131792     79.1759    0.149092
0.575   -0.945541 0.000155556    0.413898 0.000757251     51.4321    0.127933
0.65   -0.913759  0.00013731    0.429405  0.00082745     32.7927   0.0913559
0.725   -0.881218 0.000109905    0.435668 0.000630079      21.681   0.0550249
0.8   -0.848308 9.26369e-05    0.440152 0.000509717      15.211   0.0319615
0.875   -0.815331 8.36326e-05    0.438082  0.00040313     11.2444   0.0215805
0.95   -0.782839  7.4833e-05    0.429158 0.000343741     8.64361   0.0154402
1.025   -0.751097 7.49971e-05    0.415052 0.000310504     6.85451   0.0104299
1.1   -0.720697 7.23562e-05    0.397556 0.000292648     5.60304  0.00785927
1.175   -0.691562 6.64262e-05    0.378307 0.000252114     4.67011  0.00563918
1.25   -0.664007 6.73359e-05    0.357968 0.000217607     3.96315  0.00409916
1.325   -0.637891 6.45381e-05    0.337963 0.000217628     3.40769  0.00394078
1.4   -0.613299 6.05936e-05    0.318404 0.000181094     2.98134  0.00283717
1.475   -0.590165 5.95692e-05    0.299453 0.000158582     2.62925  0.00265277
1.55   -0.568373 6.10357e-05    0.281631 0.000139404     2.34434  0.00196544
1.625   -0.547843 6.34077e-05    0.265007 0.000141764     2.10747  0.00186376
1.7   -0.528552 6.17307e-05    0.249209 0.000128833     1.90528  0.00136673
1.775   -0.510446 5.77541e-05    0.234752 0.000111966     1.73781  0.00147073
1.85   -0.493396 5.71543e-05    0.221025 9.83116e-05     1.59266  0.00111758
1.925   -0.477327 5.29905e-05    0.208304 9.82425e-05     1.46768  0.00109299
