           0     6.68172     9.66179
           1     6.68172     8.18244
           2     6.28342     7.22943
           3     5.92028     6.65269
           4     5.92028     6.28912
           5     5.66668     6.06734
           6     5.63496     5.84855
           7     5.37082     5.70085
           8     5.37082     5.56899
           9     5.11123     5.44833
          10     4.85536     5.28197
          11     4.85536     5.06917
          12     4.60336      4.9473
          13     4.60336     4.80146
          14     4.38792     4.67678
          15     4.05628     4.49967
          16     3.88282      4.2952
          17     3.69777     4.08091
          18     3.69777     3.89265
          19     3.58926     3.78011
          20     3.58045     3.68636
          21     3.29817     3.61231
          22     3.25894     3.48817
          23     3.25894      3.3837
          24     3.20486     3.29969
          25     3.12315     3.24795
          26     3.12315     3.20828
          27      3.0757     3.17049
          28     3.07525     3.12499
          29     3.07259     3.10849
          30      2.8345     3.06259
          31      2.8345     2.98363
          32     2.78394     2.90908
          33     2.78394     2.86716
          34     2.61929      2.8132
          35     2.61929     2.76099
          36     2.61929     2.69304
          37     2.41563     2.64852
          38     2.41563     2.57786
          39     2.41563     2.50256
          40     2.35054     2.47619
          41     2.35054      2.4424
          42     2.14152     2.38535
          43     1.92124     2.27293
          44     1.83557     2.11247
          45     1.83557     1.99158
          46     1.83557     1.90315
          47     1.83557     1.89404
          48     1.83557     1.86699
          49     1.83557     1.87978
          50     1.81963     1.86318
          51     1.78372     1.85935
          52     1.78372      1.8326
          53     1.77777     1.82508
          54     1.77777      1.8027
          55     1.77777     1.78871
          56     1.77777      1.8005
          57     1.77777     1.81832
          58     1.77777     1.80597
          59     1.74209     1.80421
          60     1.74209     1.78547
          61     1.74209     1.80601
          62     1.74209     1.80476
          63     1.72183     1.76177
          64     1.72183     1.75109
          65     1.72183     1.75679
          66     1.72183     1.75994
          67     1.72183     1.73838
          68     1.69529     1.73945
          69     1.69529     1.74431
          70     1.67256     1.73243
          71     1.67256     1.73033
          72     1.67256     1.71643
          73     1.67256     1.69737
          74     1.67256     1.69487
          75     1.65378     1.69328
          76     1.65378     1.69241
          77     1.65378     1.68795
          78     1.65378     1.68385
          79     1.65378     1.68189
          80     1.65378     1.69057
          81     1.65378     1.68186
          82     1.65378     1.69804
          83     1.65378     1.69011
          84     1.65378     1.67464
          85     1.65378     1.68996
          86     1.65378     1.69058
          87     1.65378     1.69449
          88     1.63037     1.69117
          89     1.63037     1.67387
          90     1.63037     1.66331
          91     1.62867     1.66744
          92     1.62867     1.66673
          93     1.62867     1.64548
          94     1.62867     1.66072
          95     1.62867     1.65654
          96     1.62867     1.66225
          97     1.62867     1.66119
          98     1.60839     1.64851
          99     1.60839     1.64074
         100     1.47792      1.6147
         101     1.47792     1.57365
         102     1.47792      1.5263
         103     1.47792     1.52076
         104     1.47792      1.5105
         105     1.47792     1.50467
         106      1.4688     1.50575
         107      1.4688     1.49101
         108      1.4688     1.49555
         109      1.4688     1.48636
         110      1.4688     1.49495
         111      1.4688     1.50774
         112      1.4688     1.49465
         113      1.4688     1.49569
         114      1.4688     1.48965
         115      1.4688     1.50281
         116      1.4688     1.50775
         117      1.4688     1.49898
         118      1.4688     1.48592
         119      1.4688     1.48672
         120      1.4688     1.49992
         121      1.4688     1.50628
         122      1.4688       1.506
         123      1.4688     1.52288
         124      1.4688     1.50514
         125      1.4688     1.49992
         126      1.4688     1.49948
         127      1.4688     1.50626
         128      1.4688     1.51204
         129      1.4688      1.5236
         130      1.4688     1.50247
         131      1.4688     1.49575
         132      1.4688     1.48361
         133      1.4688     1.49581
         134      1.4688     1.47975
         135      1.4688     1.48827
         136      1.4688     1.47655
         137      1.4688     1.48215
         138      1.4688     1.49313
         139      1.4688     1.50727
         140      1.4688     1.51429
         141      1.4688     1.50501
         142      1.4688     1.49998
         143     1.44254     1.49958
         144     1.44254     1.48365
         145     1.44254     1.46589
         146     1.44254     1.47042
         147     1.44254     1.48028
         148     1.44254     1.47274
         149     1.44254      1.4737
         150     1.42779     1.47675
         151     1.42779     1.46047
         152     1.42779      1.4655
         153     1.42779     1.45061
         154     1.42779     1.45998
         155     1.42779     1.45986
         156     1.42779     1.44388
         157     1.42779     1.44955
         158     1.42779     1.46154
         159     1.42371     1.44479
         160     1.42371     1.44305
         161     1.42371     1.44899
         162     1.42371     1.46243
         163     1.42371     1.45333
         164     1.42371     1.45375
         165     1.42371     1.45067
         166     1.42371     1.43612
         167     1.42371      1.4574
         168     1.42371     1.45783
         169     1.42371       1.453
         170     1.42371     1.44911
         171     1.42371     1.44918
         172     1.42371     1.46908
         173     1.42371     1.45299
         174     1.42371     1.45178
         175     1.42371     1.46352
         176     1.42371     1.45873
         177     1.42371     1.45018
         178     1.42371     1.46654
         179     1.42371     1.45305
         180     1.42371     1.44841
         181     1.42371     1.45418
         182     1.42371     1.45968
         183     1.42371     1.45214
         184     1.42371     1.47237
         185     1.42371     1.46014
         186     1.42371     1.44482
         187     1.42371     1.46062
         188     1.42371     1.45556
         189     1.42371     1.46361
         190     1.42371     1.44831
         191     1.42371     1.45292
         192     1.42371     1.45008
         193     1.42371     1.46157
         194     1.42371     1.43973
         195     1.42371     1.44655
         196     1.42371     1.45351
         197     1.42371     1.44234
         198     1.42371     1.45793
         199     1.42371     1.45394
