           0     11.4715
           1      8.7171
           2     10.4551
           3     6.24252
           4     5.20694
           5      5.6962
           6     4.83379
           7     4.82161
           8     2.81703
           9     3.42259
          10     2.66413
          11     3.49647
          12     2.18224
          13      2.3427
          14     2.13251
          15      1.6409
          16     2.02554
          17     2.48882
          18     2.19191
          19     1.91576
          20     2.01665
          21     1.37503
          22     1.56956
          23     1.74952
          24     1.50105
          25     1.45879
          26     1.24566
          27     1.84057
          28     1.40629
          29     1.27766
          30     1.63444
          31     1.61654
          32     1.30776
          33     1.37941
          34     1.45297
          35     1.31787
          36     1.61099
          37     1.40931
          38      1.2862
          39     1.29889
          40     1.35191
          41     1.34004
          42     1.25354
          43     1.21388
          44     1.16599
          45     1.30568
          46     1.23287
          47     1.31254
          48     1.45489
          49     1.17527
          50     1.13962
          51     1.14745
          52     1.19509
          53     1.18888
          54     1.36085
          55     1.19522
          56     1.18344
          57     1.08315
          58     1.10224
          59     1.22665
          60     1.10551
          61     1.07824
          62     1.18103
          63     1.14801
          64      1.1969
          65     1.26934
          66     1.12547
          67     1.08564
          68     1.07924
          69      1.1827
          70     1.16576
          71     1.12342
          72     1.21765
          73     1.11409
          74     1.23722
          75      1.2863
          76     1.28372
          77     1.15918
          78     1.30601
          79     1.27176
          80      1.2495
          81     1.25896
          82      1.2485
          83     1.28615
          84     1.31072
          85     1.29887
          86     1.08124
          87     1.07626
          88     1.09373
          89     1.26319
          90     1.30038
          91     1.27042
          92     1.24832
          93     1.25094
          94     1.24164
          95     1.25068
          96     1.27127
          97     1.29633
          98     1.33919
          99     1.25949
         100     1.24399
         101     1.27222
         102     1.27911
         103     1.32348
         104     1.28567
         105     1.28873
         106     1.27605
         107     1.31518
         108     1.26652
         109     1.28368
         110     1.26588
         111     1.28524
         112      1.2505
         113     1.26567
         114     1.27296
         115     1.24544
         116     1.24542
         117     1.25924
         118      1.3346
         119      1.2614
         120     1.30368
         121     1.32043
         122     1.25367
         123     1.26492
         124     1.27017
         125      1.2696
         126      1.2505
         127     1.25619
         128      1.2624
         129     1.24799
         130     1.25044
         131     1.30491
         132     1.28433
         133     1.24979
         134     1.24979
         135     1.24746
         136      1.2563
         137     1.28378
         138     1.24943
         139     1.25124
         140     1.25068
         141     1.25194
         142     1.26823
         143     1.25629
         144     1.25439
         145     1.25949
         146     1.25469
         147     1.24165
         148     1.30161
         149     1.30283
         150     1.32689
         151      1.3002
         152     1.30589
         153     1.30218
         154     1.30589
         155     1.32612
         156      1.3002
         157     1.29481
         158     1.29219
         159     1.32074
         160      1.2933
         161     1.29067
         162      1.2933
         163     1.29067
         164     1.29067
         165     1.29799
         166     1.29899
         167     1.27053
         168     1.24652
         169     1.24914
         170     1.24652
         171      1.2485
         172     1.07824
         173     1.07888
         174     1.08561
         175     1.08692
         176     1.08883
         177     1.07871
         178     1.08332
         179     1.07806
         180     1.08577
         181     1.08447
         182     1.08249
         183     1.10216
         184     1.07806
         185     1.08315
         186     1.08439
         187     1.07626
         188     1.07626
         189     1.08447
         190     1.11636
         191      1.1196
         192     1.12326
         193     1.12014
         194     1.12014
         195     1.12204
         196     1.15488
         197     1.11834
         198     1.14891
         199     1.11834
