1           1           1           1           1           1           1
           0     1.41421     1.41421     1.41421           2           0     1.41421
           1           1     1.73205     2.23607     2.23607           1     1.73205
     1.41421     1.41421     1.41421     3.16228     2.44949           2     2.44949
     1.73205     1.73205     2.23607     3.60555     2.23607     2.23607     2.23607
     2.44949     1.41421     1.41421     3.16228     2.44949           2     2.44949
     2.23607     2.23607     2.23607     3.31662     2.23607     2.23607     3.31662
     1.41421     1.41421     3.16228     3.16228     2.44949     3.16228     3.16228
     1.73205     1.73205           3     3.60555     2.23607     4.12311           3
     1.41421     2.44949     3.16228     3.16228     1.41421     5.09902     3.16228
     2.23607     2.23607     3.31662     3.31662     2.23607     6.08276     3.31662
           2     1.41421     3.16228     3.74166     3.16228     5.09902     3.16228
     2.23607           1     4.12311     3.60555     2.23607     5.19615     2.23607
           2     1.41421     3.16228     2.82843     1.41421     4.24264     3.16228
     2.23607     2.23607     3.31662     2.23607     1.73205     4.12311     4.12311
           2     3.16228     3.16228     1.41421     2.44949     4.47214     3.16228
     2.23607     3.31662     4.12311     1.73205     2.23607     5.38516     3.60555
     2.82843     3.16228     5.09902     2.44949           2     6.32456     4.24264
     2.23607     2.23607     6.08276     1.73205           1     7.28011           5
     2.44949     2.44949     6.16441     2.44949           0     7.34847     4.24264
     3.31662           3     7.14143           3           1     7.14143      4.3589
     4.24264     2.44949     8.12404      3.4641     1.41421     6.16441     4.69042
     4.12311     2.23607     8.30662           3           1     6.40312      4.3589
     4.47214           2     7.34847      3.4641     1.41421     6.63325     5.09902
     5.38516     2.23607     7.68115     4.12311     1.73205           7     5.38516
     5.09902     3.16228     8.60233     3.74166     1.41421     6.16441     4.69042
     5.19615     2.23607     9.53939           3     2.23607      6.7082     5.19615
     5.09902           2     10.4881     3.74166     3.16228     6.48074     5.83095
     5.19615     2.23607     10.8167      4.3589           3     5.91608     6.55744
     5.09902     2.82843     10.4881     5.09902     3.16228     5.09902     6.16441
     5.38516     3.60555     10.4403     4.58258           3     4.58258           7
     5.09902     3.16228     10.4881     4.47214     3.16228     4.89898     6.78233
     5.19615           3     11.4455     3.60555     3.60555     4.58258      6.7082
     5.09902           2     12.4097     3.74166     3.16228     5.47723     6.78233
           5           3     12.6886           3     2.23607     5.19615      6.7082
     5.09902     3.16228     12.6491     2.44949     2.44949     5.09902      7.2111
     6.08276     3.31662     11.7047     1.73205     1.73205     5.38516      6.7082
           6     3.74166      12.083     2.44949     2.44949     5.83095      7.2111
     6.08276     3.60555       12.53     3.31662           3     6.40312     7.81025
     5.09902     3.74166     11.6619     3.16228      3.4641     5.65685     7.87401
     6.08276     4.12311     10.8167     3.60555           3     5.74456     7.14143
     6.16441     3.74166     10.8628     3.16228     2.44949           6     6.48074
     5.19615     3.60555     10.0499     3.60555     3.31662     5.38516     5.91608
     5.09902     4.24264      10.198     2.82843     3.16228     6.16441     5.47723
     5.38516      4.3589     9.64365     3.60555     3.31662     5.74456     4.58258
     4.47214     3.74166     9.16515     3.74166     3.74166     6.16441     5.09902
     4.12311     3.60555           9     3.31662      4.3589     5.91608           5
     4.47214     3.16228     8.12404     2.44949     4.24264     5.09902     4.47214
     4.12311     2.23607     7.68115     2.23607           5     5.91608     4.12311
     4.24264     2.82843     7.34847           2     5.65685     5.47723     5.09902
     4.58258           3     7.68115     2.23607     5.74456     4.58258     5.19615
     3.74166     2.44949     8.60233     1.41421           6     4.47214     5.09902
     4.58258     2.23607     8.30662     1.73205     6.40312           5           5
     4.24264     2.44949     8.60233     1.41421     5.83095     4.24264           6
     4.12311     3.31662     9.53939     2.23607     6.40312           5     6.08276
     4.24264     4.24264     9.69536     1.41421     5.83095     4.47214     6.16441
     4.58258     3.31662     9.94987     1.73205     6.40312     4.58258     6.08276
     5.09902     3.16228     10.2956     1.41421           6     5.47723     6.16441
           5     3.31662     10.7238     2.23607     6.40312     6.40312     7.14143
     5.83095     3.16228     11.0454     2.44949     5.83095     6.32456     7.07107
      6.7082     4.12311     10.7238           3     6.40312     6.40312     8.06226
     6.78233     4.24264      11.225     3.74166           6     6.32456     7.07107
     7.68115     4.58258     11.7898     4.58258     5.38516      6.7082     8.06226
     6.78233     4.47214      11.225     4.24264     5.83095     6.78233     8.12404
      6.7082           5     11.7898     4.58258     5.38516     5.91608     8.30662
     7.61577     5.09902     11.5758     4.24264     4.69042     6.48074     8.12404
     7.68115      4.3589     12.2066     3.31662     5.19615     5.91608     7.14143
     7.61577     3.74166      12.083     4.24264     5.83095     6.78233     6.16441
       8.544     3.60555     12.0416     5.19615     5.38516     7.28011     6.40312
     9.48683     4.47214     12.8062     5.09902     4.69042      7.2111     5.47723
       8.544     4.12311     12.8452     4.12311      4.3589     6.40312     5.91608
     8.60233     3.16228     12.8062           4     5.09902      7.2111     5.83095
     8.77496     3.31662     13.6015     4.12311     4.58258      6.7082           5
     8.60233     3.16228     13.6382     4.47214     4.47214     6.78233     5.09902
     8.77496     4.12311     13.7477     4.12311     5.38516     7.28011     4.58258
     8.60233           4     14.3527     3.16228     5.47723     7.87401     4.89898
     7.68115           3     13.7477           3     5.19615     8.06226     5.38516
     6.78233     3.16228     13.9284           2     6.16441     8.83176     4.69042
     7.28011           3     13.1529           1     6.40312     9.11043     4.12311
     7.48331           4     13.9284           2     7.34847     9.89949     4.69042
     7.28011     4.12311     14.1774           3     7.28011     9.11043     5.19615
     7.87401     4.47214     14.9666     3.16228     7.34847     8.60233     5.83095
     8.06226     4.58258     15.5242     3.60555     7.68115     8.30662     6.55744
     8.83176     3.74166     14.9666     4.47214     7.34847     7.48331     5.83095
     8.06226     4.12311     14.7309     5.38516     7.28011      6.7082     5.38516
     7.34847     3.74166     14.5602     6.32456     6.32456     7.34847     6.16441
     8.06226      4.3589     14.4568     5.38516      6.7082     7.68115     5.74456
     7.48331     5.09902     14.4222     5.83095     6.78233     7.07107     5.47723
     7.28011           5     15.2643     5.91608     7.68115     7.81025     5.91608
     8.12404     5.09902     15.8114     5.09902     6.78233     8.24621     5.47723
     8.30662     5.38516     15.2643     4.58258     7.28011     7.54983     5.38516
     7.87401     4.89898     14.4222     4.24264     7.87401     8.12404     5.47723
     8.30662     4.58258     14.4568     5.19615     8.66025     7.54983     6.40312
     7.87401     5.09902     15.2971     5.47723     8.83176     8.12404     5.47723
     8.30662     5.38516     14.7986     5.19615     9.64365     8.77496     5.91608
     8.60233     5.09902     13.9284     5.47723     9.89949     9.48683     6.78233
           9     5.38516     14.0357     5.19615      10.247     8.77496     6.40312
     8.24621           6     14.8997     5.47723     11.0454     9.27362     7.34847
           9     5.38516     14.4568     5.91608      10.247     8.66025     6.40312
     8.60233     5.83095     13.5647     5.47723     9.89949     8.12404     6.16441
