0           0
0.959727    0.287709
1.27656    0.622218
1.5712    0.764321
1.81246    0.898314
2.00963     1.01205
2.19673     1.11575
2.3672     1.20434
2.52841     1.29099
2.67569     1.38744
2.83283     1.47083
2.97761      1.5508
3.10519     1.62169
3.22263     1.67809
3.34009     1.75298
3.45958     1.82133
3.56621     1.88679
3.67784     1.94748
3.79043     2.00429
3.88319      2.0632
3.99265     2.10711
4.09406     2.15601
4.19417     2.20232
4.28243     2.25006
4.37158     2.29787
4.45822     2.34667
4.55023     2.39837
4.63458     2.43755
4.72253     2.47909
4.81216      2.5324
4.88909     2.58325
4.96747     2.64137
5.04907     2.69276
5.13319     2.73406
5.21101     2.78503
5.28876     2.84158
5.38059     2.89011
5.44537     2.93088
5.5151     2.96487
5.58597     2.99623
5.65868     3.02695
5.74135     3.06563
5.8147     3.10198
5.87457     3.13417
5.93334     3.18261
5.99458     3.21707
6.0643     3.25754
6.13207     3.29818
6.20184      3.3249
6.26176     3.35377
6.33109     3.39424
6.38599     3.44401
6.4452      3.4781
6.50456     3.51029
6.56601     3.53618
6.627     3.55441
6.68492     3.58605
6.73849     3.62441
6.78383     3.65608
6.83139     3.66942
6.88455     3.70122
6.92723     3.72948
6.99698     3.75582
7.05063     3.79676
7.1032     3.82779
7.15701     3.85272
7.21018     3.87751
7.26231     3.90899
7.32812     3.94969
7.37987     3.96801
7.44384     3.99567
7.50168      4.0262
7.55127      4.0492
7.60109     4.06717
7.64349     4.08547
7.704     4.10858
7.75545     4.13659
7.7967     4.14771
7.84476     4.17013
7.88743     4.19007
7.93401      4.2108
7.98442     4.24081
8.03173     4.26341
8.07417     4.29463
8.12487     4.31325
8.17662     4.34213
8.21179     4.35762
8.25638      4.3854
8.29305      4.4134
8.34305     4.43668
8.38913     4.45711
8.43043     4.48347
8.46985     4.51068
8.51278     4.53048
8.55098     4.55365
8.60713     4.59962
8.66925     4.62069
8.71737     4.64496
8.76757     4.66668
8.81587     4.69881
8.86727     4.72657
