0           0
1              0
1.27848     0.00574971
1.63005     0.00534812
1.84821     0.00704574
2.09134     0.00718924
2.26115     0.00852951
2.45806     0.00963498
2.60926      0.0104228
2.78357      0.0105978
2.92525      0.0108168
3.08321      0.0115644
3.21774      0.0130011
3.35416      0.0129986
3.46943      0.0139819
3.59      0.0146324
3.70107      0.0163285
3.81628      0.0173695
3.9255      0.0184659
4.034      0.0190814
4.14057      0.0199589
4.23525      0.0196406
4.33105      0.0198193
4.44385      0.0198392
4.54438      0.0207294
4.63343      0.0200828
4.72051      0.0214829
4.80398      0.0221402
4.89194      0.0229398
4.97475      0.0226414
5.06604      0.0235219
5.1423      0.0236566
5.21789      0.0242285
5.30636       0.023177
5.39139      0.0233092
5.47134      0.0235545
5.54704      0.0240216
5.61598      0.0242299
5.6877      0.0244271
5.75602      0.0246977
5.82398      0.0247525
5.89429      0.0254004
5.96807      0.0252753
6.02642      0.0250872
6.09682      0.0266213
6.1705      0.0271731
6.23446      0.0277637
6.30517         0.0281
6.37281      0.0281742
6.43994      0.0294002
6.50223      0.0295008
6.56939      0.0292614
6.63419      0.0295728
6.70215      0.0299181
6.7679      0.0291869
6.83837      0.0287395
6.8893       0.029236
6.94412      0.0296765
7.00653      0.0303135
7.07105      0.0308055
7.12832      0.0315137
7.18581        0.03117
7.24964      0.0308327
7.3069      0.0311175
7.36303      0.0313521
7.42494      0.0313544
7.47402      0.0311251
7.5332       0.032247
7.57579      0.0330555
7.63421      0.0335728
7.68956       0.032658
7.75158      0.0329435
7.8129      0.0331991
7.8766      0.0326978
7.9207      0.0342691
7.97753      0.0345347
8.02751      0.0341551
8.07371       0.034551
8.12708       0.034776
8.16804      0.0344144
8.22479      0.0336432
8.26942      0.0339745
8.31664      0.0339827
8.36326      0.0352944
8.41602      0.0354471
8.46563      0.0361782
8.51558      0.0368659
8.56327      0.0360581
8.61719      0.0361947
8.66196      0.0348667
8.70702      0.0344215
8.75743       0.034788
8.80984      0.0347907
8.86632      0.0353313
8.91187      0.0350664
8.95464      0.0350758
8.99491      0.0359006
9.0444       0.036371
9.09499      0.0371517
9.14918      0.0374034
9.19616      0.0381654
