0           0
1           0
1.27848    0.608184
1.63005    0.583546
1.84821    0.770009
2.09134     0.80455
2.26115    0.935088
2.45806    0.981491
2.60926     1.07665
2.78357     1.13178
2.92525     1.21084
3.08321     1.25811
3.21774     1.32739
3.35416      1.3661
3.46943     1.42586
3.59     1.46455
3.70107     1.52212
3.81628      1.5675
3.9255     1.62784
4.034      1.6671
4.14057     1.71128
4.23525     1.75262
4.33105     1.81153
4.44385      1.8387
4.54438     1.88293
4.63343     1.91878
4.72051     1.96768
4.80398     2.00433
4.89194     2.03727
4.97475     2.06787
5.06604     2.11187
5.1423     2.14545
5.21789      2.1767
5.30636     2.21235
5.39139     2.24827
5.47134     2.27497
5.54704     2.31417
5.61598      2.3477
5.6877     2.38286
5.75602     2.41326
5.82398     2.45138
5.89429     2.47603
5.96807     2.51728
6.02642     2.54603
6.09682     2.57045
6.1705     2.59506
6.23446     2.63673
6.30517     2.66599
6.37281     2.69565
6.43994     2.71558
6.50223     2.75117
6.56939     2.76407
6.63419     2.79302
6.70215     2.81854
6.7679     2.84622
6.83837     2.86103
6.8893     2.88637
6.94412     2.91133
7.00653     2.92858
7.07105     2.94503
7.12832     2.97763
7.18581     3.00812
7.24964     3.02246
7.3069     3.03989
7.36303     3.07306
7.42494     3.08779
7.47402     3.11362
7.5332     3.14118
7.57579     3.17881
7.63421     3.19785
7.68956     3.21987
7.75158     3.23649
7.8129     3.25033
7.8766     3.27942
7.9207     3.29561
7.97753     3.31994
8.02751     3.35177
8.07371     3.38003
8.12708     3.40585
8.16804     3.42968
8.22479     3.45585
8.26942     3.46637
8.31664     3.48815
8.36326     3.51384
8.41602     3.53511
8.46563     3.56667
8.51558     3.59233
8.56327     3.61291
8.61719      3.6246
8.66196      3.6417
8.70702     3.66859
8.75743     3.68433
8.80984     3.70024
8.86632     3.72177
8.91187     3.73364
8.95464     3.75327
8.99491      3.7741
9.0444     3.79753
9.09499     3.81706
9.14918     3.83441
9.19616     3.85159
