0              0              0
       0.319625       0.100167       0.954238
        1.17936     -0.0363221        1.94187
       0.195489      -0.101147       0.944033
       0.141958       0.355421       0.827583
         0.5414      -0.541041        1.23458
        1.41015      -0.886169        2.16393
        1.37538      -0.862208        1.34052
        1.46035      -0.415835        1.52751
        1.35053        -0.3437       0.691704
        1.31167       0.445083       0.642501
        1.92782       0.883654        1.45719
        1.01799        0.54795       0.519016
       0.848397       0.900703      0.0857302
       0.570993        1.07534      -0.760537
        1.42445       0.683339       0.148191
       0.861903        1.50384      -0.417282
       0.901016         1.8608      -0.308364
        0.47833        1.71324       -1.25249
      0.0275227        1.98219       -2.11127
      -0.270854        2.52034       -2.59617
       0.441964        2.47416       -1.59827
       0.403443        2.47035        -2.5934
       0.471501        3.08315       -2.48302
        1.08148        2.78275       -1.58591
       0.950878        2.66812       -2.33747
         1.2597        1.72556       -2.02612
        1.27715        2.23198       -1.99168
        1.41051        3.08853       -1.83783
          1.091        4.00464       -2.16715
       0.329766        3.55828       -3.02978
     -0.0639957        3.59899       -4.02448
       0.884378        3.53411       -3.02681
       0.640246        3.65708       -3.91992
       0.597371        3.44348       -4.11672
       0.662022        3.54034       -3.56155
       0.202826        2.85601       -4.11875
      -0.735083        2.70603       -5.10621
      -0.781633        2.38418       -5.24935
      -0.887039        2.25141       -5.87114
       -1.19727        2.75904       -6.39261
        -1.5857         3.5937       -6.81453
       -1.23556        2.68922       -6.45352
       -2.22471        2.69817       -7.45348
       -1.99534        2.19881       -7.03608
       -2.09539        1.89578       -7.34961
       -1.63428        1.12289       -6.83726
       -2.52006        1.40723       -7.78941
       -2.94562        1.24268       -8.72211
       -2.98057       0.964953       -8.84696
        -3.0714        1.08411       -9.45318
       -3.78336        1.59319       -10.2666
       -3.92608        1.22711       -10.6299
       -4.47394       0.465726       -11.2139
       -4.47661       0.464194       -12.0817
       -5.14121       0.796005       -12.9764
       -4.22152       0.921872       -11.9856
       -3.52635       0.217315       -11.2832
       -4.23387       0.625723       -12.1493
       -4.14631      0.0838765       -11.9898
       -4.03513        0.10636       -11.0096
       -3.55679       0.064923       -10.0134
       -4.10628       0.354249       -10.8982
       -3.77425      0.0106658       -10.2033
        -3.3979      -0.362851        -9.4935
       -3.39908      -0.460288       -9.50567
       -3.36936       -0.50542       -8.95569
       -3.62835       0.104201        -9.3467
       -3.99901       0.446021       -10.0818
        -3.6621       0.670668       -9.24982
       -4.34934       0.226563       -10.0897
       -3.82161      -0.324144       -9.39783
       -3.80995      -0.320244       -8.44944
       -3.27577       0.255067       -7.76901
       -3.31516        1.06356       -7.81768
       -3.59883        1.08095        -8.8158
       -3.59541        1.08234         -7.889
       -3.44316        1.27076        -7.2605
       -3.42102        1.28789       -6.46968
       -3.65895        2.24808        -6.7102
       -3.72625        3.22636       -6.77883
       -4.12886        2.99801       -7.64867
       -3.41051         3.3317       -6.74174
       -3.58912         3.2617        -7.6728
       -3.37505        3.67479        -7.2127
       -2.66367        4.07324       -6.34023
        -2.6366        3.69524       -6.26879
       -2.52735        2.78658       -6.14943
       -1.79548        2.77553       -5.14954
       -2.73068        3.12801       -6.08528
       -3.41197        3.27737       -7.06208
       -3.53395        3.23107         -7.997
        -3.8474        2.99344       -8.79389
       -4.13529         2.6298       -9.41459
       -3.80368        3.03152         -8.778
       -3.82073         2.7702       -8.84314
       -4.73263        2.56106       -9.81783
       -4.50207        2.16919       -9.31073
       -5.27966        2.61657       -10.1775
       -5.50382        3.26947       -10.5022
