0           0           0
    0.233255    0.626719     0.34881
     0.27099     0.65403     1.15888
    0.168116 -0.00529019     1.00472
   0.0139465    -0.74477    0.800624
    0.268887   -0.698435     1.78451
     1.25647   -0.731017     2.78396
      1.7422     -1.0412     3.62677
     2.32914   -0.606416     4.43032
     1.37529   -0.665031      3.4322
     1.42137    -1.35271     3.49905
     1.38299    -2.28434      3.4579
      1.0046    -3.18683     3.07123
    0.991907    -3.31974      2.9762
     1.95663     -3.1773     3.96547
      1.9464    -2.89809     3.92888
     2.02131    -3.29208     4.11566
     2.49275    -2.51408      4.6339
     2.39364     -1.7318      4.5082
      2.7989    -2.40002     5.02677
     1.96641    -2.66281     4.07316
      1.3535    -3.20896     3.32655
     1.93511    -4.01569     3.91137
     1.98782    -3.33543     3.98862
     2.81046    -3.21916     4.97878
     2.67039    -2.31948     4.82494
     3.59845    -2.48857     5.80874
     3.17639    -2.69156     4.90756
     3.28311    -2.62239     5.74671
     3.16398    -2.88811      5.3376
     3.00683    -3.45554      5.0707
     2.90147    -3.19801     4.69206
     2.46277    -3.22037     3.69336
     2.45885    -3.36197     3.66568
      3.2179    -3.41433     4.66331
      3.2086    -3.38189     4.38755
     3.94225    -4.02604     5.13901
     3.83575    -4.81593      5.0054
     3.07076    -5.45961     4.24022
     3.01758    -5.70514     4.02857
     2.94088    -5.93027     3.70608
     2.93884    -5.89622     3.64615
     3.01992    -5.28258     3.77713
     3.64677    -4.57479     4.44014
     3.62275    -4.45402     4.24508
     3.26711    -3.77652     3.78029
     2.63548    -3.00207     3.14826
     1.96927    -2.87325     2.16644
     2.01105    -2.94591     2.66492
     1.99782    -2.87863     2.47203
     1.83005    -2.71828     1.74912
      2.3636    -2.71274     2.74906
     1.80173    -2.36461     1.89901
     1.86776    -2.47987     2.39609
    0.913362    -2.64601     1.41091
    0.897514    -2.62973    0.713478
      1.2965    -2.79616      1.6364
     1.31095    -2.79092     2.57652
     2.02168    -3.26792     3.40686
     1.18236     -3.7752     2.55103
     1.52914    -2.89255      2.9167
     1.01888    -2.42882     2.17665
    0.179899    -2.30105     1.18805
      1.1742     -2.2547     2.18697
     1.28572    -2.51601     2.57947
     1.27647    -2.52365     1.80852
     1.34811    -2.49493     2.73669
    0.903024    -1.96733     2.09188
    0.802121     -1.7228     1.71043
     1.29861    -2.11333     2.49642
     0.97792    -1.63939     1.93602
    0.949257     -1.9699     1.84962
     1.89303    -1.66401      2.8009
     1.90607    -2.42917     2.81795
       2.135    -2.66169     3.51953
     1.31392    -3.11442     2.64382
     1.30852     -2.8691     2.62184
     2.16635    -2.49399     3.53807
     3.10666    -2.15466      4.4787
      2.8183     -3.1121     4.19032
     2.83044    -3.11126     5.18794
      3.3604    -2.84839     6.08379
     3.84621    -2.11126     6.63409
     3.71594    -1.35926     6.46339
     3.64947   -0.869894      6.3288
     3.61323   -0.834876     5.60962
     3.28121  0.00349857     5.24142
     3.76784   -0.825991     5.74743
     4.08144    -1.28416     6.31226
     4.86781    -1.58235     7.24729
     4.47796     -1.5935      6.2477
     4.44332    -1.30251     6.12947
     3.65956   -0.769367     5.30264
     4.16657   -0.440136     6.14133
     3.63014   -0.796649     5.30848
     4.00544    -1.42331     5.82228
     3.45722    -1.36399     4.82809
     2.60659    -1.42701     3.83082
       2.569    -1.28156     3.58059
     3.08668   -0.548361     4.15737
