0              0              0
      -0.752851       0.521025      -0.822284
      -0.720787       0.114069      -0.743738
      -0.494354       0.890129      -0.463644
      -0.608325       0.944782       -1.36533
      -0.624126       0.926095       -2.01103
       -1.37698       0.466447       -2.86453
      -0.694136         1.1498       -2.15769
      -0.669338        1.60375       -2.10314
        -1.3113        1.06794       -2.87087
       -1.94961       0.316385       -3.51821
       -1.20365       0.329355       -2.51836
       -1.37568       -0.25971       -2.79868
       -2.11954      -0.862591       -3.57557
       -2.14522      -0.860616       -4.57262
       -2.57473       -1.06851       -5.47272
       -3.05227       -1.36606       -6.32145
       -3.34047      -0.657715       -6.69831
       -4.07254       -1.20743       -7.49796
       -3.53507       -1.35127       -6.53195
       -4.00124        -1.5193        -7.4727
       -3.84604        -2.0843       -7.20781
       -4.04896       -1.76648       -7.74597
       -4.44996       -2.64205       -8.16236
       -4.30405        -2.4168        -7.6187
        -5.2604       -2.52031       -8.61289
       -4.44485       -2.77138       -7.65716
       -4.89072       -3.41069        -8.2292
       -4.53273        -3.9287       -7.66066
       -4.65064       -3.74995       -8.21129
        -5.1668       -4.04256       -9.08123
       -4.76945       -3.24052        -8.6373
       -3.92345       -3.46909       -7.67192
         -4.789       -3.57853       -8.66402
       -4.84044       -3.04581       -8.76015
       -4.41299       -3.18619       -7.81007
       -4.54571       -4.06472       -7.95944
         -4.767       -4.64248       -8.31712
       -3.95891       -5.01759       -7.41008
       -3.42551        -4.8046       -6.48139
       -3.57349       -3.89158       -6.64137
       -3.00369       -4.34125       -5.85638
         -3.168       -4.22159       -6.66472
       -2.98006       -4.23157       -5.66612
       -3.33729       -4.58348       -6.37852
       -4.07574       -4.84316       -7.32189
       -4.74069       -4.26481       -8.07642
       -5.27173       -4.74615       -8.81734
       -5.32847       -4.86855        -9.2379
       -6.32511       -4.82439       -10.2369
       -7.19295       -4.80231       -11.2366
       -6.94888       -3.97386        -10.954
       -6.94711       -3.33445       -10.9512
       -6.51394        -3.5573        -10.062
       -6.38754       -2.63113       -9.92678
       -6.79754       -2.38081       -10.7803
       -6.25332       -2.29472       -9.79256
       -6.89473       -2.10384        -10.751
       -6.53735        -2.1605       -9.76335
       -6.59605       -1.95577        -10.039
       -7.00895       -2.23622       -10.8662
       -6.84291        -2.1447       -9.99044
       -6.12733       -2.05548       -8.99812
       -6.37546       -1.18503       -9.27225
        -6.8878       -0.98188       -10.2018
       -6.79558      -0.730458        -9.8575
       -7.68138      -0.954267        -10.827
       -7.67723      0.0445371       -10.8229
        -6.8979      -0.305454       -9.91064
       -7.12852      -0.430718       -10.7894
        -7.1569      -0.452212       -11.5865
       -7.72832      0.0218574       -12.3561
       -7.73179      0.0273861       -12.8877
       -7.87112       0.113615       -13.7381
       -7.40576       0.998432       -13.2726
       -7.80096        1.63889       -13.7977
       -7.51472        1.00174       -13.3879
       -7.56782        1.79526       -13.4547
       -6.94936        2.26324       -12.6572
       -6.28028        2.80999       -11.8829
       -7.13062        3.29493       -12.7516
       -6.38162        3.75103       -11.8975
       -5.85722        4.39006       -11.2631
       -5.35105         4.8118       -10.4948
        -4.5067        5.29987       -9.62905
       -4.49837        5.56364       -9.59749
       -4.14887        5.38589       -8.70614
       -3.61157        6.05881       -8.08218
        -3.6541        5.99966       -8.66602
       -4.63164        6.11749       -9.65883
       -4.28598        6.09293       -8.66135
        -4.4086        6.18387       -9.46458
       -3.85966        5.40826       -8.88687
       -3.74196        5.35639       -7.97181
       -3.71367        4.62154       -7.93334
       -4.54357        4.81817        -8.9064
       -4.80417        5.69089       -9.19252
       -4.61217        5.91063       -8.53455
       -5.39382        5.68529       -9.49541
       -5.72059        6.44957       -9.88854
