  0    0.242578   0.0134696
  1    0.383139    0.414653
  2    0.067769    0.993127
  3    0.484308    0.765338
  4   0.0318338   0.0309355
  5     0.93264     0.88788
  6     0.59133    0.478779
  7    0.833354    0.186335
  8    0.735653    0.115053
  9    0.698659    0.355604
 10      0.6383    0.908211
 11       0.294    0.264972
 12    0.377494     0.54162
 13  0.00928182    0.999465
 14   0.0129019    0.842497
 15     0.85247    0.467011
 16   0.0536072    0.976748
 17    0.196755    0.856973
 18    0.144214    0.800662
 19    0.729398    0.985791
 20    0.183406     0.49976
 21    0.469862    0.970991
 22     0.45077   0.0957919
 23    0.974082    0.390235
 24     0.68067   0.0266693
 25    0.231241    0.468739
 26   0.0979601     0.41541
 27    0.796294    0.316403
 28    0.778534    0.828493
 29     0.48714    0.369049
 30    0.602845   0.0242644
 31    0.811112    0.355793
