           0      8.5402      11.503
           1      8.5402      9.9766
           2     8.44117     9.08655
           3      7.9917     8.64959
           4     7.38128     8.28418
           5     7.22014      7.8866
           6     6.72916     7.45984
           7     6.35433     7.09028
           8     6.35433     6.76578
           9     6.00715     6.51524
          10     5.54821     6.22934
          11     5.11797     5.83521
          12      5.0691      5.5215
          13      4.9565     5.26708
          14     4.88389     5.10333
          15     4.35212     4.92647
          16     4.35212     4.70908
          17     4.26861      4.5158
          18      4.1653      4.3821
          19      4.1653     4.30275
          20     4.08098     4.22944
          21     3.70121     4.14216
          22     3.70121     3.97126
          23     3.62055     3.82907
          24     3.62055     3.70842
          25      3.5189     3.65424
          26      3.5189     3.61246
          27       3.407     3.55966
          28       3.342     3.49052
          29       3.342     3.43418
          30     2.73667     3.31814
          31     2.59796     3.07936
          32     2.59796     2.86131
          33     2.59796     2.74586
          34     2.36979     2.64671
          35     2.36979     2.56561
          36     2.36979     2.46931
          37     2.26644      2.4218
          38     2.26644     2.37838
          39     2.26644     2.33405
          40     2.26644     2.33819
          41     2.05761     2.30945
          42     2.05761     2.21689
          43     2.05761     2.14545
          44     2.05761     2.10755
          45     1.98038     2.09249
          46     1.98038     2.04682
          47     1.98038     2.04454
          48     1.98038     2.01658
          49     1.95451     2.03173
          50     1.95451     2.00177
          51     1.95451     1.99939
          52     1.95451     1.99075
          53     1.94619     1.99609
          54     1.94619     1.97261
          55     1.94375      1.9571
          56     1.92792     1.97029
          57     1.92792     1.98221
          58     1.92792     1.96317
          59     1.92792     1.96227
          60     1.92792     1.95638
          61     1.83683     1.98578
          62     1.83683     1.95599
          63     1.83683     1.87977
          64     1.83683     1.86308
          65     1.83683      1.8723
          66      1.8155     1.87563
          67      1.8155     1.84553
          68      1.8155     1.84512
          69      1.8155     1.85655
          70     1.79926     1.84906
          71     1.79926     1.85521
          72     1.79926     1.84431
          73     1.79728     1.82359
          74     1.79728      1.8211
          75     1.77686     1.81948
          76     1.77686     1.81884
          77     1.77686     1.81404
          78     1.77686     1.81081
          79     1.77686     1.81198
          80     1.77686     1.82045
          81     1.77686     1.81403
          82     1.77488     1.83077
          83     1.77488     1.81805
          84     1.61173     1.78574
          85     1.61173     1.74601
          86     1.61173     1.70052
          87     1.59225     1.67888
          88     1.59225     1.66209
          89     1.59225     1.63905
          90     1.59225     1.62903
          91     1.59225     1.63878
          92     1.59225     1.64379
          93     1.59225     1.61423
          94     1.59225     1.63515
          95     1.59225     1.63315
          96     1.59225     1.63731
          97     1.53688     1.63268
          98     1.53688     1.59868
          99     1.45674     1.57171
         100     1.45674     1.52411
         101     1.45674     1.50798
         102     1.45674      1.4871
         103     1.45674     1.50276
         104     1.45674     1.49688
         105     1.45674     1.48959
         106     1.45674     1.49387
         107     1.45674     1.48051
         108     1.45476     1.48735
         109     1.45476     1.47859
         110     1.45476     1.48451
         111     1.45476     1.50493
         112     1.45476     1.49195
         113     1.45476     1.49245
         114     1.45476     1.48446
         115     1.45476     1.50219
         116     1.45476     1.50275
         117     1.41904     1.48742
         118     1.41904     1.46358
         119     1.41904      1.4506
         120     1.41383     1.46257
         121     1.41383     1.46671
         122     1.35846     1.46108
         123     1.35846     1.47537
         124     1.35846     1.41613
         125     1.35846     1.40599
         126     1.35846     1.40155
         127     1.35846     1.40649
         128     1.35846      1.4122
         129     1.35846     1.41979
         130     1.35846     1.39784
         131     1.34672     1.38828
         132     1.34672     1.37073
         133     1.34672     1.38476
         134     1.34672     1.36109
         135     1.34672     1.37616
         136     1.34672     1.35658
         137     1.34672     1.36412
         138     1.34672     1.37577
         139     1.34672     1.39886
         140     1.34672      1.4066
         141     1.34672     1.39116
         142     1.34672     1.38686
         143     1.34672     1.39079
         144     1.34672     1.38013
         145     1.34672     1.36679
         146     1.34672     1.37684
         147     1.34672     1.38588
         148     1.34672     1.38031
         149     1.34672     1.38677
         150     1.23741     1.37999
         151     1.23741      1.3283
         152     1.23741     1.30568
         153     1.23741     1.27353
         154     1.23741     1.28475
         155     1.23741     1.27613
         156     1.23741     1.25895
         157     1.23741     1.26243
         158     1.23741     1.27826
         159     1.23741     1.25924
         160     1.23741     1.25754
         161     1.23741     1.26715
         162     1.23741     1.28505
         163     1.23741     1.27257
         164     1.23741     1.27167
         165     1.23741     1.26761
         166     1.23741     1.25374
         167     1.23741      1.2735
         168     1.23741      1.2779
         169     1.23741     1.26746
         170     1.23089     1.26604
         171     1.23089     1.26602
         172     1.23089     1.28249
         173     1.23089     1.26321
         174     1.23089     1.26083
         175     1.23089      1.2808
         176     1.23089     1.27553
         177     1.23089     1.26385
         178     1.23089     1.28564
         179     1.23089     1.26777
         180     1.23089     1.26124
         181     1.23089       1.272
         182     1.23089     1.27481
         183     1.23089     1.26408
         184     1.23089     1.28894
         185     1.23089     1.27296
         186     1.23089     1.25369
         187     1.23089     1.27575
         188     1.23089     1.26843
         189     1.23089     1.28022
         190     1.23089      1.2574
         191     1.23089     1.26135
         192     1.23089     1.26157
         193     1.23089     1.27991
         194     1.23089     1.25089
         195     1.23089     1.25999
         196     1.23089     1.26801
         197     1.23089     1.25634
         198     1.23089     1.27861
         199     1.23089     1.27507
