           0      8.5402      11.503
           1      8.5402      9.9766
           2     8.44117     9.08655
           3      7.9917     8.64959
           4     7.38128     8.28418
           5     7.22014      7.8866
           6     6.72916     7.45984
           7     6.35433     7.09028
           8     6.35433     6.76578
           9     6.00715     6.51524
          10     5.84568     6.26058
          11     5.11797     5.94074
          12      5.0691     5.60494
          13      4.9565      5.3048
          14     4.88389     5.11753
          15     4.35212     4.92929
          16     4.35212     4.71086
          17     4.26861     4.51619
          18      4.1653     4.38224
          19      4.1653     4.30282
          20     4.08098     4.22945
          21     3.70121     4.14216
          22     3.70121     3.97126
          23     3.62055     3.82907
          24     3.62055     3.70842
          25      3.5189     3.65424
          26      3.5189     3.61246
          27       3.407     3.55966
          28       3.342     3.49052
          29       3.342     3.43418
          30     3.32652     3.38086
          31     3.32355      3.3715
          32      3.2622     3.35149
          33     3.17847       3.326
          34     3.17847     3.25833
          35     3.12492     3.24244
          36     3.12492     3.19284
          37     3.11231     3.16918
          38     2.88904     3.14388
          39     2.88904     3.05209
          40     2.81212     2.98745
          41      2.7536     2.91748
          42      2.7536     2.84251
          43      2.7536     2.81102
          44     2.72329      2.7869
          45     2.68664     2.76781
          46     2.68664     2.72924
          47     2.68664     2.73054
          48     2.68664     2.71386
          49     2.55006     2.70405
          50     2.50725     2.63104
          51     2.50725     2.58113
          52     2.50725     2.54375
          53     2.49371     2.53825
          54      2.4615     2.51288
          55     2.43622       2.485
          56     2.41733     2.47604
          57     2.41733     2.47015
          58     2.41733     2.45155
          59     2.41733     2.44101
          60     2.41733     2.43644
          61     2.41733     2.45715
          62     2.41733     2.47148
          63     2.38271     2.43066
          64     2.38271     2.41427
          65     2.38271     2.41144
          66     2.38271      2.4151
          67     2.38271     2.39673
          68     2.35221     2.39889
          69     2.35221     2.39648
          70     2.35221     2.38417
          71     2.35221     2.38836
          72     2.35221     2.38291
          73     2.32323     2.36701
          74     2.32323     2.35422
          75     2.29522     2.34366
          76     2.29522     2.33426
          77     2.29522      2.3251
          78     2.03045     2.29381
          79     2.03045     2.20293
          80     2.03045     2.13161
          81     2.03045      2.0787
          82     2.03045     2.08569
          83     2.01898     2.07373
          84     2.01898     2.05141
          85     2.01621     2.05938
          86     2.01621     2.06038
          87     1.98917     2.06036
          88     1.71117     2.01651
          89     1.71117     1.89944
          90     1.71117     1.80686
          91     1.71053     1.77239
          92     1.65718     1.75701
          93     1.65524     1.70714
          94     1.65524     1.71133
          95     1.65524     1.69493
          96     1.65524      1.6986
          97     1.54823     1.68969
          98     1.54823     1.63553
          99     1.53469     1.59945
         100     1.53469     1.57375
         101     1.53469     1.57096
         102     1.53469      1.5572
         103     1.50487      1.5675
         104     1.50487     1.55757
         105     1.50487     1.54541
         106     1.50487     1.54674
         107     1.50487     1.52715
         108     1.49157     1.53164
         109     1.49157     1.52095
         110     1.49157     1.52374
         111     1.49157     1.54553
         112     1.49157     1.52784
         113     1.47873     1.52261
         114     1.47873     1.51228
         115     1.47873     1.52764
         116     1.47873     1.52369
         117     1.47433     1.50833
         118     1.47433     1.49841
         119     1.47433     1.49538
         120     1.42854      1.5104
         121     1.42854     1.50261
         122     1.42854     1.48659
         123     1.36424     1.50102
         124     1.36424     1.44375
         125     1.36424     1.42261
         126     1.34455     1.41375
         127     1.34455     1.41094
         128     1.34455     1.40829
         129     1.34455     1.40609
         130     1.34455     1.38641
         131     1.34455     1.37835
         132     1.34455      1.3619
         133     1.34455     1.37952
         134     1.34455     1.35899
         135     1.34455     1.37665
         136     1.34455     1.35441
         137     1.34455      1.3631
         138     1.34455     1.37324
         139     1.34455     1.39441
         140     1.34455     1.40517
         141     1.34455      1.3879
         142     1.34455     1.38338
         143     1.34455     1.38824
         144     1.33172     1.37822
         145     1.31845     1.35805
         146     1.31845     1.36143
         147     1.31845      1.3656
         148     1.31845     1.35694
         149     1.31845     1.36285
         150     1.31845     1.37235
         151     1.31845     1.35883
         152      1.3062     1.36934
         153      1.3062     1.34353
         154      1.3062     1.35598
         155      1.3062     1.34905
         156     1.29351       1.325
         157     1.29351     1.32674
         158     1.29351      1.3389
         159     1.29351     1.31757
         160     1.29351     1.31502
         161     1.29351     1.32436
         162     1.29039     1.34493
         163     1.29039     1.33177
         164     1.29039     1.32749
         165     1.28535     1.31925
         166     1.28535     1.30478
         167     1.28535     1.32345
         168     1.28535     1.32624
         169     1.28535     1.31711
         170     1.28535     1.31712
         171     1.28535     1.31746
         172     1.26708      1.3393
         173     1.26708     1.31112
         174     1.26708     1.30069
         175     1.26708     1.31317
         176     1.26708     1.30938
         177     1.26708     1.30182
         178     1.26708     1.32249
         179     1.26708     1.30394
         180     1.26708     1.29742
         181     1.26708     1.31165
         182     1.26708     1.31588
         183     1.26708     1.30214
         184     1.26708     1.32998
         185     1.26708     1.30906
         186     1.26708     1.29081
         187     1.26708     1.31423
         188     1.26708     1.30437
         189     1.26708     1.31972
         190     1.26708     1.29706
         191     1.26708     1.29897
         192     1.26708     1.29978
         193     1.26708     1.32332
         194     1.26708     1.29177
         195     1.26708     1.29943
         196     1.26708     1.30601
         197     1.26708     1.29069
         198     1.26708     1.31054
         199     1.26708     1.31294
