           0     8.39804     11.4784
           1     8.39804     9.90262
           2     8.17514     8.96299
           3     7.66728     8.44084
           4     7.38012     8.04075
           5     7.11073     7.71454
           6     6.28839     7.28007
           7     6.28839     6.82369
           8     5.76914     6.48603
           9     5.74227     6.16662
          10     5.59189     5.91962
          11     5.40778     5.71796
          12     5.40778     5.60183
          13      5.2094     5.47503
          14     5.17527     5.35394
          15     5.17527      5.2518
          16     4.57846     5.14401
          17     4.57846     4.91879
          18     4.35399     4.71595
          19     4.32652     4.55524
          20     4.22398     4.42522
          21     4.22398     4.34789
          22     3.88907     4.25459
          23      3.5783     4.07692
          24     3.40108     3.79762
          25     3.40108     3.60004
          26     3.40108      3.5037
          27     3.26065     3.44535
          28     3.24309      3.3596
          29     2.87918     3.26991
          30     2.87005     3.09462
          31     2.87005     2.98874
          32     2.78573     2.92424
          33     2.78573     2.88326
          34     2.77278     2.83057
          35     2.76882     2.83546
          36     2.62878      2.7919
          37     2.62878     2.73631
          38     2.62878     2.69911
          39     2.62878     2.67252
          40     2.46403     2.65794
          41     2.46403     2.59676
          42     2.46403     2.53864
          43     2.46403     2.51302
          44     2.31669     2.47845
          45     2.31669     2.42155
          46     2.31669      2.3642
          47     2.21942      2.3481
          48     2.19981     2.29078
          49     2.19981      2.2717
          50     2.16923     2.23694
          51     2.16923      2.2238
          52     2.16923     2.20199
          53     2.12898     2.20778
          54     2.07652     2.16491
          55     2.07652     2.11994
          56     2.07652     2.11466
          57     2.06656     2.12049
          58     2.06656     2.10406
          59     2.03256     2.09578
          60     2.03256      2.0788
          61     2.03256     2.09847
          62     2.03256     2.09223
          63     2.03256     2.05224
          64     2.03256     2.04936
          65     2.03256     2.06154
          66     2.03256     2.07186
          67     2.03256     2.04932
          68     1.98687     2.04561
          69     1.98687     2.04455
          70     1.98687     2.02787
          71     1.93093     2.02628
          72     1.93093     1.99998
          73     1.88909     1.96235
          74     1.88909     1.93884
          75     1.88909     1.92749
          76     1.81827      1.9128
          77     1.81521      1.8845
          78     1.80603     1.85789
          79     1.68094     1.83238
          80     1.68094     1.79019
          81     1.68094     1.73992
          82     1.68094     1.73924
          83     1.68094     1.71944
          84     1.68094     1.70255
          85     1.68094     1.71922
          86     1.68094     1.71846
          87     1.68094     1.72125
          88     1.68094     1.72612
          89     1.68094     1.71731
          90     1.68094     1.70793
          91     1.68094     1.72462
          92     1.53188     1.71153
          93     1.53188     1.63188
          94     1.53188     1.60177
          95     1.53188     1.58175
          96     1.53188      1.5744
          97     1.44404     1.55618
          98     1.44404     1.51291
          99     1.44404     1.48756
         100     1.42788     1.46484
         101     1.42788     1.46901
         102     1.42788     1.45104
         103     1.42788     1.46147
         104     1.42788     1.45766
         105     1.42788     1.45351
         106     1.36006     1.44664
         107     1.36006     1.41245
         108     1.36006     1.40266
         109     1.36006     1.38701
         110     1.36006     1.39398
         111     1.35072     1.41688
         112     1.35072     1.39518
         113     1.35072     1.39339
         114     1.35072     1.38275
         115     1.35072       1.401
         116     1.35072     1.40418
         117     1.35072     1.39131
         118     1.35072     1.37449
         119     1.35072     1.37484
         120     1.35072     1.39557
         121     1.35072     1.40432
         122     1.35072     1.40438
         123     1.35072     1.43537
         124     1.35072     1.40133
         125     1.35072     1.39756
         126     1.29266       1.395
         127     1.29266     1.38038
         128     1.29266       1.372
         129     1.29266     1.38193
         130     1.29266     1.34618
         131     1.29266     1.32899
         132     1.29266     1.31294
         133     1.29266     1.32998
         134     1.27688     1.30519
         135     1.27688     1.31903
         136     1.27688     1.29102
         137     1.27688      1.2961
         138     1.27688     1.30542
         139     1.27624     1.32441
         140     1.27624     1.33297
         141     1.27624     1.31981
         142     1.27624     1.31228
         143     1.27624     1.31255
         144     1.27624     1.30394
         145     1.27624     1.29465
         146     1.27624     1.30688
         147     1.27426     1.31751
         148     1.27426     1.31497
         149     1.21383     1.30911
         150     1.21383     1.29226
         151     1.21383     1.26106
         152     1.21383      1.2633
         153     1.21383      1.2406
         154     1.21383     1.25416
         155     1.21383     1.25142
         156     1.21383     1.23093
         157     1.21383     1.23514
         158     1.21383     1.24839
         159     1.21383     1.23192
         160     1.21383     1.23101
         161     1.21383     1.23627
         162     1.21383     1.25003
         163     1.21383     1.24241
         164     1.21383     1.24622
         165     1.21383     1.23837
         166     1.21383     1.22729
         167     1.21383     1.24163
         168     1.21383     1.24802
         169     1.21383     1.24218
         170     1.21383     1.24175
         171     1.21383     1.24152
         172     1.21383     1.26018
         173     1.21383     1.24359
         174     1.21383     1.24186
         175     1.21383      1.2599
         176     1.21383      1.2485
         177     1.21383     1.24245
         178     1.21383     1.26193
         179     1.21383     1.24405
         180     1.21383     1.23945
         181     1.21383     1.24987
         182     1.21383     1.25608
         183     1.21383     1.24745
         184     1.21383     1.27063
         185     1.21383     1.25292
         186     1.21383     1.23503
         187     1.21383      1.2566
         188     1.21383     1.24938
         189     1.21383     1.25813
         190     1.21383     1.23926
         191     1.21383     1.23889
         192     1.21383      1.2419
         193     1.21383     1.25651
         194     1.21383     1.23235
         195     1.21383     1.24148
         196     1.21383     1.24754
         197     1.21383     1.23638
         198     1.21383     1.25067
         199     1.21383     1.24834
