           0       7.972     11.4332
           1       7.972     9.69733
           2     7.47481     8.58057
           3     6.77591     7.88244
           4     6.77591     7.36724
           5     6.46312     7.02348
           6     6.11506      6.6766
           7     5.92442     6.39801
           8     5.52717     6.15033
           9     5.40508     5.86667
          10     5.26342       5.611
          11     4.43729     5.31494
          12     4.43729     4.96287
          13     4.36168     4.66737
          14     4.04869     4.47207
          15     3.99327      4.2613
          16     3.99327     4.13667
          17     3.70002     4.03966
          18     3.70002       3.901
          19     3.70002     3.81855
          20      3.6373     3.75688
          21      3.6373     3.72663
          22     3.49354     3.68794
          23     3.41363     3.61367
          24     3.41363     3.51439
          25     3.19876     3.43427
          26     3.12921     3.33489
          27     3.12921     3.24639
          28     3.09192     3.17403
          29     2.96123     3.13468
          30     2.87009     3.04543
          31     2.81135     2.97814
          32     2.67133     2.88872
          33     2.67133     2.82056
          34     2.60336     2.73256
          35     2.56743     2.69315
          36     2.56743     2.63588
          37     2.50627     2.60421
          38     2.50627     2.57741
          39     2.50627      2.5521
          40     2.50627     2.56119
          41     2.44329     2.54804
          42     2.44329     2.51065
          43     2.33181     2.47476
          44     2.13655     2.39979
          45     2.09036     2.29234
          46     2.04182     2.17998
          47     2.04182     2.12892
          48     2.04182      2.0895
          49     2.04182     2.09008
          50     2.04182     2.06359
          51     2.04182     2.06807
          52     2.04182     2.06101
          53     1.99942     2.06711
          54     1.99942     2.03896
          55     1.97874     2.01445
          56     1.97874     2.01154
          57     1.91946     2.01362
          58     1.91946     1.98015
          59     1.91946     1.95812
          60     1.91946     1.94341
          61     1.91087     1.96558
          62     1.91087     1.96909
          63     1.91087     1.93062
          64     1.91087     1.92754
          65     1.91087     1.93445
          66     1.87358     1.93827
          67     1.87358      1.9071
          68     1.87358      1.8994
          69     1.82377     1.90463
          70     1.82377     1.87151
          71     1.82377     1.86553
          72     1.82377     1.85869
          73     1.82377     1.84461
          74     1.79618      1.8393
          75     1.77351     1.82708
          76     1.77351      1.8129
          77     1.77351     1.80346
          78     1.77351     1.79524
          79     1.77351     1.79613
          80     1.77351     1.80266
          81     1.77351     1.79564
          82     1.76021      1.8091
          83     1.69454     1.79065
          84     1.69454     1.75305
          85     1.69454     1.73833
          86     1.69454      1.7309
          87     1.62173     1.72376
          88     1.62173     1.69932
          89     1.62173     1.66989
          90     1.62173     1.64462
          91     1.62173     1.65501
          92     1.62173     1.65209
          93     1.62173     1.63477
          94     1.62173      1.6461
          95     1.62173     1.65019
          96     1.62173     1.65119
          97     1.62173      1.6481
          98     1.62173     1.63755
          99     1.62173     1.63762
         100     1.62173     1.63333
         101     1.62173     1.64775
         102     1.62173     1.63755
         103     1.62173     1.64629
         104     1.62173     1.64322
         105     1.62173     1.64133
         106     1.62173     1.64495
         107     1.62173     1.63587
         108     1.62173     1.64656
         109     1.62173      1.6375
         110     1.62173     1.63507
         111     1.62173       1.661
         112     1.62173     1.64787
         113     1.62173     1.64089
         114     1.62173     1.63625
         115     1.62173     1.65049
         116     1.62173     1.64914
         117     1.62173     1.64251
         118     1.61717     1.63491
         119     1.61717     1.63133
         120     1.61717     1.64228
         121     1.61717     1.65078
         122     1.61717     1.65071
         123     1.61717     1.65684
         124     1.61717     1.64642
         125     1.61717     1.64387
         126     1.61717      1.6427
         127     1.61717     1.64999
         128     1.61717     1.65733
         129     1.61717     1.66082
         130     1.61717     1.63523
         131     1.61717     1.63924
         132     1.61717     1.63007
         133     1.61717     1.63897
         134     1.61717     1.62614
         135     1.61717     1.63248
         136     1.61717     1.62467
         137     1.61717     1.63098
         138     1.61717     1.63537
         139     1.61717     1.64674
         140     1.61717     1.65762
         141     1.61717     1.64685
         142     1.61717     1.63951
         143     1.61717     1.64296
         144     1.61717     1.63504
         145     1.61717     1.62844
         146     1.61717     1.63957
         147     1.61717     1.65161
         148     1.57955     1.64291
         149     1.57955     1.62742
         150     1.57955      1.6097
         151     1.57955     1.60265
         152     1.57955     1.60987
         153     1.57955      1.5953
         154     1.57955     1.60957
         155     1.57955     1.60807
         156     1.57955     1.59026
         157     1.57955     1.59975
         158     1.57955     1.60882
         159     1.57955     1.59324
         160     1.57955     1.59246
         161     1.57955     1.59699
         162     1.57955     1.60596
         163     1.57955     1.60158
         164     1.55682     1.60382
         165     1.55682      1.5901
         166     1.55682     1.57342
         167     1.55682     1.58641
         168     1.55682        1.58
         169     1.55682     1.57665
         170     1.55682     1.57476
         171     1.55682     1.57504
         172     1.55682     1.59043
         173     1.55682     1.57928
         174     1.55682      1.5771
         175     1.55682     1.58718
         176     1.55682     1.57911
         177     1.55682     1.57553
         178     1.55682     1.58988
         179     1.55682     1.57702
         180     1.55682      1.5741
         181     1.55682     1.58063
         182     1.55682     1.58366
         183     1.55682     1.58008
         184     1.55682     1.58992
         185     1.55682     1.58198
         186     1.55682     1.57328
         187     1.55682     1.58708
         188     1.55682     1.58464
         189     1.55682     1.59109
         190     1.55682     1.56729
         191     1.55682     1.57337
         192     1.55682     1.57368
         193     1.55682     1.58275
         194     1.55682     1.57137
         195     1.55682     1.57751
         196     1.55682     1.58171
         197     1.55682     1.57422
         198     1.55682     1.59143
         199     1.55682      1.5842
