           0       7.972     11.4332
           1       7.972     9.69733
           2     7.47481     8.58057
           3     6.77591     7.88244
           4     6.77591     7.36724
           5     6.46312     7.02348
           6     6.11506      6.6766
           7     5.92442     6.39801
           8     5.52717     6.15033
           9     5.40508     5.86667
          10     5.26342      5.6161
          11     4.43729     5.31672
          12     4.43729      4.9643
          13     4.36168     4.66802
          14     4.04869      4.4723
          15     3.99327      4.2613
          16     3.99327     4.13667
          17     3.70002     4.03966
          18     3.70002       3.901
          19     3.70002     3.81855
          20      3.6373     3.75688
          21      3.6373     3.72663
          22     3.49354     3.68794
          23     3.41363     3.61367
          24     3.41363     3.51439
          25     3.19876     3.43427
          26     3.12921     3.33489
          27     3.12921     3.24639
          28     3.09192     3.17403
          29     2.96123     3.13468
          30     2.87009     3.04874
          31     2.81135     2.97953
          32     2.67133     2.88926
          33     2.67133     2.81975
          34     2.60336     2.73262
          35     2.56743     2.69315
          36     2.56743     2.63588
          37     2.50627     2.60421
          38     2.50627     2.57741
          39     2.50627      2.5521
          40     2.50627     2.56119
          41     2.44329     2.54804
          42     2.44329     2.51065
          43     2.33181     2.47476
          44     2.13655     2.39979
          45     2.09036     2.29234
          46     2.04182     2.17998
          47     2.04182     2.12892
          48     2.04182      2.0895
          49     2.04182     2.09008
          50     1.95451     2.05645
          51     1.95451     2.02586
          52     1.95451     1.99476
          53     1.94619     1.99941
          54     1.94619     1.97379
          55     1.94375     1.95806
          56     1.92792     1.96972
          57     1.92792     1.98209
          58     1.92792     1.96314
          59     1.92792     1.96232
          60     1.92792     1.95638
          61     1.83683     1.98578
          62     1.83683     1.95599
          63     1.83683     1.87977
          64     1.83683     1.86308
          65     1.83683      1.8723
          66      1.8155     1.87563
          67      1.8155     1.84553
          68      1.8155     1.84512
          69      1.8155     1.85655
          70     1.79926     1.84851
          71     1.79926     1.85504
          72     1.79926     1.84424
          73     1.79728     1.82354
          74     1.79728     1.82109
          75     1.77686     1.81948
          76     1.77686     1.81884
          77     1.77686     1.81404
          78     1.77686     1.81081
          79     1.77686     1.81198
          80     1.77686     1.82045
          81     1.77686     1.81403
          82     1.77488     1.83077
          83     1.77488     1.81805
          84     1.61173     1.78574
          85     1.61173     1.74601
          86     1.61173     1.70052
          87     1.59225     1.67888
          88     1.59225     1.66209
          89     1.59225     1.63905
          90     1.59225     1.62754
          91     1.59225     1.63845
          92     1.59225     1.64369
          93     1.59225     1.61421
          94     1.59225     1.63515
          95     1.59225     1.63315
          96     1.59225     1.63731
          97     1.53688     1.63268
          98     1.53688     1.59868
          99     1.45674     1.57171
         100     1.45674     1.52411
         101     1.45674     1.50798
         102     1.45674      1.4871
         103     1.45674     1.50276
         104     1.45674     1.49688
         105     1.45674     1.48959
         106     1.45674     1.49387
         107     1.45674     1.48051
         108     1.45476     1.48735
         109     1.45476     1.47859
         110     1.45476     1.48276
         111     1.45476     1.50546
         112     1.45476     1.49194
         113     1.45476     1.49239
         114     1.45476     1.48445
         115     1.45476     1.50219
         116     1.45476     1.50275
         117     1.41904     1.48742
         118     1.41904     1.46358
         119     1.41904      1.4506
         120     1.41383     1.46257
         121     1.41383     1.46671
         122     1.35846     1.46108
         123     1.35846     1.47537
         124     1.35846     1.41613
         125     1.35846     1.40599
         126     1.35846     1.40155
         127     1.35846     1.40649
         128     1.35846      1.4122
         129     1.35846     1.41979
         130     1.35846     1.39658
         131     1.34672     1.38698
         132     1.34672     1.37105
         133     1.34672     1.38474
         134     1.34672     1.36109
         135     1.34672     1.37616
         136     1.34672     1.35658
         137     1.34672     1.36412
         138     1.34672     1.37577
         139     1.34672     1.39886
         140     1.34672      1.4066
         141     1.34672     1.39116
         142     1.34672     1.38686
         143     1.34672     1.39079
         144     1.34672     1.38013
         145     1.34672     1.36679
         146     1.34672     1.37684
         147     1.34672     1.38588
         148     1.34672     1.38031
         149     1.34672     1.38677
         150     1.23741     1.37864
         151     1.23741     1.32753
         152     1.23741     1.30508
         153     1.23741      1.2734
         154     1.23741     1.28469
         155     1.23741     1.27607
         156     1.23741     1.25894
         157     1.23741     1.26243
         158     1.23741     1.27826
         159     1.23741     1.25924
         160     1.23741     1.25754
         161     1.23741     1.26715
         162     1.23741     1.28505
         163     1.23741     1.27257
         164     1.23741     1.27167
         165     1.23741     1.26761
         166     1.23741     1.25374
         167     1.23741      1.2735
         168     1.23741      1.2779
         169     1.23741     1.26746
         170     1.23089     1.26523
         171     1.23089      1.2657
         172     1.23089     1.28249
         173     1.23089     1.26321
         174     1.23089     1.26083
         175     1.23089      1.2808
         176     1.23089     1.27553
         177     1.23089     1.26385
         178     1.23089     1.28564
         179     1.23089     1.26777
         180     1.23089     1.26124
         181     1.23089       1.272
         182     1.23089     1.27481
         183     1.23089     1.26408
         184     1.23089     1.28894
         185     1.23089     1.27296
         186     1.23089     1.25369
         187     1.23089     1.27575
         188     1.23089     1.26843
         189     1.23089     1.28022
         190     1.23089     1.25663
         191     1.23089     1.26093
         192     1.23089     1.26151
         193     1.23089     1.27988
         194     1.23089     1.25089
         195     1.23089     1.25999
         196     1.23089     1.26801
         197     1.23089     1.25634
         198     1.23089     1.27861
         199     1.23089     1.27507
