           0       7.972     11.4332
           1       7.972     9.69733
           2     7.47481     8.58057
           3     6.77591     7.88244
           4     6.77591     7.36724
           5     6.46312     7.02348
           6     6.11506      6.6766
           7     5.92442     6.39801
           8     5.52717     6.15033
           9     5.40508     5.86667
          10     5.26342       5.617
          11     4.43729     5.31725
          12     4.43729     4.96398
          13     4.36168     4.66771
          14     4.04869     4.47215
          15     3.99327      4.2613
          16     3.99327     4.13667
          17     3.70002     4.03966
          18     3.70002       3.901
          19     3.70002     3.81855
          20      3.6373     3.75688
          21      3.6373     3.72663
          22     3.49354     3.68794
          23     3.41363     3.61367
          24     3.41363     3.51439
          25     3.19876     3.43427
          26     3.12921     3.33489
          27     3.12921     3.24639
          28     3.09192     3.17403
          29     2.96123     3.13468
          30     2.87009     3.04917
          31     2.81135     2.97816
          32     2.67133     2.88942
          33     2.67133     2.82077
          34     2.60336     2.73265
          35     2.56743     2.69315
          36     2.56743     2.63588
          37     2.50627     2.60421
          38     2.50627     2.57741
          39     2.50627      2.5521
          40     2.50627     2.56119
          41     2.44329     2.54804
          42     2.44329     2.51065
          43     2.33181     2.47476
          44     2.13655     2.39979
          45     2.09036     2.29234
          46     2.04182     2.17998
          47     2.04182     2.12892
          48     2.04182      2.0895
          49     2.04182     2.09008
          50     2.04182     2.06815
          51     2.04182     2.06976
          52     2.04182     2.06141
          53     1.99942     2.06765
          54     1.99942     2.03898
          55     1.97874     2.01445
          56     1.97874     2.01154
          57     1.91946     2.01362
          58     1.91946     1.98015
          59     1.91946     1.95812
          60     1.91946     1.94341
          61     1.91087     1.96558
          62     1.91087     1.96909
          63     1.91087     1.93062
          64     1.91087     1.92754
          65     1.91087     1.93445
          66     1.87358     1.93827
          67     1.87358      1.9071
          68     1.87358      1.8994
          69     1.82377     1.90463
          70      1.8155     1.87925
          71      1.8155      1.8671
          72      1.8155     1.85585
          73     1.81352     1.83782
          74     1.81352     1.83794
          75      1.7148     1.83073
          76      1.7148     1.80632
          77      1.7148     1.77298
          78      1.7148     1.76001
          79      1.7148     1.75481
          80      1.7148      1.7619
          81      1.7148     1.75218
          82     1.71282     1.76835
          83     1.71282     1.75697
          84     1.71174     1.73866
          85     1.71174     1.75847
          86     1.71174     1.76087
          87     1.69226     1.76353
          88     1.69226     1.75693
          89     1.69226     1.73825
          90     1.59225     1.72048
          91     1.59225     1.69413
          92     1.59225     1.66867
          93     1.59225     1.62511
          94     1.59225     1.63983
          95     1.59225     1.63463
          96     1.59225     1.63814
          97     1.53688     1.63287
          98     1.53688     1.59877
          99     1.45674     1.57171
         100     1.45674     1.52411
         101     1.45674     1.50798
         102     1.45674      1.4871
         103     1.45674     1.50276
         104     1.45674     1.49688
         105     1.45674     1.48959
         106     1.45674     1.49387
         107     1.45674     1.48051
         108     1.45476     1.48735
         109     1.45476     1.47859
         110     1.45476     1.48451
         111     1.45476     1.50493
         112     1.45476     1.49195
         113     1.45476     1.49245
         114     1.45476     1.48446
         115     1.45476     1.50219
         116     1.45476     1.50275
         117     1.41904     1.48742
         118     1.41904     1.46358
         119     1.41904      1.4506
         120     1.41383     1.46257
         121     1.41383     1.46671
         122     1.35846     1.46108
         123     1.35846     1.47537
         124     1.35846     1.41613
         125     1.35846     1.40599
         126     1.35846     1.40155
         127     1.35846     1.40649
         128     1.35846      1.4122
         129     1.35846     1.41979
         130     1.35846     1.39784
         131     1.34672     1.38828
         132     1.34672     1.37073
         133     1.34672     1.38476
         134     1.34672     1.36109
         135     1.34672     1.37616
         136     1.34672     1.35658
         137     1.34672     1.36412
         138     1.34672     1.37577
         139     1.34672     1.39886
         140     1.34672      1.4066
         141     1.34672     1.39116
         142     1.34672     1.38686
         143     1.34672     1.39079
         144     1.34672     1.38013
         145     1.34672     1.36679
         146     1.34672     1.37684
         147     1.34672     1.38588
         148     1.34672     1.38031
         149     1.34672     1.38677
         150     1.23741     1.37999
         151     1.23741      1.3283
         152     1.23741     1.30568
         153     1.23741     1.27353
         154     1.23741     1.28475
         155     1.23741     1.27613
         156     1.23741     1.25895
         157     1.23741     1.26243
         158     1.23741     1.27826
         159     1.23741     1.25924
         160     1.23741     1.25754
         161     1.23741     1.26715
         162     1.23741     1.28505
         163     1.23741     1.27257
         164     1.23741     1.27167
         165     1.23741     1.26761
         166     1.23741     1.25374
         167     1.23741      1.2735
         168     1.23741      1.2779
         169     1.23741     1.26746
         170     1.23089     1.26604
         171     1.23089     1.26602
         172     1.23089     1.28249
         173     1.23089     1.26321
         174     1.23089     1.26083
         175     1.23089      1.2808
         176     1.23089     1.27553
         177     1.23089     1.26385
         178     1.23089     1.28564
         179     1.23089     1.26777
         180     1.23089     1.26124
         181     1.23089       1.272
         182     1.23089     1.27481
         183     1.23089     1.26408
         184     1.23089     1.28894
         185     1.23089     1.27296
         186     1.23089     1.25369
         187     1.23089     1.27575
         188     1.23089     1.26843
         189     1.23089     1.28022
         190     1.23089      1.2574
         191     1.23089     1.26135
         192     1.23089     1.26157
         193     1.23089     1.27991
         194     1.23089     1.25089
         195     1.23089     1.25999
         196     1.23089     1.26801
         197     1.23089     1.25634
         198     1.23089     1.27861
         199     1.23089     1.27507
