           0     8.15101     11.3184
           1     7.56556     9.62005
           2     7.19604     8.43248
           3     6.75655     7.69834
           4     6.75655     7.22218
           5     6.57203     6.96387
           6     6.50501     6.72979
           7     6.20848     6.59297
           8     6.17854     6.44017
           9     5.54821     6.25318
          10     5.54821     5.95947
          11     5.43252     5.69119
          12      5.0574     5.55714
          13      5.0574      5.3461
          14     4.66221     5.15265
          15     4.64829     4.91692
          16     4.64829     4.79221
          17      4.4966     4.70706
          18     3.98144     4.56955
          19     3.98144     4.33467
          20     3.98144     4.15747
          21      3.8814     4.07006
          22     3.72996     3.98045
          23     3.61515     3.87578
          24     3.41927     3.70899
          25     3.41927     3.57631
          26     2.95502     3.45963
          27     2.95502     3.26018
          28     2.73928     3.06297
          29     2.73667     2.92831
          30     2.73667     2.81749
          31     2.59796     2.77156
          32     2.59796     2.71053
          33     2.59796     2.68213
          34     2.36979     2.61638
          35     2.36979     2.55174
          36     2.36979     2.46493
          37     2.26644     2.41926
          38     2.26644     2.37749
          39     2.26644     2.33352
          40     2.26644     2.33816
          41     2.05761     2.30924
          42     2.05761     2.21681
          43     2.05761     2.14545
          44     2.05761     2.10755
          45     1.98038     2.09249
          46     1.98038     2.04682
          47     1.98038     2.04454
          48     1.98038     2.01658
          49     1.95451     2.03173
          50     1.95451     2.00325
          51     1.95451     1.99999
          52     1.95451     1.99114
          53     1.94619     1.99685
          54     1.94619      1.9751
          55     1.94375     1.95779
          56     1.92792     1.97058
          57     1.92792     1.98223
          58     1.92792     1.96317
          59     1.92792     1.96227
          60     1.92792     1.95638
          61     1.83683     1.98578
          62     1.83683     1.95599
          63     1.83683     1.87977
          64     1.83683     1.86308
          65     1.83683      1.8723
          66      1.8155     1.87563
          67      1.8155     1.84553
          68      1.8155     1.84512
          69      1.8155     1.85655
          70     1.79926     1.85026
          71     1.79926     1.85562
          72     1.79926     1.84336
          73     1.79728     1.82361
          74     1.79728     1.82111
          75     1.77686     1.81949
          76     1.77686     1.81885
          77     1.77686     1.81404
          78     1.77686     1.81081
          79     1.77686     1.81198
          80     1.77686     1.82045
          81     1.77686     1.81403
          82     1.77488     1.83077
          83     1.77488     1.81805
          84     1.61173     1.78574
          85     1.61173     1.74601
          86     1.61173     1.70052
          87     1.59225     1.67888
          88     1.59225     1.66209
          89     1.59225     1.63905
          90     1.59225     1.63018
          91     1.59225      1.6391
          92     1.59225     1.64387
          93     1.59225     1.61492
          94     1.59225     1.63564
          95     1.59225     1.63343
          96     1.59225     1.63744
          97     1.53688     1.63268
          98     1.53688     1.59868
          99     1.45674     1.57171
         100     1.45674     1.52411
         101     1.45674     1.50798
         102     1.45674      1.4871
         103     1.45674     1.50276
         104     1.45674     1.49688
         105     1.45674     1.48959
         106     1.45674     1.49387
         107     1.45674     1.48051
         108     1.45476     1.48735
         109     1.45476     1.47859
         110     1.45476     1.48526
         111     1.45476     1.50702
         112     1.45476     1.49243
         113     1.45476     1.49266
         114     1.45476     1.48446
         115     1.45476     1.50219
         116     1.45476     1.50275
         117     1.41904     1.48742
         118     1.41904     1.46358
         119     1.41904      1.4506
         120     1.41383     1.46257
         121     1.41383     1.46671
         122     1.35846     1.46108
         123     1.35846     1.47537
         124     1.35846     1.41613
         125     1.35846     1.40599
         126     1.35846     1.40155
         127     1.35846     1.40649
         128     1.35846      1.4122
         129     1.35846     1.41979
         130     1.35846     1.39933
         131     1.34672     1.38928
         132     1.34672     1.37098
         133     1.34672     1.38495
         134     1.34672     1.36118
         135     1.34672      1.3762
         136     1.34672     1.35658
         137     1.34672     1.36412
         138     1.34672     1.37577
         139     1.34672     1.39886
         140     1.34672      1.4066
         141     1.34672     1.39116
         142     1.34672     1.38686
         143     1.34672     1.39079
         144     1.34672     1.38013
         145     1.34672     1.36679
         146     1.34672     1.37684
         147     1.34672     1.38588
         148     1.34672     1.38031
         149     1.34672     1.38677
         150     1.23741     1.38142
         151     1.23741     1.32823
         152     1.23741      1.3058
         153     1.23741     1.27357
         154     1.23741     1.28475
         155     1.23741     1.27613
         156     1.23741     1.25895
         157     1.23741     1.26243
         158     1.23741     1.27826
         159     1.23741     1.25924
         160     1.23741     1.25754
         161     1.23741     1.26715
         162     1.23741     1.28505
         163     1.23741     1.27257
         164     1.23741     1.27167
         165     1.23741     1.26761
         166     1.23741     1.25374
         167     1.23741      1.2735
         168     1.23741      1.2779
         169     1.23741     1.26746
         170     1.23089     1.26712
         171     1.23089     1.26633
         172     1.23089     1.28253
         173     1.23089     1.26321
         174     1.23089     1.26083
         175     1.23089      1.2808
         176     1.23089     1.27553
         177     1.23089     1.26385
         178     1.23089     1.28564
         179     1.23089     1.26777
         180     1.23089     1.26124
         181     1.23089       1.272
         182     1.23089     1.27481
         183     1.23089     1.26408
         184     1.23089     1.28894
         185     1.23089     1.27296
         186     1.23089     1.25369
         187     1.23089     1.27575
         188     1.23089     1.26843
         189     1.23089     1.28022
         190     1.23089     1.25854
         191     1.23089     1.26197
         192     1.23089     1.26169
         193     1.23089     1.27998
         194     1.23089     1.25089
         195     1.23089     1.25999
         196     1.23089     1.26801
         197     1.23089     1.25634
         198     1.23089     1.27861
         199     1.23089     1.27507
