           0       7.972     11.4332
           1       7.972     9.69733
           2     7.47481     8.58057
           3     6.77591     7.88244
           4     6.77591     7.36724
           5     6.46312     7.02348
           6     6.11506      6.6766
           7     5.92442     6.39801
           8     5.52717     6.15033
           9     5.40508     5.86667
          10     5.26342     5.61813
          11     4.43729     5.31756
          12     4.43729       4.965
          13     4.36168     4.66803
          14     4.04869      4.4723
          15     3.99327      4.2613
          16     3.99327     4.13667
          17     3.70002     4.03966
          18     3.70002       3.901
          19     3.70002     3.81855
          20      3.6373     3.75688
          21      3.6373     3.72663
          22     3.49354     3.68794
          23     3.41363     3.61367
          24     3.41363     3.51439
          25     3.19876     3.43427
          26     3.12921     3.33489
          27     3.12921     3.24639
          28     3.09192     3.17403
          29     2.96123     3.13468
          30     2.87009     3.05002
          31     2.81135     2.97882
          32     2.67133     2.88958
          33     2.67133     2.82104
          34     2.60336      2.7327
          35     2.56743     2.69315
          36     2.56743     2.63588
          37     2.50627     2.60421
          38     2.50627     2.57741
          39     2.50627      2.5521
          40     2.50627     2.56119
          41     2.44329     2.54804
          42     2.44329     2.51065
          43     2.33181     2.47476
          44     2.13655     2.39979
          45     2.09036     2.29234
          46     2.04182     2.17998
          47     2.04182     2.12892
          48     2.04182      2.0895
          49     2.04182     2.09008
          50     2.04182     2.06868
          51     2.04182     2.06984
          52     2.04182     2.06142
          53     1.99942     2.06765
          54     1.99942     2.03898
          55     1.97874     2.01445
          56     1.97874     2.01154
          57     1.91946     2.01362
          58     1.91946     1.98015
          59     1.91946     1.95812
          60     1.91946     1.94341
          61     1.91087     1.96558
          62     1.91087     1.96909
          63     1.91087     1.93062
          64     1.91087     1.92754
          65     1.91087     1.93445
          66     1.87358     1.93827
          67     1.87358      1.9071
          68     1.87358      1.8994
          69     1.82377     1.90463
          70     1.82377     1.88096
          71     1.82377     1.86981
          72     1.82377     1.85876
          73     1.82377     1.84388
          74     1.79618     1.83923
          75     1.77351     1.82836
          76     1.77351     1.81296
          77     1.77351     1.80346
          78     1.77351     1.79524
          79     1.77351     1.79613
          80     1.77351     1.80266
          81     1.77351     1.79564
          82     1.76021      1.8091
          83     1.69454     1.79065
          84     1.69454     1.75305
          85     1.69454     1.73833
          86     1.69454      1.7309
          87     1.62173     1.72376
          88     1.62173     1.69932
          89     1.62173     1.66989
          90     1.62173     1.65116
          91     1.62173     1.65865
          92     1.62173     1.65375
          93     1.62173     1.63508
          94     1.62173      1.6462
          95     1.62173     1.65024
          96     1.62173     1.65123
          97     1.62173      1.6481
          98     1.62173     1.63755
          99     1.62173     1.63762
         100     1.62173     1.63333
         101     1.62173     1.64775
         102     1.62173     1.63755
         103     1.62173     1.64629
         104     1.62173     1.64322
         105     1.62173     1.64133
         106     1.62173     1.64495
         107     1.62173     1.63587
         108     1.62173     1.64656
         109     1.62173      1.6375
         110     1.62173      1.6401
         111     1.62173     1.66347
         112     1.62173     1.64849
         113     1.62173     1.64098
         114     1.62173     1.63634
         115     1.62173     1.65056
         116     1.62173     1.64914
         117     1.62173     1.64251
         118     1.61717     1.63491
         119     1.61717     1.63133
         120     1.61717     1.64228
         121     1.61717     1.65078
         122     1.61717     1.65071
         123     1.61717     1.65684
         124     1.61717     1.64642
         125     1.61717     1.64387
         126     1.61717      1.6427
         127     1.61717     1.64999
         128     1.61717     1.65733
         129     1.61717     1.66082
         130     1.61717     1.64265
         131     1.61717     1.64171
         132     1.61717     1.63075
         133     1.61717     1.63922
         134     1.61717     1.62619
         135     1.61717     1.63251
         136     1.61717      1.6247
         137     1.61717     1.63102
         138     1.61717     1.63539
         139     1.61717     1.64678
         140     1.61717     1.65765
         141     1.61717     1.64685
         142     1.61717     1.63951
         143     1.61717     1.64296
         144     1.61717     1.63504
         145     1.61717     1.62844
         146     1.61717     1.63957
         147     1.61717     1.65161
         148     1.57955     1.64291
         149     1.57955     1.62742
         150     1.57955     1.61775
         151     1.57955      1.6061
         152     1.57955     1.61221
         153     1.57955     1.59605
         154     1.57955      1.6098
         155     1.57955     1.60826
         156     1.57955      1.5903
         157     1.57955     1.59975
         158     1.57955     1.60882
         159     1.57955     1.59324
         160     1.57955     1.59246
         161     1.57955     1.59699
         162     1.57955     1.60596
         163     1.57955     1.60158
         164     1.55682     1.60382
         165     1.55682      1.5901
         166     1.55682     1.57342
         167     1.55682     1.58641
         168     1.55682        1.58
         169     1.55682     1.57665
         170     1.55682     1.57882
         171     1.55682     1.57648
         172     1.55682     1.59123
         173     1.55682     1.57971
         174     1.55682     1.57682
         175     1.55682     1.58461
         176     1.55682     1.57905
         177     1.55682      1.5755
         178     1.55682     1.58986
         179     1.55682     1.57702
         180     1.55682      1.5741
         181     1.55682     1.58063
         182     1.55682     1.58366
         183     1.55682     1.58008
         184     1.55682     1.58992
         185     1.55682     1.58198
         186     1.55682     1.57328
         187     1.55682     1.58708
         188     1.55682     1.58464
         189     1.55682     1.59109
         190     1.55682     1.57305
         191     1.55682      1.5763
         192     1.55682     1.57418
         193     1.55682     1.58284
         194     1.55682     1.57142
         195     1.55682     1.57751
         196     1.55682     1.58171
         197     1.55682     1.57422
         198     1.55682     1.59143
         199     1.55682      1.5842
