           0      8.5402      11.503
           1      8.5402      9.9766
           2     8.44117     9.08655
           3      7.9917     8.64959
           4     7.38128     8.28418
           5     7.22014      7.8866
           6     6.72916     7.45984
           7     6.35433     7.09028
           8     6.35433     6.76578
           9     6.00715     6.51524
          10     5.40508     6.13347
          11     5.10381     5.70517
          12     5.05493     5.43763
          13     4.94234     5.21927
          14     4.86972     5.07609
          15     4.33796     4.90846
          16     4.33796     4.69397
          17      4.2538     4.50118
          18     4.15114     4.36767
          19     4.15114     4.28838
          20     4.06682     4.21624
          21     3.68705     4.12946
          22     3.68705     3.95783
          23     3.62119     3.81701
          24     3.62119     3.70242
          25     3.51954     3.65177
          26     3.51954     3.61268
          27     3.40764     3.56037
          28     3.34265       3.491
          29     3.34265     3.43423
          30     2.96123       3.292
          31     2.73685     3.11915
          32     2.73685     2.95139
          33     2.73685     2.86128
          34     2.71399     2.79335
          35     2.70091     2.78611
          36     2.70091     2.74385
          37      2.4537     2.70993
          38      2.4537     2.63499
          39      2.4537      2.5465
          40     2.37182      2.5034
          41     2.37012     2.46327
          42     2.37012     2.43045
          43     2.37012     2.40929
          44     2.36556     2.39837
          45      2.3044     2.39025
          46      2.3044     2.35332
          47      2.3044     2.35087
          48     2.16461     2.32011
          49     2.16461     2.27977
          50     2.04182     2.18313
          51     2.04182      2.1274
          52     2.04182      2.0846
          53     1.99942     2.07577
          54     1.99942     2.04108
          55     1.97874     2.01489
          56     1.97874     2.01149
          57     1.91946     2.01342
          58     1.91946     1.98017
          59     1.91946     1.95812
          60     1.91946     1.94341
          61     1.91087     1.96558
          62     1.91087     1.96909
          63     1.91087     1.93062
          64     1.91087     1.92754
          65     1.91087     1.93445
          66     1.87358     1.93827
          67     1.87358      1.9071
          68     1.87358      1.8994
          69     1.82377     1.90463
          70     1.82377      1.8696
          71     1.82377     1.86455
          72     1.82377     1.85821
          73     1.82377     1.84451
          74     1.79618     1.83923
          75     1.77351     1.82704
          76     1.77351     1.81288
          77     1.77351     1.80346
          78     1.77351     1.79523
          79     1.77351     1.79613
          80     1.77351     1.80266
          81     1.77351     1.79564
          82     1.76021      1.8091
          83     1.69454     1.79065
          84     1.69454     1.75305
          85     1.69454     1.73833
          86     1.69454      1.7309
          87     1.62173     1.72376
          88     1.62173     1.69932
          89     1.62173     1.66989
          90     1.62173     1.64345
          91     1.62173     1.65462
          92     1.62173      1.6519
          93     1.62173     1.63477
          94     1.62173      1.6461
          95     1.62173     1.65019
          96     1.62173     1.65119
          97     1.62173      1.6481
          98     1.62173     1.63755
          99     1.62173     1.63762
         100     1.62173     1.63333
         101     1.62173     1.64775
         102     1.62173     1.63755
         103     1.62173     1.64629
         104     1.62173     1.64322
         105     1.62173     1.64133
         106     1.62173     1.64495
         107     1.62173     1.63587
         108     1.62173     1.64656
         109     1.62173      1.6375
         110     1.62173     1.63481
         111     1.62173     1.66104
         112     1.62173     1.64787
         113     1.62173     1.64091
         114     1.62173     1.63626
         115     1.62173     1.65049
         116     1.62173     1.64914
         117     1.62173     1.64251
         118     1.61717     1.63491
         119     1.61717     1.63133
         120     1.61717     1.64228
         121     1.61717     1.65078
         122     1.61717     1.65071
         123     1.61717     1.65684
         124     1.61717     1.64642
         125     1.61717     1.64387
         126     1.61717      1.6427
         127     1.61717     1.64999
         128     1.61717     1.65733
         129     1.61717     1.66082
         130     1.61717      1.6337
         131     1.61717      1.6386
         132     1.61717      1.6299
         133     1.61717     1.63891
         134     1.61717     1.62612
         135     1.61717     1.63246
         136     1.61717     1.62465
         137     1.61717     1.63094
         138     1.61717     1.63533
         139     1.61717     1.64668
         140     1.61717     1.65759
         141     1.61717     1.64679
         142     1.61717     1.63951
         143     1.61717     1.64296
         144     1.61717     1.63504
         145     1.61717     1.62844
         146     1.61717     1.63957
         147     1.61717     1.65161
         148     1.57955     1.64291
         149     1.57955     1.62742
         150     1.57955     1.60855
         151     1.57955     1.60223
         152     1.57955     1.60978
         153     1.57955     1.59525
         154     1.57955     1.60953
         155     1.57955     1.60807
         156     1.57955     1.59026
         157     1.57955     1.59975
         158     1.57955     1.60882
         159     1.57955     1.59324
         160     1.57955     1.59246
         161     1.57955     1.59699
         162     1.57955     1.60596
         163     1.57955     1.60158
         164     1.55682     1.60382
         165     1.55682      1.5901
         166     1.55682     1.57342
         167     1.55682     1.58641
         168     1.55682        1.58
         169     1.55682     1.57665
         170     1.55682     1.57424
         171     1.55682     1.57478
         172     1.55682     1.59029
         173     1.55682     1.57925
         174     1.55682      1.5771
         175     1.55682     1.58718
         176     1.55682     1.57911
         177     1.55682     1.57553
         178     1.55682     1.58988
         179     1.55682     1.57702
         180     1.55682      1.5741
         181     1.55682     1.58063
         182     1.55682     1.58366
         183     1.55682     1.58008
         184     1.55682     1.58992
         185     1.55682     1.58198
         186     1.55682     1.57328
         187     1.55682     1.58708
         188     1.55682     1.58464
         189     1.55682     1.59109
         190     1.55682     1.56615
         191     1.55682     1.57314
         192     1.55682     1.57364
         193     1.55682     1.58274
         194     1.55682     1.57136
         195     1.55682      1.5775
         196     1.55682     1.58169
         197     1.55682     1.57421
         198     1.55682     1.59143
         199     1.55682      1.5842
