           0     8.39804     11.4784
           1     8.39804     9.90262
           2     8.17514     8.96299
           3     7.66728     8.44084
           4     7.38012     8.04075
           5     7.11073     7.71454
           6     6.28839     7.28007
           7     6.28839     6.82369
           8     5.76914     6.48603
           9     5.74227     6.16662
          10     5.40508     5.87412
          11     5.40508     5.61834
          12     4.98214     5.47891
          13     4.98214     5.27152
          14     4.62739     5.08037
          15     4.57197     4.85757
          16     4.46928     4.71113
          17     4.23878     4.58166
          18     4.23878     4.42838
          19     4.23878     4.34482
          20     4.08067     4.26388
          21     3.88195     4.17135
          22     3.62042     4.03114
          23     3.62042     3.85093
          24     3.49039      3.6855
          25     3.42604     3.58639
          26     3.26603     3.50552
          27     3.26603     3.40331
          28     3.16738     3.31501
          29     3.16738     3.25728
          30     2.96123     3.17157
          31     2.73685     3.06486
          32     2.73685      2.9285
          33     2.73685     2.85706
          34     2.71399     2.79079
          35     2.70091      2.7849
          36     2.70091     2.74386
          37      2.4537     2.70996
          38      2.4537     2.63499
          39      2.4537     2.54653
          40     2.37182     2.50343
          41     2.37012     2.46327
          42     2.37012     2.43045
          43     2.37012     2.40929
          44     2.36556     2.39837
          45      2.3044     2.39025
          46      2.3044     2.35332
          47      2.3044     2.35087
          48     2.16461     2.32011
          49     2.16461     2.27977
          50      1.8939     2.17775
          51      1.8939     2.06726
          52      1.8939     1.97199
          53     1.86516     1.94271
          54     1.86516     1.90711
          55     1.86516     1.88298
          56     1.81551     1.88362
          57     1.81551     1.88218
          58     1.81551     1.85597
          59     1.81551     1.84593
          60     1.81551     1.83981
          61     1.81551     1.86504
          62     1.81551     1.87291
          63     1.81551     1.83568
          64     1.81551     1.83282
          65     1.69099     1.82962
          66     1.69099     1.79271
          67     1.69099     1.73442
          68     1.69099     1.72311
          69     1.69099     1.73363
          70     1.69099     1.72029
          71     1.69099     1.73186
          72     1.65956     1.72333
          73     1.65956     1.70055
          74     1.65956     1.68657
          75     1.65956      1.6815
          76     1.65956     1.68602
          77      1.6015     1.67849
          78      1.6015     1.65664
          79      1.6015     1.63928
          80      1.6015      1.6415
          81      1.5393     1.62571
          82      1.5393     1.61915
          83      1.5393     1.58966
          84      1.5393     1.56672
          85     1.53618     1.57577
          86     1.53618       1.571
          87     1.53618     1.57753
          88     1.53618     1.58082
          89     1.53618     1.56931
          90     1.53618      1.5566
          91     1.53618      1.5784
          92     1.53618     1.57546
          93     1.53618     1.55241
          94     1.53618     1.56528
          95     1.53618      1.5667
          96     1.53618     1.56907
          97     1.53618     1.56705
          98     1.53618     1.55713
          99     1.53618     1.55662
         100     1.53618     1.54995
         101     1.53618     1.56235
         102     1.53618     1.55083
         103     1.53618     1.56612
         104     1.53618     1.56249
         105     1.53618     1.56031
         106     1.53618     1.56195
         107     1.53618     1.55401
         108     1.53618     1.56649
         109     1.53618     1.55279
         110     1.53618     1.55518
         111     1.53618     1.57866
         112     1.53618     1.56142
         113     1.53618      1.5567
         114     1.53618     1.55336
         115     1.53618     1.57249
         116     1.53618     1.56755
         117     1.53618     1.56126
         118     1.53618     1.54982
         119     1.53618     1.55005
         120     1.53618     1.56548
         121     1.53618     1.57285
         122     1.53618     1.57157
         123     1.53618      1.5855
         124     1.53618     1.57218
         125     1.53618     1.56832
         126     1.53618     1.56505
         127     1.53618     1.57396
         128     1.53618     1.57763
         129     1.53618     1.58334
         130     1.53618     1.56222
         131     1.53618     1.56325
         132     1.53618     1.55305
         133     1.53618     1.56266
         134     1.53618     1.54745
         135     1.53618     1.55423
         136     1.53618     1.54354
         137     1.53618     1.54947
         138     1.53618     1.55826
         139     1.53618     1.56886
         140     1.53618     1.57903
         141     1.53618      1.5687
         142     1.53618     1.56079
         143     1.53618      1.5669
         144     1.53618     1.55828
         145     1.53618     1.55041
         146     1.53618     1.56075
         147     1.53618     1.56797
         148     1.53618     1.56589
         149     1.53618     1.56837
         150     1.53618     1.56624
         151     1.53618     1.55941
         152     1.53618     1.57045
         153     1.53618     1.55497
         154     1.53618     1.57205
         155     1.53618     1.56774
         156     1.53618     1.55141
         157     1.53618     1.55554
         158     1.53618     1.56424
         159     1.53618     1.55099
         160     1.53618     1.55132
         161     1.53618     1.55759
         162     1.53618     1.56913
         163     1.53618     1.56039
         164     1.53618     1.56521
         165     1.53618     1.56094
         166     1.53618     1.54856
         167     1.53618     1.56297
         168     1.53618     1.56541
         169     1.53618      1.5589
         170     1.53618     1.55708
         171     1.53618     1.55877
         172     1.53618     1.57172
         173     1.53618      1.5621
         174     1.53618     1.55896
         175     1.53618     1.57675
         176     1.53618     1.56585
         177     1.53618     1.56171
         178     1.53618     1.57878
         179     1.53618     1.56324
         180     1.53618     1.56035
         181     1.53618     1.56757
         182     1.53618     1.56947
         183     1.53618     1.56533
         184     1.53618     1.58194
         185     1.53618     1.56856
         186     1.53618     1.55485
         187     1.53618      1.5716
         188     1.53618     1.56514
         189     1.53618     1.57523
         190     1.53618     1.55288
         191     1.53618     1.55697
         192     1.53618     1.55757
         193     1.53618     1.56839
         194     1.53618     1.55328
         195     1.53618      1.5582
         196     1.53618     1.56359
         197     1.53618     1.55605
         198     1.53618     1.57035
         199     1.53618     1.56646
