           0      8.5402      11.503
           1      8.5402      9.9766
           2     8.44117     9.08655
           3      7.9917     8.64959
           4     7.38128     8.28418
           5     7.22014      7.8866
           6     6.72916     7.45984
           7     6.35433     7.09028
           8     6.35433     6.76578
           9     6.00715     6.51524
          10     5.54821     6.19454
          11     5.11797     5.79034
          12      5.0574     5.49805
          13      4.9565     5.25203
          14     4.66221     5.06878
          15     4.64829     4.86407
          16     4.38666     4.73426
          17     4.38666     4.59075
          18     4.17207     4.47002
          19     4.17207     4.36031
          20     4.15879     4.27106
          21     4.03406       4.225
          22     3.78751     4.12671
          23     3.73861     3.98573
          24      3.7216      3.8428
          25     3.57196     3.76108
          26     3.57196     3.69717
          27     3.57196      3.6423
          28     3.57196      3.6057
          29      3.3245     3.57758
          30     3.16738     3.44574
          31     3.16738     3.33524
          32     3.05534      3.2402
          33     3.05534     3.17738
          34     2.67487     3.07511
          35     2.67487     2.93749
          36     2.67487     2.80379
          37     2.52766     2.73003
          38     2.51314       2.662
          39     2.51314     2.59054
          40     2.44882     2.56652
          41      2.1947     2.50312
          42      2.1947     2.37798
          43      2.1947     2.28982
          44     2.05964     2.22613
          45     2.05964      2.1702
          46     2.05964     2.10915
          47     2.05964     2.10834
          48     1.98739     2.08231
          49      1.8939     2.05849
          50      1.8939     1.98022
          51      1.8939     1.95167
          52      1.8939     1.92554
          53     1.86516      1.9256
          54     1.86516     1.90133
          55     1.86516     1.88121
          56     1.81551     1.88298
          57     1.81551     1.88208
          58     1.81551     1.85592
          59     1.81551     1.84577
          60     1.81551     1.83974
          61     1.81551     1.86501
          62     1.81551     1.87289
          63     1.81551     1.83564
          64     1.81551     1.83278
          65     1.69099     1.82962
          66     1.69099     1.79271
          67     1.69099     1.73442
          68     1.69099     1.72311
          69     1.69099     1.73363
          70     1.69099     1.72029
          71     1.69099     1.73186
          72     1.65956     1.72333
          73     1.65956     1.70055
          74     1.65956     1.68657
          75     1.65956      1.6815
          76     1.65956     1.68602
          77      1.6015     1.67849
          78      1.6015     1.65664
          79      1.6015     1.63928
          80      1.6015      1.6415
          81      1.5393     1.62571
          82      1.5393     1.61915
          83      1.5393     1.58966
          84      1.5393     1.56672
          85     1.53618     1.57577
          86     1.53618       1.571
          87     1.53618     1.57753
          88     1.53618     1.58082
          89     1.53618     1.56931
          90     1.53618      1.5566
          91     1.53618      1.5784
          92     1.53618     1.57546
          93     1.53618     1.55241
          94     1.53618     1.56528
          95     1.53618      1.5667
          96     1.53618     1.56907
          97     1.53618     1.56705
          98     1.53618     1.55713
          99     1.53618     1.55662
         100     1.53618     1.54995
         101     1.53618     1.56235
         102     1.53618     1.55083
         103     1.53618     1.56612
         104     1.53618     1.56249
         105     1.53618     1.56031
         106     1.53618     1.56195
         107     1.53618     1.55401
         108     1.53618     1.56649
         109     1.53618     1.55279
         110     1.53618     1.55518
         111     1.53618     1.57866
         112     1.53618     1.56142
         113     1.53618      1.5567
         114     1.53618     1.55336
         115     1.53618     1.57249
         116     1.53618     1.56755
         117     1.53618     1.56126
         118     1.53618     1.54982
         119     1.53618     1.55005
         120     1.53618     1.56548
         121     1.53618     1.57285
         122     1.53618     1.57157
         123     1.53618      1.5855
         124     1.53618     1.57218
         125     1.53618     1.56832
         126     1.53618     1.56505
         127     1.53618     1.57396
         128     1.53618     1.57763
         129     1.53618     1.58334
         130     1.53618     1.56222
         131     1.53618     1.56325
         132     1.53618     1.55305
         133     1.53618     1.56266
         134     1.53618     1.54745
         135     1.53618     1.55423
         136     1.53618     1.54354
         137     1.53618     1.54947
         138     1.53618     1.55826
         139     1.53618     1.56886
         140     1.53618     1.57903
         141     1.53618      1.5687
         142     1.53618     1.56079
         143     1.53618      1.5669
         144     1.53618     1.55828
         145     1.53618     1.55041
         146     1.53618     1.56075
         147     1.53618     1.56797
         148     1.53618     1.56589
         149     1.53618     1.56837
         150     1.53618     1.56624
         151     1.53618     1.55941
         152     1.53618     1.57045
         153     1.53618     1.55497
         154     1.53618     1.57205
         155     1.53618     1.56774
         156     1.53618     1.55141
         157     1.53618     1.55554
         158     1.53618     1.56424
         159     1.53618     1.55099
         160     1.53618     1.55132
         161     1.53618     1.55759
         162     1.53618     1.56913
         163     1.53618     1.56039
         164     1.53618     1.56521
         165     1.53618     1.56094
         166     1.53618     1.54856
         167     1.53618     1.56297
         168     1.53618     1.56541
         169     1.53618      1.5589
         170     1.53618     1.55708
         171     1.53618     1.55877
         172     1.53618     1.57172
         173     1.53618      1.5621
         174     1.53618     1.55896
         175     1.53618     1.57675
         176     1.53618     1.56585
         177     1.53618     1.56171
         178     1.53618     1.57878
         179     1.53618     1.56324
         180     1.53618     1.56035
         181     1.53618     1.56757
         182     1.53618     1.56947
         183     1.53618     1.56533
         184     1.53618     1.58194
         185     1.53618     1.56856
         186     1.53618     1.55485
         187     1.53618      1.5716
         188     1.53618     1.56514
         189     1.53618     1.57523
         190     1.53618     1.55288
         191     1.53618     1.55697
         192     1.53618     1.55757
         193     1.53618     1.56839
         194     1.53618     1.55328
         195     1.53618      1.5582
         196     1.53618     1.56359
         197     1.53618     1.55605
         198     1.53618     1.57035
         199     1.53618     1.56646
