           0      8.5402      11.503
           1      8.5402      9.9766
           2     8.44117     9.08655
           3      7.9917     8.64959
           4     7.38128     8.28418
           5     7.22014      7.8866
           6     6.72916     7.45984
           7     6.35433     7.09028
           8     6.35433     6.76578
           9     6.00715     6.51524
          10     5.54821     6.21561
          11     5.11797     5.81385
          12      5.0574     5.50808
          13      4.9565     5.25573
          14     4.66221     5.07034
          15     4.64829     4.86443
          16     4.38666     4.73422
          17     4.38666     4.59066
          18     4.17207     4.47002
          19     4.17207     4.36031
          20     4.15879     4.27106
          21     4.03406       4.225
          22     3.78751     4.12671
          23     3.73861     3.98573
          24      3.7216      3.8428
          25     3.57196     3.76108
          26     3.57196     3.69717
          27     3.57196      3.6423
          28     3.57196      3.6057
          29      3.3245     3.57758
          30     2.73667     3.41225
          31     2.59796     3.12675
          32     2.59796     2.88003
          33     2.59796     2.74818
          34     2.36979     2.64765
          35     2.36979     2.56306
          36     2.36979      2.4685
          37     2.26644     2.42141
          38     2.26644     2.37833
          39     2.26644     2.33402
          40     2.26644     2.33818
          41     2.05761     2.30944
          42     2.05761     2.21689
          43     2.05761     2.14545
          44     2.05761     2.10755
          45     1.98038     2.09249
          46     1.98038     2.04682
          47     1.98038     2.04454
          48     1.98038     2.01658
          49     1.95451     2.03173
          50     1.95451     2.00078
          51     1.95451     1.99956
          52     1.95451     1.99107
          53     1.94619     1.99685
          54     1.94619      1.9751
          55     1.94375     1.95779
          56     1.92792     1.97058
          57     1.92792     1.98223
          58     1.92792     1.96317
          59     1.92792     1.96227
          60     1.92792     1.95638
          61     1.83683     1.98578
          62     1.83683     1.95599
          63     1.83683     1.87977
          64     1.83683     1.86308
          65     1.83683      1.8723
          66      1.8155     1.87563
          67      1.8155     1.84553
          68      1.8155     1.84512
          69      1.8155     1.85655
          70     1.79926     1.84851
          71     1.79926     1.85504
          72     1.79926     1.84424
          73     1.79728     1.82354
          74     1.79728     1.82109
          75     1.77686     1.81948
          76     1.77686     1.81884
          77     1.77686     1.81404
          78     1.77686     1.81081
          79     1.77686     1.81198
          80     1.77686     1.82045
          81     1.77686     1.81403
          82     1.77488     1.83077
          83     1.77488     1.81805
          84     1.61173     1.78574
          85     1.61173     1.74601
          86     1.61173     1.70052
          87     1.59225     1.67888
          88     1.59225     1.66209
          89     1.59225     1.63905
          90     1.59225     1.62754
          91     1.59225     1.63845
          92     1.59225     1.64369
          93     1.59225     1.61421
          94     1.59225     1.63515
          95     1.59225     1.63315
          96     1.59225     1.63731
          97     1.53688     1.63268
          98     1.53688     1.59868
          99     1.45674     1.57171
         100     1.45674     1.52411
         101     1.45674     1.50798
         102     1.45674      1.4871
         103     1.45674     1.50276
         104     1.45674     1.49688
         105     1.45674     1.48959
         106     1.45674     1.49387
         107     1.45674     1.48051
         108     1.45476     1.48735
         109     1.45476     1.47859
         110     1.45476     1.48276
         111     1.45476     1.50546
         112     1.45476     1.49194
         113     1.45476     1.49239
         114     1.45476     1.48445
         115     1.45476     1.50219
         116     1.45476     1.50275
         117     1.41904     1.48742
         118     1.41904     1.46358
         119     1.41904      1.4506
         120     1.41383     1.46257
         121     1.41383     1.46671
         122     1.35846     1.46108
         123     1.35846     1.47537
         124     1.35846     1.41613
         125     1.35846     1.40599
         126     1.35846     1.40155
         127     1.35846     1.40649
         128     1.35846      1.4122
         129     1.35846     1.41979
         130     1.35846     1.39658
         131     1.34672     1.38698
         132     1.34672     1.37105
         133     1.34672     1.38474
         134     1.34672     1.36109
         135     1.34672     1.37616
         136     1.34672     1.35658
         137     1.34672     1.36412
         138     1.34672     1.37577
         139     1.34672     1.39886
         140     1.34672      1.4066
         141     1.34672     1.39116
         142     1.34672     1.38686
         143     1.34672     1.39079
         144     1.34672     1.38013
         145     1.34672     1.36679
         146     1.34672     1.37684
         147     1.34672     1.38588
         148     1.34672     1.38031
         149     1.34672     1.38677
         150     1.23741     1.37864
         151     1.23741     1.32753
         152     1.23741     1.30508
         153     1.23741      1.2734
         154     1.23741     1.28469
         155     1.23741     1.27607
         156     1.23741     1.25894
         157     1.23741     1.26243
         158     1.23741     1.27826
         159     1.23741     1.25924
         160     1.23741     1.25754
         161     1.23741     1.26715
         162     1.23741     1.28505
         163     1.23741     1.27257
         164     1.23741     1.27167
         165     1.23741     1.26761
         166     1.23741     1.25374
         167     1.23741      1.2735
         168     1.23741      1.2779
         169     1.23741     1.26746
         170     1.23089     1.26523
         171     1.23089      1.2657
         172     1.23089     1.28249
         173     1.23089     1.26321
         174     1.23089     1.26083
         175     1.23089      1.2808
         176     1.23089     1.27553
         177     1.23089     1.26385
         178     1.23089     1.28564
         179     1.23089     1.26777
         180     1.23089     1.26124
         181     1.23089       1.272
         182     1.23089     1.27481
         183     1.23089     1.26408
         184     1.23089     1.28894
         185     1.23089     1.27296
         186     1.23089     1.25369
         187     1.23089     1.27575
         188     1.23089     1.26843
         189     1.23089     1.28022
         190     1.23089     1.25663
         191     1.23089     1.26093
         192     1.23089     1.26151
         193     1.23089     1.27988
         194     1.23089     1.25089
         195     1.23089     1.25999
         196     1.23089     1.26801
         197     1.23089     1.25634
         198     1.23089     1.27861
         199     1.23089     1.27507
