           0     8.39804     11.4784
           1     8.39804     9.90262
           2     8.17514     8.96299
           3     7.66728     8.44084
           4     7.38012     8.04075
           5     7.11073     7.71454
           6     6.28839     7.28007
           7     6.28839     6.82369
           8     5.76914     6.48603
           9     5.74227     6.16662
          10     5.40508     5.85279
          11     4.87449     5.54326
          12     4.85155     5.27537
          13     4.85155     5.05033
          14     4.49679     4.89315
          15     4.44137     4.69497
          16     4.33868     4.56789
          17     4.10468     4.44531
          18     4.10468     4.29415
          19     4.10468     4.20927
          20     3.94657     4.13322
          21     3.94657     4.06149
          22     3.94623     4.01545
          23     3.77996     3.96927
          24     3.76283     3.87793
          25     3.66965     3.80713
          26     3.33481     3.72044
          27     3.33481     3.56486
          28     3.06454     3.40295
          29     3.06454     3.26269
          30     2.96123     3.12414
          31     2.73685      3.0363
          32     2.73685     2.91154
          33     2.73685     2.84902
          34     2.71399     2.78707
          35     2.70091     2.78325
          36     2.70091     2.74319
          37      2.4537     2.70958
          38      2.4537      2.6349
          39      2.4537     2.54611
          40     2.37182     2.50306
          41     2.37012     2.46319
          42     2.37012     2.43045
          43     2.37012     2.40929
          44     2.36556     2.39837
          45      2.3044     2.39025
          46      2.3044     2.35332
          47      2.3044     2.35087
          48     2.16461     2.32011
          49     2.16461     2.27977
          50     2.04182     2.19481
          51     2.04182     2.14042
          52     2.04182     2.09064
          53     1.99942     2.07786
          54     1.99942     2.04217
          55     1.97874     2.01524
          56     1.97874     2.01159
          57     1.91946     2.01328
          58     1.91946     1.98011
          59     1.91946     1.95812
          60     1.91946     1.94341
          61     1.91087     1.96558
          62     1.91087     1.96909
          63     1.91087     1.93062
          64     1.91087     1.92754
          65     1.91087     1.93445
          66     1.87358     1.93827
          67     1.87358      1.9071
          68     1.87358      1.8994
          69     1.82377     1.90463
          70     1.82377     1.87151
          71     1.82377     1.86553
          72     1.82377     1.85869
          73     1.82377     1.84461
          74     1.79618      1.8393
          75     1.77351     1.82708
          76     1.77351      1.8129
          77     1.77351     1.80346
          78     1.77351     1.79524
          79     1.77351     1.79613
          80     1.77351     1.80266
          81     1.77351     1.79564
          82     1.76021      1.8091
          83     1.69454     1.79065
          84     1.69454     1.75305
          85     1.69454     1.73833
          86     1.69454      1.7309
          87     1.62173     1.72376
          88     1.62173     1.69932
          89     1.62173     1.66989
          90     1.62173     1.64462
          91     1.62173     1.65501
          92     1.62173     1.65209
          93     1.62173     1.63477
          94     1.62173      1.6461
          95     1.62173     1.65019
          96     1.62173     1.65119
          97     1.62173      1.6481
          98     1.62173     1.63755
          99     1.62173     1.63762
         100     1.62173     1.63333
         101     1.62173     1.64775
         102     1.62173     1.63755
         103     1.62173     1.64629
         104     1.62173     1.64322
         105     1.62173     1.64133
         106     1.62173     1.64495
         107     1.62173     1.63587
         108     1.62173     1.64656
         109     1.62173      1.6375
         110     1.62173     1.63507
         111     1.62173       1.661
         112     1.62173     1.64787
         113     1.62173     1.64089
         114     1.62173     1.63625
         115     1.62173     1.65049
         116     1.62173     1.64914
         117     1.62173     1.64251
         118     1.61717     1.63491
         119     1.61717     1.63133
         120     1.61717     1.64228
         121     1.61717     1.65078
         122     1.61717     1.65071
         123     1.61717     1.65684
         124     1.61717     1.64642
         125     1.61717     1.64387
         126     1.61717      1.6427
         127     1.61717     1.64999
         128     1.61717     1.65733
         129     1.61717     1.66082
         130     1.61717     1.63523
         131     1.61717     1.63924
         132     1.61717     1.63007
         133     1.61717     1.63897
         134     1.61717     1.62614
         135     1.61717     1.63248
         136     1.61717     1.62467
         137     1.61717     1.63098
         138     1.61717     1.63537
         139     1.61717     1.64674
         140     1.61717     1.65762
         141     1.61717     1.64685
         142     1.61717     1.63951
         143     1.61717     1.64296
         144     1.61717     1.63504
         145     1.61717     1.62844
         146     1.61717     1.63957
         147     1.61717     1.65161
         148     1.57955     1.64291
         149     1.57955     1.62742
         150     1.57955      1.6097
         151     1.57955     1.60265
         152     1.57955     1.60987
         153     1.57955      1.5953
         154     1.57955     1.60957
         155     1.57955     1.60807
         156     1.57955     1.59026
         157     1.57955     1.59975
         158     1.57955     1.60882
         159     1.57955     1.59324
         160     1.57955     1.59246
         161     1.57955     1.59699
         162     1.57955     1.60596
         163     1.57955     1.60158
         164     1.55682     1.60382
         165     1.55682      1.5901
         166     1.55682     1.57342
         167     1.55682     1.58641
         168     1.55682        1.58
         169     1.55682     1.57665
         170     1.55682     1.57476
         171     1.55682     1.57504
         172     1.55682     1.59043
         173     1.55682     1.57928
         174     1.55682      1.5771
         175     1.55682     1.58718
         176     1.55682     1.57911
         177     1.55682     1.57553
         178     1.55682     1.58988
         179     1.55682     1.57702
         180     1.55682      1.5741
         181     1.55682     1.58063
         182     1.55682     1.58366
         183     1.55682     1.58008
         184     1.55682     1.58992
         185     1.55682     1.58198
         186     1.55682     1.57328
         187     1.55682     1.58708
         188     1.55682     1.58464
         189     1.55682     1.59109
         190     1.55682     1.56729
         191     1.55682     1.57337
         192     1.55682     1.57368
         193     1.55682     1.58275
         194     1.55682     1.57137
         195     1.55682     1.57751
         196     1.55682     1.58171
         197     1.55682     1.57422
         198     1.55682     1.59143
         199     1.55682      1.5842
