     1.67803           0
     1.68114   0.0031154
     1.66523   0.0160084
     1.67708   0.0163856
     1.67281   0.0133923
     1.67761   0.0119413
     1.68339   0.0116333
     1.68346   0.0100749
     1.68074  0.00929194
     1.67898  0.00849533
     1.67912  0.00768551
     1.67909  0.00701594
     1.67925  0.00645575
     1.67864  0.00600778
     1.67664   0.0059398
      1.6755  0.00567102
     1.67416  0.00549356
     1.67449  0.00518969
     1.67482  0.00492036
     1.67171   0.0056099
     1.67092  0.00539438
     1.67042  0.00516772
     1.67059  0.00494095
     1.67097  0.00474546
     1.67162  0.00459859
     1.67215  0.00444945
     1.67295  0.00435674
     1.67361  0.00424932
      1.6749  0.00429764
     1.67488  0.00415195
     1.67516  0.00402556
      1.6748   0.0039146
     1.67537    0.003836
     1.67484   0.0037589
      1.6749  0.00365041
     1.67347  0.00382401
     1.67379  0.00373333
     1.67316  0.00368872
     1.67258  0.00363923
     1.67367   0.0037106
     1.67298  0.00368387
     1.67246  0.00363223
     1.67254  0.00354751
     1.67195  0.00351442
     1.66977  0.00406895
     1.67013  0.00399516
     1.67024  0.00391073
     1.67037  0.00383081
     1.66981  0.00379316
     1.66956  0.00372508
     1.66976  0.00365662
     1.66916  0.00363555
     1.66884  0.00357996
     1.66872  0.00351531
     1.66997  0.00367182
      1.6699   0.0036064
     1.66985  0.00354295
     1.67036   0.0035189
     1.67046  0.00346003
     1.67035  0.00340339
     1.67058  0.00335457
     1.67071  0.00330264
     1.67037  0.00326759
     1.67003  0.00323409
     1.66996  0.00318464
     1.66985  0.00313812
     1.66946  0.00311526
     1.66925  0.00307643
     1.66892  0.00304911
     1.66872  0.00301192
     1.66859  0.00297173
     1.66816  0.00296226
     1.66823  0.00292224
     1.66836  0.00288556
     1.66861  0.00285719
     1.66867   0.0028201
      1.6686  0.00278424
      1.6688  0.00275615
     1.66856  0.00273161
     1.66852   0.0026977
     1.66856  0.00266457
     1.66814  0.00266531
     1.66778  0.00265795
     1.66826   0.0026701
     1.66843  0.00264384
     1.66828  0.00261697
     1.66802   0.0026002
     1.66808  0.00257117
     1.66782  0.00255512
     1.66801  0.00253351
     1.66811   0.0025078
     1.66823   0.0024831
     1.66797  0.00246987
     1.66836  0.00247409
     1.66827  0.00244945
     1.66844  0.00242951
      1.6685  0.00240513
     1.66871  0.00238957
     1.66863  0.00236665
     1.66841  0.00235341
