    0.795622           0
    0.794083  0.00153898
     0.79527  0.00148282
    0.793497  0.00205975
    0.794865  0.00210109
    0.794415  0.00177352
    0.794092  0.00153329
     0.79449  0.00138632
    0.793818  0.00139521
    0.794144  0.00128969
    0.794933  0.00140861
    0.794927  0.00128589
    0.794761  0.00119447
    0.794616  0.00111536
    0.794988  0.00110308
    0.794638  0.00108943
     0.79488  0.00105158
    0.794664  0.00101482
    0.794537 0.000968328
    0.794966  0.00101388
    0.794816 0.000975917
    0.794721 0.000935376
    0.794789 0.000896361
    0.794711 0.000861696
    0.794741 0.000827054
    0.794746 0.000794626
    0.794947 0.000790437
    0.794747 0.000787511
    0.794901  0.00077532
    0.795028 0.000759827
     0.79488 0.000749665
    0.794944 0.000728661
    0.794955 0.000706315
    0.794919 0.000686162
    0.795122 0.000696598
    0.794905 0.000711039
    0.794884 0.000691882
     0.79503 0.000689135
    0.794896 0.000684422
    0.795004 0.000675707
    0.795031 0.000659606
    0.794838 0.000672217
      0.7948 0.000657506
    0.794775 0.000642848
    0.794822 0.000630145
    0.794625 0.000647138
    0.794593  0.00063404
    0.794752 0.000640897
    0.794709 0.000629167
    0.794634 0.000621035
    0.794716 0.000614206
    0.794573 0.000618993
    0.794758 0.000634808
    0.794645 0.000633059
    0.794654 0.000621504
    0.794762 0.000619832
    0.794627  0.00062361
    0.794735 0.000622081
    0.794797 0.000614672
    0.794744 0.000606712
     0.79477 0.000597242
    0.794836 0.000591223
    0.794761 0.000586562
    0.794817 0.000580025
    0.794877 0.000574239
    0.794884 0.000565511
    0.794932 0.000559087
    0.794982 0.000553091
    0.794964 0.000545343
    0.795052 0.000544658
    0.794996  0.00053985
    0.795046 0.000534674
    0.795052 0.000527338
    0.795085 0.000521167
    0.795086 0.000514173
    0.795095 0.000507441
    0.795136  0.00050252
    0.795096 0.000497661
    0.795062 0.000492513
     0.79503 0.000487342
    0.794941  0.00048947
    0.794914 0.000484212
     0.79495 0.000479652
    0.794893 0.000477278
    0.794901  0.00047169
    0.794932 0.000467216
    0.794816 0.000476132
     0.79494 0.000486875
    0.794902 0.000482894
      0.7949 0.000477503
    0.794927 0.000472998
    0.794961 0.000469052
    0.794926 0.000465282
    0.795001 0.000466478
    0.794938 0.000465849
    0.795059 0.000476461
    0.794994 0.000475906
    0.794995 0.000471025
    0.794966 0.000467158
    0.794948 0.000462804
