    -5.47637           0
    -5.47635 1.89225e-05
    -5.47668    0.000333
    -5.47699 0.000390116
    -5.47678 0.000370734
    -5.47659 0.000359168
    -5.47658 0.000303619
    -5.47653 0.000268287
    -5.47649 0.000239509
     -5.4766 0.000240999
    -5.47659 0.000218335
    -5.47667 0.000214669
    -5.47669 0.000199054
    -5.47664 0.000191903
    -5.47657 0.000192044
    -5.47644 0.000219628
    -5.47643 0.000206481
    -5.47639 0.000200243
    -5.47636 0.000191442
    -5.47636 0.000181619
    -5.47629 0.000185616
    -5.47627 0.000178105
     -5.4763 0.000172394
    -5.47629 0.000165102
     -5.4763 0.000158616
     -5.4763 0.000152475
    -5.47637 0.000164552
    -5.47635 0.000159806
    -5.47636 0.000154311
    -5.47633 0.000151432
    -5.47631 0.000148436
    -5.47626 0.000151899
    -5.47626 0.000147262
    -5.47626 0.000142981
    -5.47628  0.00013962
    -5.47629 0.000135997
    -5.47629 0.000132352
    -5.47628 0.000129334
    -5.47627 0.000126035
    -5.47626 0.000124319
    -5.47627 0.000121867
    -5.47625 0.000121038
    -5.47621 0.000122833
    -5.47619 0.000122001
    -5.47619 0.000119295
    -5.47619 0.000116729
    -5.47621  0.00011631
    -5.47625 0.000119022
    -5.47624  0.00011667
    -5.47626 0.000115002
    -5.47626 0.000113047
    -5.47627 0.000111212
    -5.47629 0.000111337
    -5.47629  0.00010939
    -5.47627  0.00010864
    -5.47629 0.000108137
     -5.4763  0.00010632
    -5.47629 0.000104499
    -5.47631 0.000103615
    -5.47631 0.000101874
     -5.4763 0.000100202
    -5.47631 9.85792e-05
    -5.47629 9.77229e-05
    -5.47631  9.8217e-05
    -5.47631 9.67475e-05
    -5.47632 9.54675e-05
    -5.47633  9.4874e-05
    -5.47633 9.34864e-05
    -5.47633 9.21231e-05
    -5.47633 9.09494e-05
    -5.47634 9.09937e-05
    -5.47635 8.99444e-05
    -5.47632 9.17066e-05
    -5.47633 9.04616e-05
    -5.47634  9.1133e-05
    -5.47633 9.03331e-05
    -5.47633 8.94226e-05
    -5.47632 8.86476e-05
    -5.47632 8.76338e-05
    -5.47632 8.66249e-05
    -5.47633 8.60153e-05
    -5.47633 8.49598e-05
    -5.47632 8.40145e-05
    -5.47632 8.30083e-05
    -5.47633 8.24792e-05
    -5.47634 8.18882e-05
    -5.47632 8.27774e-05
    -5.47632 8.18611e-05
    -5.47631 8.12413e-05
    -5.47632 8.05875e-05
    -5.47633 8.06157e-05
    -5.47635 8.07778e-05
    -5.47634 8.05261e-05
    -5.47634 7.99663e-05
    -5.47634 7.91422e-05
    -5.47635 7.87138e-05
    -5.47635 7.79295e-05
    -5.47634 7.75222e-05
    -5.47633 7.71772e-05
    -5.47635 7.72959e-05
