     1.11868           0
     1.12076  0.00207693
     1.11016   0.0106723
     1.11805   0.0109237
      1.1152   0.0089282
      1.1184  0.00796087
     1.12226  0.00775552
     1.12231  0.00671662
     1.12049  0.00619463
     1.11932  0.00566356
     1.11941  0.00512367
     1.11939  0.00467729
      1.1195  0.00430384
     1.11909  0.00400518
     1.11776  0.00395986
       1.117  0.00378068
     1.11611  0.00366238
     1.11633   0.0034598
     1.11655  0.00328024
     1.11447  0.00373993
     1.11395  0.00359626
     1.11361  0.00344515
     1.11373  0.00329397
     1.11398  0.00316364
     1.11441  0.00306573
     1.11477   0.0029663
      1.1153   0.0029045
     1.11574  0.00283288
      1.1166   0.0028651
     1.11659  0.00276797
     1.11678  0.00268371
     1.11653  0.00260974
     1.11691  0.00255734
     1.11656  0.00250593
      1.1166  0.00243361
     1.11565  0.00254934
     1.11586  0.00248889
     1.11544  0.00245915
     1.11505  0.00242615
     1.11578  0.00247373
     1.11532  0.00245591
     1.11497  0.00242149
     1.11502  0.00236501
     1.11464  0.00234295
     1.11318  0.00271264
     1.11342  0.00266344
     1.11349  0.00260715
     1.11358  0.00255387
     1.11321  0.00252877
     1.11304  0.00248339
     1.11317  0.00243774
     1.11277   0.0024237
     1.11256  0.00238664
     1.11248  0.00234354
     1.11332  0.00244788
     1.11327  0.00240427
     1.11323  0.00236196
     1.11357  0.00234594
     1.11364  0.00230669
     1.11357  0.00226893
     1.11372  0.00223638
     1.11381  0.00220176
     1.11358  0.00217839
     1.11335  0.00215606
     1.11331  0.00212309
     1.11323  0.00209208
     1.11297  0.00207684
     1.11283  0.00205096
     1.11261  0.00203274
     1.11248  0.00200795
      1.1124  0.00198116
     1.11211  0.00197484
     1.11215  0.00194816
     1.11224  0.00192371
      1.1124   0.0019048
     1.11245  0.00188007
      1.1124  0.00185616
     1.11254  0.00183743
     1.11238  0.00182107
     1.11234  0.00179846
     1.11237  0.00177638
     1.11209  0.00177687
     1.11185  0.00177197
     1.11217  0.00178007
     1.11228  0.00176256
     1.11219  0.00174465
     1.11201  0.00173347
     1.11205  0.00171412
     1.11188  0.00170341
       1.112  0.00168901
     1.11208  0.00167187
     1.11215   0.0016554
     1.11198  0.00164658
     1.11224  0.00164939
     1.11218  0.00163297
     1.11229  0.00161967
     1.11233  0.00160342
     1.11247  0.00159305
     1.11242  0.00157776
     1.11227  0.00156894
