    -3.34405           0
    -3.34473 0.000680259
    -3.34544 0.000811285
     -3.3461 0.000874569
    -3.34656 0.000820614
    -3.34656 0.000670033
    -3.34683 0.000629807
    -3.34662 0.000585167
     -3.3467 0.000521745
    -3.34656 0.000488066
    -3.34644 0.000455963
    -3.34672 0.000499449
    -3.34661 0.000472092
    -3.34663 0.000437496
    -3.34648 0.000434011
    -3.34637  0.00041983
    -3.34635 0.000394829
    -3.34631 0.000374248
    -3.34629 0.000355089
    -3.34613 0.000372984
    -3.34607 0.000358914
    -3.34617 0.000356355
    -3.34614 0.000341778
     -3.3461  0.00032926
     -3.3461 0.000315834
    -3.34617 0.000310039
     -3.3462 0.000300096
    -3.34618 0.000289514
    -3.34614 0.000283092
    -3.34619 0.000277613
    -3.34618 0.000268529
     -3.3462 0.000260529
    -3.34614 0.000258671
    -3.34616 0.000251414
    -3.34619 0.000246174
    -3.34618 0.000239309
    -3.34616 0.000233877
    -3.34617 0.000227737
    -3.34618 0.000222124
    -3.34617 0.000216556
    -3.34618  0.00021134
    -3.34619 0.000206293
     -3.3462 0.000202201
    -3.34623 0.000199194
    -3.34616 0.000205011
    -3.34611 0.000208939
     -3.3461 0.000204487
    -3.34606 0.000203799
    -3.34603 0.000202781
      -3.346 0.000201405
    -3.34599 0.000197418
    -3.34598 0.000193821
    -3.34604 0.000196695
    -3.34605 0.000193479
    -3.34607 0.000190666
    -3.34602 0.000192831
    -3.34601 0.000189547
    -3.34603 0.000187054
    -3.34603 0.000183857
    -3.34605 0.000182596
    -3.34606 0.000179635
    -3.34604 0.000177552
    -3.34605 0.000174971
    -3.34605 0.000172259
    -3.34606 0.000170333
    -3.34611  0.00017417
    -3.34612 0.000171733
    -3.34613 0.000169613
     -3.3461 0.000169698
    -3.34609 0.000167428
    -3.34613 0.000168078
    -3.34614 0.000166025
    -3.34613 0.000163823
    -3.34612 0.000162139
    -3.34609 0.000161999
    -3.34609 0.000159889
     -3.3461    0.000158
    -3.34614 0.000159954
    -3.34617 0.000161273
    -3.34616 0.000159488
    -3.34615 0.000157707
    -3.34613 0.000157538
    -3.34616 0.000157824
    -3.34616 0.000155958
    -3.34617 0.000154907
    -3.34616 0.000153484
    -3.34617 0.000151812
    -3.34618 0.000150277
    -3.34616 0.000150038
    -3.34615 0.000148562
    -3.34615 0.000147004
    -3.34618 0.000147279
    -3.34617 0.000145735
    -3.34616 0.000144451
    -3.34617 0.000143022
    -3.34617  0.00014155
    -3.34618 0.000140261
    -3.34618 0.000138899
    -3.34619 0.000137521
    -3.34619 0.000136251
