     1.25343           0
     1.25606  0.00262706
     1.25265  0.00372652
     1.25015  0.00363093
     1.24757  0.00382226
     1.24473  0.00421394
     1.24757  0.00455565
     1.24683  0.00401518
     1.24811  0.00376518
     1.24777  0.00338461
     1.25114  0.00455179
     1.25351  0.00478167
     1.25435  0.00447834
     1.25438  0.00414628
     1.25564   0.0040585
     1.25607  0.00382101
     1.25644  0.00360849
     1.25606  0.00342338
     1.25562  0.00326776
     1.25543  0.00310623
     1.25495  0.00299311
     1.25499  0.00285417
     1.25549  0.00277171
     1.25651  0.00284327
     1.25581  0.00281496
     1.25575  0.00270516
     1.25693  0.00285895
     1.25697  0.00275518
     1.25597  0.00283871
     1.25538  0.00280534
     1.25557  0.00271959
     1.25583  0.00264643
     1.25599  0.00256991
     1.25628  0.00250949
      1.2565   0.0024474
     1.25696  0.00242226
      1.2575  0.00241544
     1.25754  0.00235137
     1.25787  0.00231478
     1.25826  0.00228973
     1.25854   0.0022506
     1.25868  0.00220054
     1.25858  0.00215079
     1.25805  0.00216945
     1.25749  0.00219345
     1.25661  0.00231545
     1.25562  0.00247312
     1.25528  0.00244514
     1.25519   0.0023966
     1.25514   0.0023486
     1.25553  0.00233437
     1.25601  0.00233916
     1.25587  0.00229855
     1.25605   0.0022625
     1.25563  0.00226143
     1.25599  0.00224972
     1.25669  0.00232081
     1.25741  0.00238911
     1.25769  0.00236543
     1.25775  0.00232654
     1.25809   0.0023125
     1.25847  0.00230602
     1.25861  0.00227354
     1.25872  0.00224041
     1.25842  0.00222598
     1.25799  0.00223366
      1.2579  0.00220181
     1.25795  0.00216976
     1.25768   0.0021548
     1.25755  0.00212825
     1.25708  0.00214928
     1.25706  0.00211927
     1.25646  0.00217454
       1.256   0.0021942
     1.25589  0.00216775
      1.2563  0.00217905
     1.25684  0.00221657
     1.25696  0.00219139
     1.25681  0.00216906
     1.25687  0.00214262
      1.2573  0.00215927
     1.25693  0.00216358
     1.25696  0.00213755
     1.25706  0.00211414
     1.25727   0.0020999
     1.25727  0.00207534
     1.25713  0.00205573
     1.25695  0.00204036
     1.25687  0.00201909
     1.25655   0.0020216
     1.25686  0.00202401
     1.25703  0.00200864
       1.257  0.00198714
     1.25708  0.00196733
     1.25715  0.00194778
     1.25724  0.00192953
     1.25696  0.00192969
     1.25647  0.00197162
     1.25603  0.00200104
     1.25561  0.00202332
