    -5.45042           0
    -5.45421  0.00379566
    -5.43902   0.0153544
    -5.45152   0.0165623
    -5.44771   0.0133829
    -5.45251   0.0119333
    -5.45857    0.011767
    -5.45843   0.0101915
    -5.45579  0.00936839
    -5.45388  0.00859276
     -5.4539  0.00777247
    -5.45415  0.00709956
     -5.4542  0.00653086
    -5.45361  0.00607505
    -5.45146  0.00605045
    -5.45022  0.00579445
    -5.44886   0.0056107
    -5.44915  0.00529767
    -5.44946  0.00502049
    -5.44618  0.00577831
    -5.44534  0.00556089
    -5.44494  0.00531732
    -5.44508   0.0050829
    -5.44542  0.00487827
    -5.44607  0.00472425
    -5.44666  0.00457711
     -5.4475  0.00448349
    -5.44814  0.00436796
    -5.44938  0.00439381
    -5.44941  0.00424493
    -5.44969  0.00411506
    -5.44935  0.00399942
    -5.44985  0.00390963
    -5.44934  0.00382754
    -5.44943  0.00371771
      -5.448  0.00388689
     -5.4483  0.00379237
    -5.44767  0.00374422
    -5.44711   0.0036908
    -5.44819  0.00375726
    -5.44751  0.00372722
      -5.447  0.00367349
    -5.44709  0.00358819
    -5.44653  0.00354953
    -5.44429  0.00413246
    -5.44458  0.00405235
    -5.44468  0.00396655
    -5.44478  0.00388427
    -5.44419  0.00385031
     -5.4439   0.0037833
     -5.4441  0.00371356
    -5.44349  0.00369221
    -5.44323  0.00363134
    -5.44311  0.00356525
    -5.44438  0.00372362
    -5.44427  0.00365847
    -5.44421   0.0035942
    -5.44474  0.00357126
    -5.44483  0.00351147
    -5.44475  0.00345328
    -5.44498  0.00340383
     -5.4451  0.00335042
    -5.44477  0.00331339
    -5.44442  0.00327933
    -5.44437  0.00322888
     -5.4443  0.00318031
    -5.44392  0.00315553
    -5.44372  0.00311522
    -5.44337  0.00309037
    -5.44316    0.003053
    -5.44307  0.00301107
    -5.44264   0.0029992
    -5.44271  0.00295854
    -5.44283  0.00292076
    -5.44304  0.00288975
    -5.44311   0.0028523
    -5.44305  0.00281581
    -5.44329  0.00279009
    -5.44308  0.00276234
    -5.44302  0.00272821
    -5.44306  0.00269457
    -5.44262  0.00269836
    -5.44228  0.00268687
    -5.44276  0.00269871
    -5.44295  0.00267308
    -5.44279  0.00264645
    -5.44253  0.00262863
     -5.4426  0.00259946
    -5.44232  0.00258511
     -5.4425  0.00256254
    -5.44261  0.00253669
    -5.44275  0.00251284
    -5.44249  0.00249952
    -5.44287   0.0025017
    -5.44279  0.00247657
    -5.44296  0.00245646
    -5.44303  0.00243198
    -5.44324  0.00241646
    -5.44316  0.00239315
    -5.44295  0.00237901
