     1.19343           0
     1.19112  0.00230848
     1.19291  0.00222424
     1.19025  0.00308962
      1.1923  0.00315163
     1.19162  0.00266029
     1.19114  0.00229994
     1.19174  0.00207948
     1.19073  0.00209282
     1.19122  0.00193454
      1.1924  0.00211291
     1.19239  0.00192883
     1.19214  0.00179171
     1.19192  0.00167304
     1.19248  0.00165461
     1.19196  0.00163414
     1.19232  0.00157737
       1.192  0.00152223
      1.1918  0.00145249
     1.19245  0.00152082
     1.19222  0.00146388
     1.19208  0.00140306
     1.19218  0.00134454
     1.19207  0.00129254
     1.19211  0.00124058
     1.19212  0.00119194
     1.19242  0.00118566
     1.19212  0.00118127
     1.19235  0.00116298
     1.19254  0.00113974
     1.19232   0.0011245
     1.19242  0.00109299
     1.19243  0.00105947
     1.19238  0.00102924
     1.19268   0.0010449
     1.19236  0.00106656
     1.19233  0.00103782
     1.19254   0.0010337
     1.19234  0.00102663
     1.19251  0.00101356
     1.19255  0.00098941
     1.19226  0.00100833
      1.1922 0.000986259
     1.19216 0.000964273
     1.19223 0.000945217
     1.19194 0.000970706
     1.19189  0.00095106
     1.19213 0.000961346
     1.19206  0.00094375
     1.19195 0.000931552
     1.19207 0.000921308
     1.19186  0.00092849
     1.19214 0.000952213
     1.19197 0.000949588
     1.19198 0.000932256
     1.19214 0.000929748
     1.19194 0.000935415
      1.1921 0.000933121
      1.1922 0.000922008
     1.19212 0.000910068
     1.19215 0.000895864
     1.19225 0.000886834
     1.19214 0.000879843
     1.19223 0.000870038
     1.19232 0.000861358
     1.19233 0.000848267
      1.1924  0.00083863
     1.19247 0.000829637
     1.19245 0.000818014
     1.19258 0.000816987
     1.19249 0.000809775
     1.19257 0.000802011
     1.19258 0.000791007
     1.19263 0.000781751
     1.19263 0.000771259
     1.19264 0.000761162
      1.1927  0.00075378
     1.19264 0.000746491
     1.19259 0.000738769
     1.19255 0.000731012
     1.19241 0.000734205
     1.19237 0.000726318
     1.19242 0.000719478
     1.19234 0.000715917
     1.19235 0.000707535
      1.1924 0.000700824
     1.19222 0.000714197
     1.19241 0.000730312
     1.19235  0.00072434
     1.19235 0.000716255
     1.19239 0.000709497
     1.19244 0.000703578
     1.19239 0.000697924
      1.1925 0.000699718
     1.19241 0.000698773
     1.19259 0.000714691
     1.19249 0.000713859
     1.19249 0.000706538
     1.19245 0.000700737
     1.19242 0.000694205
