     1.48622           0
     1.48618 4.02555e-05
      1.4862 2.80377e-05
     1.48619 2.41147e-05
     1.48618 1.90014e-05
     1.48618  1.5549e-05
     1.48618 1.33082e-05
     1.48618 1.15254e-05
     1.48617 1.24808e-05
     1.48617 1.31452e-05
     1.48616 1.27644e-05
     1.48616 1.18556e-05
     1.48616 1.13743e-05
     1.48617  1.0668e-05
     1.48617 9.97001e-06
     1.48616 9.34761e-06
     1.48616 9.33259e-06
     1.48617 9.87759e-06
     1.48617 9.71673e-06
     1.48617 9.66352e-06
     1.48617 9.19511e-06
     1.48617 8.98823e-06
     1.48617 8.91599e-06
     1.48615 1.42507e-05
     1.48615  1.3682e-05
     1.48615 1.31894e-05
     1.48615 1.28009e-05
     1.48615 1.25224e-05
     1.48615 1.20867e-05
     1.48615 1.16771e-05
     1.48615 1.13127e-05
     1.48615 1.10142e-05
     1.48615 1.07847e-05
     1.48615  1.0648e-05
     1.48615 1.04389e-05
     1.48615 1.09061e-05
     1.48615 1.08382e-05
     1.48615 1.05834e-05
     1.48615  1.0327e-05
     1.48615 1.00742e-05
     1.48615 1.01843e-05
     1.48614 1.05707e-05
     1.48614 1.05229e-05
     1.48614 1.04452e-05
     1.48614 1.02108e-05
     1.48614 1.00222e-05
     1.48614 9.80836e-06
     1.48614  9.7239e-06
     1.48614 9.52995e-06
     1.48614 9.34241e-06
     1.48614 9.35288e-06
     1.48614 9.20185e-06
     1.48614 9.13411e-06
     1.48615 8.97253e-06
     1.48615 8.92683e-06
     1.48615 8.87524e-06
     1.48614 8.74956e-06
     1.48614 8.61981e-06
     1.48614 8.52246e-06
     1.48614 8.37986e-06
     1.48614 8.38565e-06
     1.48614   8.418e-06
     1.48614 8.28926e-06
     1.48614 8.15875e-06
     1.48614 8.11077e-06
     1.48614 7.98714e-06
     1.48614 7.91426e-06
     1.48614 7.80003e-06
     1.48614 7.69808e-06
     1.48614  7.5874e-06
     1.48614 7.48008e-06
     1.48614 7.38217e-06
     1.48614 7.36931e-06
     1.48614 7.28542e-06
     1.48614 7.20752e-06
     1.48614 7.17383e-06
     1.48614 7.11075e-06
     1.48614 7.05078e-06
     1.48615 7.03453e-06
     1.48614 7.09927e-06
     1.48614 7.27929e-06
     1.48614 7.20447e-06
     1.48614 7.13159e-06
     1.48614 7.10903e-06
     1.48614 7.06189e-06
     1.48614 6.97962e-06
     1.48615 7.09753e-06
     1.48615 7.03809e-06
     1.48615 6.97013e-06
     1.48615 6.90618e-06
     1.48615 6.84894e-06
     1.48614 6.86663e-06
     1.48614 6.82281e-06
     1.48614 6.75558e-06
     1.48614  6.7191e-06
     1.48614 6.65738e-06
     1.48614 6.58968e-06
     1.48615 6.67118e-06
     1.48615 6.72295e-06
     1.48615 6.65892e-06
