     1.88014           0
     1.88408  0.00394058
     1.87898  0.00558978
     1.87523   0.0054464
     1.87135  0.00573339
      1.8671  0.00632091
     1.87136  0.00683347
     1.87024  0.00602276
     1.87216  0.00564776
     1.87166  0.00507691
     1.87671  0.00682768
     1.88026  0.00717251
     1.88152   0.0067175
     1.88157  0.00621942
     1.88345  0.00608774
      1.8841  0.00573151
     1.88466  0.00541274
     1.88409  0.00513507
     1.88343  0.00490164
     1.88314  0.00465935
     1.88242  0.00448966
     1.88249  0.00428125
     1.88323  0.00415756
     1.88476  0.00426491
     1.88372  0.00422245
     1.88363  0.00405774
      1.8854  0.00428843
     1.88545  0.00413278
     1.88396  0.00425807
     1.88308  0.00420801
     1.88335  0.00407939
     1.88375  0.00396965
     1.88399  0.00385487
     1.88442  0.00376424
     1.88476   0.0036711
     1.88545   0.0036334
     1.88624  0.00362317
     1.88631  0.00352705
     1.88681  0.00347217
      1.8874   0.0034346
     1.88781  0.00337589
     1.88802  0.00330081
     1.88788  0.00322619
     1.88707  0.00325418
     1.88623  0.00329017
     1.88492  0.00347317
     1.88343  0.00370969
     1.88292  0.00366772
     1.88278   0.0035949
     1.88271   0.0035229
     1.88329  0.00350156
     1.88401  0.00350874
     1.88381  0.00344783
     1.88408  0.00339375
     1.88344  0.00339215
     1.88398  0.00337458
     1.88504  0.00348122
     1.88611  0.00358366
     1.88654  0.00354814
     1.88663  0.00348981
     1.88714  0.00346876
      1.8877  0.00345903
     1.88791  0.00341032
     1.88808  0.00336062
     1.88763  0.00333897
     1.88698  0.00335049
     1.88685  0.00330272
     1.88693  0.00325465
     1.88653  0.00323219
     1.88632  0.00319237
     1.88562  0.00322392
      1.8856  0.00317891
      1.8847   0.0032618
       1.884   0.0032913
     1.88383  0.00325162
     1.88445  0.00326857
     1.88526  0.00332485
     1.88544  0.00328708
     1.88521  0.00325358
      1.8853  0.00321393
     1.88595   0.0032389
      1.8854  0.00324537
     1.88544  0.00320632
     1.88559   0.0031712
     1.88591  0.00314985
      1.8859  0.00311301
      1.8857   0.0030836
     1.88543  0.00306054
      1.8853  0.00302863
     1.88482   0.0030324
      1.8853  0.00303601
     1.88554  0.00301296
      1.8855  0.00298071
     1.88561    0.002951
     1.88572  0.00292167
     1.88585   0.0028943
     1.88544  0.00289453
      1.8847  0.00295743
     1.88404  0.00300155
     1.88342  0.00303497
