-0.233141   -0.377048   -0.358583
0.31746   -0.349253   0.00739388
-0.432885   -0.370507   0.0151941
0.254548   0.248923   0.288441
-0.0989008   0.264829   -0.463873
0.0247316   0.260698   0.368845
-0.106495   0.421825   0.323159
-0.375792   0.0899769   0.452196
-0.241637   -0.399612   0.028789
0.424702   -0.176925   0.0981187
-0.219093   -0.191171   0.311013
0.472925   0.46437   -0.158398
0.0326091   0.048583   -0.162576
-0.319631   -0.0831692   0.0902776
-0.354022   0.416289   -0.071246
0.166561   0.497341   0.498159
-0.254208   0.269047   -0.199009
0.233576   -0.0303442   -0.212031
0.142451   -0.473704   -0.263562
0.17945   0.340016   -0.364088
0.152884   -0.446553   -0.0403337
0.210283   0.0802256   -0.0288394
-0.0906785   -0.207817   -0.487803
0.482851   0.258734   0.379564
0.493997   0.304808   -0.335416
0.39339   -0.183841   0.34345
0.334338   0.414052   0.443974
0.270947   -0.18598   -0.355448
-0.110304   -0.307715   0.196142
0.174983   -0.362963   0.294573
-0.0567635   0.285287   0.16629
0.363164   0.228689   -0.0818245
-0.456812   -0.325461   -0.417606
-0.315183   -0.374333   -0.181956
-0.409705   0.4987   0.170325
0.445177   -0.0121498   -0.054406
-0.45202   0.164078   -0.118399
0.146006   -0.179961   -0.060415
0.0360625   -0.210488   -0.232041
-0.180439   0.197153   0.347395
0.00102945   0.480458   -0.412775
-0.241165   -0.453048   0.267584
-0.320772   -0.0196374   -0.134739
-0.0966772   0.365245   -0.269804
-0.0452464   -0.414579   -0.215514
-0.308154   0.361808   0.34923
0.385113   0.42187   0.0281428
-0.246425   0.0198044   0.299306
0.443557   0.119166   -0.434839
0.322801   -0.363942   -0.456778
-0.0549661   -0.397151   0.405903
-0.339708   0.27885   -0.427908
-0.047773   -0.312489   -0.0321307
0.283508   -0.000429905   -0.393725
0.0660621   0.23073   -0.200345
-0.205363   -0.216921   -0.0849245
0.239675   0.164309   0.490585
-0.347815   -0.00234297   -0.32803
0.245729   -0.478372   0.14595
0.123471   0.13817   0.175324
-0.0259364   0.157025   0.00145363
-0.329893   0.431135   -0.270915
-0.056247   0.00376588   0.34468
0.235587   -0.195351   0.178829
0.113949   -0.0379817   0.271849
-0.43379   -0.187211   -0.0588429
-0.0837903   -0.494125   0.11902
-0.492785   -0.479929   0.345882
-0.131314   -0.0235696   -0.0447734
-0.143713   -0.0830419   -0.278877
0.348909   0.444958   -0.349906
-0.183026   0.0435137   -0.492265
-0.393088   -0.304384   0.195588
0.166316   0.345186   0.0708308
-0.155499   0.489218   -0.108042
0.36771   -0.193319   -0.116428
-0.121382   0.0813622   0.158916
0.0494257   -0.0799081   -0.414316
-0.471543   0.285439   0.0685049
0.0937256   0.431831   0.269953
-0.293754   -0.342079   0.431747
0.394708   0.053345   0.378477
-0.454488   0.454003   -0.472226
-0.345483   0.1976   0.216567
-0.421616   -0.134882   0.363024
-0.12154   0.120272   -0.294047
0.342758   0.187982   0.102494
0.0365542   0.132055   -0.438138
0.20946   -0.0903058   0.4386
-0.371422   -0.197012   -0.274474
0.21558   0.377267   -0.146577
-0.307623   -0.168813   -0.476975
0.336291   0.0147209   0.159747
0.409209   -0.403168   0.180457
0.457286   -0.041433   -0.269922
0.44187   -0.0992609   -0.450743
0.423743   0.388537   0.227555
0.0555605   -0.0565039   0.0632463
0.0363867   -0.211862   0.295936
0.206916   -0.306256   -0.181848
-0.195449   0.474223   -0.465674
-0.231128   0.381444   0.140418
0.332569   0.214443   -0.291474
0.0823288   -0.338653   0.115761
-0.473539   -0.0101709   0.215895
0.0682332   -0.338262   -0.440898
-0.293883   0.15088   0.0124341
0.0148123   0.367265   -0.0631012
