           1    -7.53991
           2    -7.48406
           3    -7.56415
           4    -7.60552
           5    -7.62846
           6    -7.55039
           7    -7.60296
           8    -7.62266
           9    -7.59612
          10    -7.51868
          11    -7.44355
          12    -7.58156
          13    -7.54009
          14    -7.52753
          15    -7.55743
          16    -7.48405
          17    -7.49741
          18    -7.50606
          19    -7.53538
          20    -7.59072
          21    -7.56818
          22    -7.53927
          23    -7.55926
          24    -7.55604
          25    -7.53824
          26    -7.55598
          27    -7.56025
          28    -7.56731
          29     -7.5254
          30     -7.5389
          31    -7.52064
          32    -7.55751
          33    -7.50031
          34    -7.52943
          35    -7.59804
          36    -7.45765
          37    -7.55341
          38    -7.56205
          39    -7.57576
          40    -7.60952
          41    -7.49748
          42     -7.5697
          43    -7.53233
          44    -7.57885
          45    -7.54906
          46     -7.4854
          47    -7.51525
          48    -7.54214
          49    -7.53735
          50    -7.57261
          51    -7.59868
          52    -7.58709
          53     -7.4944
          54    -7.58416
          55    -7.54388
          56    -7.53076
          57    -7.53118
          58    -7.55258
          59    -7.54155
          60    -7.52268
          61    -7.53024
          62    -7.55595
          63    -7.54822
          64    -7.52599
          65    -7.59293
          66    -7.53907
          67    -7.59408
          68    -7.59456
          69    -7.48407
          70    -7.47654
          71    -7.52034
          72    -7.54976
          73    -7.54322
          74    -7.65038
          75       -7.57
          76    -7.57547
          77    -7.59084
          78    -7.55438
          79    -7.56979
          80    -7.53391
          81    -7.60379
          82     -7.5865
          83    -7.55151
          84    -7.60159
          85    -7.58396
          86    -7.55922
          87    -7.55469
          88    -7.56706
          89    -7.59348
          90    -7.57916
          91    -7.55619
          92    -7.54872
          93    -7.53724
          94    -7.53474
          95    -7.41143
          96    -7.55496
          97    -7.55157
          98    -7.53446
          99     -7.5178
         100     -7.5084
         101    -7.47965
         102    -7.63947
         103    -7.59618
         104    -7.62139
         105    -7.60264
         106    -7.55482
         107    -7.56444
         108     -7.5878
         109    -7.56282
         110    -7.56356
         111    -7.60855
         112    -7.55949
         113    -7.52375
           1    -7.53991
           2    -7.48406
           3    -7.56415
           4    -7.60552
           5    -7.62846
           6    -7.55039
           7    -7.60296
           8    -7.62266
           9    -7.59612
          10    -7.51868
          11    -7.44355
          12    -7.58156
          13    -7.54009
          14    -7.52753
          15    -7.55743
          16    -7.48405
          17    -7.49741
          18    -7.50606
          19    -7.53538
          20    -7.59072
          21    -7.56818
          22    -7.53927
          23    -7.55926
          24    -7.55604
          25    -7.53824
          26    -7.55598
          27    -7.56025
          28    -7.56731
          29     -7.5254
          30     -7.5389
          31    -7.52064
          32    -7.55751
          33    -7.50031
          34    -7.52943
          35    -7.59804
          36    -7.45765
          37    -7.55341
          38    -7.56205
          39    -7.57576
          40    -7.60952
          41    -7.49748
          42     -7.5697
          43    -7.53233
          44    -7.57885
          45    -7.54906
          46     -7.4854
          47    -7.51525
          48    -7.54214
          49    -7.53735
          50    -7.57261
          51    -7.59868
          52    -7.58709
          53     -7.4944
          54    -7.58416
          55    -7.54388
          56    -7.53076
          57    -7.53118
          58    -7.55258
          59    -7.54155
          60    -7.52268
          61    -7.53024
          62    -7.55595
          63    -7.54822
          64    -7.52599
          65    -7.59293
          66    -7.53907
          67    -7.59408
          68    -7.59456
          69    -7.48407
