           0     43.8408     56.8976
           1     43.8408     50.0554
           2     42.8388     46.1036
           3     38.2721     43.5133
           4     38.2721     41.0374
           5     34.8984     39.1248
           6     34.7586      37.015
           7     33.7096     35.7178
           8      30.695      34.474
           9      30.695     32.8164
          10     26.5509       31.28
          11     26.5509     29.0992
          12     26.5509     27.7949
          13     25.7352     26.9771
          14     25.3423     26.3621
          15      25.256     25.8086
          16      25.256     25.5857
          17     25.1518     25.4224
          18     24.6435     25.2647
          19     24.0104     25.0028
          20     24.0104     24.6001
          21     23.4202     24.2613
          22     23.4202     23.9754
          23     23.2308     23.7426
          24      20.919     23.1536
          25     19.2237     22.0172
          26     19.2237     20.7218
          27     17.9214     19.7841
          28     17.9214      18.896
          29     15.6122      18.205
          30     15.6122     17.1068
          31     15.6122     16.3313
          32     14.3158     15.8283
          33     14.3158     15.2687
          34     14.3158     14.7562
          35     14.1167     14.7018
          36     14.1167     14.4166
          37     14.1167     14.3251
          38     14.1167     14.2871
          39     14.1167     14.2421
          40     14.1167     14.3415
          41     12.6306     14.1398
          42     12.6306     13.5182
          43     10.7721     12.8812
          44     10.7721     11.9882
          45     10.7721     11.3593
          46     10.7697     11.0464
          47     10.3106     10.9652
          48     10.3106     10.6755
          49     9.58311       10.56
          50     9.58311     10.0913
          51     9.58311     9.93809
          52     9.58311     9.78623
          53     9.34024     9.73539
          54     9.34024     9.53835
          55     9.20528     9.41315
          56     9.20528     9.37525
          57     8.96369     9.38848
          58     8.63804     9.18264
          59     8.63804     9.01057
          60     8.63804     8.85364
          61     8.58947     8.88672
          62      8.3351     8.85804
          63      7.4737     8.47196
          64      7.4737     8.06512
          65     7.29872     7.80895
          66     7.29872     7.62975
          67     7.29872     7.42162
          68     6.99579     7.36951
          69     6.99579     7.35133
          70     6.99579     7.19804
          71     6.98784     7.20265
          72     6.98784     7.18278
          73     6.46451     7.02496
          74     6.46451     6.82207
          75     6.46451     6.68357
          76     6.46451      6.6278
          77     6.46451     6.62506
          78     6.43318     6.57656
          79     6.02721     6.55673
          80     6.02721     6.44488
          81     5.77852     6.24544
          82     5.77852     6.17667
          83     5.77852     5.99523
          84     5.77852     5.89677
          85     5.77852     5.97832
          86     5.75357     5.97221
          87     5.75357     5.96103
          88     5.75357     5.93536
          89     5.75357     5.91724
          90     5.75357     5.88519
          91     5.75357     5.92556
          92     5.75357     5.95215
          93     5.74848      5.8222
          94     5.74848     5.91662
          95     5.74848     5.90086
          96     5.74848     5.91975
          97     3.65247     5.67165
          98     3.65247     4.84715
          99     3.52979     4.25442
         100     3.52979     3.86751
         101     3.52979     3.72245
         102     3.52979     3.62056
         103     3.52979     3.67195
         104     3.39786     3.66199
         105     3.39786     3.60909
         106       3.239     3.54311
         107       3.239     3.41711
         108       3.239     3.37567
         109       3.239     3.32153
         110       3.239     3.34795
         111       3.239     3.40033
         112       3.239     3.33594
         113       3.239     3.36832
         114       3.239     3.34218
         115     3.22839     3.37944
         116     3.22839     3.39455
         117     3.22839     3.35835
         118     3.22497     3.30534
         119     3.22497     3.30179
         120     3.17981     3.38422
         121     3.17981     3.40968
         122     3.17981     3.39577
         123     3.17981     3.53804
         124     3.17981     3.34958
         125     3.17981     3.33427
         126     3.17981     3.34607
         127     2.50389     3.30228
         128     2.50389     3.10993
         129     2.50389     2.92085
         130     2.50389     2.72241
         131     2.50389        2.63
         132     2.50389     2.57406
         133     2.50389     2.61724
         134     2.50389     2.53831
         135     2.50389     2.62659
         136     2.50389     2.53928
         137     2.50389     2.55989
         138     2.50389     2.62596
         139     2.50389     2.72428
         140     2.50389     2.72446
         141     2.50389     2.69104
         142     2.50389     2.63488
         143     2.50389     2.66782
         144     2.50389     2.61695
         145     2.50389     2.59392
         146     2.50212     2.60896
         147     2.50212      2.6475
         148     2.50212     2.60386
         149     2.50212     2.66534
         150     2.50212     2.70495
         151     2.50212     2.67096
         152     2.50212     2.67662
         153     2.50212     2.61435
         154     2.50212     2.67468
         155     2.50212     2.66405
         156     2.50212     2.57566
         157     2.50212     2.59993
         158     2.50212     2.65587
         159     2.50212     2.58234
         160     2.50212     2.58753
         161     2.50212     2.60878
         162     2.50212     2.69986
         163     2.22944     2.65963
         164     2.22944     2.51966
         165     2.22944     2.40757
         166     2.22944     2.31295
         167     2.22944     2.38081
         168     2.22944     2.35514
         169     2.22944     2.37834
         170     2.22944     2.33783
         171     2.22944      2.3242
         172     2.19855      2.4421
         173     2.19855      2.3452
         174     2.19855     2.32541
         175     2.19855     2.40274
         176     2.19855     2.40874
         177     2.19855     2.30382
         178     2.19855     2.39023
         179     2.19855     2.36731
         180     2.19855      2.3394
         181     2.19855     2.37554
         182     2.19855      2.3887
         183     2.19855     2.32388
         184     2.19855     2.45932
         185     2.19855     2.36408
         186     2.19855     2.28463
         187     2.19855     2.35027
         188     2.19855      2.3321
         189     2.19855     2.38335
         190     2.19855     2.30722
         191     2.19855     2.34201
         192     2.19855     2.31949
         193     2.19855     2.39998
         194     2.19855     2.25209
         195     2.19855     2.31101
         196     2.19855     2.34185
         197     2.19855     2.25816
         198     2.19855     2.34763
         199     2.19855     2.35445
