           0     6.68172     9.66124
           1     6.67971     8.17828
           2     6.39271     7.25024
           3     6.10947     6.73301
           4     6.06004     6.42106
           5     5.62388     6.19704
           6     5.50658      5.9044
           7     5.21455       5.684
           8     5.11497     5.47911
           9     5.00614     5.29559
          10     4.90275     5.13777
          11     4.85387     5.00362
          12     4.56053     4.89995
          13     4.56053     4.76169
          14     4.30291      4.6268
          15     4.30291     4.47612
          16     4.30291     4.39365
          17     4.01389     4.31658
          18     3.83079     4.16931
          19     3.83079     4.02134
          20     3.55712     3.88591
          21     3.55712     3.74275
          22     3.50405     3.64733
          23     3.36878      3.5752
          24     3.36878      3.4765
          25     3.25285     3.41317
          26     3.17635     3.34546
          27       3.152     3.27908
          28     3.04778     3.21016
          29     3.04778     3.15177
          30     3.04778     3.09343
          31     3.01591      3.0742
          32     3.01591      3.0521
          33     2.94029     3.04031
          34     2.94029     3.00527
          35      2.9253     2.99789
          36     2.92058     2.96569
          37     2.79212     2.94342
          38     2.79212     2.90112
          39     2.79212     2.85493
          40     2.72377     2.83584
          41     2.71396     2.79506
          42     2.71396     2.76076
          43     2.49912     2.71343
          44     2.49912     2.62938
          45     2.49912     2.56209
          46     2.47945     2.52825
          47     2.47945     2.51922
          48     2.31485     2.48792
          49     2.31485     2.43352
          50     2.30651     2.36626
          51     2.06203     2.32453
          52     2.06203     2.22473
          53     2.06203     2.15113
          54     1.99369     2.09344
          55     1.90371     2.03566
          56     1.90371      1.9855
          57     1.90371     1.96133
          58     1.90371     1.93767
          59     1.90371     1.92416
          60     1.90371     1.92765
          61      1.8223     1.93283
          62      1.8223     1.91223
          63      1.8223      1.8554
          64      1.8223     1.84331
          65      1.8223     1.84579
          66      1.8223     1.85255
          67      1.8223     1.83564
          68     1.80202     1.83354
          69     1.78783     1.83594
          70     1.78783     1.82083
          71     1.78783     1.81847
          72     1.78783     1.81652
          73     1.78783     1.80573
          74     1.78783      1.8052
          75     1.67319     1.79557
          76     1.67319      1.7563
          77     1.67319     1.72649
          78     1.67319     1.70751
          79     1.67319     1.69877
          80     1.67319     1.70089
          81     1.60454     1.69037
          82     1.60454     1.67636
          83     1.60454     1.64796
          84     1.60454     1.62579
          85     1.60454     1.63171
          86     1.60454     1.63199
          87     1.60454     1.64029
          88     1.60454     1.63249
          89     1.60454     1.62487
          90     1.53072     1.61634
          91     1.53072     1.60125
          92     1.53072     1.57983
          93     1.53072     1.54979
          94     1.53072     1.55717
          95     1.53072     1.55306
          96     1.53072     1.55663
          97     1.53072     1.55345
          98     1.53072      1.5516
          99     1.53072     1.54942
         100     1.53072     1.54516
         101     1.53072     1.55416
         102     1.53072     1.54708
         103     1.53072     1.55243
         104     1.53072     1.55769
         105     1.53072      1.5559
         106     1.53072     1.55612
         107     1.53072     1.54611
         108     1.53072     1.55121
         109     1.46167     1.53925
         110     1.46167      1.5197
         111     1.46167      1.5149
         112     1.46167     1.49375
         113     1.43106     1.48183
         114     1.43106      1.4671
         115     1.43106     1.46618
         116     1.43106     1.46332
         117     1.43106     1.45626
         118     1.43106     1.44907
         119     1.43106     1.44566
         120     1.43106     1.45998
         121     1.37739     1.45887
         122     1.37739      1.4404
         123     1.37739     1.44161
         124     1.37739     1.41377
         125     1.37739     1.41321
         126     1.37739     1.41033
         127     1.37739     1.40678
         128     1.37043     1.41434
         129     1.37043     1.42257
         130     1.37043     1.39803
         131     1.37043     1.40005
         132     1.37043     1.38566
         133     1.37043     1.39257
         134     1.37043     1.38476
         135     1.37043     1.39425
         136     1.37043     1.38142
         137     1.37043     1.39102
         138     1.31559     1.39045
         139     1.31559     1.39225
         140     1.31559     1.37949
         141     1.31559      1.3574
         142     1.31559     1.34315
         143     1.31559      1.3428
         144     1.31559     1.33559
         145     1.31559      1.3296
         146     1.31559     1.34133
         147     1.31559     1.34435
         148     1.31559     1.33949
         149     1.31559     1.34604
         150     1.31559     1.35888
         151     1.31559     1.34514
         152     1.31559     1.34872
         153     1.31455     1.33986
         154     1.31455     1.35052
         155     1.31455     1.34463
         156     1.31455     1.32964
         157     1.31455     1.33292
         158     1.31455     1.34027
         159     1.31455     1.32752
         160      1.3134      1.3271
         161      1.3134     1.33208
         162      1.3134     1.34462
         163      1.3134     1.34344
         164      1.3134     1.34184
         165      1.3134     1.34286
         166      1.3134     1.32479
         167      1.3134      1.3442
         168      1.3134     1.34156
         169      1.3134     1.33629
         170      1.3134     1.33614
         171      1.3134     1.33794
         172      1.3134     1.35821
         173      1.3134     1.35379
         174      1.3134     1.34537
         175      1.3134     1.36162
         176      1.3134     1.35085
         177      1.3134     1.33986
         178      1.3134     1.36515
         179      1.3134     1.34327
         180      1.3134     1.33892
         181      1.3134     1.34021
         182      1.3134     1.35089
         183     1.28307     1.34082
         184     1.28307     1.34376
         185     1.28307     1.31805
         186     1.28307     1.30584
         187     1.28307     1.31607
         188     1.28307     1.31511
         189     1.28307     1.31781
         190     1.28307      1.3036
         191     1.28307      1.3099
         192     1.28307     1.30748
         193     1.28307     1.31142
         194     1.28307     1.30019
         195     1.28307     1.30072
         196     1.28307     1.30813
         197     1.28307     1.29961
         198     1.28307     1.30905
         199     1.28307     1.30983
