           0           0           0     43.8408
           0           0        0.01     9.60902
           0           0        0.02     7.55124
           0           0        0.03       6.622
           0           0        0.04     2.59059
           0           0        0.05      2.2057
           0           0        0.06     2.19855
           0           0        0.07     2.19855
           0           0        0.08     2.19855
           0           0        0.09     2.19855
           0           0         0.1     2.19855
           0           0        0.11     2.19855
           0           0        0.12     2.19855
           0           0        0.13     2.19855
           0           0        0.14     2.19855
           0           0        0.15     5.34142
           0           0        0.16     5.65222
           0           0        0.17     2.19855
           0           0        0.18     2.19855
           0           0        0.19     6.52087
           0           0         0.2     2.19855
           0           0        0.21     2.19855
           0           0        0.22     2.19855
           0           0        0.23     6.52087
           0           0        0.24     6.52087
           0           0        0.25     6.78739
           0           0        0.26     2.19855
           0           0        0.27     2.19855
           0           0        0.28     2.19855
           0           0        0.29     2.19855
           0           0         0.3     2.19855
           0           0        0.31     2.19855
           0           0        0.32     2.19855
           0           0        0.33     2.19855
           0           0        0.34     2.19855
           0           0        0.35     2.19855
           0           0        0.36     2.19855
           0           0        0.37     2.19855
           0           0        0.38     2.19855
           0           0        0.39     2.19855
           0           0         0.4     2.19855
           0           0        0.41     2.19855
           0           0        0.42     2.19855
           0           0        0.43     5.65222
           0           0        0.44     5.65222
           0           0        0.45     5.34142
           0           0        0.46     6.16362
           0           0        0.47     6.69263
           0           0        0.48     2.19855
           0           0        0.49     2.19855
           0           0         0.5     2.19855
           0           0        0.51     2.19855
           0           0        0.52     6.28518
           0           0        0.53     6.28518
           0           0        0.54     2.19855
           0           0        0.55     2.19855
           0           0        0.56     2.19855
           0           0        0.57     2.19855
           0           0        0.58     2.19855
           0           0        0.59     2.19855
           0           0         0.6     2.19855
           0           0        0.61     2.19855
           0           0        0.62     2.19855
           0           0        0.63     2.19855
           0           0        0.64     2.19855
           0           0        0.65     2.19855
           0           0        0.66     2.19855
           0           0        0.67     2.19855
           0           0        0.68     2.19855
           0           0        0.69     2.19855
           0           0         0.7     2.19855
           0           0        0.71     2.19855
           0           0        0.72     2.19855
           0           0        0.73     2.19855
           0           0        0.74     2.19855
           0           0        0.75     2.19855
           0           0        0.76     2.19855
           0           0        0.77     2.19855
           0           0        0.78     2.19855
           0           0        0.79     2.19855
           0           0         0.8     2.19855
           0           0        0.81     2.19855
           0           0        0.82     2.19855
           0           0        0.83     2.19855
           0           0        0.84     4.28057
           0           0        0.85     4.37838
           0           0        0.86     2.75763
           0           0        0.87     4.37838
           0           0        0.88     2.75763
           0           0        0.89     2.75763
           0           0         0.9     2.75763
           0           0        0.91     2.75763
           0           0        0.92     5.94005
           0           0        0.93     5.55394
           0           0        0.94     6.37614
           0           0        0.95     5.86473
           0           0        0.96     5.86473
           0           0        0.97     5.86473
           0           0        0.98     5.55394
           0           0        0.99     2.93606
