           0           0           0     6.68172
        0.01           0           0     2.98595
        0.02           0           0     2.10277
        0.03           0           0     2.63884
        0.04           0           0     1.88529
        0.05           0           0     2.33864
        0.06           0           0     2.17778
        0.07           0           0     2.26403
        0.08           0           0      2.3266
        0.09           0           0     2.39748
         0.1           0           0     2.26346
        0.11           0           0     2.13833
        0.12           0           0     2.13146
        0.13           0           0     2.41608
        0.14           0           0     2.41608
        0.15           0           0     2.41608
        0.16           0           0     1.96279
        0.17           0           0      1.6539
        0.18           0           0     1.93594
        0.19           0           0     2.23492
         0.2           0           0     2.23971
        0.21           0           0     2.36335
        0.22           0           0     2.36335
        0.23           0           0      2.2331
        0.24           0           0     2.37358
        0.25           0           0     2.47249
        0.26           0           0     2.47249
        0.27           0           0     2.61459
        0.28           0           0     2.61459
        0.29           0           0     1.82399
         0.3           0           0     2.21135
        0.31           0           0     2.21135
        0.32           0           0     1.67072
        0.33           0           0     1.67072
        0.34           0           0     2.00843
        0.35           0           0     2.00843
        0.36           0           0      2.1399
        0.37           0           0     1.94601
        0.38           0           0     1.94601
        0.39           0           0     1.81111
         0.4           0           0     1.81111
        0.41           0           0     1.81111
        0.42           0           0     1.81111
        0.43           0           0     1.91653
        0.44           0           0     1.87205
        0.45           0           0     1.82374
        0.46           0           0      2.3482
        0.47           0           0      2.3482
        0.48           0           0      2.3482
        0.49           0           0     2.60502
         0.5           0           0     2.60502
        0.51           0           0     2.60502
        0.52           0           0     2.60502
        0.53           0           0     2.60502
        0.54           0           0     2.16971
        0.55           0           0     2.12778
        0.56           0           0      2.1399
        0.57           0           0      2.1399
        0.58           0           0      2.1399
        0.59           0           0      2.1399
         0.6           0           0     1.77326
        0.61           0           0     1.77326
        0.62           0           0     2.39632
        0.63           0           0      2.1201
        0.64           0           0     2.39632
        0.65           0           0      2.3673
        0.66           0           0     2.04715
        0.67           0           0     2.36335
        0.68           0           0     2.36335
        0.69           0           0     2.36335
         0.7           0           0      2.3673
        0.71           0           0      2.3673
        0.72           0           0      2.3673
        0.73           0           0      2.3673
        0.74           0           0      2.3673
        0.75           0           0      2.3673
        0.76           0           0     2.37319
        0.77           0           0     2.37319
        0.78           0           0     2.37319
        0.79           0           0     2.37319
         0.8           0           0     2.37319
        0.81           0           0     2.37319
        0.82           0           0     1.79345
        0.83           0           0     2.37319
        0.84           0           0     2.37319
        0.85           0           0     2.37319
        0.86           0           0     1.93586
        0.87           0           0     1.79492
        0.88           0           0     1.79492
        0.89           0           0     1.79492
         0.9           0           0     1.79492
        0.91           0           0     1.85593
        0.92           0           0     1.85593
        0.93           0           0     1.85593
        0.94           0           0     1.85593
        0.95           0           0      1.7841
        0.96           0           0     1.38372
        0.97           0           0     1.38372
        0.98           0           0     1.38372
        0.99           0           0     2.32562
