           0           0           0     7.02019
        0.01           0           0      2.6398
        0.02           0           0     1.83853
        0.03           0           0     1.79234
        0.04           0           0     1.93584
        0.05           0           0     1.95598
        0.06           0           0     1.89545
        0.07           0           0     1.89545
        0.08           0           0     1.80585
        0.09           0           0     1.93584
         0.1           0           0     1.98389
        0.11           0           0     1.93582
        0.12           0           0     1.99004
        0.13           0           0     2.32043
        0.14           0           0     1.92737
        0.15           0           0     1.92737
        0.16           0           0     1.89741
        0.17           0           0     1.89722
        0.18           0           0     1.96427
        0.19           0           0     1.82634
         0.2           0           0     1.97636
        0.21           0           0     2.08655
        0.22           0           0     2.08655
        0.23           0           0      2.0558
        0.24           0           0      2.0558
        0.25           0           0     1.69391
        0.26           0           0     1.49181
        0.27           0           0     1.49181
        0.28           0           0      1.6977
        0.29           0           0     1.96322
         0.3           0           0      1.8236
        0.31           0           0     1.74705
        0.32           0           0     1.94334
        0.33           0           0     2.02528
        0.34           0           0     1.91785
        0.35           0           0     1.91785
        0.36           0           0     1.91785
        0.37           0           0     1.91785
        0.38           0           0     1.91785
        0.39           0           0     1.91785
         0.4           0           0     1.80211
        0.41           0           0     2.05186
        0.42           0           0     1.84056
        0.43           0           0     1.84056
        0.44           0           0     1.84056
        0.45           0           0     1.84056
        0.46           0           0     1.84056
        0.47           0           0     1.84056
        0.48           0           0     2.02874
        0.49           0           0     2.02874
         0.5           0           0     1.92185
        0.51           0           0     1.83908
        0.52           0           0     1.83908
        0.53           0           0     1.87305
        0.54           0           0     1.92185
        0.55           0           0     1.92185
        0.56           0           0     1.92185
        0.57           0           0     2.07486
        0.58           0           0     2.08205
        0.59           0           0     2.07486
         0.6           0           0     2.07486
        0.61           0           0      1.7937
        0.62           0           0     1.88724
        0.63           0           0     1.88724
        0.64           0           0     1.23538
        0.65           0           0     1.83965
        0.66           0           0     1.83965
        0.67           0           0     1.56238
        0.68           0           0     1.56238
        0.69           0           0      1.6418
         0.7           0           0      1.7166
        0.71           0           0     1.76239
        0.72           0           0     1.76239
        0.73           0           0      1.9067
        0.74           0           0     1.89555
        0.75           0           0     1.89555
        0.76           0           0     1.89555
        0.77           0           0     1.89555
        0.78           0           0     1.89555
        0.79           0           0     1.64379
         0.8           0           0     1.72743
        0.81           0           0     1.89555
        0.82           0           0     1.89555
        0.83           0           0     1.89555
        0.84           0           0     1.89555
        0.85           0           0     1.89555
        0.86           0           0     1.89555
        0.87           0           0     1.89555
        0.88           0           0     1.89555
        0.89           0           0     1.89555
         0.9           0           0     1.89555
        0.91           0           0     1.83339
        0.92           0           0     1.89555
        0.93           0           0     1.89555
        0.94           0           0     1.89555
        0.95           0           0     2.15759
        0.96           0           0     1.89555
        0.97           0           0     1.92952
        0.98           0           0     1.92952
        0.99           0           0     1.65178
