3.02115           0
3.0829    0.061753
3.13054      0.0595
3.11243   0.0458042
3.10914   0.0356321
3.08551   0.0374806
3.10854   0.0391668
3.09535   0.0363947
3.11813   0.0393566
3.10752   0.0367652
3.10474   0.0333715
3.10085   0.0307107
3.08086   0.0346103
3.08057   0.0320441
3.07128   0.0312454
3.07901   0.0302312
3.08114   0.0284773
3.09093   0.0285772
3.09119   0.0270327
3.0924   0.0256737
3.10766   0.0287992
3.11742     0.02914
3.11817   0.0278545
3.12266   0.0270431
3.1302   0.0270137
3.13388   0.0262131
3.13539   0.0252686
3.13296   0.0244699
3.12695   0.0243647
3.1256   0.0235773
3.12021   0.0234318
3.11915   0.0227123
3.12239   0.0222493
3.11809   0.0220091
3.11558   0.0215177
3.12041   0.0214621
3.12187   0.0209253
3.12488   0.0205884
3.1239   0.0200778
3.12225   0.0196384
3.11979   0.0193115
3.12157   0.0189308
3.12188   0.0184878
3.12129   0.0180723
3.12094   0.0176696
3.11917   0.0173717
3.11993   0.0170147
3.12507   0.0174337
3.12692   0.0171735
3.1263   0.0168379
3.13058   0.0170499
3.1266   0.0171844
3.12167   0.0175631
3.12399   0.0173897
3.12163   0.0172334
3.12033   0.0169728
3.12041   0.0166726
3.11999    0.016388
3.12596   0.0171786
3.12815   0.0170312
3.13133   0.0170493
3.13139   0.0167721
3.12837   0.0167777
3.12909   0.0165292
3.12674   0.0164421
3.1257   0.0162244
3.12497    0.015997
3.12497     0.01576
3.12628   0.0155851
3.13038   0.0158975
3.13387   0.0160565
3.13119   0.0160566
3.13138   0.0158362
3.13103   0.0156246
3.13082   0.0154163
3.13221   0.0152752
3.131   0.0151235
3.12879   0.0150911
3.12743    0.014961
3.12959   0.0149301
3.13052   0.0147741
3.13022    0.014596
3.13162   0.0144872
3.1325   0.0143405
3.13264   0.0141715
3.13472   0.0141589
3.13449    0.013997
3.13889   0.0145178
3.1421   0.0147085
3.14137   0.0145622
3.14207   0.0144183
3.14221   0.0142613
3.14289   0.0141234
3.13925   0.0144376
3.13869   0.0142957
3.13876   0.0141461
3.13536   0.0144064
3.13515   0.0142601
3.13535   0.0141167
3.13486   0.0139834
