-0.9906090476149059	2.1765477657318115	-1.9531436632599921	-0.498512327671051
-0.9624203991272897	2.328819751739502	-1.947052568964402	-0.48830658197402954
-0.961613603381333	2.3339121341705322	-1.9342814816341032	-0.46690863370895386
-0.9597849076250129	2.345454216003418	-1.9259128221575441	-0.4528868794441223
-0.9595632051193486	2.3468539714813232	-1.9173960021370853	-0.43861669301986694
-0.9216244154913587	2.5863161087036133	-1.901285086434675	-0.41162246465682983
-0.8795490567414603	2.8518881797790527	-1.8973491277818737	-0.4050280451774597
-0.8717050073024313	2.9013984203338623	-1.8726442818747686	-0.3636346459388733
-0.8579278836042261	2.9883570671081543	-1.7826480466429855	-0.19624966382980347
-0.8257414005969186	3.1915123462677	-1.7678833587044975	-0.16791582107543945
-0.8121189784831166	3.277494192123413	-1.7441789355160755	-0.12242627143859863
-0.8078031842120739	3.304734468460083	-1.7310014741470057	-0.09215956926345825
-0.8057974484138775	3.317394733428955	-1.7233320181794478	-0.07178157567977905
-0.7995462253753978	3.3568508625030518	-1.6663102582319258	0.07972502708435059
-0.7959103785039439	3.3797998428344727	-1.6086220620238638	0.23300296068191528
-0.7792497176713897	3.4849588871002197	-1.5988242309380087	0.25903594493865967
-0.7634511482621336	3.584676504135132	-1.5298725761518677	0.44224080443382263
-0.7625445620915119	3.5903987884521484	-1.504720068602234	0.509070873260498
-0.7596068775736622	3.608940839767456	-1.4717275746193867	0.5967320203781128
-0.7421474046902934	3.719141721725464	-1.4523989132576043	0.6480883955955505
-0.7364042751912157	3.7553913593292236	-1.420608962626491	0.7325543165206909
-0.7290518715550995	3.801798105239868	-1.4074365562073399	0.7675533890724182
-0.7236340973027724	3.835994243621826	-1.402206781368025	0.7814491987228394
-0.7132934251819072	3.88948655128479	-1.3500282612945007	0.9357293844223022
-0.6820608327089606	4.028336048126221	-1.341223374008349	0.9628939628601074
-0.6773809642300075	4.0491414070129395	-1.313481290954238	1.048482060432434
-0.6336172759857663	4.24370002746582	-1.2815852897614608	1.1468859910964966
-0.606835276639893	4.362762928009033	-1.2668806551436855	1.1922521591186523
-0.5822464878103306	4.412001609802246	-1.2574562227761912	1.2213279008865356
-0.5792348778523182	4.415632247924805	-1.2552279764786554	1.228202223777771
-0.5538367347187634	4.44625186920166	-1.2406083523889682	1.2733056545257568
-0.5111488159967945	4.496871471405029	-1.2000139004143997	1.3986833095550537
-0.5024937129600839	4.504454612731934	-1.1701196982355624	1.5102078914642334
-0.4934167949204358	4.512408256530762	-1.1606250040995114	1.5456292629241943
-0.47088877579074606	4.532147407531738	-1.146752090530072	1.5973838567733765
-0.46922101812110917	4.533608913421631	-1.1379692915457662	1.630149483680725
-0.4599840536156703	4.5417022705078125	-1.1324120624061043	1.650881290435791
-0.43438607484718084	4.564131259918213	-1.1043012477584795	1.7557525634765625
-0.4211878141055978	4.575695514678955	-1.102731884101043	1.7616071701049805
-0.41984478557911187	4.5768723487854	-1.090341488106707	1.8078316450119019
-0.40771960495571014	4.587496280670166	-1.073193494115182	1.8718042373657227
-0.4051260982897327	4.589768409729004	-1.0484287145019655	1.9641926288604736
-0.40343534808793846	4.591249942779541	-1.0366848803382127	2.008004903793335
-0.39685036665090134	4.597019672393799	-0.9842334296198967	2.2010202407836914
-0.36914329815163227	4.598515510559082	-0.9825740729184282	2.2093536853790283
-0.36403364121204795	4.595685958862305	-0.9467104930513974	2.427978038787842
-0.3628620950973527	4.59503698348999	-0.9058318607374569	2.6859960556030273
-0.280984198852428	4.547466278076172	-0.8894851748210724	2.789173126220703
-0.2725784581147548	4.5417070388793945	-0.8730795769842037	2.8927221298217773
-0.26487625990420693	4.536429405212402	-0.8314098928298046	3.155733823776245
-0.2625496586780718	4.5348358154296875	-0.8279188619688131	3.1777682304382324
-0.2331169623484446	4.509451389312744	-0.7528164720235897	3.6518003940582275
-0.2069885183060307	4.444438934326172	-0.7522200180815926	3.6555655002593994
-0.17147401097066006	4.356071472167969	-0.7199313967101286	3.8590550422668457
-0.17067612001895283	4.354086875915527	-0.6473641926526175	4.1825852394104
-0.15269040132219058	4.309335231781006	-0.6185932772123892	4.31049108505249
-0.15228990288364064	4.308338165283203	-0.6110659282711217	4.343955039978027
-0.14246259810846773	4.283886432647705	-0.5775490486001775	4.417664527893066
-0.1371631291320521	4.270700454711914	-0.5600877420865444	4.438715934753418
-0.12827014946874638	4.24857234954834	-0.5256615754815299	4.480218887329102
-0.1259360924013171	4.242764949798584	-0.5033200786630978	4.5037312507629395
-0.12482557747461498	4.240002155303955	-0.4889926428300764	4.516284942626953
-0.1227969730753593	4.234954357147217	-0.46614442331240813	4.536304473876953
-0.10574924276474529	4.1925368309021	-0.415761188770825	4.580450057983398
-0.0876993355669029	4.147624969482422	-0.4071157511356325	4.588025093078613
-0.07704127549413631	4.121105670928955	-0.37126681109600135	4.599691867828369
-0.06737845428738742	4.095072269439697	-0.301258124993975	4.560919761657715
-0.06269759670459685	4.082380771636963	-0.2623334977675169	4.534687519073486
0.002648763853404512	3.8901731967926025	-0.18582926928772459	4.391790866851807
0.04369664350014335	3.7674968242645264	-0.18521262177581876	4.390256404876709
0.04649610693339934	3.7591302394866943	-0.14569830254075722	4.291937351226807
0.05778983950580896	3.7253775596618652	-0.08651877184004775	4.144687175750732
0.08976636599379373	3.629812002182007	-0.05748961626150839	4.068260192871094
0.0976270078546495	3.6063196659088135	-0.04777487740418174	4.04086971282959
0.1332029084131503	3.4999969005584717	-0.03816476552973169	4.012148857116699
0.13608912218786462	3.4913713932037354	-0.010434538005349214	3.929273843765259
0.13686789773729702	3.489043712615967	0.0452759301858241	3.7627768516540527
0.13992982140252974	3.4798924922943115	0.06951642861645668	3.690331220626831
0.14039354083575928	3.4785070419311523	0.07280285572265299	3.680509090423584
0.14450381158174674	3.4662227630615234	0.08414642481651713	3.6466076374053955
0.1486504976991576	3.4538302421569824	0.14253121209983322	3.4721181392669678
0.15189299111235854	3.4441397190093994	0.1463168444348888	3.4608044624328613
0.1523146688356738	3.4428796768188477	0.20876987968962624	3.274156332015991
0.1625457452717174	3.4123024940490723	0.2616852474340359	3.1160128116607666
0.1730258696201663	3.380981683731079	0.27640295445837326	3.0720272064208984
0.18174552249634646	3.35492205619812	0.30891435441667037	2.974863052368164
0.18408386254367803	3.347933530807495	0.3379042758230755	2.88822340965271
0.20552675214328775	3.283848524093628	0.34564066474530675	2.865102529525757
0.20969103949009193	3.2714035511016846	0.34713738583267517	2.8606293201446533
0.2127864282558487	3.262152671813965	0.3532684542144229	2.842305898666382
0.22419144544484282	3.22806715965271	0.35963990541828394	2.8232641220092773
0.23386799374951384	3.199147939682007	0.45586382386358393	2.537475109100342
0.23527099415175412	3.1949551105499268	0.4622382571353767	2.5201914310455322
0.23603085799768309	3.1926841735839844	0.47150676767009525	2.495060682296753
0.27984204265504764	3.061749219894409	0.4859136059990541	2.4559972286224365
0.2879803984592748	3.037426710128784	0.5159273743645949	2.374616861343384
0.29178822613331223	3.0260465145111084	0.5217917474671645	2.358715772628784
0.30420654000337777	2.9889330863952637	0.5578900655948944	2.2608375549316406
0.30621665093079686	2.9829256534576416	0.6523128124004032	2.0724401473999023
0.30640163971426726	2.982372999191284	0.6796661863636402	2.0463685989379883
0.31265917893054684	2.9636714458465576	0.7175710939942692	2.0102405548095703
0.3203470749853701	2.940695285797119	0.7499531055512612	1.9793763160705566
0.33353343089133536	2.9012861251831055	0.785373955261838	1.945615530014038
0.3348207599273634	2.8974392414093018	0.7897150925782546	1.9414780139923096
0.3412757392363188	2.878147602081299	0.8176576076941311	1.9148449897766113
0.3556330735924602	2.8352391719818115	0.8674387247703748	1.8673973083496094
0.3636405982069668	2.811307668685913	0.8882223978813917	1.8475875854492188
0.3849442387400397	2.7476391792297363	0.9199622496962321	1.817335605621338
0.38506318015553176	2.747283697128296	0.9204881180670785	1.816834568977356
0.3952623918545297	2.7168023586273193	0.9234232270806313	1.8140367269515991
0.3989585506350086	2.7057559490203857	0.9582031801971502	1.7808866500854492
0.40777716708073264	2.679400682449341	0.9946544794021892	1.7461440563201904
0.42848259909822284	2.6175198554992676	1.0335146153445658	1.7091054916381836
0.43037873274483895	2.6118531227111816	1.061301015227861	1.6826214790344238
0.4326544082371311	2.6050517559051514	1.140611648092551	1.6070282459259033
0.45050855963928105	2.5523316860198975	1.1747908134296825	1.574451208114624
0.47038804424518976	2.498093843460083	1.1921873356502548	1.5578699111938477
0.47852715879660335	2.476025342941284	1.1968103494095668	1.5534636974334717
0.5484673788684333	2.286386728286743	1.2292758349000428	1.5225197076797485
0.556313501899701	2.2651121616363525	1.288470932776982	1.4660990238189697
0.5610583525729109	2.2522470951080322	1.3241938209447617	1.4320504665374756
0.5834500761653292	2.191533327102661	1.3920329172889376	1.3673914670944214
0.5983171284334472	2.151221990585327	1.3957742212516728	1.3638249635696411
0.6123879780921715	2.1148433685302734	1.423213369570444	1.3433678150177002
0.6275956394049544	2.095998764038086	1.4487660696867333	1.3256211280822754
0.6419864596958702	2.082282304763794	1.4554224236929256	1.3209980726242065
0.6578800584347262	2.067133903503418	1.4655293037145167	1.313978672027588
0.665239691095876	2.060119152069092	1.472504229472857	1.309134602546692
0.6758898149976078	2.0499682426452637	1.4906026217895811	1.2965648174285889
0.6928173449422557	2.0338339805603027	1.497151866499788	1.2920167446136475
0.7400242964936383	1.988839864730835	1.5060209812663632	1.2858564853668213
0.7622063942223232	1.9676973819732666	1.5866851721613684	1.2298344373703003
0.7634707237097056	1.9664921760559082	1.6148789589837338	1.2102530002593994
0.7835460015641595	1.9473581314086914	1.7123251738623635	1.1425749063491821
0.7838467100313442	1.9470713138580322	1.7181172671687621	1.1385524272918701
0.793093191702126	1.9382579326629639	1.736855991699175	1.1255381107330322
0.8389652274893471	1.8945362567901611	1.7617277810112522	1.1082639694213867
0.8511932765853221	1.8828814029693604	1.7655108188259945	1.1056368350982666
0.8585923951524281	1.8758289813995361	1.7774895599357343	1.0973173379898071
0.8874961570292483	1.8482801914215088	1.789482361955697	1.088988184928894
0.8893378340991678	1.8465244770050049	1.7972752896627258	1.083575963973999
0.90549802303397	1.8311216831207275	1.8111666278877783	1.0739281177520752
0.9121672694464478	1.8247653245925903	1.8433386322520007	1.051584243774414
0.9243770902348765	1.8131275177001953	1.846280618165994	1.0495408773422241
0.9273255210020586	1.8103175163269043	1.847745514188916	1.0485233068466187
0.9529189300267915	1.7859232425689697	1.8916779560925212	1.018011450767517
0.9535221763806743	1.7853487730026245	1.9020860200115433	1.0107829570770264
0.957236684465528	1.7818081378936768	1.9099805589777872	1.0053004026412964
0.9767476761184524	1.7632116079330444	1.9273175592730127	0.9932595491409302
0.997694013135733	1.743247151374817	1.9613557895868174	0.9696193933486938
