-0.9906090476149059	2.4046783447265625	-1.9531436632599921	2.3384153842926025
-0.9624203991272897	2.5648880004882812	-1.947052568964402	2.3384056091308594
-0.961613603381333	2.5694730281829834	-1.9342814816341032	2.338386058807373
-0.9597849076250129	2.579866409301758	-1.9259128221575441	2.3383734226226807
-0.9595632051193486	2.5811264514923096	-1.9173960021370853	2.3383593559265137
-0.9216244154913587	2.7967495918273926	-1.901285086434675	2.3383350372314453
-0.8795490567414603	3.0358824729919434	-1.8973491277818737	2.3383281230926514
-0.8717050073024313	3.0804648399353027	-1.8726442818747686	2.338289499282837
-0.8579278836042261	3.1587657928466797	-1.7826480466429855	2.338149309158325
-0.8257414005969186	3.341696262359619	-1.7678833587044975	2.338125228881836
-0.8121189784831166	3.4191179275512695	-1.7441789355160755	2.3380889892578125
-0.8078031842120739	3.4436469078063965	-1.7310014741470057	2.338068962097168
-0.8057974484138775	3.4550461769104004	-1.7233320181794478	2.3380560874938965
-0.7995462253753978	3.490574359893799	-1.6663102582319258	2.337967872619629
-0.7959103785039439	3.511239528656006	-1.6086220620238638	2.337876796722412
-0.7792497176713897	3.605928897857666	-1.5988242309380087	2.3378612995147705
-0.7634511482621336	3.6957199573516846	-1.5298725761518677	2.3377525806427
-0.7625445620915119	3.700871706008911	-1.504720068602234	2.337714195251465
-0.7596068775736622	3.7175679206848145	-1.4717275746193867	2.337662696838379
-0.7421474046902934	3.8167977333068848	-1.4523989132576043	2.337632656097412
-0.7364042751912157	3.8494391441345215	-1.420608962626491	2.337583065032959
-0.7290518715550995	3.891226291656494	-1.4074365562073399	2.3375625610351562
-0.7236340973027724	3.9220175743103027	-1.402206781368025	2.3375537395477295
-0.7132934251819072	3.980788230895996	-1.3500282612945007	2.337472915649414
-0.6820608327089606	4.158297538757324	-1.341223374008349	2.3374581336975098
-0.6773809642300075	4.1848955154418945	-1.313481290954238	2.3374152183532715
-0.6336172759857663	4.3677754402160645	-1.2815852897614608	2.33736515045166
-0.606835276639893	4.464501857757568	-1.2668806551436855	2.3373425006866455
-0.5822464878103306	4.553306579589844	-1.2574562227761912	2.3373279571533203
-0.5792348778523182	4.564183235168457	-1.2552279764786554	2.337324619293213
-0.5538367347187634	4.62651252746582	-1.2406083523889682	2.337301731109619
-0.5111488159967945	4.635530948638916	-1.2000139004143997	2.3372373580932617
-0.5024937129600839	4.637359619140625	-1.1701196982355624	2.3371920585632324
-0.4934167949204358	4.639277458190918	-1.1606250040995114	2.3371758460998535
-0.47088877579074606	4.644036769866943	-1.146752090530072	2.3371548652648926
-0.46922101812110917	4.644388675689697	-1.1379692915457662	2.337141513824463
-0.4599840536156703	4.646340847015381	-1.1324120624061043	2.3371317386627197
-0.43438607484718084	4.6517486572265625	-1.1043012477584795	2.337088108062744
-0.4211878141055978	4.654537200927734	-1.102731884101043	2.337085723876953
-0.41984478557911187	4.654820442199707	-1.090341488106707	2.337066650390625
-0.40771960495571014	4.657382488250732	-1.073193494115182	2.3370397090911865
-0.4051260982897327	4.657930374145508	-1.0484287145019655	2.337000846862793
-0.40343534808793846	4.658287525177002	-1.0366848803382127	2.336982488632202
-0.39685036665090134	4.6596784591674805	-0.9842334296198967	2.4409146308898926
-0.36914329815163227	4.66553258895874	-0.9825740729184282	2.450345039367676
-0.36403364121204795	4.666612148284912	-0.9467104930513974	2.6541738510131836
-0.3628620950973527	4.666859149932861	-0.9058318607374569	2.886505365371704
-0.280984198852428	4.684157371520996	-0.8894851748210724	2.9794111251831055
-0.2725784581147548	4.685933589935303	-0.8730795769842037	3.072650909423828
-0.26487625990420693	4.687560558319092	-0.8314098928298046	3.309479236602783
-0.2625496586780718	4.688052177429199	-0.8279188619688131	3.329319953918457
-0.2331169623484446	4.691518783569336	-0.7528164720235897	3.7561612129211426
-0.2069885183060307	4.6129889488220215	-0.7522200180815926	3.759552001953125
-0.17147401097066006	4.50624942779541	-0.7199313967101286	3.9430623054504395
-0.17067612001895283	4.503851413726807	-0.6473641926526175	4.318127155303955
-0.15269040132219058	4.449795722961426	-0.6185932772123892	4.422036647796631
-0.15228990288364064	4.448591709136963	-0.6110659282711217	4.449222564697266
-0.14246259810846773	4.419055461883545	-0.5775490486001775	4.570271968841553
-0.1371631291320521	4.403127670288086	-0.5600877420865444	4.625191688537598
-0.12827014946874638	4.376399517059326	-0.5256615754815299	4.63246488571167
-0.1259360924013171	4.369384765625	-0.5033200786630978	4.637185096740723
-0.12482557747461498	4.366046905517578	-0.4889926428300764	4.640212059020996
-0.1227969730753593	4.359950065612793	-0.46614442331240813	4.645038604736328
-0.10574924276474529	4.308712005615234	-0.415761188770825	4.6556830406188965
-0.0876993355669029	4.254463195800781	-0.4071157511356325	4.657509803771973
-0.07704127549413631	4.222430229187012	-0.37126681109600135	4.665083408355713
-0.06737845428738742	4.193387985229492	-0.301258124993975	4.679873943328857
-0.06269759670459685	4.179320335388184	-0.2623334977675169	4.688097953796387
0.002648763853404512	3.9829206466674805	-0.18582926928772459	4.5493950843811035
0.04369664350014335	3.8595502376556396	-0.18521262177581876	4.54754114151001
0.04649610693339934	3.8511362075805664	-0.14569830254075722	4.4287800788879395
0.05778983950580896	3.817192554473877	-0.08651877184004775	4.250915050506592
0.08976636599379373	3.7210869789123535	-0.05748961626150839	4.16366720199585
0.0976270078546495	3.6974611282348633	-0.04777487740418174	4.134469032287598
0.1332029084131503	3.5905375480651855	-0.03816476552973169	4.105586051940918
0.13608912218786462	3.581862449645996	-0.010434538005349214	4.022242546081543
0.13686789773729702	3.579522132873535	0.0452759301858241	3.8548030853271484
0.13992982140252974	3.570319652557373	0.06951642861645668	3.7819478511810303
0.14039354083575928	3.5689260959625244	0.07280285572265299	3.772071123123169
0.14450381158174674	3.5565719604492188	0.08414642481651713	3.7379775047302246
0.1486504976991576	3.544109344482422	0.14253121209983322	3.5625009536743164
0.15189299111235854	3.5343637466430664	0.1463168444348888	3.5511231422424316
0.1523146688356738	3.5330963134765625	0.20876987968962624	3.363419532775879
0.1625457452717174	3.5023465156555176	0.2616852474340359	3.204381227493286
0.1730258696201663	3.470848798751831	0.27640295445837326	3.160146713256836
0.18174552249634646	3.444641590118408	0.30891435441667037	3.0624334812164307
0.18408386254367803	3.4376137256622314	0.3379042758230755	2.9753034114837646
0.20552675214328775	3.373166561126709	0.34564066474530675	2.9520516395568848
0.20969103949009193	3.3606507778167725	0.34713738583267517	2.9475536346435547
0.2127864282558487	3.3513474464416504	0.3532684542144229	2.9291257858276367
0.22419144544484282	3.3170692920684814	0.35963990541828394	2.9099764823913574
0.23386799374951384	3.2879867553710938	0.45586382386358393	2.6207735538482666
0.23527099415175412	3.2837696075439453	0.4622382571353767	2.6016156673431396
0.23603085799768309	3.2814860343933105	0.47150676767009525	2.573758602142334
0.27984204265504764	3.1498098373413086	0.4859136059990541	2.530458450317383
0.2879803984592748	3.1253504753112793	0.5159273743645949	2.4402520656585693
0.29178822613331223	3.113905429840088	0.5217917474671645	2.42262601852417
0.30420654000337777	3.076582670211792	0.5578900655948944	2.31413197517395
0.30621665093079686	3.0705409049987793	0.6523128124004032	2.0303425788879395
0.30640163971426726	3.0699853897094727	0.6796661863636402	1.9481315612792969
0.31265917893054684	3.051177978515625	0.7175710939942692	1.8922383785247803
0.3203470749853701	3.0280721187591553	0.7499531055512612	1.9053072929382324
0.33353343089133536	2.9884395599365234	0.785373955261838	1.9196019172668457
0.3348207599273634	2.9845712184906006	0.7897150925782546	1.921354055404663
0.3412757392363188	2.965170383453369	0.8176576076941311	1.9326307773590088
0.3556330735924602	2.9220194816589355	0.8674387247703748	1.952721118927002
0.3636405982069668	2.8979525566101074	0.8882223978813917	1.9611093997955322
0.3849442387400397	2.83392333984375	0.9199622496962321	1.9739186763763428
0.38506318015553176	2.833566188812256	0.9204881180670785	1.9741311073303223
0.3952623918545297	2.8029122352600098	0.9234232270806313	1.9753150939941406
0.3989585506350086	2.7918031215667725	0.9582031801971502	1.989351511001587
0.40777716708073264	2.765299081802368	0.9946544794021892	2.0040628910064697
0.42848259909822284	2.703068733215332	1.0335146153445658	2.0197458267211914
0.43037873274483895	2.6973695755004883	1.061301015227861	2.030959367752075
0.4326544082371311	2.69053053855896	1.140611648092551	2.06296706199646
0.45050855963928105	2.636868953704834	1.1747908134296825	2.0767605304718018
0.47038804424518976	2.5771210193634033	1.1921873356502548	2.0837817192077637
0.47852715879660335	2.5526583194732666	1.1968103494095668	2.0856473445892334
0.5484673788684333	2.342451572418213	1.2292758349000428	2.0987496376037598
0.556313501899701	2.3188705444335938	1.288470932776982	2.1226391792297363
0.5610583525729109	2.304609775543213	1.3241938209447617	2.137056589126587
0.5834500761653292	2.2373106479644775	1.3920329172889376	2.1787073612213135
0.5983171284334472	2.1926281452178955	1.3957742212516728	2.18111515045166
0.6123879780921715	2.1503374576568604	1.423213369570444	2.1987695693969727
0.6275956394049544	2.1046302318573	1.4487660696867333	2.215210437774658
0.6419864596958702	2.0613789558410645	1.4554224236929256	2.2194933891296387
0.6578800584347262	2.013610601425171	1.4655293037145167	2.225996494293213
0.665239691095876	1.9914910793304443	1.472504229472857	2.2304840087890625
0.6758898149976078	1.9594814777374268	1.4906026217895811	2.24212908744812
0.6928173449422557	1.9086055755615234	1.497151866499788	2.246342897415161
0.7400242964936383	1.9013001918792725	1.5060209812663632	2.252049684524536
0.7622063942223232	1.9102520942687988	1.5866851721613684	2.3039510250091553
0.7634707237097056	1.9107623100280762	1.6148789589837338	2.3220913410186768
0.7835460015641595	1.9188647270202637	1.7123251738623635	2.3847906589508057
0.7838467100313442	1.9189856052398682	1.7181172671687621	2.3885178565979004
0.793093191702126	1.922717571258545	1.736855991699175	2.400574207305908
0.8389652274893471	1.941230297088623	1.7617277810112522	2.4165778160095215
0.8511932765853221	1.946164846420288	1.7655108188259945	2.4190120697021484
0.8585923951524281	1.9491515159606934	1.7774895599357343	2.4267189502716064
0.8874961570292483	1.9608163833618164	1.789482361955697	2.4344353675842285
0.8893378340991678	1.9615590572357178	1.7972752896627258	2.4394497871398926
0.90549802303397	1.9680814743041992	1.8111666278877783	2.4483871459960938
0.9121672694464478	1.9707727432250977	1.8433386322520007	2.469088077545166
0.9243770902348765	1.9757003784179688	1.846280618165994	2.4709808826446533
0.9273255210020586	1.9768903255462646	1.847745514188916	2.471923589706421
0.9529189300267915	1.9872190952301025	1.8916779560925212	2.5001912117004395
0.9535221763806743	1.9874625205993652	1.9020860200115433	2.5068869590759277
0.957236684465528	1.988961935043335	1.9099805589777872	2.5119664669036865
0.9767476761184524	1.996835708618164	1.9273175592730127	2.5231215953826904
0.997694013135733	2.005289316177368	1.9613557895868174	2.545022964477539
