-0.9906090476149059	2.613586664199829	-2.9297154948899884	-0.0
-0.9624203991272897	2.737420082092285	-2.920578853446603	-0.0
-0.961613603381333	2.74096417427063	-2.9014222224511546	-0.0
-0.9597849076250129	2.748997926712036	-2.888869233236316	-0.0
-0.9595632051193486	2.749971628189087	-2.876094003205628	-0.0
-0.9216244154913587	2.916637659072876	-2.8519276296520126	-0.0
-0.8795490567414603	3.101475715637207	-2.8460236916728103	-0.0
-0.8717050073024313	3.135935068130493	-2.808966422812153	-0.0
-0.8579278836042261	3.196458339691162	-2.6739720699644782	-0.0
-0.8257414005969186	3.3378543853759766	-2.6518250380567463	-0.0
-0.8121189784831166	3.397697925567627	-2.6162684032741135	-0.0
-0.8078031842120739	3.4166572093963623	-2.5965022112205087	-0.0
-0.8057974484138775	3.425468921661377	-2.5849980272691715	-0.0
-0.7995462253753978	3.452930450439453	-2.4994653873478887	-0.0
-0.7959103785039439	3.468903064727783	-2.4129330930357957	-0.0
-0.7792497176713897	3.542093276977539	-2.398236346407013	-0.0
-0.7634511482621336	3.611496925354004	-2.2948088642278015	-0.0
-0.7625445620915119	3.6154799461364746	-2.257080102903351	-0.0
-0.7596068775736622	3.628385066986084	-2.2075913619290803	-0.0
-0.7421474046902934	3.705085039138794	-2.1785983698864064	-0.0
-0.7364042751912157	3.7303144931793213	-2.1309134439397366	-0.0
-0.7290518715550995	3.7626140117645264	-2.1111548343110096	-0.0
-0.7236340973027724	3.78641414642334	-2.1033101720520375	-0.0
-0.7132934251819072	3.831841230392456	-2.025042391941751	-0.0
-0.6820608327089606	3.9690468311309814	-2.0118350610125235	-0.0
-0.6773809642300075	3.989605665206909	-1.970221936431357	-0.0
-0.6336172759857663	4.18186092376709	-1.9223779346421912	-0.0
-0.606835276639893	4.2995147705078125	-1.9003209827155283	-0.0
-0.5822464878103306	4.407533645629883	-1.8861843341642868	-0.0
-0.5792348778523182	4.420042991638184	-1.882841964717983	-0.0
-0.5538367347187634	4.507811546325684	-1.8609125285834522	-0.0
-0.5111488159967945	4.606147766113281	-1.8000208506215996	-0.0
-0.5024937129600839	4.62024450302124	-1.7551795473533436	-0.0
-0.4934167949204358	4.632889747619629	-1.7409375061492671	-0.0
-0.47088877579074606	4.664273262023926	-1.7201281357951081	-0.0
-0.46922101812110917	4.666596412658691	-1.7069539373186493	-0.0
-0.4599840536156703	4.679464340209961	-1.6986180936091564	-0.0
-0.43438607484718084	4.713612079620361	-1.6564518716377192	-0.0
-0.4211878141055978	4.726241588592529	-1.6540978261515644	-0.0
-0.41984478557911187	4.727526664733887	-1.6355122321600606	0.015662193298339844
-0.40771960495571014	4.726568698883057	-1.609790241172773	0.11906313896179199
-0.4051260982897327	4.725826263427734	-1.5726430717529483	0.26839256286621094
-0.40343534808793846	4.725330829620361	-1.555027320507319	0.3392069339752197
-0.39685036665090134	4.721556186676025	-1.476350144429845	0.6554849147796631
-0.36914329815163227	4.705165863037109	-1.4738611093776424	0.6654911041259766
-0.36403364121204795	4.701195240020752	-1.4200657395770961	0.8817451000213623
-0.3628620950973527	4.700284957885742	-1.3587477911061854	1.128239393234253
-0.280984198852428	4.58966588973999	-1.3342277622316085	1.226809024810791
-0.2725784581147548	4.570318222045898	-1.3096193654763055	1.3257341384887695
-0.26487625990420693	4.551551818847656	-1.247114839244707	1.576998233795166
-0.2625496586780718	4.5458831787109375	-1.2418782929532197	1.5980489253997803
-0.2331169623484446	4.4713239669799805	-1.1292247080353846	2.050910234451294
-0.2069885183060307	4.4042792320251465	-1.1283300271223888	2.05450701713562
-0.17147401097066006	4.3131513595581055	-1.079897095065193	2.2492048740386963
-0.17067612001895283	4.311103820800781	-0.9710462889789264	2.699526309967041
-0.15269040132219058	4.264953136444092	-0.927889915818584	2.889113187789917
-0.15228990288364064	4.263925552368164	-0.9165988924066824	2.9387149810791016
-0.14246259810846773	4.238709449768066	-0.8663235729002663	3.159575939178467
-0.1371631291320521	4.22511100769043	-0.8401316131298167	3.2746376991271973
-0.12827014946874638	4.202292442321777	-0.7884923632222947	3.501490354537964
-0.1259360924013171	4.196303367614746	-0.7549801179946467	3.6487104892730713
-0.12482557747461498	4.193453311920166	-0.7334889642451143	3.743121862411499
-0.1227969730753593	4.188248157501221	-0.6992166349686122	3.8936808109283447
-0.10574924276474529	4.144504547119141	-0.6236417831562378	4.225683212280273
-0.0876993355669029	4.098189353942871	-0.6106736267034485	4.282652854919434
-0.07704127549413631	4.070841312408447	-0.556900216644002	4.500754356384277
-0.06737845428738742	4.046047210693359	-0.45188718749096246	4.690744400024414
-0.06269759670459685	4.034036636352539	-0.39350024665127536	4.719635963439941
0.002648763853404512	3.8663105964660645	-0.2787439039315869	4.584519863128662
0.04369664350014335	3.760929584503174	-0.27781893266372837	4.582395076751709
0.04649610693339934	3.7537424564361572	-0.21854745381113583	4.433938980102539
0.05778983950580896	3.724748373031616	-0.12977815776007162	4.2061614990234375
0.08976636599379373	3.642656087875366	-0.08623442439226281	4.094430446624756
0.0976270078546495	3.6224756240844727	-0.0716623161062726	4.057039260864258
0.1332029084131503	3.5311427116394043	-0.057247148294597316	4.020051002502441
0.13608912218786462	3.523732900619507	-0.015651807008024043	3.9132931232452393
0.13686789773729702	3.5217337608337402	0.06791389527873637	3.6987571716308594
0.13992982140252974	3.5138728618621826	0.10427464292468525	3.6054093837738037
0.14039354083575928	3.5126824378967285	0.10920428358397949	3.5927536487579346
0.14450381158174674	3.5021300315856934	0.12621963722477592	3.5490705966949463
0.1486504976991576	3.4914846420288086	0.21379681814975005	3.3242363929748535
0.15189299111235854	3.4831602573394775	0.2194752666523332	3.3096582889556885
0.1523146688356738	3.4820775985717773	0.31315481953443935	3.069157600402832
0.1625457452717174	3.4558119773864746	0.3925278711510538	2.8653852939605713
0.1730258696201663	3.428906202316284	0.4146044316875601	2.808709144592285
0.18174552249634646	3.4065206050872803	0.4633715316250058	2.6835107803344727
0.18408386254367803	3.400517463684082	0.5068564137346132	2.57267427444458
0.20552675214328775	3.3454678058624268	0.5184609971179599	2.543501853942871
0.20969103949009193	3.3347768783569336	0.5207060787490128	2.537858009338379
0.2127864282558487	3.3268301486968994	0.5299026813216345	2.5157456398010254
0.22419144544484282	3.297550678253174	0.5394598581274259	2.4933156967163086
0.23386799374951384	3.2727081775665283	0.6837957357953757	2.154569625854492
0.23527099415175412	3.269106388092041	0.6933573857030648	2.132128953933716
0.23603085799768309	3.267155408859253	0.7072601515051429	2.0995004177093506
0.27984204265504764	3.1546802520751953	0.7288704089985814	2.0487825870513916
0.2879803984592748	3.133787155151367	0.7738910615468924	1.943122148513794
0.29178822613331223	3.124011278152466	0.782687621200747	1.9224774837493896
0.30420654000337777	3.092130184173584	0.8368350983923416	1.7953970432281494
0.30621665093079686	3.0869693756103516	0.9784692186006048	1.462991714477539
0.30640163971426726	3.0864944458007812	1.0194992795454603	1.366697072982788
0.31265917893054684	3.070429801940918	1.0763566409914036	1.2332568168640137
0.3203470749853701	3.0506930351257324	1.1249296583268915	1.1192594766616821
0.33353343089133536	3.0168402194976807	1.1780609328927572	0.9945641160011292
0.3348207599273634	3.013535261154175	1.1845726388673814	0.9792814254760742
0.3412757392363188	2.9969635009765625	1.226486411541197	0.8809126615524292
0.3556330735924602	2.960104465484619	1.301158087155562	0.7056637406349182
0.3636405982069668	2.939546823501587	1.332333596822087	0.6324971914291382
0.3849442387400397	2.884854793548584	1.3799433745443483	0.5207602381706238
0.38506318015553176	2.884549379348755	1.3807321771006178	0.5189090967178345
0.3952623918545297	2.858365297317505	1.385134840620947	0.5085764527320862
0.3989585506350086	2.8488762378692627	1.4373047702957251	0.3861372470855713
0.40777716708073264	2.8262362480163574	1.4919817191032836	0.2578141689300537
0.42848259909822284	2.7730801105499268	1.5502719230168491	0.12101149559020996
0.43037873274483895	2.768212080001831	1.591951522841791	0.023192167282104492
0.4326544082371311	2.7623698711395264	1.710917472138826	-0.0
0.45050855963928105	2.7165334224700928	1.7621862201445238	-0.0
0.47038804424518976	2.665497303009033	1.7882810034753822	-0.0
0.47852715879660335	2.644602060317993	1.79521552411435	-0.0
0.5484673788684333	2.4721758365631104	1.8439137523500637	-0.0
0.556313501899701	2.453761339187622	1.9327063991654736	-0.0
0.5610583525729109	2.4426255226135254	1.9862907314171423	-0.0
0.5834500761653292	2.390073776245117	2.088049375933407	-0.0
0.5983171284334472	2.355181932449341	2.0936613318775095	-0.0
0.6123879780921715	2.3221588134765625	2.134820054355666	-0.0
0.6275956394049544	2.2864670753479004	2.1731491045300997	-0.0
0.6419864596958702	2.252692937850952	2.183133635539388	-0.0
0.6578800584347262	2.2153916358947754	2.198293955571775	-0.0
0.665239691095876	2.1981194019317627	2.2087563442092852	-0.0
0.6758898149976078	2.173124313354492	2.235903932684372	-0.0
0.6928173449422557	2.133396625518799	2.245727799749682	-0.0
0.7400242964936383	2.0226051807403564	2.2590314718995446	-0.0
0.7622063942223232	1.9705455303192139	2.3800277582420524	-0.0
0.7634707237097056	1.9675780534744263	2.4223184384756005	-0.0
0.7835460015641595	1.920462727546692	2.568487760793545	-0.0
0.7838467100313442	1.9197571277618408	2.5771759007531436	-0.0
0.793093191702126	1.8980560302734375	2.605283987548763	-0.0
0.8389652274893471	1.7903978824615479	2.642591671516878	-0.0
0.8511932765853221	1.7616994380950928	2.6482662282389917	-0.0
0.8585923951524281	1.74433434009552	2.6662343399036015	-0.0
0.8874961570292483	1.6764991283416748	2.6842235429335455	-0.0
0.8893378340991678	1.6721765995025635	2.695912934494089	-0.0
0.90549802303397	1.6342499256134033	2.716749941831667	-0.0
0.9121672694464478	1.6185977458953857	2.765007948378001	-0.0
0.9243770902348765	1.5899423360824585	2.7694209272489907	-0.0
0.9273255210020586	1.5830222368240356	2.7716182712833746	-0.0
0.9529189300267915	1.522956371307373	2.8375169341387814	-0.0
0.9535221763806743	1.521540641784668	2.853129030017315	-0.0
0.957236684465528	1.5128228664398193	2.8649708384666805	-0.0
0.9767476761184524	1.4670319557189941	2.8909763389095193	-0.0
0.997694013135733	1.4178725481033325	2.9420336843802257	-0.0
