-0.9906090476149059	1.9886767864227295	-1.9531436632599921	-1.963496208190918
-0.9624203991272897	2.147095203399658	-1.947052568964402	-1.9448282718658447
-0.961613603381333	2.152341365814209	-1.9342814816341032	-1.9056892395019531
-0.9597849076250129	2.164231777191162	-1.9259128221575441	-1.8800420761108398
-0.9595632051193486	2.1656734943389893	-1.9173960021370853	-1.853940486907959
-0.9216244154913587	2.412364959716797	-1.901285086434675	-1.804565191268921
-0.8795490567414603	2.685953378677368	-1.8973491277818737	-1.7925028800964355
-0.8717050073024313	2.7369582653045654	-1.8726442818747686	-1.7155160903930664
-0.8579278836042261	2.8265421390533447	-1.7826480466429855	-1.4031686782836914
-0.8257414005969186	3.035503625869751	-1.7678833587044975	-1.3519244194030762
-0.8121189784831166	3.123932123184204	-1.7441789355160755	-1.2696542739868164
-0.8078031842120739	3.151947498321533	-1.7310014741470057	-1.2239198684692383
-0.8057974484138775	3.1649675369262695	-1.7233320181794478	-1.1973016262054443
-0.7995462253753978	3.2055463790893555	-1.6663102582319258	-0.9993975162506104
-0.7959103785039439	3.2291483879089355	-1.6086220620238638	-0.785354495048523
-0.7792497176713897	3.33729887008667	-1.5988242309380087	-0.7467057704925537
-0.7634511482621336	3.4398531913757324	-1.5298725761518677	-0.45065903663635254
-0.7625445620915119	3.4457383155822754	-1.504720068602234	-0.3415648937225342
-0.7596068775736622	3.4648075103759766	-1.4717275746193867	-0.19846606254577637
-0.7421474046902934	3.578061819076538	-1.4523989132576043	-0.1146310567855835
-0.7364042751912157	3.6143922805786133	-1.420608962626491	0.02325153350830078
-0.7290518715550995	3.660719394683838	-1.4074365562073399	0.08038449287414551
-0.7236340973027724	3.6948564052581787	-1.402206781368025	0.10306835174560547
-0.7132934251819072	3.7588202953338623	-1.3500282612945007	0.3293829560279846
-0.6820608327089606	3.923246383666992	-1.341223374008349	0.3675726652145386
-0.6773809642300075	3.9475061893463135	-1.313481290954238	0.4878983497619629
-0.6336172759857663	4.172029972076416	-1.2815852897614608	0.631442666053772
-0.606835276639893	4.252800941467285	-1.2668806551436855	0.6980935335159302
-0.5822464878103306	4.299623489379883	-1.2574562227761912	0.7408111095428467
-0.5792348778523182	4.305334091186523	-1.2552279764786554	0.750910758972168
-0.5538367347187634	4.353492259979248	-1.2406083523889682	0.8171758651733398
-0.5111488159967945	4.410984992980957	-1.2000139004143997	1.005035161972046
-0.5024937129600839	4.421881198883057	-1.1701196982355624	1.1454582214355469
-0.4934167949204358	4.433309555053711	-1.1606250040995114	1.1900578737258911
-0.47088877579074606	4.461671829223633	-1.146752090530072	1.255223035812378
-0.46922101812110917	4.463771343231201	-1.1379692915457662	1.2964787483215332
-0.4599840536156703	4.475400924682617	-1.1324120624061043	1.3225826025009155
-0.43438607484718084	4.507627964019775	-1.1043012477584795	1.4546284675598145
-0.4211878141055978	4.52424430847168	-1.102731884101043	1.4619998931884766
-0.41984478557911187	4.525935173034668	-1.090341488106707	1.5202020406723022
-0.40771960495571014	4.541053771972656	-1.073193494115182	1.6007511615753174
-0.4051260982897327	4.543376445770264	-1.0484287145019655	1.7170790433883667
-0.40343534808793846	4.544890880584717	-1.0366848803382127	1.7722439765930176
-0.39685036665090134	4.550787925720215	-0.9842334296198967	2.018625259399414
-0.36914329815163227	4.541833400726318	-0.9825740729184282	2.0268139839172363
-0.36403364121204795	4.53914213180542	-0.9467104930513974	2.249246835708618
-0.3628620950973527	4.538525104522705	-0.9058318607374569	2.5150535106658936
-0.280984198852428	4.4953999519348145	-0.8894851748210724	2.6213455200195312
-0.2725784581147548	4.49097204208374	-0.8730795769842037	2.728020429611206
-0.26487625990420693	4.484078407287598	-0.8314098928298046	2.9987077713012695
-0.2625496586780718	4.481363296508789	-0.8279188619688131	3.021368980407715
-0.2331169623484446	4.4319329261779785	-0.7528164720235897	3.5088868141174316
-0.2069885183060307	4.387933254241943	-0.7522200180815926	3.512758731842041
-0.17147401097066006	4.318057537078857	-0.7199313967101286	3.718186855316162
-0.17067612001895283	4.315921783447266	-0.6473641926526175	4.103109359741211
-0.15269040132219058	4.2677788734436035	-0.6185932772123892	4.2252044677734375
-0.15228990288364064	4.266706943511963	-0.6110659282711217	4.244702339172363
-0.14246259810846773	4.240401268005371	-0.5775490486001775	4.308530330657959
-0.1371631291320521	4.2262163162231445	-0.5600877420865444	4.341639518737793
-0.12827014946874638	4.202412128448486	-0.5256615754815299	4.39271354675293
-0.1259360924013171	4.196164131164551	-0.5033200786630978	4.420841217041016
-0.12482557747461498	4.193192005157471	-0.4889926428300764	4.438879489898682
-0.1227969730753593	4.1877617835998535	-0.46614442331240813	4.467644691467285
-0.10574924276474529	4.142129898071289	-0.415761188770825	4.531076431274414
-0.0876993355669029	4.093814849853516	-0.4071157511356325	4.541594505310059
-0.07704127549413631	4.064709663391113	-0.37126681109600135	4.542952060699463
-0.06737845428738742	4.036409854888916	-0.301258124993975	4.506078243255615
-0.06269759670459685	4.022700309753418	-0.2623334977675169	4.4811110496521
0.002648763853404512	3.8310070037841797	-0.18582926928772459	4.352302074432373
0.04369664350014335	3.7084593772888184	-0.18521262177581876	4.351263046264648
0.04649610693339934	3.700101375579834	-0.14569830254075722	4.249062538146973
0.05778983950580896	3.666383981704712	-0.08651877184004775	4.090654373168945
0.08976636599379373	3.570918560028076	-0.05748961626150839	4.007447242736816
0.0976270078546495	3.5474507808685303	-0.04777487740418174	3.9789953231811523
0.1332029084131503	3.44207763671875	-0.03816476552973169	3.950850009918213
0.13608912218786462	3.433558702468872	-0.010434538005349214	3.8696351051330566
0.13686789773729702	3.431259870529175	0.0452759301858241	3.703744411468506
0.13992982140252974	3.422222137451172	0.06951642861645668	3.6313743591308594
0.14039354083575928	3.420853614807129	0.07280285572265299	3.621562957763672
0.14450381158174674	3.408721446990967	0.08414642481651713	3.5876965522766113
0.1486504976991576	3.396482229232788	0.14253121209983322	3.414543867111206
0.15189299111235854	3.386911630630493	0.1463168444348888	3.4033703804016113
0.1523146688356738	3.385667085647583	0.20876987968962624	3.2190327644348145
0.1625457452717174	3.35546875	0.2616852474340359	3.0628466606140137
0.1730258696201663	3.3245351314544678	0.27640295445837326	3.019392490386963
0.18174552249634646	3.2987983226776123	0.30891435441667037	2.923243999481201
0.18408386254367803	3.2918965816497803	0.3379042758230755	2.8375096321105957
0.20552675214328775	3.228605270385742	0.34564066474530675	2.8146305084228516
0.20969103949009193	3.2163138389587402	0.34713738583267517	2.810204029083252
0.2127864282558487	3.2071776390075684	0.3532684542144229	2.792072057723999
0.22419144544484282	3.173513889312744	0.35963990541828394	2.7732291221618652
0.23386799374951384	3.1449522972106934	0.45586382386358393	2.4955294132232666
0.23527099415175412	3.1408114433288574	0.4622382571353767	2.4779462814331055
0.23603085799768309	3.138568639755249	0.47150676767009525	2.4523797035217285
0.27984204265504764	3.0092217922210693	0.4859136059990541	2.4127073287963867
0.2879803984592748	2.9851534366607666	0.5159273743645949	2.330109119415283
0.29178822613331223	2.9738924503326416	0.5217917474671645	2.3139703273773193
0.30420654000337777	2.937166690826416	0.5578900655948944	2.214627742767334
0.30621665093079686	2.9312219619750977	0.6523128124004032	2.0844168663024902
0.30640163971426726	2.9306750297546387	0.6796661863636402	2.0531468391418457
0.31265917893054684	2.9121689796447754	0.7175710939942692	2.009814739227295
0.3203470749853701	2.8894331455230713	0.7499531055512612	1.972795844078064
0.33353343089133536	2.850435733795166	0.785373955261838	1.9323034286499023
0.3348207599273634	2.8466289043426514	0.7897150925782546	1.9273407459259033
0.3412757392363188	2.8275389671325684	0.8176576076941311	1.8953971862792969
0.3556330735924602	2.785078763961792	0.8674387247703748	1.8384883403778076
0.3636405982069668	2.76139760017395	0.8882223978813917	1.8147287368774414
0.3849442387400397	2.698394536972046	0.9199622496962321	1.7784444093704224
0.38506318015553176	2.698042869567871	0.9204881180670785	1.7778432369232178
0.3952623918545297	2.6681013107299805	0.9234232270806313	1.7744877338409424
0.3989585506350086	2.657467842102051	0.9582031801971502	1.7347278594970703
0.40777716708073264	2.6320981979370117	0.9946544794021892	1.6930575370788574
0.42848259909822284	2.5725319385528564	1.0335146153445658	1.6481907367706299
0.43037873274483895	2.5670769214630127	1.061301015227861	1.6159477233886719
0.4326544082371311	2.560530185699463	1.140611648092551	1.523733139038086
0.45050855963928105	2.510301351547241	1.1747908134296825	1.4866447448730469
0.47038804424518976	2.455465793609619	1.1921873356502548	1.4680525064468384
0.47852715879660335	2.433034658432007	1.1968103494095668	1.4631116390228271
0.5484673788684333	2.2405588626861572	1.2292758349000428	1.4284148216247559
0.556313501899701	2.218966484069824	1.288470932776982	1.3651514053344727
0.5610583525729109	2.2081458568573	1.3241938209447617	1.3269731998443604
0.5834500761653292	2.167818784713745	1.3920329172889376	1.2545793056488037
0.5983171284334472	2.146285057067871	1.3957742212516728	1.2506635189056396
0.6123879780921715	2.1300582885742188	1.423213369570444	1.2219457626342773
0.6275956394049544	2.112673044204712	1.4487660696867333	1.1952024698257446
0.6419864596958702	2.096221446990967	1.4554224236929256	1.188236117362976
0.6578800584347262	2.078052282333374	1.4655293037145167	1.1776580810546875
0.665239691095876	2.069638729095459	1.472504229472857	1.1703581809997559
0.6758898149976078	2.0574638843536377	1.4906026217895811	1.151416540145874
0.6928173449422557	2.0381126403808594	1.497151866499788	1.144562005996704
0.7400242964936383	1.9841463565826416	1.5060209812663632	1.1352797746658325
0.7622063942223232	1.9587881565093994	1.5866851721613684	1.0508570671081543
0.7634707237097056	1.9573428630828857	1.6148789589837338	1.021349549293518
0.7835460015641595	1.934393048286438	1.7123251738623635	0.9459360837936401
0.7838467100313442	1.934049367904663	1.7181172671687621	0.9424978494644165
0.793093191702126	1.9234788417816162	1.736855991699175	0.9313734173774719
0.8389652274893471	1.8710386753082275	1.7617277810112522	0.9166086912155151
0.8511932765853221	1.8570597171783447	1.7655108188259945	0.9143624305725098
0.8585923951524281	1.8486013412475586	1.7774895599357343	0.9072515964508057
0.8874961570292483	1.815558910369873	1.789482361955697	0.9001320600509644
0.8893378340991678	1.8134536743164062	1.7972752896627258	0.8955055475234985
0.90549802303397	1.7949798107147217	1.8111666278877783	0.8872591853141785
0.9121672694464478	1.7873555421829224	1.8433386322520007	0.8681602478027344
0.9243770902348765	1.7733973264694214	1.846280618165994	0.8664137125015259
0.9273255210020586	1.7700269222259521	1.847745514188916	0.8655439615249634
0.9529189300267915	1.7407687902450562	1.8916779560925212	0.8394637107849121
0.9535221763806743	1.7400792837142944	1.9020860200115433	0.8332849740982056
0.957236684465528	1.735832929611206	1.9099805589777872	0.8285984992980957
0.9767476761184524	1.7135282754898071	1.9273175592730127	0.8183062672615051
0.997694013135733	1.6895828247070312	1.9613557895868174	0.7980995178222656
