-0.9906090476149059	2.4402713775634766	-1.9531436632599921	-2.574756622314453
-0.9624203991272897	2.5871407985687256	-1.947052568964402	-2.5430192947387695
-0.961613603381333	2.591344118118286	-1.9342814816341032	-2.4764785766601562
-0.9597849076250129	2.600872039794922	-1.9259128221575441	-2.432875633239746
-0.9595632051193486	2.60202693939209	-1.9173960021370853	-2.388503074645996
-0.9216244154913587	2.799696683883667	-1.901285086434675	-2.3045597076416016
-0.8795490567414603	3.0189192295074463	-1.8973491277818737	-2.2840538024902344
-0.8717050073024313	3.059788703918457	-1.8726442818747686	-2.155334949493408
-0.8579278836042261	3.13157057762146	-1.7826480466429855	-1.6864337921142578
-0.8257414005969186	3.299269437789917	-1.7678833587044975	-1.609506607055664
-0.8121189784831166	3.3702454566955566	-1.7441789355160755	-1.4860014915466309
-0.8078031842120739	3.3927316665649414	-1.7310014741470057	-1.4173431396484375
-0.8057974484138775	3.403182029724121	-1.7233320181794478	-1.3773837089538574
-0.7995462253753978	3.4357521533966064	-1.6663102582319258	-1.0802876949310303
-0.7959103785039439	3.454695701599121	-1.6086220620238638	-0.7797186374664307
-0.7792497176713897	3.541501998901367	-1.5988242309380087	-0.7286698818206787
-0.7634511482621336	3.6238157749176025	-1.5298725761518677	-0.3694157600402832
-0.7625445620915119	3.628539562225342	-1.504720068602234	-0.23836565017700195
-0.7596068775736622	3.643845558166504	-1.4717275746193867	-0.0664675235748291
-0.7421474046902934	3.734813690185547	-1.4523989132576043	0.03423953056335449
-0.7364042751912157	3.7647366523742676	-1.420608962626491	0.19987273216247559
-0.7290518715550995	3.803044319152832	-1.4074365562073399	0.26850318908691406
-0.7236340973027724	3.8312718868255615	-1.402206781368025	0.29575252532958984
-0.7132934251819072	3.8851494789123535	-1.3500282612945007	0.5676140785217285
-0.6820608327089606	4.047878265380859	-1.341223374008349	0.6134898662567139
-0.6773809642300075	4.072261333465576	-1.313481290954238	0.7580320835113525
-0.6336172759857663	4.300280570983887	-1.2815852897614608	0.924217700958252
-0.606835276639893	4.439820766448975	-1.2668806551436855	1.0008325576782227
-0.5822464878103306	4.567934036254883	-1.2574562227761912	1.0499367713928223
-0.5792348778523182	4.583624839782715	-1.2552279764786554	1.0615460872650146
-0.5538367347187634	4.7159552574157715	-1.2406083523889682	1.1377172470092773
-0.5111488159967945	4.725332736968994	-1.2000139004143997	1.3492240905761719
-0.5024937129600839	4.717560768127441	-1.1701196982355624	1.5049798488616943
-0.4934167949204358	4.709410190582275	-1.1606250040995114	1.5544490814208984
-0.47088877579074606	4.689181327819824	-1.146752090530072	1.626729965209961
-0.46922101812110917	4.687683582305908	-1.1379692915457662	1.6724905967712402
-0.4599840536156703	4.679389476776123	-1.1324120624061043	1.7014446258544922
-0.43438607484718084	4.656403541564941	-1.1043012477584795	1.8479089736938477
-0.4211878141055978	4.644552230834961	-1.102731884101043	1.8560850620269775
-0.41984478557911187	4.643346309661865	-1.090341488106707	1.920642375946045
-0.40771960495571014	4.632458686828613	-1.073193494115182	2.009986639022827
-0.4051260982897327	4.630129814147949	-1.0484287145019655	2.139017105102539
-0.40343534808793846	4.6286115646362305	-1.0366848803382127	2.2002055644989014
-0.39685036665090134	4.622698783874512	-0.9842334296198967	2.473489761352539
-0.36914329815163227	4.597818851470947	-0.9825740729184282	2.482135534286499
-0.36403364121204795	4.593230724334717	-0.9467104930513974	2.6689929962158203
-0.3628620950973527	4.592178821563721	-0.9058318607374569	2.8819799423217773
-0.280984198852428	4.5186567306518555	-0.8894851748210724	2.9671497344970703
-0.2725784581147548	4.5111083984375	-0.8730795769842037	3.052626609802246
-0.26487625990420693	4.504192352294922	-0.8314098928298046	3.26973557472229
-0.2625496586780718	4.502103328704834	-0.8279188619688131	3.287924289703369
-0.2331169623484446	4.442016124725342	-0.7528164720235897	3.679224967956543
-0.2069885183060307	4.377155303955078	-0.7522200180815926	3.6823325157165527
-0.17147401097066006	4.288994312286377	-0.7199313967101286	3.8505640029907227
-0.17067612001895283	4.287014007568359	-0.6473641926526175	4.228655815124512
-0.15269040132219058	4.242366313934326	-0.6185932772123892	4.378559112548828
-0.15228990288364064	4.241372108459473	-0.6110659282711217	4.417778015136719
-0.14246259810846773	4.216976642608643	-0.5775490486001775	4.592408657073975
-0.1371631291320521	4.203821182250977	-0.5600877420865444	4.683385848999023
-0.12827014946874638	4.181745529174805	-0.5256615754815299	4.738364219665527
-0.1259360924013171	4.1759514808654785	-0.5033200786630978	4.7183027267456055
-0.12482557747461498	4.173194885253906	-0.4889926428300764	4.705437660217285
-0.1227969730753593	4.168159008026123	-0.46614442331240813	4.6849212646484375
-0.10574924276474529	4.125840187072754	-0.415761188770825	4.639679431915283
-0.0876993355669029	4.081032752990723	-0.4071157511356325	4.631916046142578
-0.07704127549413631	4.054575443267822	-0.37126681109600135	4.599725723266602
-0.06737845428738742	4.030588626861572	-0.301258124993975	4.536861419677734
-0.06269759670459685	4.0189690589904785	-0.2623334977675169	4.501909255981445
0.002648763853404512	3.8567538261413574	-0.18582926928772459	4.324629783630371
0.04369664350014335	3.754857063293457	-0.18521262177581876	4.323099136352539
0.04649610693339934	3.7479076385498047	-0.14569830254075722	4.225008964538574
0.05778983950580896	3.71987247467041	-0.08651877184004775	4.078102111816406
0.08976636599379373	3.6404941082000732	-0.05748961626150839	4.006040573120117
0.0976270078546495	3.620980978012085	-0.04777487740418174	3.9819250106811523
0.1332029084131503	3.532667636871338	-0.03816476552973169	3.958069086074829
0.13608912218786462	3.525502920150757	-0.010434538005349214	3.8892319202423096
0.13686789773729702	3.5235698223114014	0.0452759301858241	3.75093674659729
0.13992982140252974	3.5159690380096436	0.06951642861645668	3.690762519836426
0.14039354083575928	3.514817714691162	0.07280285572265299	3.6826040744781494
0.14450381158174674	3.5046143531799316	0.08414642481651713	3.654444932937622
0.1486504976991576	3.4943206310272217	0.14253121209983322	3.5095112323760986
0.15189299111235854	3.486271858215332	0.1463168444348888	3.5001139640808105
0.1523146688356738	3.485224962234497	0.20876987968962624	3.345081090927124
0.1625457452717174	3.459827423095703	0.2616852474340359	3.2137246131896973
0.1730258696201663	3.433811664581299	0.27640295445837326	3.177189588546753
0.18174552249634646	3.412166118621826	0.30891435441667037	3.0964834690093994
0.18408386254367803	3.4063615798950195	0.3379042758230755	3.024519205093384
0.20552675214328775	3.3531317710876465	0.34564066474530675	3.005314588546753
0.20969103949009193	3.342794418334961	0.34713738583267517	3.001599073410034
0.2127864282558487	3.335110664367676	0.3532684542144229	2.986379623413086
0.22419144544484282	3.3067989349365234	0.35963990541828394	2.9705629348754883
0.23386799374951384	3.282777786254883	0.45586382386358393	2.7316977977752686
0.23527099415175412	3.279294967651367	0.4622382571353767	2.715873956680298
0.23603085799768309	3.2774085998535156	0.47150676767009525	2.6928658485412598
0.27984204265504764	3.168652296066284	0.4859136059990541	2.657102584838867
0.2879803984592748	3.148449659347534	0.5159273743645949	2.582596778869629
0.29178822613331223	3.1389973163604736	0.5217917474671645	2.5680389404296875
0.30420654000337777	3.1081700325012207	0.5578900655948944	2.478429079055786
0.30621665093079686	3.103180408477783	0.6523128124004032	2.244034767150879
0.30640163971426726	3.1027212142944336	0.6796661863636402	2.176133155822754
0.31265917893054684	3.0871875286102295	0.7175710939942692	2.082038402557373
0.3203470749853701	3.068103075027466	0.7499531055512612	2.0016539096832275
0.33353343089133536	3.035369396209717	0.785373955261838	1.91372549533844
0.3348207599273634	3.0321738719940186	0.7897150925782546	1.9029488563537598
0.3412757392363188	3.0161499977111816	0.8176576076941311	1.8335847854614258
0.3556330735924602	2.9805095195770264	0.8674387247703748	1.7100087404251099
0.3636405982069668	2.960631847381592	0.8882223978813917	1.658415675163269
0.3849442387400397	2.907747745513916	0.9199622496962321	1.579625129699707
0.38506318015553176	2.9074525833129883	0.9204881180670785	1.5783194303512573
0.3952623918545297	2.882134199142456	0.9234232270806313	1.5710334777832031
0.3989585506350086	2.8729588985443115	0.9582031801971502	1.4846959114074707
0.40777716708073264	2.851067543029785	0.9946544794021892	1.394209623336792
0.42848259909822284	2.799668788909912	1.0335146153445658	1.2977436780929565
0.43037873274483895	2.79496169090271	1.061301015227861	1.2287671566009521
0.4326544082371311	2.7893126010894775	1.140611648092551	1.0318872928619385
0.45050855963928105	2.7449917793273926	1.1747908134296825	0.9470412731170654
0.47038804424518976	2.6956429481506348	1.1921873356502548	0.9038563966751099
0.47852715879660335	2.675438642501831	1.1968103494095668	0.8923802375793457
0.5484673788684333	2.501819610595703	1.2292758349000428	0.8117883205413818
0.556313501899701	2.482342481613159	1.288470932776982	0.6648428440093994
0.5610583525729109	2.470564126968384	1.3241938209447617	0.576164960861206
0.5834500761653292	2.4149792194366455	1.3920329172889376	0.4077620506286621
0.5983171284334472	2.378073215484619	1.3957742212516728	0.39847469329833984
0.6123879780921715	2.343143939971924	1.423213369570444	0.33035969734191895
0.6275956394049544	2.3053925037384033	1.4487660696867333	0.26692819595336914
0.6419864596958702	2.2696690559387207	1.4554224236929256	0.25040435791015625
0.6578800584347262	2.230214834213257	1.4655293037145167	0.22531509399414062
0.665239691095876	2.2119455337524414	1.472504229472857	0.20800065994262695
0.6758898149976078	2.1855077743530273	1.4906026217895811	0.16307353973388672
0.6928173449422557	2.143486976623535	1.497151866499788	0.14681577682495117
0.7400242964936383	2.0263009071350098	1.5060209812663632	0.12479901313781738
0.7622063942223232	1.9712363481521606	1.5866851721613684	-0.07544088363647461
0.7634707237097056	1.9680976867675781	1.6148789589837338	-0.14542913436889648
0.7835460015641595	1.9182629585266113	1.7123251738623635	-0.3873281478881836
0.7838467100313442	1.9175167083740234	1.7181172671687621	-0.4017062187194824
0.793093191702126	1.8945631980895996	1.736855991699175	-0.4482231140136719
0.8389652274893471	1.7806910276412964	1.7617277810112522	-0.4945406913757324
0.8511932765853221	1.7503364086151123	1.7655108188259945	-0.5005347728729248
0.8585923951524281	1.731968879699707	1.7774895599357343	-0.5195143222808838
0.8874961570292483	1.6602184772491455	1.789482361955697	-0.5385160446166992
0.8893378340991678	1.6556466817855835	1.7972752896627258	-0.5508637428283691
0.90549802303397	1.6155306100845337	1.8111666278877783	-0.572873592376709
0.9121672694464478	1.5989751815795898	1.8433386322520007	-0.6238479614257812
0.9243770902348765	1.5686657428741455	1.846280618165994	-0.6285092830657959
0.9273255210020586	1.561346411705017	1.847745514188916	-0.6308307647705078
0.9529189300267915	1.4978137016296387	1.8916779560925212	-0.7004387378692627
0.9535221763806743	1.4963160753250122	1.9020860200115433	-0.7169296741485596
0.957236684465528	1.4870952367782593	1.9099805589777872	-0.729438304901123
0.9767476761184524	1.4386612176895142	1.9273175592730127	-0.7569074630737305
0.997694013135733	1.3866645097732544	1.9613557895868174	-0.8108391761779785
