-0.9906090476149059	2.670167922973633	-1.9531436632599921	1.0581427812576294
-0.9624203991272897	2.8425650596618652	-1.947052568964402	1.0580792427062988
-0.961613603381333	2.8474998474121094	-1.9342814816341032	1.057945728302002
-0.9597849076250129	2.8586831092834473	-1.9259128221575441	1.0578582286834717
-0.9595632051193486	2.860039710998535	-1.9173960021370853	1.0577692985534668
-0.9216244154913587	3.0920677185058594	-1.901285086434675	1.0576008558273315
-0.8795490567414603	3.3493950366973877	-1.8973491277818737	1.0575597286224365
-0.8717050073024313	3.3973681926727295	-1.8726442818747686	1.0573015213012695
-0.8579278836042261	3.4816269874572754	-1.7826480466429855	1.0563608407974243
-0.8257414005969186	3.6784753799438477	-1.7678833587044975	1.0562065839767456
-0.8121189784831166	3.7617881298065186	-1.7441789355160755	1.0559587478637695
-0.8078031842120739	3.7881827354431152	-1.7310014741470057	1.0558210611343384
-0.8057974484138775	3.800449848175049	-1.7233320181794478	1.0557409524917603
-0.7995462253753978	3.8386807441711426	-1.6663102582319258	1.0551449060440063
-0.7959103785039439	3.860917329788208	-1.6086220620238638	1.0545419454574585
-0.7792497176713897	3.9628119468688965	-1.5988242309380087	1.0544395446777344
-0.7634511482621336	4.059433460235596	-1.5298725761518677	1.057191252708435
-0.7625445620915119	4.064978122711182	-1.504720068602234	1.0640337467193604
-0.7596068775736622	4.082944869995117	-1.4717275746193867	1.0730087757110596
-0.7421474046902934	4.171163558959961	-1.4523989132576043	1.078266978263855
-0.7364042751912157	4.186296463012695	-1.420608962626491	1.0869148969650269
-0.7290518715550995	4.205669403076172	-1.4074365562073399	1.0904983282089233
-0.7236340973027724	4.219944953918457	-1.402206781368025	1.0905786752700806
-0.7132934251819072	4.2471923828125	-1.3500282612945007	1.0798064470291138
-0.6820608327089606	4.3294878005981445	-1.341223374008349	1.077988624572754
-0.6773809642300075	4.341818809509277	-1.313481290954238	1.0722613334655762
-0.6336172759857663	4.4571332931518555	-1.2815852897614608	1.0656763315200806
-0.606835276639893	4.506383419036865	-1.2668806551436855	1.0626405477523804
-0.5822464878103306	4.5426411628723145	-1.2574562227761912	1.0615978240966797
-0.5792348778523182	4.54708194732666	-1.2552279764786554	1.074845790863037
-0.5538367347187634	4.58453369140625	-1.2406083523889682	1.1617683172225952
-0.5111488159967945	4.647480487823486	-1.2000139004143997	1.403125524520874
-0.5024937129600839	4.660243034362793	-1.1701196982355624	1.5808637142181396
-0.4934167949204358	4.673627853393555	-1.1606250040995114	1.637315273284912
-0.47088877579074606	4.706847190856934	-1.146752090530072	1.7197970151901245
-0.46922101812110917	4.709306716918945	-1.1379692915457662	1.7720162868499756
-0.4599840536156703	4.722927093505859	-1.1324120624061043	1.805057168006897
-0.43438607484718084	4.760673522949219	-1.1043012477584795	1.9748420715332031
-0.4211878141055978	4.780135154724121	-1.102731884101043	1.9844393730163574
-0.41984478557911187	4.782115936279297	-1.090341488106707	2.060218334197998
-0.40771960495571014	4.799994945526123	-1.073193494115182	2.1650924682617188
-0.4051260982897327	4.80381965637207	-1.0484287145019655	2.3165502548217773
-0.40343534808793846	4.806312561035156	-1.0366848803382127	2.3883743286132812
-0.39685036665090134	4.8160223960876465	-0.9842334296198967	2.7091598510742188
-0.36914329815163227	4.82088041305542	-0.9825740729184282	2.719308614730835
-0.36403364121204795	4.811977386474609	-0.9467104930513974	2.938645601272583
-0.3628620950973527	4.809935569763184	-0.9058318607374569	3.188652992248535
-0.280984198852428	4.667266845703125	-0.8894851748210724	3.2886271476745605
-0.2725784581147548	4.652619361877441	-0.8730795769842037	3.3889615535736084
-0.26487625990420693	4.639198303222656	-0.8314098928298046	3.6438071727752686
-0.2625496586780718	4.63514518737793	-0.8279188619688131	3.665158271789551
-0.2331169623484446	4.583859443664551	-0.7528164720235897	4.124473571777344
-0.2069885183060307	4.538331985473633	-0.7522200180815926	4.128121852874756
-0.17147401097066006	4.476449012756348	-0.7199313967101286	4.229701042175293
-0.17067612001895283	4.475058555603027	-0.6473641926526175	4.4209113121032715
-0.15269040132219058	4.445600509643555	-0.6185932772123892	4.489045143127441
-0.15228990288364064	4.4449567794799805	-0.6110659282711217	4.500144958496094
-0.14246259810846773	4.427175521850586	-0.5775490486001775	4.549568176269531
-0.1371631291320521	4.408985137939453	-0.5600877420865444	4.575316429138184
-0.12827014946874638	4.378459453582764	-0.5256615754815299	4.626080513000488
-0.1259360924013171	4.370447635650635	-0.5033200786630978	4.659024715423584
-0.12482557747461498	4.366635322570801	-0.4889926428300764	4.68015193939209
-0.1227969730753593	4.359672546386719	-0.46614442331240813	4.71384334564209
-0.10574924276474529	4.301155090332031	-0.415761188770825	4.788137435913086
-0.0876993355669029	4.221945762634277	-0.4071157511356325	4.800885200500488
-0.07704127549413631	4.174328327178955	-0.37126681109600135	4.824580669403076
-0.06737845428738742	4.152115821838379	-0.301258124993975	4.702592849731445
-0.06269759670459685	4.141355514526367	-0.2623334977675169	4.634768009185791
0.002648763853404512	3.9911396503448486	-0.18582926928772459	4.501462936401367
0.04369664350014335	3.8799800872802734	-0.18521262177581876	4.500388145446777
0.04649610693339934	3.8710525035858154	-0.14569830254075722	4.434350967407227
0.05778983950580896	3.835035800933838	-0.08651877184004775	4.216658592224121
0.08976636599379373	3.733059883117676	-0.05748961626150839	4.1293840408325195
0.0976270078546495	3.7079918384552	-0.04777487740418174	4.107051849365234
0.1332029084131503	3.5945372581481934	-0.03816476552973169	4.084960460662842
0.13608912218786462	3.5853323936462402	-0.010434538005349214	4.021214962005615
0.13686789773729702	3.5828492641448975	0.0452759301858241	3.874943733215332
0.13992982140252974	3.573084592819214	0.06951642861645668	3.7976386547088623
0.14039354083575928	3.5716054439544678	0.07280285572265299	3.7871577739715576
0.14450381158174674	3.558497190475464	0.08414642481651713	3.7509822845458984
0.1486504976991576	3.5452733039855957	0.14253121209983322	3.564788341522217
0.15189299111235854	3.5349326133728027	0.1463168444348888	3.552715539932251
0.1523146688356738	3.533588171005249	0.20876987968962624	3.3535475730895996
0.1625457452717174	3.500960350036621	0.2616852474340359	3.184796094894409
0.1730258696201663	3.4675381183624268	0.27640295445837326	3.137860059738159
0.18174552249634646	3.439730405807495	0.30891435441667037	3.0341782569885254
0.18408386254367803	3.4322733879089355	0.3379042758230755	2.9417271614074707
0.20552675214328775	3.3638904094696045	0.34564066474530675	2.917055368423462
0.20969103949009193	3.3506100177764893	0.34713738583267517	2.9122819900512695
0.2127864282558487	3.340738296508789	0.3532684542144229	2.8927295207977295
0.22419144544484282	3.3043668270111084	0.35963990541828394	2.872410535812378
0.23386799374951384	3.273507833480835	0.45586382386358393	2.565544605255127
0.23527099415175412	3.269033193588257	0.4622382571353767	2.545215368270874
0.23603085799768309	3.2666101455688477	0.47150676767009525	2.515657663345337
0.27984204265504764	3.126892566680908	0.4859136059990541	2.469712734222412
0.2879803984592748	3.100938558578491	0.5159273743645949	2.3739962577819824
0.29178822613331223	3.0887949466705322	0.5217917474671645	2.355294704437256
0.30420654000337777	3.049191951751709	0.5578900655948944	2.2401742935180664
0.30621665093079686	3.0427818298339844	0.6523128124004032	1.939051866531372
0.30640163971426726	3.042191505432129	0.6796661863636402	1.9363715648651123
0.31265917893054684	3.0222361087799072	0.7175710939942692	1.9363715648651123
0.3203470749853701	2.997718572616577	0.7499531055512612	1.9363715648651123
0.33353343089133536	2.9556660652160645	0.785373955261838	1.9363715648651123
0.3348207599273634	2.9515604972839355	0.7897150925782546	1.9363715648651123
0.3412757392363188	2.9309754371643066	0.8176576076941311	1.9363715648651123
0.3556330735924602	2.885188579559326	0.8674387247703748	1.9363715648651123
0.3636405982069668	2.859651803970337	0.8882223978813917	1.9363715648651123
0.3849442387400397	2.791712760925293	0.9199622496962321	1.9363715648651123
0.38506318015553176	2.7913334369659424	0.9204881180670785	1.9363715648651123
0.3952623918545297	2.7588071823120117	0.9234232270806313	1.9363715648651123
0.3989585506350086	2.7470202445983887	0.9582031801971502	1.9363715648651123
0.40777716708073264	2.7188963890075684	0.9946544794021892	1.9363715648651123
0.42848259909822284	2.652865409851074	1.0335146153445658	1.9363715648651123
0.43037873274483895	2.646818161010742	1.061301015227861	1.9363715648651123
0.4326544082371311	2.639561176300049	1.140611648092551	1.9363715648651123
0.45050855963928105	2.582622766494751	1.1747908134296825	1.9363715648651123
0.47038804424518976	2.5192251205444336	1.1921873356502548	1.9363715648651123
0.47852715879660335	2.4932689666748047	1.1968103494095668	1.9363715648651123
0.5484673788684333	2.270223617553711	1.2292758349000428	1.9363715648651123
0.556313501899701	2.245201587677002	1.288470932776982	1.9363715648651123
0.5610583525729109	2.230070114135742	1.3241938209447617	1.9363715648651123
0.5834500761653292	2.158660888671875	1.3920329172889376	1.9363715648651123
0.5983171284334472	2.111248731613159	1.3957742212516728	1.9363715648651123
0.6123879780921715	2.066375494003296	1.423213369570444	1.9363715648651123
0.6275956394049544	2.017876625061035	1.4487660696867333	1.9363715648651123
0.6419864596958702	1.9719834327697754	1.4554224236929256	1.9363715648651123
0.6578800584347262	1.9363715648651123	1.4655293037145167	1.9363715648651123
0.665239691095876	1.9363715648651123	1.472504229472857	1.9363715648651123
0.6758898149976078	1.9363715648651123	1.4906026217895811	1.9363715648651123
0.6928173449422557	1.9363715648651123	1.497151866499788	1.9363715648651123
0.7400242964936383	1.9363715648651123	1.5060209812663632	1.9363715648651123
0.7622063942223232	1.9363715648651123	1.5866851721613684	1.9363715648651123
0.7634707237097056	1.9363715648651123	1.6148789589837338	1.9363715648651123
0.7835460015641595	1.9363715648651123	1.7123251738623635	1.9363715648651123
0.7838467100313442	1.9363715648651123	1.7181172671687621	1.9363715648651123
0.793093191702126	1.9363715648651123	1.736855991699175	1.9363715648651123
0.8389652274893471	1.9363715648651123	1.7617277810112522	1.9363715648651123
0.8511932765853221	1.9363715648651123	1.7655108188259945	1.9363715648651123
0.8585923951524281	1.9363715648651123	1.7774895599357343	1.9363715648651123
0.8874961570292483	1.9363715648651123	1.789482361955697	1.9363715648651123
0.8893378340991678	1.9363715648651123	1.7972752896627258	1.9363715648651123
0.90549802303397	1.9363715648651123	1.8111666278877783	1.9363715648651123
0.9121672694464478	1.9363715648651123	1.8433386322520007	1.9363715648651123
0.9243770902348765	1.9363715648651123	1.846280618165994	1.9363715648651123
0.9273255210020586	1.9363715648651123	1.847745514188916	1.9363715648651123
0.9529189300267915	1.9363715648651123	1.8916779560925212	1.9363715648651123
0.9535221763806743	1.9363715648651123	1.9020860200115433	1.9363715648651123
0.957236684465528	1.9363715648651123	1.9099805589777872	1.9363715648651123
0.9767476761184524	1.9363715648651123	1.9273175592730127	1.9363715648651123
0.997694013135733	1.9363715648651123	1.9613557895868174	1.9363715648651123
