-0.9906090476149059	2.6225569248199463	-1.9531436632599921	2.3079001903533936
-0.9624203991272897	2.73901104927063	-1.947052568964402	2.3079001903533936
-0.961613603381333	2.7423441410064697	-1.9342814816341032	2.3079001903533936
-0.9597849076250129	2.749898910522461	-1.9259128221575441	2.3079001903533936
-0.9595632051193486	2.75081467628479	-1.9173960021370853	2.3079001903533936
-0.9216244154913587	2.9075491428375244	-1.901285086434675	2.3079001903533936
-0.8795490567414603	3.0813729763031006	-1.8973491277818737	2.3079001903533936
-0.8717050073024313	3.113778829574585	-1.8726442818747686	2.3079001903533936
-0.8579278836042261	3.1706955432891846	-1.7826480466429855	2.3079001903533936
-0.8257414005969186	3.30366587638855	-1.7678833587044975	2.3079001903533936
-0.8121189784831166	3.359943151473999	-1.7441789355160755	2.3079001903533936
-0.8078031842120739	3.377772569656372	-1.7310014741470057	2.3100855350494385
-0.8057974484138775	3.386059522628784	-1.7233320181794478	2.3126800060272217
-0.7995462253753978	3.4118845462799072	-1.6663102582319258	2.331969976425171
-0.7959103785039439	3.4269051551818848	-1.6086220620238638	2.351485252380371
-0.7792497176713897	3.495734930038452	-1.5988242309380087	2.35479998588562
-0.7634511482621336	3.561002016067505	-1.5298725761518677	2.3781254291534424
-0.7625445620915119	3.5647475719451904	-1.504720068602234	2.386634111404419
-0.7596068775736622	3.5768842697143555	-1.4717275746193867	2.3977949619293213
-0.7421474046902934	3.6490132808685303	-1.4523989132576043	2.4043338298797607
-0.7364042751912157	3.6727397441864014	-1.420608962626491	2.415088176727295
-0.7290518715550995	3.7031142711639404	-1.4074365562073399	2.419543981552124
-0.7236340973027724	3.725496292114258	-1.402206781368025	2.4213132858276367
-0.7132934251819072	3.768216371536255	-1.3500282612945007	2.438964605331421
-0.6820608327089606	3.8972461223602295	-1.341223374008349	2.4419431686401367
-0.6773809642300075	3.916579484939575	-1.313481290954238	2.4513282775878906
-0.6336172759857663	4.097378253936768	-1.2815852897614608	2.462118148803711
-0.606835276639893	4.20802116394043	-1.2668806551436855	2.467092752456665
-0.5822464878103306	4.309603691101074	-1.2574562227761912	2.470280647277832
-0.5792348778523182	4.32204532623291	-1.2552279764786554	2.4710347652435303
-0.5538367347187634	4.426971435546875	-1.2406083523889682	2.475980043411255
-0.5111488159967945	4.603325843811035	-1.2000139004143997	2.489712953567505
-0.5024937129600839	4.639082431793213	-1.1701196982355624	2.4998257160186768
-0.4934167949204358	4.676581382751465	-1.1606250040995114	2.503037691116333
-0.47088877579074606	4.769650459289551	-1.146752090530072	2.507730722427368
-0.46922101812110917	4.7765398025512695	-1.1379692915457662	2.5107016563415527
-0.4599840536156703	4.814700126647949	-1.1324120624061043	2.5125818252563477
-0.43438607484718084	4.920452117919922	-1.1043012477584795	2.5220913887023926
-0.4211878141055978	4.974976539611816	-1.102731884101043	2.5226223468780518
-0.41984478557911187	4.980525493621826	-1.090341488106707	2.5268139839172363
-0.40771960495571014	4.993597030639648	-1.073193494115182	2.5326147079467773
-0.4051260982897327	4.986061096191406	-1.0484287145019655	2.540992259979248
-0.40343534808793846	4.981148719787598	-1.0366848803382127	2.5449655055999756
-0.39685036665090134	4.9620137214660645	-0.9842334296198967	2.648895740509033
-0.36914329815163227	4.881504535675049	-0.9825740729184282	2.6557512283325195
-0.36403364121204795	4.866657257080078	-0.9467104930513974	2.803913116455078
-0.3628620950973527	4.863252639770508	-0.9058318607374569	2.972791910171509
-0.280984198852428	4.62533712387085	-0.8894851748210724	3.0403244495391846
-0.2725784581147548	4.600912094116211	-0.8730795769842037	3.108099937438965
-0.26487625990420693	4.578531265258789	-0.8314098928298046	3.2802481651306152
-0.2625496586780718	4.571770668029785	-0.8279188619688131	3.294670343399048
-0.2331169623484446	4.486247539520264	-0.7528164720235897	3.6049368381500244
-0.2069885183060307	4.410324573516846	-0.7522200180815926	3.607400894165039
-0.17147401097066006	4.307128429412842	-0.7199313967101286	3.740792989730835
-0.17067612001895283	4.304810523986816	-0.6473641926526175	4.040586471557617
-0.15269040132219058	4.252548694610596	-0.6185932772123892	4.159445762634277
-0.15228990288364064	4.251384735107422	-0.6110659282711217	4.190544128417969
-0.14246259810846773	4.222829341888428	-0.5775490486001775	4.329010009765625
-0.1371631291320521	4.207430362701416	-0.5600877420865444	4.401147365570068
-0.12827014946874638	4.181589126586914	-0.5256615754815299	4.543369770050049
-0.1259360924013171	4.174807548522949	-0.5033200786630978	4.6356682777404785
-0.12482557747461498	4.1715803146362305	-0.4889926428300764	4.694858551025391
-0.1227969730753593	4.165685653686523	-0.46614442331240813	4.789250373840332
-0.10574924276474529	4.116149425506592	-0.415761188770825	4.997395992279053
-0.0876993355669029	4.063701629638672	-0.4071157511356325	4.991842746734619
-0.07704127549413631	4.032731533050537	-0.37126681109600135	4.887674808502197
-0.06737845428738742	4.0046539306640625	-0.301258124993975	4.6842474937438965
-0.06269759670459685	3.9910523891448975	-0.2623334977675169	4.57114315032959
0.002648763853404512	3.8011724948883057	-0.18582926928772459	4.348841190338135
0.04369664350014335	3.681898355484009	-0.18521262177581876	4.347049713134766
0.04649610693339934	3.6737639904022217	-0.14569830254075722	4.232231616973877
0.05778983950580896	3.640946865081787	-0.08651877184004775	4.060270309448242
0.08976636599379373	3.5480315685272217	-0.05748961626150839	3.975919485092163
0.0976270078546495	3.525191068649292	-0.04777487740418174	3.947690486907959
0.1332029084131503	3.421816349029541	-0.03816476552973169	3.919766664505005
0.13608912218786462	3.4134297370910645	-0.010434538005349214	3.8391895294189453
0.13686789773729702	3.4111669063568115	0.0452759301858241	3.677309274673462
0.13992982140252974	3.4022696018218994	0.06951642861645668	3.606872797012329
0.14039354083575928	3.4009220600128174	0.07280285572265299	3.597323179244995
0.14450381158174674	3.3889787197113037	0.08414642481651713	3.564361333847046
0.1486504976991576	3.376929759979248	0.14253121209983322	3.3947107791900635
0.15189299111235854	3.3675076961517334	0.1463168444348888	3.3837106227874756
0.1523146688356738	3.3662827014923096	0.20876987968962624	3.2022383213043213
0.1625457452717174	3.3365538120269775	0.2616852474340359	3.0484797954559326
0.1730258696201663	3.3061013221740723	0.27640295445837326	3.005713939666748
0.18174552249634646	3.280764102935791	0.30891435441667037	2.9112441539764404
0.18408386254367803	3.2739694118499756	0.3379042758230755	2.82700777053833
0.20552675214328775	3.2116622924804688	0.34564066474530675	2.8045272827148438
0.20969103949009193	3.199561357498169	0.34713738583267517	2.800178289413452
0.2127864282558487	3.1905672550201416	0.3532684542144229	2.782362937927246
0.22419144544484282	3.1574270725250244	0.35963990541828394	2.7638492584228516
0.23386799374951384	3.129309892654419	0.45586382386358393	2.4842474460601807
0.23527099415175412	3.125232696533203	0.4622382571353767	2.4657251834869385
0.23603085799768309	3.1230247020721436	0.47150676767009525	2.438793420791626
0.27984204265504764	2.9957211017608643	0.4859136059990541	2.3969309329986572
0.2879803984592748	2.9720733165740967	0.5159273743645949	2.309718370437622
0.29178822613331223	2.9610085487365723	0.5217917474671645	2.292678117752075
0.30420654000337777	2.92492413520813	0.5578900655948944	2.1877858638763428
0.30621665093079686	2.9190831184387207	0.6523128124004032	1.9716497659683228
0.30640163971426726	2.918546438217163	0.6796661863636402	1.9539780616760254
0.31265917893054684	2.9003634452819824	0.7175710939942692	1.929490089416504
0.3203470749853701	2.878024101257324	0.7499531055512612	1.9085698127746582
0.33353343089133536	2.839707612991333	0.785373955261838	1.8856861591339111
0.3348207599273634	2.8359670639038086	0.7897150925782546	1.88288152217865
0.3412757392363188	2.8172104358673096	0.8176576076941311	1.8648293018341064
0.3556330735924602	2.775491952896118	0.8674387247703748	1.8326677083969116
0.3636405982069668	2.7522239685058594	0.8882223978813917	1.8192405700683594
0.3849442387400397	2.690321683883667	0.9199622496962321	1.79873526096344
0.38506318015553176	2.6899759769439697	0.9204881180670785	1.7983957529067993
0.3952623918545297	2.660339593887329	0.9234232270806313	1.796499490737915
0.3989585506350086	2.6495988368988037	0.9582031801971502	1.7740297317504883
0.40777716708073264	2.6239748001098633	0.9946544794021892	1.7504806518554688
0.42848259909822284	2.563809633255005	1.0335146153445658	1.7232234477996826
0.43037873274483895	2.558300256729126	1.061301015227861	1.701973795890808
0.4326544082371311	2.5516879558563232	1.140611648092551	1.6413191556930542
0.45050855963928105	2.4998085498809814	1.1747908134296825	1.6151798963546753
0.47038804424518976	2.4420435428619385	1.1921873356502548	1.6018757820129395
0.47852715879660335	2.418393135070801	1.1968103494095668	1.5983396768569946
0.5484673788684333	2.215165138244629	1.2292758349000428	1.5735118389129639
0.556313501899701	2.1923668384552	1.288470932776982	1.5282400846481323
0.5610583525729109	2.178579807281494	1.3241938209447617	1.5009208917617798
0.5834500761653292	2.1135151386260986	1.3920329172889376	1.4490398168563843
0.5983171284334472	2.070315361022949	1.3957742212516728	1.4461780786514282
0.6123879780921715	2.0294289588928223	1.423213369570444	1.4251939058303833
0.6275956394049544	1.9876184463500977	1.4487660696867333	1.405651569366455
0.6419864596958702	1.9783210754394531	1.4554224236929256	1.4005614519119263
0.6578800584347262	1.9680533409118652	1.4655293037145167	1.392831563949585
0.665239691095876	1.9632983207702637	1.472504229472857	1.3874974250793457
0.6758898149976078	1.9564181566238403	1.4906026217895811	1.3736566305160522
0.6928173449422557	1.9454822540283203	1.497151866499788	1.3686474561691284
0.7400242964936383	1.9149842262268066	1.5060209812663632	1.3618648052215576
0.7622063942223232	1.9006531238555908	1.5866851721613684	1.3001755475997925
0.7634707237097056	1.899836540222168	1.6148789589837338	1.2786134481430054
0.7835460015641595	1.8868670463562012	1.7123251738623635	1.2040891647338867
0.7838467100313442	1.886672854423523	1.7181172671687621	1.199660062789917
0.793093191702126	1.8806989192962646	1.736855991699175	1.1853289604187012
0.8389652274893471	1.8510632514953613	1.7617277810112522	1.1663084030151367
0.8511932765853221	1.8431639671325684	1.7655108188259945	1.163414716720581
0.8585923951524281	1.838383436203003	1.7774895599357343	1.1542540788650513
0.8874961570292483	1.8197100162506104	1.789482361955697	1.1450819969177246
0.8893378340991678	1.8185200691223145	1.7972752896627258	1.139122486114502
0.90549802303397	1.8080799579620361	1.8111666278877783	1.1284985542297363
0.9121672694464478	1.8037712574005127	1.8433386322520007	1.1038947105407715
0.9243770902348765	1.7958827018737793	1.846280618165994	1.1016448736190796
0.9273255210020586	1.7939784526824951	1.847745514188916	1.100523829460144
0.9529189300267915	1.7774436473846436	1.8916779560925212	1.0970994234085083
0.9535221763806743	1.7770538330078125	1.9020860200115433	1.0970994234085083
0.957236684465528	1.7746539115905762	1.9099805589777872	1.0970994234085083
0.9767476761184524	1.7620491981506348	1.9273175592730127	1.0970994234085083
0.997694013135733	1.74851655960083	1.9613557895868174	1.0970994234085083
