-0.9906090476149059	2.3745498657226562	-1.9531436632599921	-2.069455623626709
-0.9624203991272897	2.515275001525879	-1.947052568964402	-2.0450854301452637
-0.961613603381333	2.5193028450012207	-1.9342814816341032	-1.9939889907836914
-0.9597849076250129	2.5284318923950195	-1.9259128221575441	-1.9605069160461426
-0.9595632051193486	2.529539108276367	-1.9173960021370853	-1.926431655883789
-0.9216244154913587	2.7189393043518066	-1.901285086434675	-1.861973524093628
-0.8795490567414603	2.9289908409118652	-1.8973491277818737	-1.846226453781128
-0.8717050073024313	2.9681506156921387	-1.8726442818747686	-1.7473840713500977
-0.8579278836042261	3.0369300842285156	-1.7826480466429855	-1.3560075759887695
-0.8257414005969186	3.19761323928833	-1.7678833587044975	-1.2864890098571777
-0.8121189784831166	3.2656197547912598	-1.7441789355160755	-1.1748785972595215
-0.8078031842120739	3.287165403366089	-1.7310014741470057	-1.1128344535827637
-0.8057974484138775	3.2971787452697754	-1.7233320181794478	-1.076723337173462
-0.7995462253753978	3.3283865451812744	-1.6663102582319258	-0.8082413673400879
-0.7959103785039439	3.3465375900268555	-1.6086220620238638	-0.5366219282150269
-0.7792497176713897	3.4297120571136475	-1.5988242309380087	-0.49048924446105957
-0.7634511482621336	3.5085830688476562	-1.5298725761518677	-0.16583621501922607
-0.7625445620915119	3.513108730316162	-1.504720068602234	-0.0474085807800293
-0.7596068775736622	3.5277745723724365	-1.4717275746193867	0.1079334020614624
-0.7421474046902934	3.6149368286132812	-1.4523989132576043	0.19894087314605713
-0.7364042751912157	3.6436076164245605	-1.420608962626491	0.348621129989624
-0.7290518715550995	3.6803131103515625	-1.4074365562073399	0.41064226627349854
-0.7236340973027724	3.70736026763916	-1.402206781368025	0.43526625633239746
-0.7132934251819072	3.758983612060547	-1.3500282612945007	0.6809438467025757
-0.6820608327089606	3.914905071258545	-1.341223374008349	0.7224011421203613
-0.6773809642300075	3.938267946243286	-1.313481290954238	0.8530216217041016
-0.6336172759857663	4.156747817993164	-1.2815852897614608	1.0032010078430176
-0.606835276639893	4.2904510498046875	-1.2668806551436855	1.072437047958374
-0.5822464878103306	4.409896373748779	-1.2574562227761912	1.1168112754821777
-0.5792348778523182	4.418081283569336	-1.2552279764786554	1.127302885055542
-0.5538367347187634	4.45180606842041	-1.2406083523889682	1.1961376667022705
-0.5111488159967945	4.493952751159668	-1.2000139004143997	1.3872733116149902
-0.5024937129600839	4.502498626708984	-1.1701196982355624	1.5280274152755737
-0.4934167949204358	4.511460304260254	-1.1606250040995114	1.5727322101593018
-0.47088877579074606	4.533702850341797	-1.146752090530072	1.6380515098571777
-0.46922101812110917	4.5353498458862305	-1.1379692915457662	1.679404854774475
-0.4599840536156703	4.544469833374023	-1.1324120624061043	1.7055703401565552
-0.43438607484718084	4.5697431564331055	-1.1043012477584795	1.8379278182983398
-0.4211878141055978	4.5827741622924805	-1.102731884101043	1.8453162908554077
-0.41984478557911187	4.584100246429443	-1.090341488106707	1.9036561250686646
-0.40771960495571014	4.596071243286133	-1.073193494115182	1.9843952655792236
-0.4051260982897327	4.598632335662842	-1.0484287145019655	2.1009979248046875
-0.40343534808793846	4.600301742553711	-1.0366848803382127	2.1562933921813965
-0.39685036665090134	4.606802940368652	-0.9842334296198967	2.406378746032715
-0.36914329815163227	4.605318069458008	-0.9825740729184282	2.4146628379821777
-0.36403364121204795	4.60018253326416	-0.9467104930513974	2.593703269958496
-0.3628620950973527	4.599005699157715	-0.9058318607374569	2.7977800369262695
-0.280984198852428	4.495617866516113	-0.8894851748210724	2.8793869018554688
-0.2725784581147548	4.474453926086426	-0.8730795769842037	2.9612884521484375
-0.26487625990420693	4.455061435699463	-0.8314098928298046	3.1693148612976074
-0.2625496586780718	4.449203968048096	-0.8279188619688131	3.1867423057556152
-0.2331169623484446	4.375099182128906	-0.7528164720235897	3.561673641204834
-0.2069885183060307	4.309313774108887	-0.7522200180815926	3.5646514892578125
-0.17147401097066006	4.219897270202637	-0.7199313967101286	3.7258450984954834
-0.17067612001895283	4.217887878417969	-0.6473641926526175	4.088119983673096
-0.15269040132219058	4.172604560852051	-0.6185932772123892	4.231752395629883
-0.15228990288364064	4.171596527099609	-0.6110659282711217	4.2693305015563965
-0.14246259810846773	4.146853446960449	-0.5775490486001775	4.422662734985352
-0.1371631291320521	4.133510589599609	-0.5600877420865444	4.445634365081787
-0.12827014946874638	4.111120223999023	-0.5256615754815299	4.479624271392822
-0.1259360924013171	4.10524320602417	-0.5033200786630978	4.501683235168457
-0.12482557747461498	4.102447509765625	-0.4889926428300764	4.515829086303711
-0.1227969730753593	4.097339630126953	-0.46614442331240813	4.538387298583984
-0.10574924276474529	4.054417610168457	-0.415761188770825	4.588131904602051
-0.0876993355669029	4.00897216796875	-0.4071157511356325	4.596668243408203
-0.07704127549413631	3.982137680053711	-0.37126681109600135	4.607451915740967
-0.06737845428738742	3.9578094482421875	-0.301258124993975	4.5370941162109375
-0.06269759670459685	3.946024179458618	-0.2623334977675169	4.448659420013428
0.002648763853404512	3.7814972400665283	-0.18582926928772459	4.256040096282959
0.04369664350014335	3.6781485080718994	-0.18521262177581876	4.254487037658691
0.04649610693339934	3.671100378036499	-0.14569830254075722	4.15500020980835
0.05778983950580896	3.642665147781372	-0.08651877184004775	4.00600004196167
0.08976636599379373	3.5621557235717773	-0.05748961626150839	3.9329111576080322
0.0976270078546495	3.5423648357391357	-0.04777487740418174	3.908452272415161
0.1332029084131503	3.4527933597564697	-0.03816476552973169	3.88425612449646
0.13608912218786462	3.445526123046875	-0.010434538005349214	3.8144378662109375
0.13686789773729702	3.443565845489502	0.0452759301858241	3.6741724014282227
0.13992982140252974	3.435856342315674	0.06951642861645668	3.61314058303833
0.14039354083575928	3.4346888065338135	0.07280285572265299	3.6048660278320312
0.14450381158174674	3.4243404865264893	0.08414642481651713	3.576305389404297
0.1486504976991576	3.4138998985290527	0.14253121209983322	3.429306745529175
0.15189299111235854	3.405735969543457	0.1463168444348888	3.4197750091552734
0.1523146688356738	3.4046740531921387	0.20876987968962624	3.262533664703369
0.1625457452717174	3.3789148330688477	0.2616852474340359	3.129305124282837
0.1730258696201663	3.3525280952453613	0.27640295445837326	3.0922493934631348
0.18174552249634646	3.3305742740631104	0.30891435441667037	3.0103933811187744
0.18408386254367803	3.3246870040893555	0.3379042758230755	2.937404155731201
0.20552675214328775	3.2706985473632812	0.34564066474530675	2.9179255962371826
0.20969103949009193	3.260214328765869	0.34713738583267517	2.9141573905944824
0.2127864282558487	3.2524209022521973	0.3532684542144229	2.8987205028533936
0.22419144544484282	3.223705768585205	0.35963990541828394	2.882678508758545
0.23386799374951384	3.1993422508239746	0.45586382386358393	2.640409469604492
0.23527099415175412	3.1958096027374268	0.4622382571353767	2.6243603229522705
0.23603085799768309	3.193897008895874	0.47150676767009525	2.601024627685547
0.27984204265504764	3.083590507507324	0.4859136059990541	2.564751625061035
0.2879803984592748	3.0630998611450195	0.5159273743645949	2.4891841411590576
0.29178822613331223	3.0535130500793457	0.5217917474671645	2.474419116973877
0.30420654000337777	3.022246837615967	0.5578900655948944	2.3835318088531494
0.30621665093079686	3.017185688018799	0.6523128124004032	2.1457979679107666
0.30640163971426726	3.0167200565338135	0.6796661863636402	2.0769286155700684
0.31265917893054684	3.000964641571045	0.7175710939942692	1.9814931154251099
0.3203470749853701	2.9816083908081055	0.7499531055512612	1.8999629020690918
0.33353343089133536	2.948408365249634	0.785373955261838	1.8107818365097046
0.3348207599273634	2.9451675415039062	0.7897150925782546	1.799851417541504
0.3412757392363188	2.928915023803711	0.8176576076941311	1.729499340057373
0.3556330735924602	2.8927669525146484	0.8674387247703748	1.6041620969772339
0.3636405982069668	2.872606039047241	0.8882223978813917	1.5518335103988647
0.3849442387400397	2.8189682960510254	0.9199622496962321	1.4719204902648926
0.38506318015553176	2.818668842315674	0.9204881180670785	1.4705965518951416
0.3952623918545297	2.792989492416382	0.9234232270806313	1.4632062911987305
0.3989585506350086	2.7836833000183105	0.9582031801971502	1.3756389617919922
0.40777716708073264	2.7614805698394775	0.9946544794021892	1.2838633060455322
0.42848259909822284	2.7093491554260254	1.0335146153445658	1.1860225200653076
0.43037873274483895	2.704575300216675	1.061301015227861	1.116062879562378
0.4326544082371311	2.698845386505127	1.140611648092551	0.9163777828216553
0.45050855963928105	2.653892993927002	1.1747908134296825	0.8303227424621582
0.47038804424518976	2.6038410663604736	1.1921873356502548	0.786522388458252
0.47852715879660335	2.5833487510681152	1.1968103494095668	0.7748827934265137
0.5484673788684333	2.4072558879852295	1.2292758349000428	0.6931424140930176
0.556313501899701	2.3875012397766113	1.288470932776982	0.5441029071807861
0.5610583525729109	2.3755550384521484	1.3241938209447617	0.4541614055633545
0.5834500761653292	2.3191778659820557	1.3920329172889376	0.2833590507507324
0.5983171284334472	2.2817459106445312	1.3957742212516728	0.2739391326904297
0.6123879780921715	2.246319055557251	1.423213369570444	0.20485377311706543
0.6275956394049544	2.2080297470092773	1.4487660696867333	0.14051806926727295
0.6419864596958702	2.171797275543213	1.4554224236929256	0.12375950813293457
0.6578800584347262	2.1317811012268066	1.4655293037145167	0.0983126163482666
0.665239691095876	2.113251209259033	1.472504229472857	0.08075141906738281
0.6758898149976078	2.0864365100860596	1.4906026217895811	0.03518414497375488
0.6928173449422557	2.0438170433044434	1.497151866499788	0.018694162368774414
0.7400242964936383	1.9249615669250488	1.5060209812663632	-0.0036362409591674805
0.7622063942223232	1.8691121339797974	1.5866851721613684	-0.20672893524169922
0.7634707237097056	1.8659288883209229	1.6148789589837338	-0.27771449089050293
0.7835460015641595	1.8153841495513916	1.7123251738623635	-0.5230610370635986
0.7838467100313442	1.814626932144165	1.7181172671687621	-0.5376439094543457
0.793093191702126	1.791346549987793	1.736855991699175	-0.5848233699798584
0.8389652274893471	1.6758517026901245	1.7617277810112522	-0.647444486618042
0.8511932765853221	1.645064353942871	1.7655108188259945	-0.6569693088531494
0.8585923951524281	1.6264352798461914	1.7774895599357343	-0.687129020690918
0.8874961570292483	1.5536624193191528	1.789482361955697	-0.7173240184783936
0.8893378340991678	1.549025297164917	1.7972752896627258	-0.7369449138641357
0.90549802303397	1.5083379745483398	1.8111666278877783	-0.7719202041625977
0.9121672694464478	1.4915465116500854	1.8433386322520007	-0.8529210090637207
0.9243770902348765	1.460805058479309	1.846280618165994	-0.8603286743164062
0.9273255210020586	1.4533815383911133	1.847745514188916	-0.8640165328979492
0.9529189300267915	1.3889431953430176	1.8916779560925212	-0.9746284484863281
0.9535221763806743	1.3874244689941406	1.9020860200115433	-1.0008330345153809
0.957236684465528	1.3780721426010132	1.9099805589777872	-1.02070951461792
0.9767476761184524	1.3289482593536377	1.9273175592730127	-1.0643606185913086
0.997694013135733	1.2762101888656616	1.9613557895868174	-1.1500606536865234
