0 0 0
1 1.46236 1.4115
2 0.649706 1.17376
3 0.131243 1.96946
4 1.29113 1.24156
5 -1.73116 2.03973
6 3.21649 1.85417
7 0.284915 1.67619
8 1.0065 1.55526
9 -0.402788 1.6751
10 0.719213 1.49986
11 0.367564 1.67326
12 0.768625 1.03004
13 -1.2508 1.2179
14 0.831353 1.31617
15 1.79203 1.39311
16 -0.667823 1.26439
17 2.81986 1.80752
18 -1.65018 1.67821
19 1.32102 1.73181
20 -0.70746 1.47786
21 3.37502 1.18879
22 2.52072 1.58435
23 1.02987 1.52916
24 -0.558371 0.90186
25 -0.705943 1.14083
26 1.90665 1.67656
27 -0.302967 1.27587
28 1.15105 1.74854
29 1.32057 1.31637
30 -1.8819 1.36077
31 -0.926352 1.16002
32 1.30503 1.63031
33 0.679696 1.31248
34 -1.66825 1.05417
35 0.155889 1.79954
36 1.0693 1.29778
37 -2.58893 1.34564
38 2.54188 1.27927
39 -2.81774 1.39349
40 -0.469749 1.09868
41 0.149354 1.15547
42 0.468055 1.24453
43 0.239049 1.18602
44 1.87039 1.81304
45 -1.03939 1.61095
46 3.30369 1.12612
47 -2.48598 1.53151
48 0.615891 1.6354
49 -2.39345 1.26507
50 -0.766921 1.22256
51 -0.897235 1.48569
52 -2.78072 1.34905
53 1.74522 1.63869
54 -0.781024 1.45898
55 -1.92689 1.56929
56 0.00164297 1.13259
57 1.3646 1.47192
58 0.392774 1.56121
59 -0.55815 1.4687
60 2.73112 1.62451
61 3.26421 1.55972
62 2.54071 1.52148
63 -1.33171 1.47506
64 0.193775 1.37482
65 1.70688 1.48565
66 -0.749825 1.46602
67 0.219008 1.29115
68 1.52303 1.48339
69 0.546575 1.64306
70 0.590062 1.61469
71 -0.657913 1.41756
72 0.449085 1.41028
73 -0.161834 1.20687
74 -0.316917 1.22963
75 -1.89062 1.3969
76 -0.407292 0.823545
77 1.0122 1.64737
78 -1.12161 1.47158
79 -1.10912 1.45282
80 0.278336 1.2762
81 -0.892612 1.3077
82 1.70835 1.71876
83 -0.107093 1.30729
84 -0.966164 1.07729
85 -0.0464825 1.86237
86 0.756363 1.78462
87 -0.132408 1.40876
88 -1.16242 1.64792
89 -0.730547 1.58239
90 -0.0808487 1.2823
91 -2.1118 1.44906
92 0.189512 1.57057
93 1.51429 1.51983
94 0.911996 1.2471
95 -0.683104 1.47864
96 0.594562 1.22379
97 2.74027 1.81206
98 1.90849 1.17894
99 -0.286051 1.54414
100 0.648959 1.3014
101 0.0146158 1.97308
102 -0.572963 1.68501
103 1.9971 1.20052
104 0.93885 1.42188
105 0.943791 1.49912
106 0.727977 1.62295
107 1.57977 1.40159
108 1.34379 1.21299
109 1.17988 1.7239
110 -0.459469 1.35615
111 -1.81033 1.5146
112 -1.14071 1.68286
113 1.28149 1.54689
114 0.996602 1.41101
115 0.108076 1.58116
116 -0.35738 1.966
117 1.60734 1.35788
118 1.10156 1.6434
119 2.70171 1.54796
120 0.794055 1.1619
121 0.46215 1.22139
122 0.359315 1.32556
123 1.00189 1.39985
124 1.57136 1.14235
125 -0.823565 1.31719
126 3.98684 1.49847
127 -2.51998 1.51041
128 -1.6525 0.975573
129 1.55144 1.35192
130 1.35712 1.31663
131 -3.28404 1.74288
132 1.67122 1.46678
133 0.743502 1.50324
134 1.97914 1.58879
135 -0.468781 1.45712
136 0.995798 1.54303
137 0.123569 1.22732
138 -0.92581 1.3437
139 -0.890097 1.3929
140 1.66748 1.28994
141 -1.12869 1.65059
142 -0.245328 1.6197
143 -2.80327 1.71802
144 2.10984 1.46213
145 -0.539958 1.31281
146 -0.383023 1.24636
147 1.06395 1.61762
148 -0.0851555 1.43489
149 -0.0880302 1.55567
150 0.156043 1.58369
151 -2.19992 1.80398
152 -0.239806 1.29774
153 -0.51846 1.83797
154 0.327471 1.01764
155 1.84943 1.29964
156 -1.70914 1.71622
157 0.501355 1.73905
158 -0.0400111 1.38485
159 1.26486 1.17341
160 0.12367 1.67491
161 -1.71122 1.69764
162 0.467009 1.40267
163 -0.301895 1.83991
164 -1.38042 1.46657
165 -0.772465 1.56086
166 1.17496 1.40349
167 0.273052 1.20581
168 0.550179 1.83872
169 -0.987921 1.4247
170 -0.120449 1.5306
171 -1.26628 0.948207
172 -0.340325 1.32018
173 1.75262 1.28087
174 -0.171678 1.63321
175 0.220301 1.65321
176 -2.38244 1.59698
177 0.0521629 1.31707
178 0.276941 1.38307
179 -1.97566 1.31293
180 2.74352 1.50203
181 1.52872 1.43612
182 0.144485 1.78665
183 0.659291 1.55824
184 1.01738 1.66093
185 2.34069 1.55084
186 -0.149013 1.68308
187 -0.493565 1.69587
188 -0.797833 1.14118
189 0.832475 1.12021
190 0.734508 1.23778
191 -1.77169 1.29424
192 0.0569376 1.49264
193 1.74077 1.21152
194 -1.32781 1.72891
195 1.69687 1.20774
196 -2.19804 1.35402
197 0.1556 1.73227
198 3.22855 1.56175
199 -0.0324001 1.45327
200 -2.23729 1.41605
201 -1.10921 1.73838
202 0.0453082 1.64614
203 4.45586 1.3879
204 -0.625641 1.24879
205 1.73489 1.38763
206 -1.73712 1.29611
207 -1.05634 1.67631
208 -1.60168 1.59035
209 3.87814 1.17417
210 -1.84275 1.59472
211 0.633404 1.67679
212 -0.56073 1.69989
213 -1.84821 1.02491
214 1.85653 1.5081
215 1.46514 1.18362
216 3.07285 1.67366
217 2.99578 1.54253
218 1.10406 2.20606
219 0.324158 1.45949
220 -0.456541 1.62184
221 0.411329 1.41975
222 -0.890191 1.27154
223 1.00473 1.46441
224 -0.204911 1.49555
225 -0.301676 2.38851
226 0.398794 1.90238
227 1.8167 1.40993
228 -0.840944 1.33019
229 -2.45511 1.59699
230 0.80647 1.77625
231 -0.0675166 1.33288
232 1.14402 1.12843
233 -0.868454 1.58942
234 0.449562 1.68938
235 -1.2843 1.94209
236 -0.304061 1.55898
237 2.904 1.58998
238 0.707757 1.86903
239 2.24824 1.35879
240 -0.369798 1.15588
241 0.838195 1.13013
242 0.269733 1.79028
243 0.128213 1.71214
244 1.03623 0.957197
245 -0.861796 0.997834
246 1.66504 1.33134
247 -2.8352 1.13308
248 1.60393 1.38686
249 -1.98343 1.01147
250 -1.0417 1.29246
251 1.66054 1.26447
252 0.00476574 1.01422
253 1.41951 1.59462
254 -3.34645 1.11085
255 -2.64198 1.66659
256 2.16952 1.91669
257 -0.402474 1.10905
258 -0.526627 1.74172
259 0.938662 1.56608
260 -0.151452 1.8113
261 -1.3697 1.23029
262 0.390266 1.60318
263 0.330595 1.46909
264 1.90183 1.60379
265 0.249664 1.4246
266 -3.44572 1.41431
267 1.25597 1.26358
268 -2.21167 1.91993
269 2.92215 1.37833
270 -0.726789 1.32042
271 4.37924 1.44024
272 -0.0554861 1.20797
273 -2.67836 1.47028
274 -1.88775 1.45068
275 0.474841 1.8459
276 1.46569 1.59519
277 0.55557 1.49587
278 -0.655689 1.45874
279 0.216778 1.24952
280 1.56386 1.54607
281 3.18579 1.70992
282 0.661729 1.5953
283 0.761284 1.40765
284 1.19669 1.23008
285 -0.6494 1.36002
286 1.45768 1.43908
287 0.234327 1.64419
288 2.37192 1.38453
289 -0.283251 1.62351
290 -1.93846 1.76031
291 2.43701 1.42635
292 -1.00518 1.51457
293 0.775181 1.16374
294 -2.76581 1.6014
295 -0.177442 1.42135
296 2.10006 1.41791
297 0.992452 1.37556
298 1.60443 1.86662
299 0 0
