0 0 0
1 -0.0176076 0.196122
2 0.0703141 0.176094
3 0.290202 0.224824
4 0.660766 0.206235
5 0.253724 0.193357
6 0.299732 0.191391
7 0.595437 0.209125
8 0.161467 0.234542
9 0.00835811 0.171572
10 0.765229 0.156004
11 0.331373 0.16462
12 0.274481 0.166118
13 0.0430558 0.17574
14 0.331386 0.160911
15 0.261645 0.195799
16 0.238905 0.184942
17 0.412183 0.225218
18 0.420191 0.151999
19 0.495439 0.154955
20 0.384307 0.219438
21 0.59557 0.203855
22 0.314183 0.193325
23 0.611896 0.171237
24 0.276684 0.141369
25 0.388944 0.144508
26 0.315045 0.154304
27 0.492478 0.133794
28 0.366943 0.108429
29 0.532508 0.162266
30 0.288144 0.119427
31 0.435573 0.157812
32 0.641344 0.153366
33 0.222845 0.145847
34 0.229995 0.134192
35 0.377641 0.145318
36 0.278896 0.143903
37 0.0931921 0.167019
38 0.45597 0.139667
39 0.273465 0.141423
40 0.282876 0.150924
41 0.362281 0.111142
42 0.350037 0.187367
43 0.455163 0.150422
44 0.690473 0.161905
45 0.328284 0.110038
46 0.477708 0.12081
47 -0.0314493 0.133644
48 0.192771 0.109016
49 0.428258 0.122152
50 0.471571 0.120908
51 -0.00141745 0.160546
52 -0.0518264 0.102941
53 0.527867 0.164179
54 0.440207 0.144092
55 0.328939 0.14597
56 0.32551 0.129087
57 0.470971 0.118965
58 0.285258 0.145048
59 0.43765 0.124868
60 0.530131 0.130752
61 0.407192 0.123287
62 0.453036 0.13893
63 0.475212 0.110201
64 0.268529 0.146202
65 0.454366 0.100819
66 0.289343 0.139528
67 0.251742 0.104353
68 0.283405 0.145558
69 0.456145 0.0777214
70 0.264664 0.140826
71 0.392211 0.127872
72 0.364327 0.1142
73 0.283522 0.137351
74 0.193744 0.124649
75 0.263402 0.137262
76 0.523423 0.0725774
77 0.171816 0.112997
78 0.40329 0.123004
79 0.277433 0.118269
80 0.329953 0.109543
81 0.422278 0.0961146
82 0.502383 0.0934133
83 0.00581923 0.122816
84 0.364148 0.0821309
85 0.335959 0.100822
86 0.430302 0.154271
87 0.505304 0.0970975
88 0.402175 0.140339
89 0.343877 0.118974
90 0.391649 0.131932
91 0.252869 0.126852
92 0.366994 0.127556
93 0.357784 0.122557
94 0.452999 0.101806
95 0.241327 0.0818073
96 0.33188 0.0969007
97 0.347023 0.100527
98 0.543217 0.112861
99 0.126927 0.111984
100 0.528855 0.128046
101 0.484679 0.138087
102 0.149786 0.14952
103 0.532036 0.106438
104 0.343635 0.0917801
105 0.357781 0.133496
106 0.403968 0.109825
107 0.435024 0.0994921
108 0.344327 0.113181
109 0.427742 0.147758
110 0.214485 0.140355
111 0.219619 0.128337
112 0.231682 0.102305
113 0.474763 0.14378
114 0.458554 0.123436
115 0.343141 0.102145
116 0.446818 0.146345
117 0.447744 0.0891967
118 0.239014 0.0875112
119 0.379053 0.155176
120 0.485829 0.108376
121 0.183393 0.116917
122 0.421611 0.0919208
123 0.257156 0.121643
124 0.359913 0.0920579
125 0.393818 0.0989618
126 0.624258 0.104277
127 0.251575 0.0988297
128 0.450467 0.128145
129 0.481898 0.151486
130 0.351961 0.108279
131 0.292578 0.0974745
132 0.538413 0.0714541
133 0.45202 0.130039
134 0.369347 0.124602
135 0.427884 0.116536
136 0.511687 0.142324
137 0.260753 0.102385
138 0.336814 0.105378
139 0.449909 0.0930723
140 0.436786 0.122965
141 0.396387 0.123317
142 0.43985 0.111791
143 0.413263 0.120039
144 0.280884 0.0957905
145 0.498161 0.096305
146 0.205503 0.120835
147 0.345083 0.101485
148 0.28147 0.141021
149 0.3915 0.0826952
150 0.337408 0.0887195
151 0.221893 0.103769
152 0.442602 0.131175
153 0.440288 0.111449
154 0.30593 0.133371
155 0.284531 0.100098
156 0.405522 0.108094
157 0.153318 0.0986265
158 0.365203 0.129915
159 0.313747 0.0786603
160 0.429115 0.11391
161 0.395033 0.100836
162 0.278159 0.139812
163 0.446783 0.0706001
164 0.250591 0.125268
165 0.342836 0.111281
166 0.347476 0.118288
167 0.0681833 0.105279
168 0.401442 0.110796
169 0.272584 0.132656
170 0.405915 0.075301
171 0.0827701 0.108422
172 0.653314 0.131608
173 0.37588 0.110234
174 0.278099 0.114373
175 0.334512 0.115274
176 0.332422 0.109773
177 0.270388 0.10081
178 0.341242 0.119159
179 0.463766 0.109803
180 0.517144 0.140932
181 0.488129 0.118161
182 0.330473 0.150496
183 0.452529 0.115946
184 0.347486 0.0873906
185 0.604486 0.143735
186 0.357568 0.141291
187 0.195961 0.0937654
188 0.288641 0.112804
189 0.22687 0.119412
190 0.185208 0.11181
191 0.216421 0.114669
192 0.347903 0.119134
193 0.407326 0.106852
194 0.258727 0.137992
195 0.300669 0.0878594
196 0.366565 0.140518
197 0.412004 0.135448
198 0.362794 0.11341
199 0.410436 0.113117
200 0.345561 0.108807
201 0.288294 0.133196
202 0.150899 0.132747
203 0.540063 0.10733
204 0.32673 0.117618
205 0.41218 0.0928667
206 0.218958 0.108895
207 0.436108 0.0968518
208 0.283457 0.132964
209 0.503685 0.115853
210 0.175331 0.115544
211 0.490076 0.095392
212 0.312282 0.116352
213 0.272336 0.145958
214 0.310297 0.1394
215 0.326901 0.099652
216 0.524775 0.118453
217 0.587934 0.115338
218 0.429859 0.136771
219 0.109578 0.146426
220 0.291909 0.127001
221 0.32116 0.14054
222 0.248279 0.116504
223 0.409463 0.130326
224 0.440259 0.0997348
225 0.237499 0.116492
226 0.26389 0.152061
227 0.500935 0.149719
228 0.361487 0.122105
229 0.266614 0.12308
230 0.449417 0.0922966
231 0.140817 0.12923
232 0.418011 0.136096
233 0.104515 0.0994973
234 0.358762 0.114125
235 0.236109 0.121185
236 0.305619 0.114172
237 0.341205 0.143203
238 0.291175 0.145387
239 0.344807 0.156225
240 0.47241 0.149316
241 0.413201 0.120675
242 0.278776 0.131048
243 0.184605 0.140208
244 0.27215 0.123224
245 0.185192 0.0846723
246 0.504582 0.134068
247 0.407259 0.126394
248 0.551487 0.0901359
249 0.337245 0.127993
250 0.329204 0.140913
251 0.353005 0.0976095
252 0.330065 0.154997
253 0.676411 0.127967
254 0.320967 0.154407
255 0.168746 0.152439
256 0.387021 0.153741
257 0.344447 0.154582
258 0.501703 0.106672
259 0.396182 0.151052
260 0.338651 0.144435
261 0.466624 0.134827
262 0.367604 0.146781
263 0.217419 0.156682
264 0.630556 0.162866
265 0.232253 0.143192
266 0.429309 0.129865
267 0.344476 0.197449
268 0.368245 0.149704
269 0.289846 0.150946
270 0.575076 0.120261
271 0.225362 0.148905
272 0.425885 0.154776
273 0.358152 0.153002
274 0.404497 0.137934
275 0.305992 0.15184
276 0.654983 0.179465
277 0.447154 0.158777
278 0.21558 0.169497
279 0.420531 0.152677
280 0.390763 0.156314
281 0.58987 0.19123
282 0.485206 0.161355
283 0.0906188 0.182037
284 0.428845 0.169842
285 0.450811 0.128925
286 0.680914 0.178366
287 0.53468 0.193193
288 0.605443 0.17385
289 0.366761 0.139269
290 0.335133 0.176647
291 0.231688 0.221034
292 0.44518 0.265358
293 0.425474 0.155903
294 -0.0928684 0.158246
295 0.0968683 0.158098
296 0.339959 0.195176
297 -0.0297816 0.215426
298 0.201373 0.222909
299 0 0
