0 1.32779 0.153188
1 0.852535 0.162287
2 0.998247 0.172952
3 0.881018 0.113963
4 1.16777 0.122987
5 1.06819 0.115647
6 1.33426 0.122885
7 0.966109 0.19098
8 1.04401 0.177175
9 1.08225 0.159533
10 1.01439 0.186188
11 0.999416 0.138695
12 1.12267 0.162458
13 0.83314 0.188672
14 0.969215 0.164975
15 1.309 0.134024
16 1.33187 0.155335
17 1.33082 0.128674
18 1.1786 0.109925
19 1.26081 0.164742
20 1.30129 0.139828
21 1.20684 0.129316
22 1.23542 0.0984022
23 1.17481 0.157562
24 1.09635 0.157469
25 1.27904 0.12211
26 1.1695 0.166901
27 1.0754 0.14275
28 1.27345 0.157251
29 1.19811 0.0871991
