0 0.602186 0.0438202
1 0.515134 0.0378963
2 0.524641 0.0423234
3 0.566031 0.0280844
4 0.589643 0.0387518
5 0.540986 0.0370498
6 0.600736 0.0348569
7 0.557841 0.0461889
8 0.544644 0.0305293
9 0.506598 0.0305062
10 0.577555 0.0388168
11 0.5712 0.035687
12 0.608449 0.0400657
13 0.567413 0.0444864
14 0.581314 0.0467547
15 0.574959 0.0332674
16 0.59311 0.0340125
17 0.626499 0.0407552
18 0.574224 0.0321742
19 0.584417 0.0430096
20 0.625189 0.0386225
21 0.573369 0.0359457
22 0.552728 0.0307305
23 0.618553 0.0381721
24 0.556218 0.0388776
25 0.583361 0.0360364
26 0.517573 0.0415884
27 0.537776 0.0354318
28 0.601025 0.0376453
29 0.585761 0.0287941
