0 -0.166245 0.00402651
1 0.0769204 0.215913
2 0.54201 0.20311
3 -0.0209624 0.236034
4 0.749943 0.210531
5 0.214287 0.226238
6 0.490415 0.216257
7 0.45558 0.126487
8 0.459556 0.165214
9 0.00417781 0.214443
10 0.37208 0.178382
11 0.54048 0.171487
12 0.0660915 0.168685
13 0.0695406 0.200617
14 0.175324 0.140699
15 0.367804 0.1607
16 0.426604 0.159955
17 0.247319 0.175628
18 0.366327 0.19895
19 0.241462 0.112152
20 0.516408 0.148173
21 0.307064 0.182344
22 0.303637 0.192751
23 0.364999 0.1999
24 0.38616 0.166888
25 0.430493 0.144133
26 0.539523 0.168978
27 0.573866 0.126485
28 0.275925 0.176665
29 0.430748 0.218005
30 0.29014 0.126398
31 0.67436 0.173661
32 0.485298 0.117086
33 0.413211 0.145436
34 0.174747 0.125674
35 0.618983 0.172434
36 0.29433 0.144248
37 0.280367 0.163195
38 0.476418 0.130356
39 0.349119 0.143503
40 0.452564 0.129366
41 0.412572 0.142951
42 0.454743 0.148662
43 0.618007 0.164575
44 0.441231 0.177961
45 0.326591 0.1668
46 0.254358 0.196122
47 0.528628 0.163441
48 0.455445 0.121627
49 0.375989 0.128003
50 0.444612 0.136604
51 0.0026388 0.140842
52 0.106325 0.176072
53 0.360948 0.159648
54 0.490336 0.119067
55 0.244361 0.134863
56 0.188959 0.132466
57 0.330154 0.127301
58 0.444797 0.127874
59 0.285443 0.15097
60 0.502055 0.174032
61 0.297909 0.149209
62 0.598288 0.133162
63 0.318487 0.111044
64 0.382525 0.119006
65 0.379315 0.106172
66 0.270273 0.123979
67 0.24782 0.123227
68 0.466231 0.118285
69 0.400093 0.133225
70 0.326906 0.112819
71 0.486338 0.124828
72 0.489634 0.118237
73 0.163374 0.124451
74 0.543029 0.142746
75 0.420758 0.135006
76 0.577284 0.109407
77 0.259306 0.118139
78 0.542273 0.123879
79 0.382314 0.0807267
80 0.251392 0.112654
81 0.490521 0.0972488
82 0.36362 0.137247
83 0.194889 0.0864276
84 0.284682 0.118079
85 0.207191 0.127775
86 0.331976 0.136197
87 0.110822 0.094305
88 0.332275 0.0877528
89 0.332639 0.122923
90 0.685572 0.133901
91 0.0887615 0.125094
92 0.327199 0.117543
93 0.48348 0.120891
94 0.255756 0.111366
95 0.236618 0.144182
96 0.45338 0.124796
97 0.409888 0.118941
98 0.249532 0.0945139
99 0.171987 0.108564
100 0.43808 0.0942117
101 0.405777 0.12586
102 0.200748 0.10407
103 0.462313 0.144112
104 0.239365 0.105959
105 0.355655 0.136062
106 0.112695 0.106898
107 0.086692 0.12955
108 0.316524 0.109507
109 0.297847 0.139569
110 0.52929 0.0959594
111 0.064177 0.116664
112 0.356875 0.172568
113 0.429105 0.135148
114 0.535818 0.123476
115 0.176963 0.127691
116 0.104459 0.112839
117 0.40093 0.120923
118 0.377988 0.083406
119 0.334519 0.112167
120 0.479465 0.0772211
121 0.328283 0.103537
122 0.388904 0.111216
123 0.320457 0.0721518
124 0.326894 0.101221
125 0.183855 0.174685
126 0.42891 0.104226
127 0.167315 0.0848344
128 0.195016 0.111799
129 0.425577 0.120288
130 0.398657 0.114931
131 0.241497 0.0933664
132 0.509868 0.124659
133 0.34405 0.106355
134 0.491286 0.112425
135 0.294556 0.0904701
136 0.448526 0.109751
137 0.26184 0.0968348
138 0.44867 0.11546
139 0.363037 0.104307
140 0.409691 0.147351
141 0.375251 0.0936895
142 0.737477 0.099862
143 0.268419 0.115244
144 0.4881 0.114926
145 0.305113 0.0919349
146 0.0860449 0.0685794
147 0.218779 0.115833
148 0.337327 0.116293
149 0.222932 0.0877143
150 0.234568 0.0991464
151 0.222684 0.103674
152 0.278067 0.134221
153 0.205087 0.139789
154 0.0935267 0.0793011
155 0.380261 0.0839182
156 0.354502 0.116413
157 0.220336 0.0716637
158 0.216102 0.149052
159 0.252275 0.109536
160 0.134195 0.115641
161 0.289624 0.112919
162 0.310893 0.105814
163 0.262589 0.113571
164 0.454241 0.108023
165 0.136053 0.109727
166 0.447106 0.0935878
167 0.10753 0.112036
168 0.379584 0.105963
169 0.111175 0.0915777
170 0.284805 0.109548
171 0.182237 0.103918
172 0.592955 0.0767508
173 0.390106 0.0964911
174 0.371941 0.132715
175 0.371829 0.115184
176 0.346615 0.154401
177 0.358959 0.122722
178 0.289168 0.106919
179 0.234908 0.129641
180 0.533047 0.0965292
181 0.376635 0.0880378
182 0.450775 0.103666
183 0.466556 0.0901504
184 0.353071 0.112624
185 0.518759 0.0929909
186 0.455159 0.142161
187 -0.0259404 0.0995725
188 0.321367 0.106859
189 0.12473 0.113708
190 0.414408 0.0900658
191 0.138688 0.147406
192 0.377226 0.164188
193 0.597693 0.1065
194 0.217554 0.136262
195 0.360671 0.154502
196 0.202639 0.163562
197 0.363245 0.167726
198 0.521573 0.131059
199 0.334564 0.13937
200 0.0390689 0.119717
201 0.293563 0.127207
202 0.351467 0.145779
203 0.637597 0.106353
204 0.382252 0.0801702
205 0.296285 0.145772
206 0.358626 0.116528
207 0.21121 0.12884
208 0.262826 0.143886
209 0.711436 0.106275
210 0.257358 0.127768
211 0.412124 0.0875379
212 0.421768 0.0993328
213 0.16952 0.123452
214 0.225875 0.112658
215 0.500684 0.10855
216 0.14103 0.157166
217 0.661837 0.108895
218 0.381224 0.128116
219 0.343041 0.112993
220 0.149534 0.140614
221 0.511947 0.114719
222 0.200853 0.150372
223 0.202382 0.128679
224 0.387291 0.0964924
225 0.293575 0.142802
226 0.485339 0.14174
227 0.278165 0.111455
228 0.579654 0.136768
229 0.116049 0.130374
230 0.239614 0.113348
231 0.235434 0.138892
232 0.33816 0.109307
233 0.30268 0.135213
234 0.313363 0.133281
235 0.412492 0.145392
236 0.147923 0.17729
237 0.449025 0.142821
238 0.496126 0.101994
239 0.405469 0.166568
240 0.223776 0.132167
241 0.50017 0.114803
242 0.447501 0.129775
243 0.3064 0.174246
244 0.293587 0.142523
245 0.371038 0.155174
246 0.383117 0.114745
247 0.394406 0.139761
248 0.457652 0.114911
249 0.349082 0.115086
250 0.343269 0.143598
251 0.414765 0.1036
252 0.282447 0.150526
253 0.492208 0.127223
254 0.22496 0.148147
255 0.129206 0.169053
256 0.447364 0.134337
257 0.540626 0.118027
258 0.344645 0.146923
259 0.202379 0.152017
260 0.432881 0.147407
261 0.259605 0.158355
262 0.562966 0.118666
263 0.512724 0.175697
264 0.419551 0.217559
265 0.534905 0.133567
266 0.363499 0.106135
267 0.533119 0.138909
268 0.375545 0.154027
269 0.431345 0.151817
270 0.459094 0.166902
271 0.466654 0.149599
272 0.296682 0.156609
273 0.514959 0.161856
274 0.278111 0.140934
275 0.285463 0.231315
276 0.418533 0.153626
277 0.548334 0.157425
278 0.187868 0.171054
279 0.247004 0.182826
280 0.456595 0.181217
281 0.661637 0.161638
282 0.444294 0.206181
283 0.189539 0.194979
284 0.368855 0.168328
285 0.593107 0.200589
286 0.189854 0.182786
287 0.381127 0.2228
288 0.292812 0.178943
289 0.265641 0.190396
290 0.221589 0.146721
291 0.463188 0.196922
292 0.410947 0.187767
293 0.301262 0.18495
294 0.603653 0.185067
295 0.120302 0.159118
296 0.451525 0.204684
297 0.268682 0.168936
298 0.431771 0.247566
299 -0.15356 0.00396153
