0 -0.156237 0.00558791
1 0.793343 1.38598
2 1.69243 1.37308
3 0.267335 1.70476
4 2.02967 1.37287
5 -0.321682 1.95643
6 3.88504 1.70974
7 1.87461 1.75312
8 0.967117 1.81287
9 0.0544846 1.6564
10 1.28245 1.61167
11 0.578488 1.73246
12 2.59284 1.21284
13 -1.18478 1.29292
14 1.29599 1.31647
15 2.40654 1.388
16 -1.57235 1.4106
17 2.97693 2.08077
18 -1.27202 1.51979
19 0.79487 1.65956
20 0.649572 1.69541
21 4.70505 1.47308
22 2.39596 1.55031
23 1.95611 1.61951
24 -1.36366 0.993471
25 -0.0843745 1.3978
26 1.65679 1.7978
27 0.218659 1.32963
28 1.35796 1.83338
29 1.37612 1.2126
30 -1.71341 1.3534
31 -0.373433 1.10495
32 1.43007 1.71381
33 1.62425 1.24058
34 -1.90689 0.986267
35 -0.503875 1.83937
36 1.06039 1.44893
37 -2.70314 1.538
38 3.09227 1.19746
39 -2.33797 1.52146
40 -1.62986 1.05136
41 0.0483417 1.31476
42 1.80975 1.36311
43 -0.0180088 1.2945
44 2.72087 1.74508
45 -0.349642 1.46775
46 3.22197 1.18379
47 -2.65813 1.30747
48 0.717025 1.50115
49 -1.21116 1.14556
50 -0.796626 1.21235
51 -0.440971 1.51402
52 -2.65025 1.33444
53 1.37193 1.58365
54 -0.948195 1.47116
55 -2.24572 1.36886
56 0.318346 1.10458
57 1.71523 1.35451
58 0.368954 1.62527
59 -0.42034 1.41361
60 2.33331 1.67015
61 3.63889 1.537
62 2.76357 1.39133
63 -1.85778 1.38138
64 0.228889 1.22145
65 2.42185 1.30223
66 -0.332745 1.42227
67 1.09407 1.35608
68 1.6057 1.56086
69 1.07734 1.5501
70 0.173955 1.54827
71 -1.13002 1.37084
72 0.441431 1.40304
73 0.156552 1.16315
74 -1.24985 1.13461
75 -2.06926 1.29853
76 -0.00889109 0.872178
77 -0.00115073 1.67493
78 -1.49632 1.42725
79 -0.374988 1.3923
80 0.760023 1.21807
81 -0.523194 1.3421
82 1.78241 1.70533
83 0.133888 1.25888
84 -0.905064 1.09341
85 -0.0384448 1.81965
86 2.09894 1.72894
87 0.384718 1.38082
88 -1.60818 1.74684
89 0.164417 1.42795
90 -0.526813 1.441
91 -2.67402 1.43743
92 0.997618 1.51633
93 0.680987 1.49619
94 1.31813 1.32077
95 -1.08582 1.40116
96 0.495643 1.15532
97 3.6818 1.82751
98 2.02223 1.28376
99 -0.173056 1.45149
100 1.32806 1.31679
101 0.368824 1.98704
102 -0.437766 1.63305
103 1.74987 1.24669
104 0.605422 1.37809
105 0.753791 1.68785
106 0.309007 1.61175
107 1.57805 1.3907
108 0.601682 1.30307
109 1.00106 1.7066
110 -0.128791 1.44504
111 -2.27342 1.36217
112 -1.41997 1.60667
113 2.35134 1.59843
114 0.994284 1.35164
115 -0.600808 1.74188
116 0.837776 1.91065
117 2.19927 1.36315
118 0.758596 1.72723
119 2.54496 1.41574
120 0.98481 1.171
121 0.135338 1.29181
122 0.697713 1.32665
123 0.718963 1.17211
124 1.75181 1.20521
125 -0.962964 1.23304
126 4.65303 1.47261
127 -2.57993 1.2939
128 -1.67273 1.1347
129 1.5785 1.4583
130 1.11176 1.30835
131 -3.11481 1.5313
132 1.73426 1.51406
133 0.650672 1.42886
134 2.08395 1.6113
135 0.200277 1.61888
136 1.21657 1.64249
137 -0.199243 1.35066
138 -0.422406 1.38533
139 -1.20501 1.43577
140 1.40259 1.3612
141 -1.29342 1.65068
142 -0.627337 1.45334
143 -2.32064 1.68775
144 1.91098 1.44817
145 0.282877 1.29443
146 -0.578192 1.21463
147 1.6403 1.56844
148 0.981451 1.51105
149 0.0792876 1.52934
150 0.378937 1.60783
151 -1.74623 1.79628
152 -0.158689 1.29609
153 -0.934334 1.77588
154 0.148854 1.06956
155 0.766983 1.29136
156 -1.55197 1.67749
157 0.728461 1.60117
158 0.102772 1.46249
159 1.10621 1.16219
160 0.528184 1.61552
161 -2.19265 1.48978
162 0.116896 1.40004
163 0.252841 1.71911
164 -1.5923 1.46053
165 -0.715008 1.59119
166 1.61112 1.32728
167 0.0461427 1.06477
168 0.393429 1.81171
169 -1.27934 1.41876
170 0.481743 1.5072
171 -1.78551 1.0525
172 -0.225543 1.10594
173 1.55161 1.4531
174 -1.61397 1.62922
175 0.678831 1.55384
176 -1.52273 1.55924
177 0.103247 1.19648
178 0.113028 1.47046
179 -1.51433 1.41973
180 2.27687 1.46144
181 1.76539 1.56736
182 -0.147292 1.99087
183 0.942497 1.59885
184 0.759125 1.49955
185 3.40178 1.56088
186 -0.302225 1.62553
187 -0.108199 1.52223
188 -0.706855 1.2049
189 0.753962 1.25231
190 0.496969 1.39483
191 -2.34446 1.34225
192 -0.16066 1.36888
193 1.17981 1.25662
194 -0.826151 1.77559
195 1.09844 1.33638
196 -2.62858 1.33777
197 0.44554 1.84101
198 1.94792 1.59075
199 0.138886 1.43744
200 -2.1165 1.36423
201 -1.0049 1.62005
202 0.453591 1.58103
203 3.91106 1.48435
204 -1.38863 1.17863
205 2.23419 1.3783
206 -1.83717 1.35946
207 -1.36569 1.46755
208 -2.20288 1.35493
209 3.36049 1.23774
210 -1.52043 1.55174
211 0.361589 1.70545
212 -1.06659 1.73352
213 -1.64111 1.03945
214 2.10687 1.4607
215 1.31066 1.259
216 2.48114 1.77483
217 2.48907 1.45308
218 0.546414 2.12803
219 0.156728 1.32627
220 -0.514463 1.75624
221 1.06018 1.44675
222 -0.791206 1.23778
223 1.46356 1.49732
224 0.765412 1.53009
225 -0.107064 2.29427
226 -0.36234 1.91967
227 1.83158 1.39297
228 -1.02223 1.44792
229 -1.85786 1.56029
230 0.628097 1.57677
231 -0.109695 1.20399
232 1.39298 1.15072
233 -0.208856 1.50166
234 0.801239 1.5012
235 -0.183572 1.62914
236 0.700276 1.39976
237 2.89865 1.5219
238 0.766898 1.88269
239 2.32936 1.42873
240 -0.94103 1.18716
241 1.32952 1.34579
242 -0.379132 1.74734
243 -0.392405 1.65838
244 0.727826 0.994333
245 -0.0872082 1.1707
246 1.12441 1.35284
247 -2.25231 1.14633
248 1.99869 1.37091
249 -1.87383 1.13649
250 -0.180695 1.397
251 2.10514 1.41094
252 0.510022 1.22337
253 2.71111 1.7214
254 -2.85817 1.18823
255 -1.94512 1.65367
256 2.11355 1.85444
257 0.0462784 1.33189
258 -0.701047 1.95139
259 1.6892 1.54561
260 0.766672 1.64933
261 -1.51341 1.40914
262 0.278628 1.61981
263 1.05459 1.44836
264 2.98259 1.6102
265 1.23446 1.52684
266 -2.49352 1.60316
267 0.936173 1.20223
268 -2.24221 1.95141
269 2.08769 1.4229
270 -1.53135 1.42301
271 3.28887 1.712
272 -0.0252945 1.27973
273 -2.99306 1.58485
274 -1.17549 1.60946
275 -0.112556 2.00087
276 2.1916 1.3975
277 0.42374 1.80133
278 -0.349688 1.24103
279 -0.390558 1.29429
280 1.75371 1.79369
281 3.08023 1.85398
282 -0.258598 1.55701
283 0.0959024 1.42699
284 1.17434 1.19708
285 -0.630983 1.60297
286 1.06793 1.63385
287 1.89909 1.54436
288 2.92757 1.48515
289 1.07551 1.52075
290 -0.832293 1.70546
291 2.43055 1.86029
292 -0.439162 1.71744
293 1.57132 1.46301
294 -3.07146 1.62623
295 -0.784124 1.78099
296 1.31401 1.51153
297 0.939257 1.27226
298 1.92643 1.85772
299 -0.152813 0.0105903
