0 0 0
1 6.45291 6.59708
2 6.79162 5.18731
3 2.20498 9.4918
4 8.27898 6.01251
5 -5.45732 10.6711
6 10.3355 9.0074
7 1.8032 7.73333
8 6.67985 7.81538
9 -0.722365 7.70686
10 4.82763 7.43221
11 0.69043 7.75931
12 5.2562 5.5563
13 -9.83986 6.08686
14 -3.41571 5.95237
15 6.64653 6.9413
16 -8.57789 7.22701
17 9.00549 8.72123
18 -6.88305 7.21748
19 3.3524 8.29656
20 -1.83486 7.92607
21 16.2049 6.51995
22 8.90838 7.56984
23 5.46324 6.61372
24 -3.56196 4.68564
25 -0.458603 5.44091
26 3.11426 7.19008
27 -1.16799 6.94021
28 1.06271 9.00022
29 8.09989 6.85017
30 -12.5804 6.28076
31 -8.15567 5.43702
32 -1.7092 8.09849
33 4.61305 6.28395
34 -10.4663 5.67026
35 0.861948 8.45285
36 6.18817 6.86623
37 -12.9607 7.55993
38 11.3442 5.72871
39 -15.8841 6.78756
40 -2.76256 5.77462
41 -0.359309 5.59496
42 3.73197 6.70026
43 0.378787 6.10603
44 7.7878 8.85065
45 -9.29172 8.24932
46 12.2461 5.72647
47 -9.48786 6.75052
48 6.28013 6.34599
49 -7.44619 6.54516
50 -7.63701 6.51463
51 -0.533882 7.06659
52 -13.1035 6.49279
53 7.74149 8.13174
54 -2.58381 7.55902
55 -10.6027 7.06083
56 -3.25238 4.76696
57 6.7301 6.55569
58 2.00575 7.24842
59 -3.23697 7.05998
60 12.9165 8.5139
61 15.7716 7.51644
62 7.58866 7.51917
63 -8.45606 7.40806
64 -1.30488 6.76305
65 6.52555 7.0324
66 -4.80661 6.60479
67 5.35375 6.24575
68 4.1531 8.1513
69 4.26566 8.49362
70 2.88213 8.01442
71 -8.57672 6.77031
72 1.8722 6.87781
73 0.0880299 6.00945
74 -3.76047 6.19107
75 -8.25168 6.57643
76 -2.23779 4.16611
77 2.73753 7.46398
78 -6.58118 8.11102
79 -4.62716 6.92417
80 0.199634 5.7315
81 -4.95896 6.44062
82 6.84174 7.60509
83 -0.70326 6.28128
84 -6.95014 5.58734
85 -0.503731 9.85618
86 6.35977 8.17112
87 -4.25227 6.01143
88 -9.2818 7.37231
89 -0.549321 8.26283
90 -1.82906 6.98447
91 -12.0671 7.07534
92 -0.434462 7.59656
93 3.40451 7.26509
94 1.14969 6.17653
95 -5.68688 6.86385
96 -1.08248 5.8026
97 13.2046 8.86078
98 9.65764 5.67371
99 0.87126 7.3587
100 1.59995 6.07625
101 -1.8941 10.4726
102 -3.25685 8.07901
103 7.9703 6.08874
104 2.72787 6.34303
105 5.84987 8.55394
106 -0.123371 7.94581
107 8.12521 6.80865
108 2.49578 6.74785
109 2.9942 8.65045
110 -4.00085 7.42315
111 -10.8931 6.51973
112 -8.49242 8.89168
113 9.03451 8.14509
114 2.64332 6.78572
115 -2.94764 8.59532
116 1.50031 9.63558
117 5.33028 7.07241
118 1.50846 9.27368
119 10.6228 8.54018
120 3.99911 6.13541
121 1.94765 6.15293
122 -0.0684971 6.17493
123 -0.159819 6.59843
124 9.45532 6.25888
125 -3.25077 6.61641
126 19.3004 7.3846
127 -15.1879 7.31142
128 -5.47396 5.89852
129 6.28621 7.72575
130 7.63639 6.39995
131 -17.5174 7.88512
132 5.99622 7.28293
133 2.51574 7.19658
134 8.59653 8.37045
135 -2.36782 7.79863
136 3.25487 7.99941
137 0.00706102 6.61788
138 -4.67669 7.10668
139 -7.88453 7.18339
140 7.04773 7.15389
141 -7.59646 8.69915
142 -0.699984 7.38452
143 -11.0147 8.2328
144 6.6001 7.58147
145 -1.98109 6.30161
146 -1.92163 5.5134
147 6.19142 8.30969
148 -0.745252 7.31314
149 -6.77363 7.59143
150 1.94863 7.80572
151 -14.3932 8.75293
152 -1.67046 6.73658
153 -5.09918 8.89331
154 1.68715 4.90552
155 2.6169 6.5484
156 -6.50143 8.73113
157 -0.425764 6.88469
158 -1.79918 7.37552
159 3.64592 5.43783
160 -1.15285 8.21074
161 -12.9449 8.63967
162 -3.43543 7.40349
163 -3.40791 8.35605
164 -9.85141 7.38871
165 -6.95349 7.61248
166 5.65368 7.04867
167 -2.39279 5.70404
168 1.83248 8.75481
169 -8.28982 7.56056
170 4.3788 7.35948
171 -5.25655 4.87688
172 -3.33718 6.14389
173 8.52046 7.05545
174 -5.48983 7.44854
175 -0.534091 8.41272
176 -7.56426 8.06724
177 -0.142372 6.59745
178 0.0313002 6.44007
179 -9.89247 8.29532
180 9.83535 6.61179
181 6.912 7.19665
182 1.02244 9.71632
183 5.41838 8.56547
184 1.15987 8.18183
185 14.0587 7.47393
186 -1.7743 7.91631
187 -3.84325 8.45598
188 -8.43132 6.54302
189 1.39712 5.99693
190 1.56172 6.70284
191 -12.3272 5.52711
192 0.413856 7.6293
193 5.45205 6.65732
194 -9.82444 9.0615
195 6.88913 6.45934
196 -13.3847 6.75803
197 -2.69058 8.7388
198 11.2489 8.03803
199 -0.749443 7.49131
200 -10.8962 6.84377
201 -9.6237 8.55191
202 0.571891 8.84615
203 18.044 7.06694
204 -8.09857 6.18467
205 6.61183 6.45657
206 -11.0667 6.04432
207 -5.84592 7.8387
208 -9.126 7.64727
209 15.6134 5.76763
210 -9.02894 7.5812
211 -1.979 8.74379
212 -2.35869 8.06834
213 -11.8484 5.85735
214 9.57606 6.97459
215 2.41741 5.26867
216 11.9408 8.64994
217 14.4841 7.84087
218 1.76141 10.9012
219 2.70559 6.40923
220 -6.72522 9.21757
221 1.12169 7.44628
222 -6.92586 6.32534
223 4.81142 7.41702
224 -1.62569 7.49247
225 -0.71752 11.1399
226 -2.09544 9.07453
227 3.14756 7.68393
228 -0.877513 6.65789
229 -10.8642 7.15905
230 1.60251 8.28299
231 -5.65173 5.5817
232 2.112 6.29966
233 -1.90155 8.45988
234 2.10264 7.21977
235 -4.10511 9.09971
236 0.182851 7.49423
237 16.4106 8.08854
238 2.84582 9.41263
239 9.74404 8.07617
240 -1.62082 5.22878
241 3.66408 5.66948
242 -2.41215 8.38524
243 -2.08073 7.59673
244 1.84825 5.18691
245 -2.83416 5.78581
246 -0.860767 6.23804
247 -14.5077 5.96217
248 8.60378 6.53116
249 -10.4185 6.39725
250 -2.78538 6.89459
251 6.76325 7.30222
252 -1.58811 5.69218
253 6.08847 7.84007
254 -17.0318 6.65516
255 -11.0981 8.00825
256 11.654 9.02747
257 -4.90291 5.41068
258 -7.86184 9.0677
259 3.45067 7.20264
260 0.359736 7.66815
261 -4.83426 6.82678
262 1.42129 8.31108
263 0.541243 7.06597
264 8.16902 8.10733
265 5.6924 6.94848
266 -15.6906 6.25395
267 -0.534012 6.08787
268 -13.1905 10.0522
269 11.479 7.6825
270 -8.29645 7.77245
271 21.6341 7.26391
272 0.146373 5.65561
273 -12.723 8.10976
274 -5.38066 7.10419
275 -2.28906 9.48721
276 6.14858 7.51794
277 0.631977 7.00111
278 -4.00907 7.96224
279 1.49714 6.72618
280 9.61329 7.84796
281 17.9088 8.00498
282 1.22678 7.7217
283 1.33577 6.53722
284 3.47659 5.9657
285 -3.80169 6.29704
286 5.84082 6.98475
287 4.84607 7.34382
288 7.33922 6.94284
289 1.11611 7.64971
290 -9.49857 8.73965
291 8.43556 6.84915
292 -1.18285 7.03778
293 6.31366 5.42931
294 -14.3824 6.95107
295 0.138005 6.20515
296 5.93684 6.01847
297 1.97833 6.5145
298 2.59667 9.17298
299 0 0
