0 0 0
1 0.121728 0.229599
2 -0.00342289 0.246706
3 0.288574 0.261381
4 0.495325 0.276723
5 -0.201031 0.338797
6 0.445271 0.290831
7 0.86104 0.275112
8 1.02925 0.306465
9 -0.0349517 0.23761
10 0.724443 0.309739
11 0.215703 0.276298
12 0.635562 0.205215
13 0.508562 0.243045
14 -0.0151653 0.228858
15 0.628714 0.223193
16 0.481209 0.247123
17 0.764908 0.292175
18 0.353729 0.27507
19 0.473987 0.255358
20 0.478975 0.327314
21 0.598647 0.202779
22 0.448618 0.29127
23 0.270049 0.272316
24 0.343663 0.194297
25 -0.00402891 0.264904
26 0.464155 0.244454
27 0.377034 0.222176
28 0.33406 0.256971
29 0.46704 0.252097
30 0.497844 0.194395
31 0.599051 0.207196
32 0.948044 0.232119
33 0.244228 0.192768
34 0.036602 0.163863
35 0.472681 0.258972
36 0.443564 0.227117
37 -0.203395 0.250555
38 0.380794 0.181816
39 -0.0415536 0.182344
40 -0.226761 0.211596
41 0.677261 0.233397
42 0.398298 0.253681
43 0.667396 0.205218
44 0.731325 0.23426
45 0.149625 0.312318
46 0.736697 0.247317
47 0.114593 0.229767
48 0.488338 0.191907
49 0.219349 0.210571
50 0.575085 0.18608
51 0.10136 0.258337
52 0.0986879 0.170248
53 0.389556 0.250006
54 0.0454225 0.223521
55 0.0430887 0.211506
56 0.153919 0.235794
57 0.334531 0.233847
58 0.354737 0.161326
59 0.206907 0.176353
60 0.738719 0.229766
61 0.496852 0.227796
62 0.496578 0.224658
63 -0.0393958 0.184124
64 0.195045 0.26231
65 0.600224 0.197942
66 0.128859 0.249272
67 0.402497 0.253744
68 0.441476 0.212186
69 0.79553 0.237089
70 0.087694 0.211994
71 0.223788 0.194414
72 0.436296 0.258518
73 0.349815 0.217779
74 0.446737 0.17446
75 0.176765 0.196288
76 0.345799 0.164138
77 0.228566 0.226305
78 0.339357 0.169477
79 0.111372 0.162233
80 0.219853 0.220201
81 0.189583 0.101781
82 0.501201 0.189142
83 0.223684 0.219839
84 0.484473 0.216737
85 0.418608 0.229296
86 0.534848 0.178582
87 0.240409 0.200495
88 0.162215 0.209456
89 0.164251 0.196696
90 0.438905 0.188385
91 -0.097799 0.190047
92 0.23606 0.181215
93 0.358243 0.191458
94 0.118827 0.136328
95 0.160024 0.170495
96 0.496744 0.157618
97 0.135201 0.214858
98 0.605702 0.135271
99 0.556928 0.15571
100 0.61444 0.211538
101 0.471756 0.220195
102 0.204527 0.214187
103 0.584325 0.195544
104 0.363212 0.233206
105 0.228174 0.251642
106 0.245754 0.235208
107 0.477259 0.180009
108 0.270847 0.159013
109 0.374341 0.262057
110 0.229233 0.15808
111 0.10111 0.163994
112 0.263634 0.233333
113 0.433718 0.141965
114 0.300218 0.181209
115 0.38626 0.224545
116 0.21114 0.196655
117 0.474552 0.155
118 0.468194 0.185679
119 0.413162 0.172866
120 0.452374 0.191534
121 0.288022 0.170295
122 0.257393 0.177816
123 0.331823 0.16615
124 0.410267 0.195398
125 0.291629 0.173486
126 0.663728 0.217764
127 0.088678 0.197105
128 0.128048 0.187662
129 0.687907 0.228224
130 0.232105 0.211798
131 -0.00229282 0.173935
132 0.546442 0.144654
133 0.496102 0.220749
134 0.600422 0.216546
135 0.505276 0.214295
136 0.739419 0.212517
137 0.427275 0.216091
138 0.224866 0.163527
139 0.188909 0.154355
140 0.557416 0.185857
141 0.35579 0.146502
142 0.49868 0.185402
143 -0.245424 0.192804
144 0.482586 0.15937
145 0.0806653 0.177286
146 0.19161 0.150812
147 0.544932 0.16791
148 0.234151 0.17611
149 0.170008 0.193793
150 0.155984 0.157477
151 -0.0694414 0.210668
152 0.349198 0.205816
153 0.222075 0.216061
154 0.222376 0.164017
155 0.340198 0.182197
156 -0.0295934 0.20401
157 0.519739 0.187015
158 0.231911 0.228388
159 0.5719 0.140441
160 0.352523 0.226051
161 -0.190231 0.233715
162 0.129127 0.160824
163 0.132059 0.211989
164 0.539763 0.169944
165 0.249398 0.177778
166 0.433852 0.173472
167 0.0460653 0.153144
168 0.20524 0.193646
169 0.157399 0.196705
170 0.290652 0.181851
171 0.178549 0.187836
172 0.403208 0.17621
173 0.507512 0.175386
174 0.366969 0.162228
175 -0.208246 0.251529
176 0.124235 0.195359
177 0.120763 0.208941
178 0.449487 0.205908
179 -0.0571055 0.181914
180 0.522712 0.204485
181 0.182183 0.158655
182 0.472169 0.193705
183 0.502829 0.154846
184 0.253558 0.208447
185 0.304841 0.202126
186 0.258243 0.243153
187 0.0313104 0.197271
188 0.266749 0.182078
189 0.368061 0.156512
190 0.390177 0.155254
191 0.00906494 0.177054
192 0.275109 0.19952
193 0.575233 0.193553
194 0.138122 0.225274
195 0.0181209 0.180358
196 0.090989 0.24451
197 0.54813 0.231588
198 0.759929 0.162847
199 0.343171 0.141043
200 0.0684683 0.142543
201 -0.0281323 0.166445
202 0.076459 0.278793
203 0.977254 0.200381
204 0.375358 0.148457
205 0.39121 0.15674
206 0.0790885 0.121344
207 0.268523 0.181676
208 0.069792 0.220602
209 0.937584 0.194243
210 -0.0161243 0.170512
211 0.331211 0.239169
212 0.278144 0.166067
213 0.174447 0.165361
214 0.723443 0.176792
215 0.363126 0.216585
216 0.412307 0.210205
217 0.734881 0.195008
218 0.418655 0.295692
219 0.533407 0.190815
220 0.153099 0.155652
221 0.693389 0.206876
222 0.346005 0.208699
223 0.386699 0.235321
224 0.252698 0.195029
225 0.0661794 0.232935
226 0.318449 0.213948
227 0.280688 0.2495
228 0.169049 0.209033
229 0.064236 0.23747
230 0.298003 0.259481
231 0.178149 0.184925
232 0.17137 0.180604
233 0.564107 0.221216
234 0.427285 0.220721
235 0.381991 0.281676
236 0.104086 0.211165
237 0.436307 0.195451
238 0.565185 0.234392
239 0.272327 0.214703
240 0.256112 0.17337
241 0.289757 0.215743
242 0.354697 0.265483
243 0.339689 0.260958
244 0.480377 0.153588
245 0.0658532 0.216687
246 0.749541 0.200167
247 0.180122 0.166886
248 0.502167 0.186315
249 0.360421 0.211125
250 0.464094 0.182733
251 0.590007 0.227918
252 0.465576 0.211409
253 0.656038 0.284723
254 -0.0703717 0.178448
255 -0.328482 0.225525
256 0.32408 0.190528
257 0.575669 0.207886
258 0.108865 0.271042
259 0.304426 0.235079
260 0.258762 0.281752
261 0.153894 0.238688
262 0.354549 0.238972
263 0.563475 0.307574
264 0.668606 0.254119
265 0.594016 0.243273
266 0.235778 0.209608
267 0.299952 0.248253
268 0.318012 0.217727
269 0.263865 0.239586
270 0.338914 0.23746
271 0.646831 0.215949
272 0.333556 0.246967
273 0.0433784 0.300335
274 0.124701 0.246786
275 0.487316 0.177459
276 0.664761 0.209386
277 0.472935 0.237882
278 0.0934792 0.282336
279 0.29679 0.210238
280 0.341263 0.25076
281 0.684166 0.210573
282 0.304191 0.295528
283 0.0384708 0.225562
284 0.271714 0.211734
285 0.313651 0.216137
286 0.408019 0.264318
287 0.231961 0.275129
288 0.248996 0.260929
289 0.328372 0.286754
290 0.20794 0.285159
291 0.465318 0.217339
292 0.443896 0.323142
293 0.382468 0.244148
294 0.212469 0.242974
295 -0.06606 0.30375
296 0.221184 0.238464
297 0.0487374 0.291239
298 0.114678 0.30223
299 0 0
