0 1.19933 0.156124
1 0.843864 0.131346
2 0.950281 0.149767
3 0.846404 0.0921322
4 1.10596 0.114795
5 0.96526 0.0901543
6 1.2085 0.103556
7 0.94948 0.166707
8 0.949545 0.151968
9 0.981558 0.137541
10 0.963642 0.155147
11 0.978695 0.116725
12 1.00283 0.149946
13 0.738748 0.176695
14 0.876061 0.148034
15 1.19658 0.104926
16 1.16499 0.135119
17 1.23246 0.113937
18 1.04207 0.116083
19 1.1578 0.163186
20 1.23843 0.108827
21 1.09462 0.120363
22 1.14993 0.0941709
23 1.08108 0.143596
24 1.06099 0.13
25 1.22405 0.11459
26 1.09788 0.149245
27 0.997849 0.127783
28 1.1574 0.126768
29 1.10672 0.0761932
