0 0.964285 0.130876
1 0.764523 0.0965226
2 0.730053 0.119336
3 0.667934 0.0733753
4 0.843325 0.0958868
5 0.773561 0.0752132
6 0.976905 0.0799463
7 0.768304 0.136475
8 0.795523 0.114941
9 0.733616 0.10464
10 0.844446 0.126896
11 0.829412 0.0814241
12 0.860145 0.109337
13 0.612801 0.125068
14 0.803317 0.106736
15 0.933654 0.0720424
16 0.980401 0.10771
17 1.07057 0.0887717
18 0.884476 0.0799638
19 0.947197 0.108304
20 1.03544 0.0893488
21 0.848067 0.0965254
22 0.929134 0.0689813
23 0.93505 0.107053
24 0.841379 0.106439
25 1.00571 0.0857523
26 0.889307 0.128089
27 0.821471 0.0912091
28 0.915748 0.0916906
29 0.844172 0.0652447
