0 0 0
1 0.886573 0.806996
2 0.41101 0.651749
3 -0.435051 1.01395
4 0.427467 0.767908
5 -0.412737 1.21171
6 1.78693 0.932298
7 0.337432 0.831171
8 0.626283 0.778965
9 0.124612 0.703983
10 1.09743 0.788009
11 0.313731 0.807252
12 0.427302 0.755573
13 0.0159888 0.693898
14 -0.0925711 0.774828
15 0.991858 0.731883
16 -0.436609 0.751533
17 1.22061 0.83079
18 -0.524359 0.873347
19 0.811122 0.937986
20 -0.12887 0.804945
21 2.14193 0.720876
22 1.29263 0.794748
23 0.169347 0.731246
24 -0.0222255 0.595832
25 0.134571 0.653173
26 0.740038 0.816142
27 0.397099 0.718029
28 0.539742 0.897776
29 0.815749 0.664491
30 -0.990724 0.655204
31 0.0127584 0.526656
32 0.559151 0.754372
33 0.0625597 0.738799
34 -0.676706 0.592149
35 -0.0756214 0.945536
36 0.50815 0.702851
37 -0.927795 0.787418
38 1.58865 0.599229
39 -0.518576 0.673161
40 -0.375459 0.632679
41 0.938215 0.520741
42 0.842371 0.594965
43 0.872182 0.69687
44 1.35507 0.801348
45 -0.20263 0.827641
46 1.8703 0.668708
47 -0.7275 0.540566
48 0.873272 0.839645
49 -0.877185 0.651649
50 0.0853619 0.661042
51 0.0527056 0.708649
52 -1.38585 0.613211
53 0.897654 0.859645
54 -0.190793 0.847769
55 -0.323405 0.671528
56 0.412139 0.572516
57 0.92694 0.747888
58 0.718731 0.767469
59 -0.146064 0.670433
60 1.9496 0.800372
61 1.62398 0.762318
62 0.953405 0.716159
63 -0.434609 0.694546
64 0.274294 0.682992
65 0.844409 0.694627
66 -0.00828373 0.827397
67 0.373966 0.722187
68 1.35995 0.857589
69 0.798152 0.814689
70 0.0991162 0.818917
71 -0.368061 0.700762
72 -0.160832 0.778844
73 -0.0740538 0.635821
74 -0.132193 0.567967
75 -0.457273 0.727913
76 0.305238 0.532433
77 0.962711 0.706008
78 -0.583801 0.748619
79 -0.527202 0.76591
80 0.880921 0.560895
81 0.171912 0.715328
82 1.49202 0.851861
83 0.36116 0.630363
84 -0.432139 0.495221
85 0.317577 0.83636
86 0.605086 0.88729
87 0.153111 0.69768
88 -0.343146 0.777622
89 -0.148858 0.759704
90 0.162886 0.758062
91 -1.13283 0.665925
92 0.749219 0.801708
93 0.198957 0.74187
94 0.871782 0.709864
95 0.00857247 0.804738
96 0.255018 0.633483
97 1.45198 0.848475
98 0.753517 0.574288
99 0.293379 0.759064
100 1.10082 0.804284
101 0.443123 1.0845
102 0.0381293 0.875267
103 0.637636 0.699024
104 0.909482 0.771828
105 0.716003 0.740694
106 0.0765347 0.820174
107 0.38131 0.611092
108 0.510056 0.699314
109 0.717876 0.889154
110 -0.037858 0.653392
111 -0.806641 0.716222
112 -0.464276 0.806178
113 0.943267 0.77454
114 0.80339 0.578291
115 0.269011 0.755309
116 0.0767675 0.961032
117 1.13721 0.611835
118 -0.0685199 0.815376
119 1.86476 0.671575
120 0.711884 0.573183
121 0.150417 0.565912
122 -0.347612 0.665878
123 0.0483502 0.691522
124 0.98111 0.710338
125 -0.158588 0.661994
126 2.18361 0.694379
127 -1.25706 0.756289
128 -0.860616 0.457115
129 0.786072 0.718394
130 0.815022 0.884834
131 -0.986374 0.783424
132 1.18067 0.793734
133 0.935407 0.661199
134 1.20211 0.79627
135 0.342826 0.740768
136 1.14919 0.669676
137 0.292992 0.672269
138 0.0117814 0.673612
139 -0.377916 0.662104
140 0.841772 0.668003
141 -0.144432 0.857604
142 0.580851 0.693218
143 -1.4367 0.863195
144 0.713217 0.816503
145 -0.0677401 0.735032
146 -0.0310509 0.651249
147 0.619202 0.751208
148 0.404796 0.62638
149 -0.477543 0.736419
150 0.270442 0.711975
151 -1.36218 0.819305
152 -0.227393 0.772961
153 0.50022 0.851878
154 -0.269627 0.671878
155 1.27384 0.708556
156 -0.424529 0.89631
157 -0.108451 0.794516
158 0.29792 0.731867
159 0.878167 0.619526
160 0.659345 0.695071
161 -0.921618 0.756885
162 -0.14452 0.48821
163 0.616863 0.843307
164 0.00933135 0.750686
165 -0.532387 0.593837
166 0.848566 0.717303
167 -0.00331647 0.530944
168 0.954171 0.716326
169 -0.307376 0.844653
170 0.33526 0.815368
171 -0.373736 0.425701
172 -0.201631 0.689939
173 0.798626 0.652678
174 -0.380576 0.818632
175 0.206559 0.916585
176 -0.121377 0.712864
177 0.274071 0.779581
178 0.599449 0.696975
179 -0.147904 0.674325
180 0.92546 0.658247
181 1.30139 0.748165
182 -0.0242856 0.787625
183 0.761802 0.754205
184 0.262441 0.686492
185 1.49636 0.721578
186 -0.0858782 0.759981
187 0.161671 0.846838
188 -0.473808 0.572276
189 1.31091 0.632284
190 0.699037 0.581018
191 -0.391662 0.67158
192 -0.00322724 0.667286
193 1.19125 0.657987
194 -0.797549 0.8527
195 0.620811 0.688577
196 -1.28451 0.622118
197 0.273418 0.934862
198 1.43693 0.745629
199 -0.0343325 0.626872
200 -1.44887 0.586437
201 -0.145657 0.821303
202 0.488592 0.769636
203 2.78219 0.691744
204 -0.128936 0.694441
205 1.22093 0.685771
206 -0.420321 0.605924
207 -0.696917 0.877423
208 -0.455113 0.765984
209 2.37071 0.651007
210 -0.211407 0.848401
211 0.272891 0.954895
212 -0.397314 0.880412
213 -0.843883 0.505422
214 0.625592 0.699474
215 1.02019 0.615417
216 1.25116 0.799573
217 2.22173 0.739001
218 0.656668 1.03723
219 -0.0184773 0.692787
220 0.413314 0.773034
221 0.293962 0.642081
222 0.0477505 0.623998
223 0.682286 0.720702
224 0.169298 0.637846
225 0.276406 1.1064
226 0.218004 1.02534
227 0.820987 0.814732
228 -0.0876408 0.701678
229 -0.821188 0.735487
230 0.682401 0.870441
231 -0.415237 0.73344
232 0.697488 0.599634
233 -0.0588251 0.740757
234 0.470708 0.787162
235 -0.0231495 0.778311
236 0.0105046 0.715633
237 1.3411 0.823653
238 0.612053 0.906898
239 1.24071 0.66552
240 -0.65906 0.583512
241 0.704138 0.60881
242 0.0843807 0.887576
243 0.170719 0.936138
244 0.722694 0.471799
245 -0.154453 0.597625
246 1.02844 0.638165
247 -0.863982 0.624792
248 1.32818 0.689109
249 -0.993435 0.659899
250 -0.545414 0.687858
251 0.147851 0.573411
252 0.278384 0.670554
253 1.6037 0.898248
254 -1.17965 0.652492
255 -1.02454 0.779479
256 1.42902 0.902773
257 -0.0723959 0.660118
258 -0.362871 1.05143
259 0.45107 0.684102
260 0.434982 0.899156
261 -0.338539 0.725829
262 0.361936 0.755834
263 0.80817 0.702772
264 1.52211 0.723862
265 0.88329 0.617136
266 -1.3605 0.705812
267 0.226998 0.713604
268 -0.249455 1.03599
269 0.756589 0.660728
270 -0.35807 0.626502
271 1.45137 0.839716
272 -0.251069 0.719866
273 -0.834587 0.801328
274 -1.12391 0.653528
275 0.263814 0.941236
276 0.768936 0.70529
277 0.0597728 0.799658
278 -0.67072 0.683176
279 0.29359 0.770044
280 0.960482 0.866223
281 1.44684 0.894674
282 -0.0196906 0.873514
283 -0.239181 0.566273
284 0.717186 0.60122
285 -0.117921 0.701912
286 0.479835 0.902858
287 -0.094691 0.660456
288 0.9778 0.861783
289 0.273594 0.842529
290 -0.855165 0.943207
291 0.573328 0.763781
292 -0.106724 0.727026
293 0.411564 0.680077
294 -1.61623 0.994104
295 -0.291131 0.898948
296 0.795038 0.685279
297 -0.0634223 0.83689
298 0.632782 0.972599
299 0 0
