0 0.744529 0.0961216
1 0.640917 0.0787549
2 0.567837 0.0609448
3 0.601669 0.0557089
4 0.700213 0.0427018
5 0.6719 0.0709911
6 0.778234 0.0577647
7 0.685348 0.0818765
8 0.687251 0.0712795
9 0.61252 0.0605498
10 0.719124 0.0723985
11 0.688248 0.0544661
12 0.730847 0.0612401
13 0.574755 0.0789795
14 0.650517 0.0659806
15 0.731483 0.0633342
16 0.769958 0.0633024
17 0.829012 0.0578487
18 0.704708 0.0658845
19 0.731761 0.0768261
20 0.78285 0.0652071
21 0.702249 0.0627061
22 0.705738 0.0358098
23 0.759901 0.06143
24 0.675499 0.062704
25 0.72649 0.0587052
26 0.689319 0.0802933
27 0.649729 0.0641705
28 0.748937 0.0818215
29 0.718761 0.0415626
