0 -0.15857 0.00596451
1 0.564397 0.778852
2 1.1162 0.855263
3 -0.146557 1.09134
4 1.21733 0.849246
5 -0.0710094 1.09396
6 2.13216 1.06873
7 1.28461 0.821028
8 0.860174 0.901623
9 0.484987 1.02138
10 1.38273 0.925187
11 0.391701 1.0507
12 1.44023 0.797685
13 0.639206 0.699598
14 -0.194538 0.636388
15 1.3262 0.775975
16 -1.00305 0.772611
17 0.646435 0.974021
18 -0.26294 0.853082
19 1.06437 0.890639
20 -0.612582 0.869187
21 2.66915 0.785675
22 0.874864 0.867044
23 0.701267 0.684366
24 -0.550323 0.514978
25 0.719636 0.709308
26 1.13517 0.928287
27 0.24221 0.662475
28 0.69147 0.853323
29 0.611641 0.76763
30 -0.387512 0.701268
31 -0.0349559 0.566673
32 1.46809 0.802515
33 0.618603 0.811063
34 -0.6857 0.618334
35 0.123137 0.896168
36 0.740984 0.665732
37 -1.17204 0.812816
38 1.55347 0.656659
39 -0.183354 0.557311
40 -0.250766 0.464475
41 0.935624 0.714815
42 1.11831 0.721448
43 0.383494 0.695653
44 1.21355 0.874106
45 -0.173395 0.803407
46 0.97716 0.669409
47 -0.59647 0.625187
48 0.706531 0.783503
49 -0.579988 0.645218
50 0.286482 0.598832
51 -0.245224 0.810615
52 -1.42892 0.711882
53 1.15898 0.81578
54 -0.0764509 0.736937
55 -1.01782 0.845383
56 0.393369 0.42217
57 1.12041 0.707571
58 0.79859 0.777804
59 -0.264585 0.765587
60 1.33766 0.831317
61 1.88789 0.771606
62 1.45725 0.881325
63 -0.487102 0.711332
64 0.370619 0.662812
65 1.25064 0.777647
66 0.0253642 0.767497
67 0.621777 0.646196
68 0.709251 0.802003
69 0.874525 0.772395
70 0.264029 0.776604
71 -0.429818 0.617158
72 0.37654 0.736549
73 -0.211855 0.619541
74 -0.0930708 0.515139
75 0.0249297 0.748175
76 0.430357 0.45241
77 0.404738 0.773452
78 -0.463731 0.75528
79 -0.284048 0.755767
80 1.08324 0.62323
81 -0.248272 0.638554
82 0.772656 0.863294
83 -0.0702582 0.696744
84 -0.244242 0.532567
85 0.20794 0.850323
86 0.732285 0.862042
87 0.256945 0.607459
88 -0.279063 0.816478
89 0.0726347 0.63291
90 -0.130396 0.770394
91 -1.40789 0.57729
92 0.767111 0.723031
93 0.255701 0.776523
94 0.463738 0.732529
95 -0.217045 0.617408
96 0.263959 0.569126
97 1.93797 0.857566
98 0.734409 0.680595
99 0.128834 0.709936
100 0.616092 0.743901
101 1.01634 1.06879
102 0.293453 0.873348
103 1.71707 0.579443
104 0.390494 0.740186
105 1.08748 0.76556
106 0.415867 0.803398
107 0.253228 0.730747
108 0.875474 0.655028
109 0.49507 0.737791
110 -0.508695 0.73165
111 -0.901074 0.7823
112 -0.484803 0.789943
113 0.927876 0.74767
114 0.630085 0.646547
115 0.403779 0.830037
116 0.384827 0.914472
117 1.415 0.547832
118 0.625001 0.839304
119 1.93751 0.843482
120 0.937547 0.594186
121 -0.0577534 0.597482
122 -0.0627357 0.618421
123 0.211452 0.632375
124 0.9394 0.628428
125 0.0773237 0.566811
126 2.03741 0.680399
127 -1.40045 0.730144
128 -0.369981 0.444772
129 0.975239 0.718114
130 0.482769 0.748275
131 -1.50279 0.840625
132 1.59762 0.751162
133 1.0589 0.716074
134 1.27934 0.796726
135 0.235701 0.66018
136 1.13485 0.736877
137 0.416613 0.718476
138 0.00218517 0.758846
139 -0.413371 0.614745
140 1.45715 0.732574
141 0.196872 0.786073
142 0.541028 0.791845
143 -1.21605 0.853716
144 1.07628 0.776777
145 -0.29591 0.595014
146 -0.146071 0.686947
147 0.794283 0.813844
148 0.657781 0.670688
149 -0.503382 0.702848
150 0.338822 0.752444
151 -0.97041 0.811028
152 0.270226 0.702283
153 -0.0244341 0.808123
154 0.0592458 0.673058
155 0.743062 0.66413
156 -0.318805 0.922115
157 -0.169146 0.821263
158 0.345383 0.761056
159 0.470801 0.600214
160 0.407092 0.709594
161 -1.04679 0.783822
162 0.033133 0.603654
163 0.049108 0.817772
164 0.0192008 0.621361
165 -0.404288 0.577225
166 0.944496 0.639769
167 -0.368626 0.509803
168 0.185324 0.864172
169 -0.533611 0.750429
170 0.0237763 0.773748
171 -0.162416 0.564936
172 -0.372846 0.636599
173 0.768083 0.746995
174 -0.328354 0.668422
175 0.2081 0.86617
176 -0.374864 0.798817
177 0.189459 0.738613
178 0.271561 0.724407
179 -0.493329 0.64667
180 1.02437 0.616586
181 0.886897 0.658693
182 0.198477 0.885564
183 0.435708 0.782544
184 0.578002 0.743335
185 1.67431 0.762675
186 -0.15919 0.740342
187 0.379457 0.760861
188 -0.920466 0.554677
189 0.945142 0.629968
190 0.0259336 0.640314
191 -0.950382 0.614344
192 -0.103446 0.700301
193 0.945548 0.573215
194 -0.648834 0.823766
195 0.435531 0.713073
196 -1.78004 0.649344
197 0.245493 0.840071
198 1.26605 0.764839
199 0.30988 0.813354
200 -1.34552 0.622851
201 -0.109367 0.89942
202 0.827901 0.676914
203 2.67293 0.590691
204 -0.515461 0.764381
205 1.1639 0.728536
206 -0.667208 0.667519
207 -0.659621 0.873854
208 -0.51622 0.81169
209 1.71231 0.669896
210 -0.863204 0.711347
211 0.730287 0.889359
212 -0.97112 0.907755
213 -0.995315 0.481261
214 0.675687 0.771365
215 0.836684 0.607267
216 1.85658 0.804512
217 2.02659 0.732951
218 0.497732 1.04983
219 0.373344 0.687693
220 0.257722 0.803076
221 0.238415 0.787153
222 -0.325039 0.57328
223 0.872938 0.762971
224 0.512455 0.711308
225 0.254722 1.15743
226 -0.522604 1.00748
227 0.88114 0.77964
228 -0.295837 0.688772
229 -0.87275 0.750849
230 0.30248 0.789468
231 0.0453174 0.661925
232 0.334109 0.593694
233 0.33903 0.784774
234 0.939919 0.866276
235 0.0360571 0.866488
236 0.0600682 0.736566
237 1.76198 0.799573
238 0.508921 0.829399
239 1.39624 0.662785
240 -0.407792 0.60965
241 1.04381 0.701012
242 -0.232468 0.901583
243 0.0639275 0.818001
244 0.984113 0.555723
245 -0.440698 0.548002
246 0.576937 0.642348
247 -1.29513 0.682778
248 1.35211 0.72508
249 -0.333091 0.443372
250 -0.19333 0.7962
251 0.202551 0.694006
252 1.06742 0.705273
253 1.39994 0.844163
254 -1.43244 0.557398
255 -0.902893 0.84417
256 1.8341 0.849685
257 -0.195681 0.674496
258 -0.277977 0.926789
259 0.793136 0.843843
260 0.478496 0.964402
261 -0.632183 0.676258
262 -0.58358 0.783573
263 0.759237 0.73797
264 1.59862 0.806385
265 0.95278 0.736958
266 -1.38471 0.700916
267 0.612713 0.722869
268 -1.10407 0.9244
269 1.24667 0.654367
270 -0.378661 0.78777
271 0.931303 0.871915
272 -0.162248 0.726317
273 -1.13538 0.764405
274 -0.479912 0.783317
275 0.294225 0.86329
276 1.40958 0.71138
277 0.520295 0.758252
278 -0.776865 0.701238
279 0.545532 0.851098
280 1.21964 0.918667
281 1.27568 0.954088
282 0.186134 0.84925
283 0.192341 0.835388
284 0.747176 0.66533
285 -0.341975 0.664749
286 1.00214 0.861082
287 0.988841 0.748623
288 1.02001 0.856527
289 0.271516 0.829852
290 -1.08427 0.755956
291 1.57383 0.939658
292 -0.0641334 0.849304
293 0.588613 0.742374
294 -1.39242 0.911234
295 0.61094 1.02615
296 0.864448 0.629132
297 0.51971 0.719773
298 0.609244 0.942977
299 -0.157984 0.00572241
