0 0.6475 0.0618495
1 0.573795 0.0459874
2 0.525694 0.0580426
3 0.585441 0.0403663
4 0.645707 0.0423729
5 0.58462 0.040933
6 0.696762 0.0478085
7 0.616991 0.0626419
8 0.576512 0.0504979
9 0.599287 0.0432097
10 0.658745 0.0528667
11 0.591941 0.0525682
12 0.701924 0.0508722
13 0.538343 0.069341
14 0.592472 0.0495466
15 0.633231 0.0445658
16 0.69361 0.0569104
17 0.67169 0.0417685
18 0.577899 0.037721
19 0.633603 0.0531963
20 0.696822 0.0466809
21 0.690789 0.0504955
22 0.676805 0.0296376
23 0.691646 0.0412432
24 0.6009 0.0541485
25 0.622109 0.0383132
26 0.600917 0.0580328
27 0.631365 0.0518516
28 0.670212 0.065974
29 0.615009 0.0277811
