0 1.46303 0.194333
1 0.925686 0.173404
2 1.1366 0.191242
3 0.879259 0.127991
4 1.33869 0.131614
5 1.0737 0.133388
6 1.43566 0.106387
7 1.04075 0.207983
8 1.12962 0.186528
9 1.21269 0.167926
10 1.1559 0.183496
11 1.09621 0.165047
12 1.32239 0.175768
13 0.987352 0.198704
14 1.09635 0.184325
15 1.43636 0.146254
16 1.45001 0.175081
17 1.52712 0.130754
18 1.34754 0.127816
19 1.40062 0.183328
20 1.37342 0.153073
21 1.3066 0.159402
22 1.36632 0.115305
23 1.35972 0.19098
24 1.21771 0.179519
25 1.47152 0.147415
26 1.28693 0.17415
27 1.19043 0.177579
28 1.44855 0.166609
29 1.32943 0.1005
