0 0.826757 0.101405
1 0.694216 0.0917325
2 0.685491 0.0954751
3 0.663129 0.0607734
4 0.820945 0.0939607
5 0.724281 0.0749047
6 0.837545 0.0695875
7 0.750349 0.0975337
8 0.75205 0.0958597
9 0.681007 0.0833913
10 0.74367 0.0933754
11 0.793572 0.0822178
12 0.826748 0.0899981
13 0.601325 0.103784
14 0.737565 0.102049
15 0.858711 0.0636433
16 0.836432 0.0847076
17 0.936601 0.069743
18 0.797498 0.0727941
19 0.830332 0.0897689
20 0.912999 0.0796728
21 0.75907 0.0816661
22 0.829763 0.0599452
23 0.790578 0.0910232
24 0.789178 0.0754125
25 0.835257 0.0750185
26 0.834301 0.0939476
27 0.805839 0.082531
28 0.890824 0.0844873
29 0.787711 0.0588813
