0 -0.156073 0.00711104
1 4.87652 6.61652
2 11.5045 5.74319
3 3.25209 9.74996
4 8.76823 6.21766
5 -5.70042 10.9507
6 11.5815 8.83859
7 1.42999 8.11913
8 4.74745 8.75699
9 0.025787 8.03619
10 9.87358 7.7811
11 3.5549 7.87185
12 7.36862 4.94118
13 -4.04368 5.93976
14 -3.51491 5.84956
15 6.88622 6.40663
16 -11.1131 6.94599
17 10.5762 9.03469
18 -6.70892 7.35734
19 1.50897 8.36014
20 0.100028 8.26334
21 22.614 7.16791
22 9.50477 8.0834
23 6.12081 6.91609
24 -1.97103 4.71277
25 -1.51361 5.79448
26 5.69451 8.74667
27 0.203017 6.93505
28 1.23887 9.43187
29 5.35008 7.21527
30 -11.4743 5.89582
31 -3.73833 5.27
32 0.986732 8.38244
33 3.96046 6.49604
34 -12.8538 5.81683
35 -0.137509 9.22112
36 6.58273 6.80979
37 -14.1291 7.55325
38 15.7373 6.47823
39 -13.9264 7.61442
40 -5.01503 5.44509
41 0.82081 6.21039
42 4.01693 6.63891
43 -1.86859 6.22282
44 8.47619 8.90218
45 -9.43562 7.90475
46 14.3485 5.55913
47 -11.7551 6.94568
48 5.57874 6.58178
49 -7.60148 6.77247
50 -6.37675 6.27296
51 -0.407395 7.31226
52 -12.8444 6.82052
53 6.87542 7.73995
54 -0.974642 7.83738
55 -12.1507 7.50562
56 -2.74188 4.41106
57 7.23369 6.27448
58 -0.770915 6.73312
59 -2.90309 7.23354
60 13.4788 8.55638
61 15.4195 7.489
62 7.16625 7.89821
63 -8.39536 7.14394
64 -2.44781 6.77247
65 6.86199 7.13879
66 -4.49121 6.70316
67 4.3974 6.49992
68 4.95155 8.00819
69 3.66007 8.00517
70 1.90846 7.60273
71 -7.92927 6.56874
72 1.26315 6.95422
73 0.870579 6.28023
74 -4.44655 5.9742
75 -7.77299 7.19644
76 -2.01403 4.45805
77 0.95518 7.61283
78 -4.20345 7.76193
79 -6.52204 7.57585
80 -0.348691 5.88228
81 -3.68036 5.53861
82 7.23668 8.17189
83 -1.19685 6.11228
84 -6.89999 5.27854
85 0.164378 9.49168
86 7.24465 8.376
87 -3.95131 6.44873
88 -8.08615 7.47885
89 0.614109 7.83828
90 -3.28901 7.76478
91 -13.0695 6.93434
92 0.64443 7.44848
93 3.1948 6.94493
94 0.839061 6.58611
95 -7.56301 6.69576
96 -2.14256 5.93514
97 15.3093 9.11584
98 11.2901 5.57456
99 1.10687 7.05375
100 1.76184 6.47751
101 -1.20298 10.1265
102 -4.97936 8.24897
103 6.61191 6.19783
104 2.41548 6.62188
105 6.74192 8.75325
106 -1.88501 8.34407
107 9.77391 6.81249
108 4.88996 7.06777
109 3.88117 8.34284
110 -4.83599 7.49698
111 -10.9863 6.19044
112 -6.8271 8.19299
113 9.94161 7.6562
114 3.59676 6.97439
115 -0.814299 8.72211
116 1.41658 9.20092
117 7.44235 6.93363
118 3.67122 8.92013
119 10.4862 8.07985
120 4.77685 5.74041
121 -0.398939 6.55318
122 1.03241 5.88077
123 2.36512 6.20595
124 7.04319 5.78755
125 -2.00356 7.14118
126 21.2364 7.39712
127 -13.936 6.85158
128 -5.53927 5.74465
129 8.44566 7.29551
130 6.21225 6.5642
131 -16.9886 8.03543
132 7.1152 7.38243
133 2.09104 7.28078
134 7.17828 8.24796
135 -1.55976 8.45207
136 3.89892 8.3215
137 -0.6716 6.44606
138 -3.7167 7.50301
139 -7.42933 7.04644
140 6.18956 7.4271
141 -8.58105 8.50655
142 -1.89706 7.36967
143 -12.2009 8.07458
144 7.54593 7.56384
145 -0.901335 6.6565
146 -0.883645 5.5001
147 7.33254 8.56109
148 0.772296 6.72769
149 -7.26894 8.34628
150 2.48715 7.81123
151 -14.2801 8.80087
152 -2.02165 6.61873
153 -4.07189 9.07934
154 1.04705 4.94253
155 2.16842 6.81521
156 -6.65114 8.85115
157 -0.305253 7.60913
158 0.0689027 7.30107
159 3.26343 5.40041
160 -0.00427268 7.91771
161 -11.2973 8.08172
162 -4.82324 6.69417
163 -1.80251 8.42958
164 -10.7328 7.49365
165 -6.19098 8.01879
166 5.58192 6.77191
167 -1.20972 5.60553
168 0.377389 8.59177
169 -7.7094 7.44436
170 3.8304 7.66969
171 -6.10549 5.34967
172 -3.22724 6.05184
173 7.4447 6.73265
174 -6.53044 7.73591
175 -0.0203586 8.31315
176 -7.98821 7.62359
177 -0.0026002 6.72341
178 -0.0610212 6.77633
179 -9.15724 8.29398
180 9.45592 6.94307
181 5.95742 7.46263
182 1.00134 9.33315
183 6.32425 8.7998
184 1.36593 7.77372
185 15.1527 7.71908
186 -1.52948 7.38813
187 -3.64497 8.38731
188 -8.68385 6.73268
189 3.70951 5.88716
190 1.79951 6.61818
191 -11.6661 5.71443
192 0.383265 7.25756
193 4.80523 6.38766
194 -10.0707 8.68041
195 5.24084 6.53733
196 -13.3721 6.45573
197 -2.12558 8.7517
198 13.0205 8.20646
199 0.333602 7.5249
200 -10.5593 7.20104
201 -7.32343 8.79932
202 0.480549 8.76409
203 19.6071 6.96979
204 -7.64749 6.15166
205 8.92482 6.45587
206 -9.90211 6.05187
207 -7.08423 7.68315
208 -10.0853 7.44433
209 15.9813 5.63556
210 -9.52806 7.57646
211 -1.12659 9.11286
212 -1.03026 8.55017
213 -10.8936 5.78653
214 8.78601 7.3402
215 1.76599 5.85149
216 11.4833 8.56466
217 14.6046 7.48723
218 1.80263 10.6488
219 -0.16314 5.88653
220 -4.40836 8.7232
221 3.82436 7.40329
222 -5.1402 6.20895
223 6.4506 7.21922
224 -1.09957 7.45156
225 -0.756377 10.7685
226 -2.38542 9.26026
227 5.13617 7.60823
228 -2.53307 6.65417
229 -10.1484 7.31493
230 1.4394 8.39411
231 -5.68067 5.70088
232 5.68577 6.41878
233 -0.248456 8.08448
234 3.52059 7.81692
235 -1.63758 8.86151
236 1.26418 7.49064
237 13.0178 7.87252
238 1.42908 9.35829
239 9.24891 7.68539
240 -0.773694 5.36858
241 3.01645 5.91644
242 -0.666354 8.6432
243 -0.166411 7.48766
244 -0.723691 5.12029
245 -3.56399 6.20567
246 1.12589 6.04818
247 -14.8473 6.4048
248 6.75177 6.52995
249 -9.80215 5.92144
250 -1.72909 6.44143
251 8.0704 7.46935
252 -2.05542 6.23201
253 6.15629 8.45453
254 -16.1605 6.50708
255 -8.57283 7.61236
256 14.4712 9.55132
257 -3.14975 5.69797
258 -6.10999 9.05395
259 4.03681 7.26998
260 -2.51591 7.72359
261 -4.62639 6.99277
262 -1.20548 8.67272
263 2.64681 8.09431
264 10.4431 8.05734
265 3.47833 7.70867
266 -14.557 6.69744
267 2.17734 6.42719
268 -15.7237 10.3818
269 15.3422 7.01511
270 -7.92572 7.2977
271 22.169 7.79631
272 -0.0342727 5.45897
273 -13.3345 8.54184
274 -7.64702 7.73978
275 -2.43177 9.18337
276 7.0591 6.88209
277 1.72949 7.26383
278 -4.39054 8.27659
279 1.42401 6.92495
280 8.571 7.71765
281 17.2067 8.56974
282 -4.33991 7.11101
283 -2.34927 6.92587
284 4.57049 5.46013
285 -5.92436 7.13265
286 10.9497 7.01493
287 2.15062 8.19523
288 11.2128 7.36148
289 1.88809 7.92943
290 -11.2677 8.79595
291 9.13541 7.98197
292 -2.7632 7.83726
293 10.2179 6.23913
294 -13.5703 7.53941
295 -2.48659 7.0397
296 11.6414 6.31502
297 -0.629867 6.92516
298 8.64843 8.44801
299 -0.150508 0.0104332
