0 -0.154366 0.0040265
1 0.499465 0.33539
2 0.15853 0.261469
3 0.472086 0.397825
4 0.404504 0.332402
5 0.718415 0.357292
6 1.05889 0.373062
7 0.451153 0.252992
8 0.694716 0.243273
9 -0.118945 0.330371
10 0.542812 0.266593
11 0.290172 0.237972
12 0.66576 0.206063
13 0.315619 0.252625
14 0.0571977 0.255505
15 0.297002 0.219217
16 0.398788 0.265532
17 0.297568 0.327519
18 0.134893 0.264425
19 0.569975 0.293545
20 0.273377 0.22504
21 1.01181 0.197563
22 0.28412 0.231243
23 0.45337 0.25301
24 0.280899 0.198522
25 0.552031 0.244474
26 0.0344026 0.356575
27 0.206178 0.206154
28 0.129388 0.271595
29 0.54034 0.212386
30 0.568307 0.165843
31 0.273231 0.193342
32 0.732417 0.195824
33 0.353458 0.241851
34 0.0525153 0.192405
35 0.408541 0.223351
36 0.344052 0.273928
37 -0.337622 0.236251
38 0.705169 0.21041
39 -0.16838 0.199567
40 -0.0731717 0.241712
41 0.539832 0.197298
42 0.669658 0.210554
43 0.421146 0.19549
44 0.209271 0.219259
45 -0.0125747 0.288054
46 0.760015 0.217443
47 0.163946 0.249348
48 0.642492 0.196117
49 0.217172 0.1615
50 0.306711 0.188368
51 -0.0763979 0.233754
52 -0.115171 0.222312
53 0.373251 0.249305
54 0.153148 0.175838
55 0.115539 0.242374
56 0.463966 0.180318
57 0.302073 0.255277
58 0.314223 0.184989
59 0.00476052 0.23646
60 0.367128 0.226005
61 0.812597 0.283346
62 0.467389 0.161699
63 0.369922 0.198259
64 0.338864 0.220744
65 0.825919 0.186619
66 0.136831 0.225901
67 0.253166 0.169051
68 0.504597 0.270036
69 0.484312 0.25235
70 0.276621 0.185358
71 0.3774 0.188639
72 0.383871 0.22689
73 0.182485 0.184601
74 0.210229 0.157098
75 0.177391 0.185903
76 0.196285 0.175779
77 0.260913 0.216312
78 0.265123 0.246347
79 0.187305 0.164784
80 0.318787 0.220696
81 0.0533013 0.18773
82 0.51391 0.219146
83 0.177757 0.17738
84 0.328574 0.120484
85 0.175319 0.210699
86 0.341052 0.186158
87 0.199607 0.172383
88 0.0106892 0.204075
89 0.42582 0.173772
90 0.380931 0.21161
91 0.105992 0.150505
92 0.127006 0.220215
93 0.251609 0.177146
94 0.017509 0.159804
95 0.113562 0.205986
96 0.330094 0.21173
97 0.268825 0.211659
98 0.575432 0.15421
99 0.329145 0.167606
100 0.792009 0.176753
101 0.208922 0.264722
102 0.293484 0.213549
103 0.364534 0.151279
104 0.440529 0.170362
105 0.50378 0.186662
106 0.351078 0.152581
107 0.440832 0.141882
108 0.183638 0.202811
109 0.27876 0.205208
110 0.29326 0.196587
111 -0.189531 0.203103
112 0.0893341 0.204169
113 0.535814 0.232475
114 0.340071 0.229361
115 0.504837 0.206041
116 0.249548 0.217178
117 0.771026 0.164965
118 0.580577 0.216164
119 0.605381 0.19205
120 0.434613 0.199132
121 0.0199597 0.169639
122 0.363915 0.164272
123 0.405529 0.181183
124 0.4031 0.144172
125 0.357124 0.201228
126 0.683629 0.20496
127 -0.0232486 0.170891
128 0.333589 0.169449
129 0.635235 0.184491
130 0.197938 0.254908
131 0.166225 0.18859
132 0.210259 0.14822
133 0.463808 0.195767
134 0.640983 0.231005
135 0.405646 0.188192
136 0.756029 0.127802
137 0.474141 0.185861
138 0.297928 0.196256
139 0.129507 0.171935
140 0.632874 0.17423
141 0.288391 0.169072
142 0.333487 0.189806
143 0.0759195 0.190922
144 0.494826 0.201321
145 0.410588 0.198155
146 0.0419784 0.133757
147 0.435856 0.196839
148 0.309403 0.204779
149 0.488975 0.176992
150 0.387682 0.160386
151 0.0990128 0.175633
152 0.165255 0.200199
153 0.430016 0.254502
154 0.359479 0.163371
155 0.0467929 0.232805
156 0.0172828 0.24817
157 0.357281 0.181648
158 -0.0486642 0.221157
159 0.417028 0.16985
160 -0.0439135 0.218694
161 -0.139641 0.213311
162 0.203447 0.142986
163 0.408327 0.175885
164 0.301878 0.227746
165 0.121128 0.197802
166 0.228304 0.200398
167 -0.205004 0.207698
168 0.339344 0.189362
169 0.299797 0.18446
170 0.0294557 0.202423
171 0.457741 0.15764
172 0.238347 0.161444
173 0.509006 0.165067
174 0.132416 0.232844
175 0.130234 0.158463
176 0.243548 0.187889
177 0.202091 0.171789
178 0.363584 0.169412
179 0.24887 0.184926
180 0.481398 0.201714
181 0.292399 0.194058
182 0.203017 0.168177
183 0.360026 0.215679
184 0.152645 0.205165
185 0.631175 0.220832
186 -0.17623 0.204458
187 0.241484 0.191391
188 0.247396 0.150723
189 0.207077 0.163635
190 0.32341 0.14559
191 0.0891715 0.136895
192 0.390986 0.178004
193 0.509828 0.148401
194 0.129938 0.218448
195 0.485177 0.176104
196 0.14646 0.24924
197 0.187968 0.259086
198 0.778 0.199328
199 0.321535 0.179478
200 0.035548 0.176656
201 0.161406 0.199744
202 0.415267 0.238475
203 1.02941 0.168228
204 0.217158 0.14874
205 0.364601 0.20008
206 0.112176 0.141424
207 0.307499 0.181424
208 0.0799965 0.180089
209 1.04519 0.14908
210 0.319468 0.179971
211 0.252338 0.177803
212 0.34193 0.234043
213 0.101293 0.171234
214 0.667404 0.214558
215 0.10963 0.219745
216 0.568365 0.225278
217 0.830496 0.226567
218 0.346527 0.295443
219 0.557398 0.19669
220 0.266317 0.215614
221 0.428077 0.233399
222 0.42746 0.164893
223 0.144954 0.183951
224 0.406384 0.236913
225 0.506742 0.286114
226 0.0603182 0.224476
227 -0.0378308 0.283025
228 0.332771 0.242448
229 0.100376 0.20672
230 0.296473 0.215468
231 0.0332904 0.134411
232 0.0430779 0.18043
233 0.310304 0.248554
234 0.503269 0.263346
235 0.376154 0.170093
236 0.0798971 0.168766
237 0.522568 0.243932
238 0.458598 0.184306
239 0.459093 0.27488
240 0.368107 0.209228
241 0.343277 0.149673
242 0.360951 0.23535
243 0.249931 0.213988
244 0.443273 0.211205
245 0.533597 0.139424
246 0.300731 0.223323
247 0.187829 0.194238
248 0.565522 0.182849
249 0.0300878 0.145146
250 0.446601 0.172746
251 0.439284 0.23565
252 0.347171 0.218396
253 0.795863 0.233579
254 0.136504 0.147713
255 -0.261637 0.190234
256 0.383639 0.140237
257 0.408854 0.193153
258 0.130646 0.211246
259 0.14555 0.275493
260 0.25661 0.323987
261 0.468972 0.223106
262 0.111679 0.189675
263 0.111009 0.252912
264 0.923441 0.30222
265 0.431062 0.212851
266 -0.0998824 0.21289
267 0.464701 0.217152
268 0.292379 0.264061
269 0.443975 0.242055
270 0.0852325 0.195112
271 1.0987 0.227039
272 0.285577 0.212051
273 0.151194 0.204282
274 0.126609 0.265168
275 0.232647 0.223923
276 0.555558 0.198318
277 0.772142 0.204958
278 0.311205 0.279906
279 0.260464 0.228876
280 0.80181 0.320894
281 0.761411 0.207208
282 0.52183 0.185074
283 0.0366337 0.218504
284 0.325151 0.210274
285 0.38043 0.262711
286 0.303104 0.188445
287 0.280062 0.244714
288 0.580805 0.256704
289 0.646988 0.310598
290 0.438555 0.276215
291 0.686065 0.222631
292 0.420408 0.310979
293 0.30354 0.232845
294 0.418632 0.305362
295 -0.281729 0.336647
296 0.492084 0.202733
297 0.898789 0.226517
298 0.370365 0.351268
299 -0.142783 0.00670061
