0 -0.79826 0.00304058
1 -0.801333 0.00304169
2 -0.799893 0.00335811
3 -0.799032 0.00355007
4 -0.795701 0.00334397
5 -0.793855 0.00339864
6 -0.793968 0.00351729
7 -0.794127 0.00399477
8 -0.791644 0.00329212
9 -0.792798 0.0032896
10 -0.797872 0.00284857
11 -0.795522 0.00317964
12 -0.79532 0.00365484
13 -0.795351 0.00387684
14 -0.796023 0.00301425
15 -0.796325 0.00320827
16 -0.799789 0.0036319
17 -0.799335 0.00350369
18 -0.800566 0.00376599
19 -0.802584 0.00405698
20 -0.799919 0.00250894
21 -0.800758 0.00303921
22 -0.799363 0.00374401
23 -0.802792 0.00372006
24 -0.803357 0.00382184
25 -0.802972 0.00435044
26 -0.799197 0.004686
27 -0.801225 0.00348837
28 -0.801376 0.00355328
29 -0.798645 0.00330679
