0 -0.775716 0.00502857
1 -0.775775 0.00504174
2 -0.77526 0.00504836
3 -0.77535 0.00499681
4 -0.775775 0.00495141
5 -0.775682 0.00495292
6 -0.775586 0.00503773
7 -0.775875 0.00495894
8 -0.775522 0.00500284
9 -0.775283 0.00499865
10 -0.77595 0.00496229
11 -0.775838 0.00493763
12 -0.775881 0.0049351
13 -0.775759 0.00483632
14 -0.77588 0.00483583
15 -0.776342 0.00480633
16 -0.776345 0.00477629
17 -0.776041 0.00477565
18 -0.776196 0.00482675
19 -0.77594 0.00487943
20 -0.775874 0.00496234
21 -0.775726 0.00499048
22 -0.77587 0.00491691
23 -0.776044 0.00490748
24 -0.775599 0.00490119
25 -0.775755 0.00487925
26 -0.775889 0.00488997
27 -0.776002 0.00489728
28 -0.775738 0.00488944
29 -0.775782 0.0049493
30 -0.775924 0.00495014
31 -0.7759 0.00495466
32 -0.775958 0.00502129
33 -0.775886 0.0050068
34 -0.776314 0.00500872
35 -0.775752 0.00510021
36 -0.775434 0.00517676
37 -0.775113 0.00519695
38 -0.775436 0.00515663
39 -0.775529 0.00513925
40 -0.775388 0.00512862
41 -0.775187 0.00515706
42 -0.775478 0.00509677
43 -0.775872 0.00509573
44 -0.775896 0.00511958
45 -0.77606 0.00509723
46 -0.775713 0.00509515
47 -0.775664 0.00506835
48 -0.775773 0.00514665
49 -0.775755 0.00517499
50 -0.775752 0.00516387
51 -0.775345 0.00515367
52 -0.775188 0.00521415
53 -0.775574 0.00515382
54 -0.775226 0.00503999
55 -0.775366 0.00504077
56 -0.775263 0.00504414
57 -0.775178 0.00510842
58 -0.77508 0.00511263
59 -0.775273 0.00518013
60 -0.77526 0.0051523
61 -0.775242 0.00507315
62 -0.775169 0.00515182
63 -0.775139 0.00510924
64 -0.774812 0.00507824
65 -0.774758 0.00503756
66 -0.774606 0.0049927
67 -0.7745 0.00495848
68 -0.77477 0.00500571
69 -0.774639 0.00502418
70 -0.774993 0.00502881
71 -0.77471 0.00504305
72 -0.774931 0.00505952
73 -0.77473 0.00505583
74 -0.774699 0.00511391
75 -0.774608 0.0051711
76 -0.774989 0.00518956
77 -0.774674 0.00516345
78 -0.774441 0.00522575
79 -0.774401 0.00527237
80 -0.774686 0.00527315
81 -0.774701 0.0051747
82 -0.774712 0.00513195
83 -0.775054 0.00510452
84 -0.775569 0.00512902
85 -0.775875 0.00517177
86 -0.775738 0.00513341
87 -0.775826 0.00515414
88 -0.776103 0.0051826
89 -0.776243 0.00515344
90 -0.77605 0.00507564
91 -0.776029 0.00503025
92 -0.776274 0.00498669
93 -0.775845 0.00498193
94 -0.776119 0.00494484
95 -0.77613 0.00493286
96 -0.776228 0.00494948
97 -0.776557 0.00486861
98 -0.776272 0.00500516
99 -0.776135 0.00505727
100 -0.776248 0.00496951
101 -0.776169 0.00495434
102 -0.776291 0.00493741
103 -0.776521 0.00487593
104 -0.776913 0.00478559
105 -0.776746 0.00476061
106 -0.77673 0.00471659
107 -0.77641 0.00470006
108 -0.776347 0.00472353
109 -0.776367 0.00470367
110 -0.776576 0.00469545
111 -0.776369 0.00475184
112 -0.776499 0.00466061
113 -0.776449 0.00465855
114 -0.776549 0.00470617
115 -0.776676 0.00467914
116 -0.776972 0.00464758
117 -0.77683 0.00469005
118 -0.776818 0.00462313
119 -0.776932 0.0046187
120 -0.776838 0.00469431
121 -0.777051 0.00469023
122 -0.776876 0.00468009
123 -0.776863 0.00462569
124 -0.776958 0.00454671
125 -0.776952 0.00456668
126 -0.776859 0.00461327
127 -0.777145 0.00456139
128 -0.777321 0.00453097
129 -0.77716 0.00455833
130 -0.777709 0.00454877
131 -0.77762 0.00447805
132 -0.77755 0.00450757
133 -0.77738 0.00446504
134 -0.777344 0.00445191
135 -0.777343 0.00441601
136 -0.777159 0.00442982
137 -0.777285 0.00441692
138 -0.777024 0.00439521
139 -0.777427 0.00442076
140 -0.7774 0.00447162
141 -0.777323 0.00452779
142 -0.777506 0.00457363
143 -0.777591 0.00453778
144 -0.777583 0.00455197
145 -0.777363 0.00458351
146 -0.777012 0.00467128
147 -0.776836 0.00470734
148 -0.77697 0.00476134
149 -0.776574 0.00481432
150 -0.776796 0.00486656
151 -0.776666 0.00487476
152 -0.776702 0.00487774
153 -0.776712 0.00486912
154 -0.776761 0.00490629
155 -0.776942 0.00490914
156 -0.776804 0.00489717
157 -0.776751 0.00492097
158 -0.77692 0.00497883
159 -0.777034 0.00494845
160 -0.777103 0.00496726
161 -0.777229 0.00494062
162 -0.777361 0.00491397
163 -0.777495 0.0048492
164 -0.777091 0.0048912
165 -0.777058 0.00494645
166 -0.776817 0.00495909
167 -0.776981 0.00489193
168 -0.776786 0.00490369
169 -0.776896 0.00495913
170 -0.776997 0.0049263
171 -0.777114 0.00487443
172 -0.777099 0.00485027
173 -0.776954 0.00484607
174 -0.776895 0.00485105
175 -0.776969 0.00489554
176 -0.777164 0.004817
177 -0.77698 0.00481309
178 -0.776894 0.0048533
179 -0.777117 0.00491109
180 -0.777069 0.00487509
181 -0.777327 0.00486649
182 -0.77713 0.00486188
183 -0.776905 0.00490448
184 -0.777012 0.0049276
185 -0.776635 0.00496744
186 -0.776691 0.00485809
187 -0.776646 0.00485799
188 -0.77655 0.00483613
189 -0.776688 0.00484064
190 -0.776582 0.00482077
191 -0.776749 0.00489089
192 -0.776711 0.00485491
193 -0.776707 0.00484524
194 -0.77676 0.00486249
195 -0.776745 0.00485922
196 -0.77661 0.00479192
197 -0.776547 0.00476536
198 -0.776568 0.00475353
199 -0.776618 0.0047282
200 -0.776706 0.00469237
201 -0.776764 0.00474388
202 -0.776835 0.00473684
203 -0.776753 0.00472832
204 -0.776671 0.00469752
205 -0.77686 0.00474046
206 -0.776548 0.0048063
207 -0.776568 0.00481267
208 -0.776307 0.0048113
209 -0.776059 0.00483714
210 -0.775868 0.00483138
211 -0.776184 0.00495481
212 -0.7764 0.00492049
213 -0.776374 0.00489761
214 -0.776329 0.0048936
215 -0.776604 0.00492595
216 -0.776706 0.00499931
217 -0.776514 0.00500106
218 -0.776219 0.00498026
219 -0.775666 0.00497391
220 -0.775605 0.00498844
221 -0.775615 0.00503303
222 -0.775991 0.00503749
223 -0.776083 0.00511431
224 -0.776276 0.00510585
225 -0.776349 0.00509168
226 -0.776407 0.00500069
227 -0.776227 0.00497891
228 -0.776146 0.00502653
229 -0.776404 0.00501329
230 -0.776308 0.00491646
231 -0.77644 0.00495298
232 -0.776537 0.00492635
233 -0.776502 0.00499111
234 -0.776292 0.00505225
235 -0.776074 0.00507714
236 -0.776094 0.00499193
237 -0.776016 0.00492732
238 -0.776038 0.0048798
239 -0.775992 0.00497548
240 -0.775973 0.0049275
241 -0.775817 0.00496233
242 -0.77562 0.00491023
243 -0.775866 0.00489944
244 -0.775685 0.00490695
245 -0.775755 0.00494311
246 -0.775642 0.00490274
247 -0.775445 0.00493323
248 -0.775292 0.00491144
249 -0.775655 0.00486429
250 -0.775804 0.00485152
251 -0.775623 0.00482851
252 -0.775201 0.00488511
253 -0.775182 0.00485947
254 -0.775095 0.00491387
255 -0.774892 0.00492036
256 -0.775079 0.00479712
257 -0.775298 0.00475109
258 -0.775088 0.00479527
259 -0.774827 0.00478997
260 -0.774835 0.00477076
261 -0.774992 0.00474009
262 -0.775182 0.00475341
263 -0.775381 0.00477411
264 -0.775366 0.00482237
265 -0.775401 0.00481656
266 -0.775337 0.00488767
267 -0.775145 0.00494171
268 -0.775224 0.00492083
269 -0.775552 0.00496266
270 -0.775802 0.00494369
271 -0.775388 0.00499797
272 -0.775467 0.00496428
273 -0.775333 0.00493103
274 -0.775257 0.00488755
275 -0.775286 0.00476564
276 -0.775206 0.00467166
277 -0.775019 0.0047744
278 -0.774996 0.00470566
279 -0.774847 0.00472739
280 -0.775033 0.00466745
281 -0.775013 0.00466679
282 -0.774662 0.00467551
283 -0.774543 0.00475062
284 -0.774297 0.0047988
285 -0.774395 0.00471191
286 -0.774392 0.0046959
287 -0.774774 0.00469229
288 -0.774532 0.0046583
289 -0.774232 0.0047088
290 -0.774109 0.00470095
291 -0.773772 0.00478983
292 -0.774176 0.00474824
293 -0.774209 0.00474293
294 -0.774106 0.00472502
295 -0.774049 0.00469603
296 -0.774352 0.00469399
297 -0.774225 0.00467796
298 -0.774266 0.00470821
299 -0.774215 0.00472179
