0 -0.776369 0.00409547
1 -0.776684 0.00405006
2 -0.776064 0.00427178
3 -0.776796 0.00438231
4 -0.777205 0.00455501
5 -0.777365 0.00462609
6 -0.776471 0.0047135
7 -0.77709 0.0047183
8 -0.777311 0.00462131
9 -0.777926 0.00464548
10 -0.778183 0.00479705
11 -0.777894 0.0047218
12 -0.778011 0.00448692
13 -0.777627 0.00448231
14 -0.778373 0.00433497
15 -0.779006 0.00424563
16 -0.779645 0.00417788
17 -0.779629 0.00397671
18 -0.779051 0.0039313
19 -0.778398 0.00411607
20 -0.779194 0.0040494
21 -0.778188 0.00414076
22 -0.778581 0.00397587
23 -0.779217 0.00408421
24 -0.778624 0.00408182
25 -0.778616 0.00414627
26 -0.778543 0.00410926
27 -0.778783 0.00400222
28 -0.778642 0.00381879
29 -0.778404 0.00366308
30 -0.778755 0.00366154
31 -0.778708 0.00383644
32 -0.779176 0.00401236
33 -0.779017 0.00411503
34 -0.779024 0.00405346
35 -0.778146 0.00392506
36 -0.777596 0.00383881
37 -0.776746 0.00372508
38 -0.776978 0.00355768
39 -0.777235 0.00354771
40 -0.777356 0.00348883
41 -0.777282 0.00361876
42 -0.778604 0.00355108
43 -0.7788 0.00357721
44 -0.77851 0.00355009
45 -0.777639 0.00348131
46 -0.777977 0.00349384
47 -0.778681 0.00354635
48 -0.778337 0.00365379
49 -0.778653 0.00352642
50 -0.778366 0.00364838
51 -0.778397 0.00353139
52 -0.778579 0.00351725
53 -0.77872 0.00362917
54 -0.778513 0.00343019
55 -0.77845 0.0035231
56 -0.778959 0.00362189
57 -0.778658 0.00356825
58 -0.779055 0.0036775
59 -0.780109 0.00368119
60 -0.779794 0.00343011
61 -0.780019 0.00331528
62 -0.780082 0.00350298
63 -0.779762 0.00350691
64 -0.779827 0.00374072
65 -0.780462 0.00356407
66 -0.780864 0.00344422
67 -0.780508 0.00345108
68 -0.780427 0.00337574
69 -0.780681 0.00343706
70 -0.780938 0.00342873
71 -0.78047 0.00351154
72 -0.780794 0.00345821
73 -0.780784 0.00331035
74 -0.780557 0.00343615
75 -0.780476 0.00340789
76 -0.780789 0.00356392
77 -0.780222 0.00347508
78 -0.78015 0.0035172
79 -0.780191 0.00351185
80 -0.781329 0.0034536
81 -0.781757 0.00354753
82 -0.781618 0.00365044
83 -0.781529 0.0035434
84 -0.78184 0.00354803
85 -0.781831 0.00348874
86 -0.78126 0.00353459
87 -0.780734 0.00342017
88 -0.78028 0.00341298
89 -0.780593 0.00343871
90 -0.780527 0.00344168
91 -0.780385 0.0035477
92 -0.780147 0.00371125
93 -0.779905 0.0036147
94 -0.780691 0.00360539
95 -0.780595 0.00351603
96 -0.781336 0.00353019
97 -0.780972 0.00356387
98 -0.780679 0.00346717
99 -0.780265 0.00360398
100 -0.780663 0.00373747
101 -0.780538 0.00371865
102 -0.780207 0.00381459
103 -0.780522 0.00367201
104 -0.779855 0.00343334
105 -0.779447 0.00335543
106 -0.779619 0.00336668
107 -0.779436 0.00344882
108 -0.778513 0.00334392
109 -0.7794 0.00326346
110 -0.77998 0.00330469
111 -0.779717 0.00335385
112 -0.780229 0.00345452
113 -0.780233 0.00335733
114 -0.78023 0.00332559
115 -0.780574 0.00348796
116 -0.781012 0.00358489
117 -0.781354 0.00344334
118 -0.780835 0.00345086
119 -0.780687 0.00336966
120 -0.780687 0.00338361
121 -0.781359 0.00343495
122 -0.780748 0.00351811
123 -0.780965 0.00361783
124 -0.780843 0.00354197
125 -0.780501 0.0034764
126 -0.779751 0.00354818
127 -0.780158 0.00359095
128 -0.780393 0.00360571
129 -0.781208 0.00368936
130 -0.781901 0.00368062
131 -0.782312 0.00370356
132 -0.78286 0.00363336
133 -0.783053 0.00360557
134 -0.782222 0.00358088
135 -0.782231 0.00357935
136 -0.782198 0.00371555
137 -0.782529 0.0036943
138 -0.782251 0.00353703
139 -0.782616 0.00361899
140 -0.783356 0.00340499
141 -0.78385 0.0035126
142 -0.783915 0.00352541
143 -0.784097 0.00351512
144 -0.783652 0.00347235
145 -0.783651 0.00356014
146 -0.783712 0.00357116
147 -0.783805 0.00344683
148 -0.783843 0.0034577
149 -0.784082 0.00343995
150 -0.78443 0.00350141
151 -0.784104 0.00345868
152 -0.784066 0.0033372
153 -0.783926 0.00327997
154 -0.783458 0.00338005
155 -0.782967 0.00343063
156 -0.78267 0.00344584
157 -0.782769 0.00345963
158 -0.782544 0.00356898
159 -0.782813 0.00353604
160 -0.782818 0.00356463
161 -0.782944 0.00355748
162 -0.783341 0.00349227
163 -0.783641 0.00343382
164 -0.783388 0.00348119
165 -0.783481 0.00362116
166 -0.783512 0.0035365
167 -0.784135 0.00358557
168 -0.784064 0.0036483
169 -0.783801 0.00362905
170 -0.784635 0.00369824
171 -0.78502 0.00363579
172 -0.785664 0.00367122
173 -0.785247 0.00361849
174 -0.784817 0.00364418
175 -0.784617 0.00361993
176 -0.785254 0.00362199
177 -0.784882 0.00365955
178 -0.784418 0.00369541
179 -0.784504 0.00355254
180 -0.78493 0.00336556
181 -0.784789 0.00340498
182 -0.784601 0.00339765
183 -0.784372 0.00344613
184 -0.785113 0.00339193
185 -0.784473 0.00340036
186 -0.783838 0.0033744
187 -0.784028 0.00331786
188 -0.783317 0.00326941
189 -0.783275 0.00328183
190 -0.782727 0.00337208
191 -0.782879 0.00343609
192 -0.782424 0.00344834
193 -0.782523 0.00365128
194 -0.782573 0.00360925
195 -0.78268 0.00373577
196 -0.782966 0.00385892
197 -0.782463 0.00393231
198 -0.782201 0.00393397
199 -0.782299 0.00384498
200 -0.782987 0.00382408
201 -0.783375 0.00378128
202 -0.783301 0.00381079
203 -0.78337 0.00377116
204 -0.782882 0.00360044
205 -0.782527 0.00352879
206 -0.781862 0.00358307
207 -0.781696 0.00343253
208 -0.780848 0.00356818
209 -0.7806 0.00365356
210 -0.780439 0.00346772
211 -0.780204 0.00352949
212 -0.780126 0.00370218
213 -0.780626 0.00361055
214 -0.781254 0.00369118
215 -0.781313 0.00366619
216 -0.781994 0.00358548
217 -0.781213 0.00367513
218 -0.781291 0.0035482
219 -0.781081 0.00356511
220 -0.780493 0.00335071
221 -0.780233 0.003287
222 -0.78092 0.00321752
223 -0.781134 0.00305344
224 -0.781259 0.00320093
225 -0.780914 0.00324614
226 -0.780434 0.00308999
227 -0.780296 0.00300652
228 -0.780042 0.00281829
229 -0.779539 0.00277855
230 -0.779946 0.00259075
231 -0.78012 0.00270963
232 -0.780278 0.00251447
233 -0.780027 0.00231913
234 -0.78012 0.00240146
235 -0.78026 0.0024319
236 -0.780701 0.00250771
237 -0.780697 0.00253523
238 -0.781432 0.0023709
239 -0.781006 0.00243643
240 -0.780531 0.00257578
241 -0.779947 0.00259702
242 -0.779779 0.00269129
243 -0.778984 0.00273051
244 -0.779642 0.00279147
245 -0.78022 0.00291206
246 -0.780123 0.0029341
247 -0.780334 0.00285068
248 -0.779708 0.00279891
249 -0.781013 0.00296927
250 -0.781273 0.00277547
251 -0.781102 0.00272966
252 -0.780377 0.00281065
253 -0.780321 0.00279468
254 -0.780578 0.00278636
255 -0.779914 0.00292673
256 -0.779725 0.00284847
257 -0.780291 0.00280552
258 -0.780597 0.00284548
259 -0.781095 0.00275469
260 -0.78071 0.00280622
261 -0.78069 0.00295282
262 -0.78072 0.00303922
263 -0.780324 0.00316523
264 -0.780415 0.00318396
265 -0.780755 0.00318531
266 -0.780836 0.00348552
267 -0.781753 0.00354577
268 -0.781802 0.00360825
269 -0.781575 0.00372087
270 -0.781524 0.00366838
271 -0.781236 0.00371694
272 -0.780559 0.00367983
273 -0.77987 0.00373478
274 -0.780006 0.00370008
275 -0.778815 0.00359195
276 -0.778428 0.00361123
277 -0.77885 0.00372526
278 -0.779226 0.00372377
279 -0.779957 0.00371969
280 -0.780144 0.00375208
281 -0.779447 0.00378868
282 -0.778731 0.00382816
283 -0.778571 0.00381811
284 -0.778684 0.00389102
285 -0.778971 0.00401602
286 -0.778929 0.0039531
287 -0.778983 0.00404084
288 -0.777777 0.00401816
289 -0.778049 0.00393059
290 -0.777659 0.00396366
291 -0.777894 0.00409211
292 -0.778336 0.00410223
293 -0.778143 0.00407337
294 -0.77816 0.00387593
295 -0.777944 0.00384644
296 -0.777911 0.00383888
297 -0.777229 0.00392795
298 -0.777646 0.003962
299 -0.776495 0.00401529
