0 -0.824068 0.00348399
1 -0.826959 0.00368365
2 -0.825675 0.00319429
3 -0.825525 0.00356861
4 -0.823197 0.00385755
5 -0.8228 0.00346372
6 -0.824753 0.00312855
7 -0.822819 0.0024497
8 -0.822175 0.00323787
9 -0.823016 0.00327689
10 -0.824246 0.00281333
11 -0.821474 0.0025842
12 -0.824973 0.00248073
13 -0.82739 0.00265541
14 -0.827999 0.00307286
15 -0.822849 0.00360521
16 -0.831019 0.00221479
17 -0.830471 0.00192602
18 -0.830095 0.00195564
19 -0.830533 0.0020986
20 -0.82476 0.00254392
21 -0.824586 0.00287986
22 -0.823542 0.003336
23 -0.824483 0.00288809
24 -0.829365 0.00273343
25 -0.827873 0.00270847
26 -0.832212 0.00282624
27 -0.831176 0.00234697
28 -0.825697 0.0033203
29 -0.827217 0.00377482
