0 -0.685989 0.00479972
1 -0.686865 0.00436073
2 -0.684894 0.00441952
3 -0.686281 0.00448361
4 -0.688943 0.00454139
5 -0.687021 0.00517598
6 -0.689132 0.00544214
7 -0.691125 0.00604246
8 -0.690529 0.00589421
9 -0.687575 0.00585684
10 -0.689862 0.00621438
11 -0.688974 0.00518151
12 -0.688879 0.00540063
13 -0.693361 0.00567377
14 -0.692423 0.00552519
15 -0.688993 0.00546534
16 -0.689751 0.00528393
17 -0.686013 0.00618703
18 -0.685135 0.00686434
19 -0.68603 0.00677452
20 -0.683576 0.00631584
21 -0.686449 0.00599984
22 -0.685944 0.00567516
23 -0.688458 0.00573808
24 -0.689333 0.00558971
25 -0.687415 0.00625936
26 -0.684543 0.00693255
27 -0.685709 0.00635141
28 -0.687023 0.00551971
29 -0.687083 0.00520464
