0 -0.655186 0.00579804
1 -0.656091 0.00547363
2 -0.658239 0.00557632
3 -0.662628 0.00592398
4 -0.662238 0.00635743
5 -0.661433 0.00619791
6 -0.66265 0.00625967
7 -0.66279 0.0067081
8 -0.66145 0.00686194
9 -0.658786 0.00747338
10 -0.658564 0.00713441
11 -0.657532 0.00675888
12 -0.65967 0.00664604
13 -0.662862 0.00649151
14 -0.662657 0.00600592
15 -0.659314 0.00623854
16 -0.659938 0.00654286
17 -0.658248 0.00694667
18 -0.659629 0.00707592
19 -0.657393 0.00627087
20 -0.65573 0.00591738
21 -0.654673 0.00554954
22 -0.654323 0.00549343
23 -0.65589 0.00589665
24 -0.656411 0.00594159
25 -0.65449 0.00629637
26 -0.652039 0.00704344
27 -0.652661 0.00726806
28 -0.652912 0.00676911
29 -0.653838 0.00661852
