0 -0.776856 0.00359074
1 -0.776955 0.00393796
2 -0.77609 0.00422106
3 -0.776513 0.00401291
4 -0.777587 0.00403253
5 -0.777775 0.00393217
6 -0.777388 0.00403899
7 -0.778589 0.00390086
8 -0.778554 0.00379195
9 -0.779096 0.00412464
10 -0.778748 0.00456971
11 -0.778907 0.00432194
12 -0.778964 0.00418701
13 -0.778331 0.00415399
14 -0.779817 0.00420174
15 -0.77994 0.00389114
16 -0.780053 0.0035969
17 -0.780417 0.003481
18 -0.780474 0.00343724
19 -0.780853 0.00346003
20 -0.781594 0.0034094
21 -0.781879 0.00343636
22 -0.782234 0.00329513
23 -0.782813 0.00344906
24 -0.781729 0.00359636
25 -0.781158 0.0035965
26 -0.782209 0.00357298
27 -0.781973 0.00356426
28 -0.782352 0.00346427
29 -0.782397 0.00343335
30 -0.781578 0.00341157
31 -0.781973 0.00351631
32 -0.781627 0.00368151
33 -0.781756 0.00351421
34 -0.78186 0.00341028
35 -0.781831 0.00365379
36 -0.780734 0.00356741
37 -0.780385 0.00362494
38 -0.780459 0.00362118
39 -0.779998 0.003379
40 -0.780168 0.00342244
41 -0.78038 0.00327552
42 -0.780548 0.00313021
43 -0.781415 0.00298392
44 -0.781984 0.00301572
45 -0.781677 0.00295946
46 -0.781236 0.0028469
47 -0.783429 0.0027449
48 -0.782394 0.00260333
49 -0.782052 0.00246136
50 -0.782513 0.00247957
51 -0.782529 0.00235971
52 -0.781849 0.00223547
53 -0.781727 0.00237499
54 -0.780846 0.00249473
55 -0.781569 0.00259185
56 -0.781387 0.00278707
57 -0.780275 0.00274078
58 -0.780064 0.00259615
59 -0.780085 0.00257806
60 -0.781794 0.00256051
61 -0.781933 0.00245078
62 -0.781865 0.00241996
63 -0.780713 0.002475
64 -0.780672 0.00271096
65 -0.781625 0.00266604
66 -0.782502 0.00264816
67 -0.782719 0.00270918
68 -0.782113 0.00263985
69 -0.781914 0.00254474
70 -0.781563 0.00239286
71 -0.78128 0.00233702
72 -0.781701 0.00244721
73 -0.781545 0.00245977
74 -0.78018 0.00220543
75 -0.779722 0.0022325
76 -0.77936 0.00254465
77 -0.777787 0.00246275
78 -0.777506 0.00259809
79 -0.777092 0.00270093
80 -0.778115 0.00255023
81 -0.778127 0.00247269
82 -0.777589 0.00253262
83 -0.777531 0.00233504
84 -0.778493 0.00244055
85 -0.778577 0.00251408
86 -0.777206 0.00240546
87 -0.776839 0.00246054
88 -0.776758 0.00258246
89 -0.776267 0.00247784
90 -0.775821 0.00227298
91 -0.775983 0.00229975
92 -0.775841 0.00226443
93 -0.776201 0.00229106
94 -0.776747 0.00218688
95 -0.776934 0.00233934
96 -0.777961 0.00245489
97 -0.778477 0.00255486
98 -0.778695 0.00256626
99 -0.779118 0.00246275
100 -0.779588 0.00237194
101 -0.7796 0.0024585
102 -0.778967 0.00213049
103 -0.778178 0.00212357
104 -0.778298 0.00251053
105 -0.778547 0.00266392
106 -0.777768 0.00273515
107 -0.778526 0.00271048
108 -0.777345 0.00264693
109 -0.777356 0.00250875
110 -0.77822 0.00254495
111 -0.777479 0.00261707
112 -0.777987 0.00255092
113 -0.778375 0.0023852
114 -0.778349 0.00264706
115 -0.778897 0.00267415
116 -0.778504 0.00264239
117 -0.778279 0.00275119
118 -0.778363 0.00294405
119 -0.7784 0.00303261
120 -0.778519 0.00288638
121 -0.779009 0.0028253
122 -0.777769 0.00286956
123 -0.778341 0.00284191
124 -0.778516 0.00289176
125 -0.778023 0.00312352
126 -0.776928 0.00332375
127 -0.776055 0.0031687
128 -0.776263 0.00323573
129 -0.777279 0.00281675
130 -0.779157 0.00264483
131 -0.778607 0.00264415
132 -0.778811 0.00256042
133 -0.778678 0.00265989
134 -0.779011 0.0025265
135 -0.778739 0.00270977
136 -0.779819 0.00278088
137 -0.780842 0.00286314
138 -0.780535 0.00274774
139 -0.780968 0.00267715
140 -0.782476 0.00284453
141 -0.781972 0.00266262
142 -0.782652 0.0028622
143 -0.783334 0.00252212
144 -0.784177 0.00246604
145 -0.784076 0.0023823
146 -0.783801 0.00259728
147 -0.784268 0.00275557
148 -0.784496 0.00257068
149 -0.785047 0.00277182
150 -0.784767 0.00270491
151 -0.784253 0.00281054
152 -0.784479 0.00269597
153 -0.784754 0.00256416
154 -0.784103 0.00258557
155 -0.783381 0.00232471
156 -0.782969 0.00218417
157 -0.783369 0.00215719
158 -0.783137 0.00205331
159 -0.782906 0.00188062
160 -0.782539 0.001888
161 -0.781152 0.00178596
162 -0.78166 0.00196682
163 -0.782252 0.00203647
164 -0.782761 0.00206983
165 -0.782022 0.00211819
166 -0.782484 0.00200131
167 -0.782799 0.00203542
168 -0.782733 0.00221139
169 -0.781929 0.00216816
170 -0.782165 0.00231427
171 -0.781936 0.00231271
172 -0.782451 0.00232269
173 -0.782263 0.00241465
174 -0.782222 0.0024573
175 -0.782175 0.00227412
176 -0.782453 0.00235473
177 -0.781881 0.00242199
178 -0.782519 0.0024917
179 -0.782402 0.0024503
180 -0.783914 0.00236883
181 -0.783712 0.00246364
182 -0.783348 0.00268224
183 -0.783416 0.0026117
184 -0.783332 0.0026204
185 -0.783115 0.00238982
186 -0.783263 0.00218816
187 -0.782669 0.00206712
188 -0.783293 0.00217765
189 -0.783295 0.00225052
190 -0.782836 0.00219814
191 -0.7839 0.00224409
192 -0.784335 0.00256281
193 -0.784122 0.00265984
194 -0.784059 0.00287694
195 -0.784293 0.002937
196 -0.784971 0.00290682
197 -0.784523 0.0030237
198 -0.784875 0.00332728
199 -0.784291 0.00324104
200 -0.784421 0.00323369
201 -0.785075 0.00311511
202 -0.784881 0.00282532
203 -0.785853 0.00295022
204 -0.785145 0.00280745
205 -0.784446 0.002701
206 -0.785065 0.00269424
207 -0.784419 0.00295128
208 -0.783951 0.00302823
209 -0.784139 0.00286683
210 -0.783887 0.0029031
211 -0.783233 0.00287708
212 -0.782658 0.00303027
213 -0.782968 0.00312981
214 -0.783263 0.00316738
215 -0.782806 0.00311341
216 -0.783481 0.00318543
217 -0.782841 0.00310295
218 -0.782638 0.00293804
219 -0.783079 0.00289682
220 -0.782554 0.00280788
221 -0.782251 0.00266822
222 -0.783052 0.00268504
223 -0.783821 0.00268057
224 -0.782393 0.00269651
225 -0.782348 0.00297186
226 -0.781178 0.00290415
227 -0.781643 0.00292301
228 -0.78191 0.00293334
229 -0.782068 0.00285236
230 -0.782456 0.0027252
231 -0.781719 0.00277937
232 -0.781801 0.00284762
233 -0.782201 0.00283562
234 -0.78216 0.00273927
235 -0.781816 0.00269031
236 -0.782307 0.00265629
237 -0.781546 0.00267042
238 -0.782858 0.00284394
239 -0.783 0.00311023
240 -0.781484 0.00332091
241 -0.781904 0.00330675
242 -0.781521 0.00362799
243 -0.780432 0.00350888
244 -0.780969 0.00324217
245 -0.780845 0.00321796
246 -0.780549 0.00322928
247 -0.780421 0.00318808
248 -0.780269 0.00290485
249 -0.780795 0.0029338
250 -0.781643 0.00296449
251 -0.782361 0.0030504
252 -0.782227 0.00314481
253 -0.782561 0.00303603
254 -0.782223 0.00269073
255 -0.782022 0.00258432
256 -0.781207 0.00247185
257 -0.781033 0.00236544
258 -0.781629 0.00224821
259 -0.782564 0.00224366
260 -0.783104 0.00222656
261 -0.782207 0.00233986
262 -0.782908 0.00250307
263 -0.783276 0.00258979
264 -0.784165 0.00261889
265 -0.784501 0.00235155
266 -0.783605 0.00272292
267 -0.784592 0.00283638
268 -0.784104 0.00293981
269 -0.783251 0.00286033
270 -0.783682 0.00295953
271 -0.783322 0.00294397
272 -0.784007 0.00299534
273 -0.783692 0.00304847
274 -0.783371 0.00306621
275 -0.782764 0.00327315
276 -0.782485 0.00356751
277 -0.782953 0.00343958
278 -0.783901 0.00348296
279 -0.783945 0.00350859
280 -0.784639 0.00340881
281 -0.784345 0.00317856
282 -0.784028 0.00312556
283 -0.783813 0.00321245
284 -0.783739 0.00321284
285 -0.783429 0.00348235
286 -0.784562 0.00349206
287 -0.783762 0.00338716
288 -0.781238 0.00338489
289 -0.78137 0.00332521
290 -0.781392 0.0033444
291 -0.781951 0.00335025
292 -0.781414 0.00335475
293 -0.780684 0.00317058
294 -0.779145 0.00304088
295 -0.778481 0.00298642
296 -0.778866 0.00309444
297 -0.777704 0.00287685
298 -0.778405 0.00282274
299 -0.777472 0.00285894
