0 -0.776748 0.00360629
1 -0.777606 0.00416801
2 -0.77917 0.00347932
3 -0.779006 0.00365526
4 -0.777526 0.00345119
5 -0.776838 0.00416656
6 -0.775723 0.00387095
7 -0.77562 0.00349389
8 -0.77588 0.00312123
9 -0.776933 0.00293887
10 -0.77478 0.00244461
11 -0.77542 0.00285072
12 -0.777814 0.00260252
13 -0.773904 0.00288256
14 -0.777209 0.00282906
15 -0.777277 0.00328169
16 -0.777249 0.00349204
17 -0.778498 0.00340736
18 -0.779228 0.00389076
19 -0.782506 0.0037371
20 -0.783363 0.0038037
21 -0.785987 0.00348222
22 -0.782604 0.00373497
23 -0.781935 0.00422025
24 -0.782208 0.00459818
25 -0.784145 0.00407116
26 -0.783056 0.00399956
27 -0.783643 0.00404824
28 -0.781734 0.00393344
29 -0.781446 0.00436244
30 -0.783742 0.00439174
31 -0.783019 0.0047215
32 -0.784207 0.00443828
33 -0.782967 0.00411772
34 -0.785247 0.00388011
35 -0.786534 0.00367064
36 -0.786599 0.00316845
37 -0.787167 0.00266857
38 -0.786383 0.00264519
39 -0.78406 0.00267207
40 -0.785945 0.00306335
41 -0.787403 0.00377218
42 -0.788478 0.00336983
43 -0.78871 0.00317152
44 -0.785824 0.00305154
45 -0.7852 0.00322605
46 -0.784336 0.00317332
47 -0.78675 0.00327533
48 -0.784577 0.00367248
49 -0.78607 0.00397172
50 -0.785588 0.00378327
51 -0.786176 0.00369334
52 -0.784957 0.00360441
53 -0.784771 0.00357421
54 -0.783581 0.00300461
55 -0.784002 0.00347791
56 -0.783787 0.00353148
57 -0.786211 0.00344535
58 -0.785329 0.00363137
59 -0.783979 0.0041923
60 -0.783166 0.00394005
61 -0.784368 0.00389557
62 -0.783069 0.00350325
63 -0.783608 0.00325856
64 -0.781579 0.00363318
65 -0.783123 0.00344421
66 -0.785657 0.00319694
67 -0.785843 0.00306155
68 -0.786177 0.00294671
69 -0.783827 0.00271004
70 -0.784531 0.00237764
71 -0.785338 0.00212045
72 -0.786909 0.00234904
73 -0.786326 0.00255031
74 -0.7851 0.00266023
75 -0.785089 0.00256257
76 -0.785111 0.00306318
77 -0.782402 0.0033546
78 -0.782554 0.00255281
79 -0.783431 0.00241837
80 -0.784765 0.00270011
81 -0.785266 0.0025085
82 -0.786544 0.00280253
83 -0.787675 0.00320234
84 -0.786469 0.00322541
85 -0.784962 0.00301003
86 -0.785496 0.00299208
87 -0.784993 0.00292728
88 -0.78546 0.00257296
89 -0.784596 0.00248613
90 -0.784671 0.00251563
91 -0.783235 0.00276534
92 -0.783541 0.00226021
93 -0.784002 0.00253176
94 -0.786331 0.00289887
95 -0.786538 0.00305938
96 -0.786185 0.00258208
97 -0.784947 0.00261369
98 -0.785186 0.00269872
99 -0.782675 0.00253526
100 -0.779874 0.00255191
101 -0.779419 0.00202926
102 -0.778848 0.00282435
103 -0.776134 0.00263979
104 -0.776834 0.00255689
105 -0.77604 0.00262876
106 -0.778041 0.00265539
107 -0.77712 0.00271099
108 -0.77523 0.00248861
109 -0.776906 0.00256643
110 -0.77709 0.00276511
111 -0.777794 0.00289176
112 -0.779345 0.00273383
113 -0.781056 0.0027943
114 -0.782163 0.00301543
115 -0.782328 0.00317099
116 -0.781034 0.00323734
117 -0.783427 0.00333456
118 -0.782084 0.00397817
119 -0.784541 0.00391877
120 -0.783977 0.00313908
121 -0.783897 0.0034011
122 -0.78263 0.00324318
123 -0.782353 0.00333748
124 -0.78243 0.00357306
125 -0.781748 0.00350909
126 -0.781444 0.0034463
127 -0.781038 0.00354754
128 -0.781274 0.00353042
129 -0.779823 0.00351756
130 -0.781232 0.00363537
131 -0.783103 0.00306518
132 -0.781418 0.00312971
133 -0.780857 0.00374605
134 -0.77919 0.00370114
135 -0.778361 0.00373859
136 -0.778897 0.00317336
137 -0.777178 0.00311906
138 -0.778745 0.0029733
139 -0.778663 0.00258063
140 -0.781158 0.00291068
141 -0.777749 0.00300765
142 -0.778165 0.00289094
143 -0.779834 0.00319028
144 -0.777418 0.0029735
145 -0.777159 0.00298345
146 -0.779221 0.00276015
147 -0.778651 0.00254041
148 -0.782053 0.00286912
149 -0.781745 0.00255055
150 -0.783698 0.00254175
151 -0.786097 0.00257159
152 -0.784587 0.00239371
153 -0.783243 0.00236817
154 -0.781904 0.00250503
155 -0.779665 0.00272583
156 -0.779141 0.00259499
157 -0.780316 0.00246907
158 -0.779709 0.0028733
159 -0.779678 0.00256411
160 -0.780139 0.00306306
161 -0.779168 0.00282679
162 -0.780279 0.00280004
163 -0.780931 0.00285678
164 -0.781733 0.00293721
165 -0.782051 0.00273264
166 -0.78271 0.00258243
167 -0.783323 0.00262813
168 -0.784314 0.00251905
169 -0.78155 0.00269742
170 -0.780255 0.00272982
171 -0.778004 0.00227328
172 -0.776706 0.00240179
173 -0.775993 0.00316152
174 -0.776923 0.00270343
175 -0.777524 0.00288877
176 -0.77629 0.00289286
177 -0.775282 0.00284925
178 -0.776095 0.00283593
179 -0.777453 0.00263322
180 -0.779257 0.00241152
181 -0.778859 0.00242142
182 -0.778223 0.00273314
183 -0.7756 0.00297086
184 -0.776649 0.00264499
185 -0.778506 0.00294066
186 -0.779511 0.00331262
187 -0.777055 0.00371629
188 -0.780629 0.00333754
189 -0.781325 0.00332136
190 -0.779143 0.00321195
191 -0.780054 0.00336882
192 -0.778599 0.00328237
193 -0.776875 0.0029921
194 -0.776839 0.00292306
195 -0.776648 0.0032658
196 -0.776855 0.00300515
197 -0.77658 0.00264465
198 -0.776438 0.00261932
199 -0.775683 0.00253197
200 -0.77621 0.00270681
201 -0.778266 0.00315361
202 -0.776904 0.0031735
203 -0.780794 0.00324505
204 -0.779521 0.00230403
205 -0.78068 0.0022255
206 -0.780658 0.00203468
207 -0.779084 0.00210769
208 -0.778124 0.00225881
209 -0.779055 0.00221469
210 -0.778907 0.00207615
211 -0.781106 0.00204488
212 -0.778988 0.00198696
213 -0.779058 0.00223143
214 -0.779219 0.00290186
215 -0.778346 0.00293585
216 -0.780522 0.00303422
217 -0.781464 0.00290121
218 -0.782631 0.00318499
219 -0.781285 0.00274222
220 -0.781892 0.00251677
221 -0.78319 0.00287263
222 -0.784645 0.00260844
223 -0.78447 0.00267571
224 -0.78159 0.00297715
225 -0.783315 0.00324588
226 -0.784193 0.00292166
227 -0.786052 0.00280223
228 -0.786612 0.00267069
229 -0.785179 0.0030422
230 -0.783916 0.003342
231 -0.784576 0.00377342
232 -0.786223 0.00352121
233 -0.78726 0.00369331
234 -0.783769 0.00318842
235 -0.783574 0.00300718
236 -0.783309 0.00325216
237 -0.783648 0.00315571
238 -0.782978 0.00344323
239 -0.782473 0.00323834
240 -0.780932 0.00355662
241 -0.780333 0.00351847
242 -0.781268 0.00379533
243 -0.779789 0.00351187
244 -0.779894 0.00356604
245 -0.780696 0.00344874
246 -0.778828 0.0027783
247 -0.779214 0.00304483
248 -0.776485 0.00359305
249 -0.779777 0.00340284
250 -0.779895 0.00334224
251 -0.781105 0.00331589
252 -0.779198 0.00357115
253 -0.780027 0.00405324
254 -0.778503 0.00364072
255 -0.778916 0.00374921
256 -0.777537 0.00336873
257 -0.77843 0.00346051
258 -0.779638 0.00328509
259 -0.780592 0.00285626
260 -0.779623 0.0027934
261 -0.781143 0.003012
262 -0.781101 0.0031037
263 -0.780308 0.00320791
264 -0.779472 0.00305514
265 -0.780594 0.00298222
266 -0.78352 0.00331902
267 -0.783254 0.00299272
268 -0.782488 0.00258115
269 -0.781885 0.0021014
270 -0.78324 0.00280442
271 -0.779769 0.00286527
272 -0.782398 0.00318332
273 -0.781059 0.00337888
274 -0.780367 0.00316187
275 -0.778012 0.00332499
276 -0.779719 0.00323513
277 -0.777872 0.00324666
278 -0.778663 0.00363431
279 -0.774761 0.00373409
280 -0.774317 0.00335906
281 -0.774816 0.00349192
282 -0.775701 0.00301517
283 -0.778392 0.00359565
284 -0.779626 0.00392392
285 -0.779252 0.00400373
286 -0.777772 0.00382073
287 -0.775635 0.00389492
288 -0.774219 0.00429637
289 -0.772803 0.00451291
290 -0.773083 0.00447628
291 -0.770864 0.00407885
292 -0.771836 0.0041369
293 -0.771443 0.00443399
294 -0.770427 0.0047777
295 -0.771429 0.00444272
296 -0.771514 0.004502
297 -0.771436 0.0045064
298 -0.77082 0.00524906
299 -0.770495 0.00540126
