0 -0.812406 0.00310435
1 -0.815485 0.00310182
2 -0.81597 0.003241
3 -0.814974 0.0038144
4 -0.812535 0.00349511
5 -0.812377 0.00352468
6 -0.809718 0.00336177
7 -0.807331 0.0030243
8 -0.806198 0.00320936
9 -0.804845 0.00323342
10 -0.809082 0.0036461
11 -0.808092 0.00315062
12 -0.811681 0.00292154
13 -0.813025 0.00377328
14 -0.814568 0.00348945
15 -0.812526 0.00311119
16 -0.816946 0.00313605
17 -0.81507 0.0024387
18 -0.81149 0.00324552
19 -0.812956 0.00424924
20 -0.809079 0.00394735
21 -0.80833 0.0037613
22 -0.808245 0.00373883
23 -0.810103 0.00285781
24 -0.815299 0.00298084
25 -0.815079 0.00300411
26 -0.810791 0.00350428
27 -0.814767 0.00273335
28 -0.81335 0.00278635
29 -0.81204 0.00304541
