0 -0.772893 0.00362681
1 -0.77442 0.00313768
2 -0.775909 0.0029125
3 -0.776234 0.00358005
4 -0.774966 0.00394451
5 -0.77448 0.00369193
6 -0.773747 0.00369521
7 -0.772457 0.0044093
8 -0.770526 0.00425072
9 -0.769018 0.00415773
10 -0.770161 0.00360173
11 -0.768623 0.00376424
12 -0.766449 0.00389628
13 -0.769261 0.00464357
14 -0.77165 0.00383111
15 -0.773296 0.0033734
16 -0.775393 0.00324344
17 -0.77383 0.00369916
18 -0.773738 0.0040427
19 -0.773886 0.00437955
20 -0.770459 0.00329492
21 -0.771163 0.00393172
22 -0.771672 0.00407692
23 -0.772495 0.00417236
24 -0.774073 0.00400838
25 -0.775881 0.00424272
26 -0.770739 0.00419646
27 -0.774979 0.00422243
28 -0.774264 0.00435798
29 -0.773299 0.00407212
