0 -0.780997 0.00488687
1 -0.78331 0.00446948
2 -0.783651 0.00443018
3 -0.786312 0.00448728
4 -0.784783 0.00478572
5 -0.783849 0.0045312
6 -0.783352 0.00381504
7 -0.77866 0.00491584
8 -0.780493 0.00462895
9 -0.784898 0.00441208
10 -0.78311 0.00458109
11 -0.782337 0.00476446
12 -0.786734 0.00479857
13 -0.780125 0.00487824
14 -0.778791 0.00526572
15 -0.783772 0.00434017
16 -0.781665 0.00421661
17 -0.775433 0.00409806
18 -0.774411 0.0046262
19 -0.776803 0.00452564
20 -0.779185 0.00475438
21 -0.782001 0.00520596
22 -0.784318 0.00395628
23 -0.785851 0.00371423
24 -0.785455 0.00444347
25 -0.78425 0.00524419
26 -0.780222 0.00513195
27 -0.778448 0.00631777
28 -0.781677 0.00546746
29 -0.784569 0.00540679
30 -0.784076 0.00510003
31 -0.780358 0.00529938
32 -0.782569 0.00531713
33 -0.778322 0.00527891
34 -0.780966 0.00487012
35 -0.78139 0.00463489
36 -0.778666 0.00434119
37 -0.777749 0.00486666
38 -0.779657 0.00402663
39 -0.774401 0.00376946
40 -0.774539 0.00416003
41 -0.779408 0.00465252
42 -0.78048 0.00459521
43 -0.782491 0.00410095
44 -0.780667 0.00395031
45 -0.778751 0.00341677
46 -0.781243 0.00404119
47 -0.783905 0.00359207
48 -0.782767 0.00364466
49 -0.782471 0.00376333
50 -0.785606 0.00326339
51 -0.787667 0.0033599
52 -0.788916 0.00394457
53 -0.786049 0.00486492
54 -0.782555 0.00386912
55 -0.782629 0.00294881
56 -0.781142 0.00322248
57 -0.782201 0.00204945
58 -0.784181 0.00313613
59 -0.786924 0.00384575
60 -0.786737 0.00374514
61 -0.786162 0.00423185
62 -0.78041 0.0057288
63 -0.782121 0.00524784
64 -0.783902 0.00469258
65 -0.781321 0.00493232
66 -0.782076 0.00419882
67 -0.780567 0.00385385
68 -0.778392 0.00435621
69 -0.778925 0.00380685
70 -0.779054 0.00458866
71 -0.781582 0.00408087
72 -0.779476 0.004657
73 -0.77936 0.00442079
74 -0.780105 0.00466892
75 -0.780188 0.004291
76 -0.782181 0.00381087
77 -0.781382 0.00340138
78 -0.782674 0.0032047
79 -0.783671 0.00266498
80 -0.782424 0.00303461
81 -0.782148 0.00289559
82 -0.785731 0.00279539
83 -0.780989 0.00261426
84 -0.782511 0.00264728
85 -0.782792 0.00225356
86 -0.77929 0.00226699
87 -0.781751 0.00291859
88 -0.778154 0.00238751
89 -0.776564 0.00267981
90 -0.778246 0.00244743
91 -0.77557 0.00306209
92 -0.772876 0.00337779
93 -0.774019 0.00338643
94 -0.775789 0.00369992
95 -0.77343 0.00393506
96 -0.77253 0.0035942
97 -0.772584 0.00320721
98 -0.776476 0.00374895
99 -0.77434 0.00440068
100 -0.776178 0.00394061
101 -0.778501 0.0038685
102 -0.776941 0.00428962
103 -0.776183 0.0044071
104 -0.781674 0.00393272
105 -0.782538 0.00363909
106 -0.783144 0.00395393
107 -0.779613 0.00381943
108 -0.780217 0.00322365
109 -0.780058 0.00361248
110 -0.78157 0.00383889
111 -0.77761 0.00337529
112 -0.780056 0.00296837
113 -0.782344 0.00352888
114 -0.779845 0.00341401
115 -0.778419 0.0036076
116 -0.777395 0.00354183
117 -0.776629 0.00325216
118 -0.780373 0.00274402
119 -0.778379 0.00310634
120 -0.777855 0.00300055
121 -0.779883 0.00327493
122 -0.781169 0.00356725
123 -0.777998 0.00338847
124 -0.780413 0.00266576
125 -0.783085 0.00252314
126 -0.786645 0.00328804
127 -0.786036 0.00294396
128 -0.78638 0.00320982
129 -0.786696 0.00328925
130 -0.787589 0.00347379
131 -0.786474 0.00354418
132 -0.786023 0.00352836
133 -0.784408 0.00338351
134 -0.782466 0.00274482
135 -0.779221 0.00280096
136 -0.779678 0.00253852
137 -0.779351 0.00218113
138 -0.780644 0.00268438
139 -0.779574 0.002299
140 -0.776508 0.00272427
141 -0.777956 0.00284618
142 -0.780198 0.00280296
143 -0.779032 0.00287065
144 -0.777925 0.00352546
145 -0.780238 0.00338526
146 -0.780492 0.0027952
147 -0.779921 0.00255336
148 -0.784347 0.00318395
149 -0.783348 0.00326638
150 -0.78015 0.00307017
151 -0.781134 0.00343265
152 -0.779891 0.00334306
153 -0.77705 0.00326091
154 -0.780476 0.00299827
155 -0.779375 0.0029334
156 -0.78288 0.00286082
157 -0.779882 0.00360403
158 -0.776368 0.00424027
159 -0.775729 0.00358177
160 -0.777009 0.00330282
161 -0.779407 0.00358035
162 -0.778914 0.00360399
163 -0.777216 0.00298198
164 -0.773143 0.00350422
165 -0.774934 0.00332863
166 -0.776345 0.00423604
167 -0.775349 0.00401952
168 -0.773854 0.00341046
169 -0.775798 0.0036068
170 -0.77722 0.00417051
171 -0.776738 0.00353678
172 -0.772057 0.00283034
173 -0.773646 0.0028548
174 -0.776739 0.00230274
175 -0.778021 0.00267509
176 -0.780152 0.00266507
177 -0.782327 0.00363573
178 -0.778995 0.00332414
179 -0.778321 0.00307562
180 -0.78113 0.00244982
181 -0.780229 0.00310461
182 -0.782805 0.00317814
183 -0.781749 0.00360758
184 -0.780908 0.00408031
185 -0.784772 0.0036319
186 -0.785318 0.00358121
187 -0.789084 0.00381156
188 -0.789178 0.00338168
189 -0.788518 0.00388458
190 -0.784778 0.0037075
191 -0.785208 0.00345363
192 -0.785913 0.00318084
193 -0.782986 0.00270429
194 -0.785951 0.00310912
195 -0.78353 0.00328794
196 -0.781693 0.00346651
197 -0.781691 0.00483956
198 -0.78176 0.00453144
199 -0.780472 0.00369325
200 -0.776467 0.00386996
201 -0.777246 0.00364043
202 -0.778375 0.00273082
203 -0.775989 0.00231929
204 -0.774081 0.00230096
205 -0.773217 0.00233447
206 -0.775442 0.00237131
207 -0.777149 0.00322148
208 -0.774782 0.00321201
209 -0.777107 0.00347836
210 -0.776412 0.00335506
211 -0.777217 0.00327789
212 -0.775078 0.00310011
213 -0.777515 0.00409263
214 -0.776398 0.00349884
215 -0.774556 0.0034991
216 -0.777508 0.00352701
217 -0.774189 0.00287797
218 -0.775342 0.00362539
219 -0.776885 0.0034077
220 -0.778208 0.00383347
221 -0.777596 0.00328469
222 -0.777532 0.00298679
223 -0.777628 0.00407431
224 -0.776834 0.00378955
225 -0.779388 0.00394953
226 -0.779536 0.00360402
227 -0.781723 0.00372452
228 -0.782894 0.0031111
229 -0.782723 0.00314638
230 -0.783415 0.00343026
231 -0.782756 0.00257241
232 -0.782213 0.00313598
233 -0.781309 0.00312793
234 -0.776707 0.00318806
235 -0.780625 0.00270998
236 -0.77773 0.0026602
237 -0.783143 0.00264359
238 -0.784598 0.00293966
239 -0.783119 0.00327546
240 -0.781835 0.00326888
241 -0.78145 0.00325794
242 -0.783005 0.0035344
243 -0.778679 0.00399253
244 -0.779694 0.00352262
245 -0.779334 0.00297957
246 -0.779308 0.00308377
247 -0.781331 0.00332086
248 -0.780036 0.00297549
249 -0.781229 0.00260532
250 -0.782849 0.00307115
251 -0.782818 0.00324492
252 -0.78106 0.00326677
253 -0.781432 0.00424952
254 -0.780741 0.00347267
255 -0.781801 0.00270026
256 -0.780973 0.00311643
257 -0.779588 0.00323061
258 -0.779706 0.00372998
259 -0.777418 0.00425952
260 -0.778546 0.00400694
261 -0.775226 0.00413809
262 -0.776295 0.00399724
263 -0.777176 0.00403142
264 -0.775833 0.00304347
265 -0.77164 0.00367117
266 -0.777798 0.00336573
267 -0.778047 0.003343
268 -0.777245 0.00384383
269 -0.780002 0.00328099
270 -0.778198 0.0031492
271 -0.776372 0.00372355
272 -0.776799 0.00491766
273 -0.778591 0.00440417
274 -0.777244 0.00400837
275 -0.778836 0.00336906
276 -0.778637 0.00326244
277 -0.77702 0.00319378
278 -0.777862 0.00348821
279 -0.780129 0.00321543
280 -0.781295 0.00426341
281 -0.780282 0.00381617
282 -0.779054 0.0042668
283 -0.778523 0.00485158
284 -0.782108 0.00408371
285 -0.784948 0.00349486
286 -0.783973 0.0048328
287 -0.781209 0.00393967
288 -0.783395 0.00465761
289 -0.782966 0.00425202
290 -0.77891 0.00530273
291 -0.776644 0.0042188
292 -0.779713 0.00484502
293 -0.783196 0.00530054
294 -0.783579 0.00537995
295 -0.78196 0.00468502
296 -0.782603 0.004273
297 -0.775939 0.00486898
298 -0.775676 0.00365623
299 -0.769516 0.00445398
