-9.975 0 0
-9.925 0 0
-9.875 0 0
-9.825 0 0
-9.775 0 0
-9.725 0 0
-9.675 0 0
-9.625 0 0
-9.575 0 0
-9.525 0 0
-9.475 0 0
-9.425 0 0
-9.375 0 0
-9.325 0 0
-9.275 0 0
-9.225 0 0
-9.175 0 0
-9.125 0 0
-9.075 0 0
-9.025 0 0
-8.975 0 0
-8.925 0 0
-8.875 0 0
-8.825 0 0
-8.775 0 0
-8.725 0 0
-8.675 0 0
-8.625 0 0
-8.575 0 0
-8.525 0 0
-8.475 0 0
-8.425 0 0
-8.375 0 0
-8.325 0 0
-8.275 0 0
-8.225 0 0
-8.175 0 0
-8.125 0 0
-8.075 0 0
-8.025 0 0
-7.975 0 0
-7.925 0 0
-7.875 0 0
-7.825 0 0
-7.775 0 0
-7.725 0 0
-7.675 0 0
-7.625 0 0
-7.575 0 0
-7.525 0 0
-7.475 0 0
-7.425 0 0
-7.375 0 0
-7.325 0 0
-7.275 0 0
-7.225 0 0
-7.175 0 0
-7.125 0 0
-7.075 0 0
-7.025 0 0
-6.975 0 0
-6.925 0 0
-6.875 0 0
-6.825 0 0
-6.775 0 0
-6.725 0 0
-6.675 0 0
-6.625 0 0
-6.575 0 0
-6.525 0 0
-6.475 0 0
-6.425 0 0
-6.375 0 0
-6.325 0 0
-6.275 0 0
-6.225 0 0
-6.175 0 0
-6.125 0 0
-6.075 0 0
-6.025 0 0
-5.975 0 0
-5.925 0 0
-5.875 0 0
-5.825 0 0
-5.775 0 0
-5.725 0 0
-5.675 0 0
-5.625 0 0
-5.575 0 0
-5.525 0 0
-5.475 0 0
-5.425 0 0
-5.375 0 0
-5.325 0 0
-5.275 0 0
-5.225 0 0
-5.175 0 0
-5.125 0 0
-5.075 0 0
-5.025 0 0
-4.975 0 0
-4.925 0 0
-4.875 0 0
-4.825 0 0
-4.775 0 0
-4.725 0 0
-4.675 0 0
-4.625 0 0
-4.575 0 0
-4.525 0 0
-4.475 0 0
-4.425 0 0
-4.375 0 0
-4.325 0 0
-4.275 0 0
-4.225 0 0
-4.175 0 0
-4.125 0 0
-4.075 0 0
-4.025 0 0
-3.975 0 0
-3.925 0 0
-3.875 0 0
-3.825 0 0
-3.775 0 0
-3.725 0 0
-3.675 0 0
-3.625 0 0
-3.575 0 0
-3.525 0 0
-3.475 0 0
-3.425 0 0
-3.375 0 0
-3.325 0 0
-3.275 0 0
-3.225 0 0
-3.175 0 0
-3.125 0 0
-3.075 0 0
-3.025 0 0
-2.975 0 0
-2.925 0 0
-2.875 0 0
-2.825 0 0
-2.775 8.62069e-06 8.40241e-06
-2.725 0 0
-2.675 3.44828e-05 1.54212e-05
-2.625 3.44828e-05 2.61478e-05
-2.575 0.000103448 3.93164e-05
-2.525 0.000103448 3.93164e-05
-2.475 0.000362069 7.60382e-05
-2.425 0.000534483 0.000115594
-2.375 0.000922414 0.000155304
-2.325 0.00144828 0.000215827
-2.275 0.00253448 0.000234856
-2.225 0.00376724 0.000251711
-2.175 0.00567241 0.00039106
-2.125 0.00887931 0.000443861
-2.075 0.0127328 0.00049691
-2.025 0.0189655 0.000559083
-1.975 0.0264655 0.00104794
-1.925 0.0378879 0.000876082
-1.875 0.0490345 0.00109774
-1.825 0.065569 0.00166127
-1.775 0.0827069 0.00133223
-1.725 0.10494 0.00176875
-1.675 0.128759 0.00241913
-1.625 0.153095 0.00251655
-1.575 0.18019 0.00256974
-1.525 0.205957 0.00273719
-1.475 0.233328 0.00251287
-1.425 0.259405 0.00319504
-1.375 0.283733 0.00350342
-1.325 0.305198 0.00315438
-1.275 0.32331 0.00308398
-1.225 0.340267 0.00462992
-1.175 0.354431 0.00461792
-1.125 0.364922 0.00564147
-1.075 0.362284 0.00523296
-1.025 0.369371 0.00484903
-0.975 0.366922 0.00458819
-0.925 0.364112 0.00453323
-0.875 0.360914 0.0047226
-0.825 0.348957 0.00405948
-0.775 0.341095 0.00370048
-0.725 0.328957 0.00451325
-0.675 0.314569 0.00355642
-0.625 0.307509 0.00326644
-0.575 0.295155 0.00348802
-0.525 0.283845 0.00259003
-0.475 0.27619 0.00339265
-0.425 0.264466 0.00338849
-0.375 0.2565 0.00332196
-0.325 0.246698 0.0024857
-0.275 0.239914 0.00265292
-0.225 0.236388 0.00195568
-0.175 0.229897 0.00170382
-0.125 0.226491 0.00204695
-0.075 0.224922 0.0017621
-0.025 0.221138 0.00221635
0.025 0.225784 0.00194474
0.075 0.224543 0.00215542
0.125 0.226862 0.00204463
0.175 0.2325 0.00286159
0.225 0.237216 0.00211248
0.275 0.244129 0.00227268
0.325 0.248078 0.00229146
0.375 0.255353 0.0025982
0.425 0.261328 0.00318018
0.475 0.273491 0.00304284
0.525 0.281828 0.0029297
0.575 0.294207 0.00287679
0.625 0.307052 0.00272773
0.675 0.319129 0.00358943
0.725 0.331069 0.00281939
0.775 0.338767 0.00240303
0.825 0.3475 0.00293991
0.875 0.353026 0.0028969
0.925 0.363216 0.00322456
0.975 0.363595 0.00348601
1.025 0.366388 0.00388437
1.075 0.364595 0.00385437
1.125 0.358698 0.00457172
1.175 0.353155 0.00399178
1.225 0.33681 0.00430067
1.275 0.31975 0.00456491
1.325 0.301922 0.00390589
1.375 0.280664 0.00395941
1.425 0.256034 0.00402209
1.475 0.229224 0.0032117
1.525 0.204353 0.00324619
1.575 0.176966 0.00284541
1.625 0.150431 0.002886
1.675 0.12625 0.00294923
1.725 0.101388 0.00226603
1.775 0.0833017 0.00201286
1.825 0.0664224 0.00182204
1.875 0.0498966 0.000996904
1.925 0.0388448 0.00143948
1.975 0.0284397 0.00112105
2.025 0.0191724 0.00070126
2.075 0.0132931 0.000665627
2.125 0.00827586 0.000499703
2.175 0.00547414 0.000378501
2.225 0.00368966 0.000348344
2.275 0.00266379 0.000378423
2.325 0.00155172 0.000228082
2.375 0.000948276 0.000195254
2.425 0.000560345 0.000145214
2.475 0.000241379 4.93718e-05
2.525 9.48276e-05 2.85265e-05
2.575 0.00012069 4.41258e-05
2.625 6.89655e-05 4.46282e-05
2.675 8.62069e-06 8.40241e-06
2.725 1.72414e-05 1.15659e-05
2.775 1.72414e-05 1.68048e-05
2.825 0 0
2.875 0 0
2.925 0 0
2.975 0 0
3.025 0 0
3.075 0 0
3.125 0 0
3.175 0 0
3.225 0 0
3.275 0 0
3.325 0 0
3.375 0 0
3.425 0 0
3.475 0 0
3.525 0 0
3.575 0 0
3.625 0 0
3.675 0 0
3.725 0 0
3.775 0 0
3.825 0 0
3.875 0 0
3.925 0 0
3.975 0 0
4.025 0 0
4.075 0 0
4.125 0 0
4.175 0 0
4.225 0 0
4.275 0 0
4.325 0 0
4.375 0 0
4.425 0 0
4.475 0 0
4.525 0 0
4.575 0 0
4.625 0 0
4.675 0 0
4.725 0 0
4.775 0 0
4.825 0 0
4.875 0 0
4.925 0 0
4.975 0 0
5.025 0 0
5.075 0 0
5.125 0 0
5.175 0 0
5.225 0 0
5.275 0 0
5.325 0 0
5.375 0 0
5.425 0 0
5.475 0 0
5.525 0 0
5.575 0 0
5.625 0 0
5.675 0 0
5.725 0 0
5.775 0 0
5.825 0 0
5.875 0 0
5.925 0 0
5.975 0 0
6.025 0 0
6.075 0 0
6.125 0 0
6.175 0 0
6.225 0 0
6.275 0 0
6.325 0 0
6.375 0 0
6.425 0 0
6.475 0 0
6.525 0 0
6.575 0 0
6.625 0 0
6.675 0 0
6.725 0 0
6.775 0 0
6.825 0 0
6.875 0 0
6.925 0 0
6.975 0 0
7.025 0 0
7.075 0 0
7.125 0 0
7.175 0 0
7.225 0 0
7.275 0 0
7.325 0 0
7.375 0 0
7.425 0 0
7.475 0 0
7.525 0 0
7.575 0 0
7.625 0 0
7.675 0 0
7.725 0 0
7.775 0 0
7.825 0 0
7.875 0 0
7.925 0 0
7.975 0 0
8.025 0 0
8.075 0 0
8.125 0 0
8.175 0 0
8.225 0 0
8.275 0 0
8.325 0 0
8.375 0 0
8.425 0 0
8.475 0 0
8.525 0 0
8.575 0 0
8.625 0 0
8.675 0 0
8.725 0 0
8.775 0 0
8.825 0 0
8.875 0 0
8.925 0 0
8.975 0 0
9.025 0 0
9.075 0 0
9.125 0 0
9.175 0 0
9.225 0 0
9.275 0 0
9.325 0 0
9.375 0 0
9.425 0 0
9.475 0 0
9.525 0 0
9.575 0 0
9.625 0 0
9.675 0 0
9.725 0 0
9.775 0 0
9.825 0 0
9.875 0 0
9.925 0 0
9.975 0 0
