-9.975 0 0
-9.925 0 0
-9.875 0 0
-9.825 0 0
-9.775 0 0
-9.725 0 0
-9.675 0 0
-9.625 0 0
-9.575 0 0
-9.525 0 0
-9.475 0 0
-9.425 0 0
-9.375 0 0
-9.325 0 0
-9.275 0 0
-9.225 0 0
-9.175 0 0
-9.125 0 0
-9.075 0 0
-9.025 0 0
-8.975 0 0
-8.925 0 0
-8.875 0 0
-8.825 0 0
-8.775 0 0
-8.725 0 0
-8.675 0 0
-8.625 0 0
-8.575 0 0
-8.525 0 0
-8.475 0 0
-8.425 0 0
-8.375 0 0
-8.325 0 0
-8.275 0 0
-8.225 0 0
-8.175 0 0
-8.125 0 0
-8.075 0 0
-8.025 0 0
-7.975 0 0
-7.925 0 0
-7.875 0 0
-7.825 0 0
-7.775 0 0
-7.725 0 0
-7.675 0 0
-7.625 0 0
-7.575 0 0
-7.525 0 0
-7.475 0 0
-7.425 0 0
-7.375 0 0
-7.325 0 0
-7.275 0 0
-7.225 0 0
-7.175 0 0
-7.125 0 0
-7.075 0 0
-7.025 0 0
-6.975 0 0
-6.925 0 0
-6.875 0 0
-6.825 0 0
-6.775 0 0
-6.725 0 0
-6.675 0 0
-6.625 0 0
-6.575 0 0
-6.525 0 0
-6.475 0 0
-6.425 0 0
-6.375 0 0
-6.325 0 0
-6.275 0 0
-6.225 0 0
-6.175 0 0
-6.125 0 0
-6.075 0 0
-6.025 0 0
-5.975 0 0
-5.925 0 0
-5.875 0 0
-5.825 0 0
-5.775 0 0
-5.725 0 0
-5.675 0 0
-5.625 0 0
-5.575 0 0
-5.525 0 0
-5.475 0 0
-5.425 0 0
-5.375 0 0
-5.325 0 0
-5.275 0 0
-5.225 0 0
-5.175 0 0
-5.125 0 0
-5.075 0 0
-5.025 0 0
-4.975 0 0
-4.925 0 0
-4.875 0 0
-4.825 0 0
-4.775 0 0
-4.725 0 0
-4.675 0 0
-4.625 0 0
-4.575 0 0
-4.525 0 0
-4.475 0 0
-4.425 0 0
-4.375 0 0
-4.325 0 0
-4.275 0 0
-4.225 0 0
-4.175 0 0
-4.125 0 0
-4.075 0 0
-4.025 0 0
-3.975 0 0
-3.925 0 0
-3.875 0 0
-3.825 0 0
-3.775 0 0
-3.725 0 0
-3.675 0 0
-3.625 0 0
-3.575 0 0
-3.525 0 0
-3.475 0 0
-3.425 0 0
-3.375 0 0
-3.325 0 0
-3.275 0 0
-3.225 0 0
-3.175 0 0
-3.125 0 0
-3.075 0 0
-3.025 0 0
-2.975 0 0
-2.925 0 0
-2.875 0 0
-2.825 0 0
-2.775 0 0
-2.725 0 0
-2.675 0 0
-2.625 0 0
-2.575 8.62069e-06 8.40241e-06
-2.525 4.31034e-05 2.06717e-05
-2.475 2.58621e-05 1.37661e-05
-2.425 0.00012931 4.85751e-05
-2.375 0.000189655 5.15803e-05
-2.325 0.000413793 6.38164e-05
-2.275 0.000663793 7.73704e-05
-2.225 0.00111207 0.000110718
-2.175 0.00201724 0.000146349
-2.125 0.00319828 0.00019976
-2.075 0.00500862 0.000251475
-2.025 0.00891379 0.000424275
-1.975 0.0131121 0.000528115
-1.925 0.0184138 0.000569174
-1.875 0.0268103 0.000644249
-1.825 0.0366552 0.000725819
-1.775 0.0509483 0.00102904
-1.725 0.0678448 0.000939892
-1.675 0.087069 0.0013425
-1.625 0.108983 0.00140165
-1.575 0.135776 0.00171426
-1.525 0.162078 0.00146767
-1.475 0.192397 0.00280118
-1.425 0.226009 0.00250449
-1.375 0.255371 0.00284029
-1.325 0.286552 0.00337663
-1.275 0.311707 0.00368179
-1.225 0.339095 0.00358755
-1.175 0.362233 0.00442031
-1.125 0.379578 0.00452905
-1.075 0.393052 0.00491487
-1.025 0.402095 0.0047361
-0.975 0.406319 0.00420895
-0.925 0.412526 0.00421673
-0.875 0.403966 0.00330457
-0.825 0.393353 0.00325761
-0.775 0.383603 0.00353959
-0.725 0.372922 0.00390924
-0.675 0.360543 0.00315098
-0.625 0.347681 0.00377455
-0.575 0.325138 0.00362847
-0.525 0.315647 0.00272781
-0.475 0.294526 0.00279685
-0.425 0.281569 0.00293334
-0.375 0.271259 0.00259954
-0.325 0.256474 0.00267351
-0.275 0.24831 0.00217452
-0.225 0.236966 0.00200577
-0.175 0.22794 0.00228841
-0.125 0.220897 0.00227947
-0.075 0.217595 0.00193835
-0.025 0.215336 0.00195583
0.025 0.214259 0.00179294
0.075 0.215767 0.00211158
0.125 0.220578 0.00191481
0.175 0.222379 0.00166165
0.225 0.230155 0.00166086
0.275 0.240267 0.002148
0.325 0.251345 0.00297319
0.375 0.263802 0.00233754
0.425 0.276164 0.00224783
0.475 0.288698 0.00273686
0.525 0.30681 0.00264826
0.575 0.321302 0.00264683
0.625 0.334 0.00267604
0.675 0.352517 0.00272777
0.725 0.368371 0.00366118
0.775 0.384164 0.00323526
0.825 0.393362 0.00394712
0.875 0.399871 0.00354192
0.925 0.404526 0.00393423
0.975 0.401759 0.0034769
1.025 0.398422 0.00396944
1.075 0.387543 0.00416291
1.125 0.37419 0.00422622
1.175 0.359569 0.00395325
1.225 0.335681 0.0038205
1.275 0.310931 0.00357029
1.325 0.283793 0.00346961
1.375 0.253578 0.00375076
1.425 0.221526 0.0029394
1.475 0.188784 0.00242943
1.525 0.161181 0.00273373
1.575 0.135578 0.00234639
1.625 0.107414 0.00183445
1.675 0.0863534 0.00155719
1.725 0.0666638 0.0011293
1.775 0.0501552 0.00088377
1.825 0.037 0.00102961
1.875 0.0264483 0.000790983
1.925 0.0191552 0.000596998
1.975 0.0131552 0.000501202
2.025 0.00851724 0.000381537
2.075 0.00541379 0.000307313
2.125 0.0035 0.000240485
2.175 0.00237069 0.000206492
2.225 0.00126724 9.92503e-05
2.275 0.000801724 9.6978e-05
2.325 0.000405172 6.81798e-05
2.375 0.000232759 5.88169e-05
2.425 9.48276e-05 3.10225e-05
2.475 4.31034e-05 2.06717e-05
2.525 1.72414e-05 1.68048e-05
2.575 3.44828e-05 1.96582e-05
2.625 0 0
2.675 1.72414e-05 1.15659e-05
2.725 0 0
2.775 0 0
2.825 0 0
2.875 0 0
2.925 0 0
2.975 0 0
3.025 0 0
3.075 0 0
3.125 0 0
3.175 0 0
3.225 0 0
3.275 0 0
3.325 0 0
3.375 0 0
3.425 0 0
3.475 0 0
3.525 0 0
3.575 0 0
3.625 0 0
3.675 0 0
3.725 0 0
3.775 0 0
3.825 0 0
3.875 0 0
3.925 0 0
3.975 0 0
4.025 0 0
4.075 0 0
4.125 0 0
4.175 0 0
4.225 0 0
4.275 0 0
4.325 0 0
4.375 0 0
4.425 0 0
4.475 0 0
4.525 0 0
4.575 0 0
4.625 0 0
4.675 0 0
4.725 0 0
4.775 0 0
4.825 0 0
4.875 0 0
4.925 0 0
4.975 0 0
5.025 0 0
5.075 0 0
5.125 0 0
5.175 0 0
5.225 0 0
5.275 0 0
5.325 0 0
5.375 0 0
5.425 0 0
5.475 0 0
5.525 0 0
5.575 0 0
5.625 0 0
5.675 0 0
5.725 0 0
5.775 0 0
5.825 0 0
5.875 0 0
5.925 0 0
5.975 0 0
6.025 0 0
6.075 0 0
6.125 0 0
6.175 0 0
6.225 0 0
6.275 0 0
6.325 0 0
6.375 0 0
6.425 0 0
6.475 0 0
6.525 0 0
6.575 0 0
6.625 0 0
6.675 0 0
6.725 0 0
6.775 0 0
6.825 0 0
6.875 0 0
6.925 0 0
6.975 0 0
7.025 0 0
7.075 0 0
7.125 0 0
7.175 0 0
7.225 0 0
7.275 0 0
7.325 0 0
7.375 0 0
7.425 0 0
7.475 0 0
7.525 0 0
7.575 0 0
7.625 0 0
7.675 0 0
7.725 0 0
7.775 0 0
7.825 0 0
7.875 0 0
7.925 0 0
7.975 0 0
8.025 0 0
8.075 0 0
8.125 0 0
8.175 0 0
8.225 0 0
8.275 0 0
8.325 0 0
8.375 0 0
8.425 0 0
8.475 0 0
8.525 0 0
8.575 0 0
8.625 0 0
8.675 0 0
8.725 0 0
8.775 0 0
8.825 0 0
8.875 0 0
8.925 0 0
8.975 0 0
9.025 0 0
9.075 0 0
9.125 0 0
9.175 0 0
9.225 0 0
9.275 0 0
9.325 0 0
9.375 0 0
9.425 0 0
9.475 0 0
9.525 0 0
9.575 0 0
9.625 0 0
9.675 0 0
9.725 0 0
9.775 0 0
9.825 0 0
9.875 0 0
9.925 0 0
9.975 0 0
