-4.9875 0 0
-4.9625 0 0
-4.9375 0 0
-4.9125 0 0
-4.8875 0 0
-4.8625 0 0
-4.8375 0 0
-4.8125 0 0
-4.7875 0 0
-4.7625 0 0
-4.7375 0 0
-4.7125 0 0
-4.6875 0 0
-4.6625 0 0
-4.6375 0 0
-4.6125 0 0
-4.5875 0 0
-4.5625 0 0
-4.5375 0 0
-4.5125 0 0
-4.4875 0 0
-4.4625 0 0
-4.4375 0 0
-4.4125 0 0
-4.3875 0 0
-4.3625 0 0
-4.3375 0 0
-4.3125 0 0
-4.2875 0 0
-4.2625 0 0
-4.2375 0 0
-4.2125 0 0
-4.1875 0 0
-4.1625 0 0
-4.1375 0 0
-4.1125 0 0
-4.0875 0 0
-4.0625 0 0
-4.0375 0 0
-4.0125 0 0
-3.9875 0 0
-3.9625 0 0
-3.9375 0 0
-3.9125 0 0
-3.8875 0 0
-3.8625 0 0
-3.8375 0 0
-3.8125 0 0
-3.7875 0 0
-3.7625 0 0
-3.7375 0 0
-3.7125 0 0
-3.6875 0 0
-3.6625 0 0
-3.6375 0 0
-3.6125 0 0
-3.5875 0 0
-3.5625 0 0
-3.5375 0 0
-3.5125 0 0
-3.4875 0 0
-3.4625 0 0
-3.4375 0 0
-3.4125 0 0
-3.3875 0 0
-3.3625 0 0
-3.3375 0 0
-3.3125 0 0
-3.2875 0 0
-3.2625 0 0
-3.2375 0 0
-3.2125 0 0
-3.1875 0 0
-3.1625 0 0
-3.1375 0 0
-3.1125 0 0
-3.0875 0 0
-3.0625 0 0
-3.0375 0 0
-3.0125 0 0
-2.9875 0 0
-2.9625 0 0
-2.9375 0 0
-2.9125 0 0
-2.8875 0 0
-2.8625 0 0
-2.8375 0 0
-2.8125 0 0
-2.7875 0 0
-2.7625 0 0
-2.7375 0 0
-2.7125 0 0
-2.6875 0 0
-2.6625 0 0
-2.6375 0 0
-2.6125 0 0
-2.5875 0 0
-2.5625 0 0
-2.5375 0 0
-2.5125 0 0
-2.4875 0 0
-2.4625 0 0
-2.4375 1.63934e-05 1.09971e-05
-2.4125 4.09836e-05 2.55943e-05
-2.3875 5.7377e-05 2.66236e-05
-2.3625 9.01639e-05 4.09426e-05
-2.3375 0.000213115 8.12262e-05
-2.3125 0.000278689 0.000104392
-2.2875 0.000278689 8.20491e-05
-2.2625 0.00047541 0.000169535
-2.2375 0.000737705 0.000132928
-2.2125 0.000983607 0.000171936
-2.1875 0.00129508 0.000225343
-2.1625 0.00159836 0.000228003
-2.1375 0.00194262 0.000293089
-2.1125 0.0027377 0.000340159
-2.0875 0.00328689 0.000385416
-2.0625 0.00393443 0.000487412
-2.0375 0.00513934 0.000488689
-2.0125 0.00644262 0.00070053
-1.9875 0.0077459 0.000722138
-1.9625 0.00866393 0.000741636
-1.9375 0.0103279 0.000784833
-1.9125 0.0128934 0.00110052
-1.8875 0.0151557 0.00120134
-1.8625 0.0185164 0.0012588
-1.8375 0.0212213 0.00123286
-1.8125 0.0257131 0.00152465
-1.7875 0.0302787 0.00157859
-1.7625 0.0347623 0.00148247
-1.7375 0.0393607 0.00169329
-1.7125 0.0447787 0.00193763
-1.6875 0.0507295 0.00192546
-1.6625 0.0580984 0.00185109
-1.6375 0.0672951 0.00227838
-1.6125 0.0753443 0.00249755
-1.5875 0.0872951 0.00304257
-1.5625 0.096 0.00256012
-1.5375 0.106844 0.00320279
-1.5125 0.118664 0.00287223
-1.4875 0.129943 0.0034326
-1.4625 0.142451 0.00336346
-1.4375 0.153098 0.00401875
-1.4125 0.165803 0.00360375
-1.3875 0.183443 0.00374458
-1.3625 0.19468 0.00384278
-1.3375 0.206697 0.00398299
-1.3125 0.224467 0.0043189
-1.2875 0.238713 0.00469214
-1.2625 0.253861 0.00441578
-1.2375 0.264943 0.00490719
-1.2125 0.281115 0.00510193
-1.1875 0.294279 0.00545617
-1.1625 0.30827 0.00588829
-1.1375 0.316303 0.00692711
-1.1125 0.327713 0.00628048
-1.0875 0.336844 0.00570521
-1.0625 0.344648 0.00651083
-1.0375 0.354803 0.00613055
-1.0125 0.36473 0.00609051
-0.9875 0.370328 0.00658031
-0.9625 0.377311 0.00617603
-0.9375 0.379393 0.00599719
-0.9125 0.385156 0.00511247
-0.8875 0.38718 0.00594189
-0.8625 0.386369 0.00508427
-0.8375 0.389361 0.00544452
-0.8125 0.388049 0.00482804
-0.7875 0.38882 0.00562327
-0.7625 0.389656 0.00543271
-0.7375 0.391451 0.00453311
-0.7125 0.386115 0.00442637
-0.6875 0.387541 0.00464602
-0.6625 0.384951 0.00468531
-0.6375 0.385541 0.00446359
-0.6125 0.382762 0.00487192
-0.5875 0.381197 0.00492485
-0.5625 0.373107 0.00426942
-0.5375 0.37068 0.00384601
-0.5125 0.364844 0.0040234
-0.4875 0.365066 0.00462911
-0.4625 0.355385 0.00451289
-0.4375 0.348787 0.00408962
-0.4125 0.34659 0.00371693
-0.3875 0.344238 0.00385499
-0.3625 0.336615 0.00351519
-0.3375 0.334959 0.00351709
-0.3125 0.330238 0.00366243
-0.2875 0.325008 0.00325616
-0.2625 0.323238 0.00353549
-0.2375 0.318459 0.00319707
-0.2125 0.315631 0.0026407
-0.1875 0.310131 0.00303829
-0.1625 0.308123 0.00276332
-0.1375 0.304992 0.00225362
-0.1125 0.302082 0.00229172
-0.0875 0.304033 0.0029931
-0.0625 0.300197 0.00295968
-0.0375 0.296402 0.00309598
-0.0125 0.297008 0.00276627
0.0125 0.296787 0.00313427
0.0375 0.301705 0.00363961
0.0625 0.300352 0.00373476
0.0875 0.302762 0.00336855
0.1125 0.305254 0.00373026
0.1375 0.309008 0.00339304
0.1625 0.307705 0.00308696
0.1875 0.313631 0.00351128
0.2125 0.314992 0.00317046
0.2375 0.315607 0.00414914
0.2625 0.32 0.00332441
0.2875 0.319598 0.00382103
0.3125 0.324254 0.00343542
0.3375 0.326377 0.00362882
0.3625 0.329336 0.00327733
0.3875 0.337287 0.0034448
0.4125 0.340893 0.00323206
0.4375 0.345352 0.00356037
0.4625 0.349877 0.00317167
0.4875 0.356992 0.00361832
0.5125 0.362025 0.00444027
0.5375 0.368303 0.00427168
0.5625 0.372893 0.00445893
0.5875 0.378246 0.00374618
0.6125 0.383631 0.00439135
0.6375 0.385402 0.00405993
0.6625 0.390885 0.00427623
0.6875 0.387123 0.00449958
0.7125 0.388484 0.00347384
0.7375 0.388262 0.00367303
0.7625 0.388475 0.00400889
0.7875 0.386615 0.00473321
0.8125 0.385262 0.00511411
0.8375 0.387713 0.00593828
0.8625 0.383549 0.00637511
0.8875 0.382426 0.00657834
0.9125 0.379434 0.00610853
0.9375 0.375648 0.00600531
0.9625 0.370008 0.00661065
0.9875 0.36318 0.00720072
1.0125 0.357098 0.00715744
1.0375 0.348025 0.00733631
1.0625 0.34182 0.00645232
1.0875 0.334238 0.00672339
1.1125 0.319566 0.00680338
1.1375 0.311385 0.0070588
1.1625 0.296943 0.00600857
1.1875 0.282877 0.00572347
1.2125 0.267475 0.00622061
1.2375 0.260902 0.006819
1.2625 0.248418 0.00668949
1.2875 0.234361 0.00617565
1.3125 0.220705 0.00522145
1.3375 0.205721 0.00482464
1.3625 0.191426 0.00456418
1.3875 0.176008 0.00419501
1.4125 0.162426 0.00401772
1.4375 0.149959 0.00329759
1.4625 0.136582 0.00303208
1.4875 0.123844 0.00317457
1.5125 0.109533 0.0026122
1.5375 0.0977705 0.00286938
1.5625 0.088582 0.00240524
1.5875 0.0775328 0.00246162
1.6125 0.0680574 0.00226927
1.6375 0.0599098 0.00192469
1.6625 0.0514672 0.00187751
1.6875 0.0451803 0.00174544
1.7125 0.0403934 0.00158336
1.7375 0.0340902 0.0012603
1.7625 0.0297623 0.00129739
1.7875 0.0249344 0.000951943
1.8125 0.0215082 0.000866033
1.8375 0.0175574 0.000781565
1.8625 0.0148443 0.000829974
1.8875 0.0127541 0.00082332
1.9125 0.0101967 0.000600501
1.9375 0.00763934 0.000501864
1.9625 0.00663115 0.000438884
1.9875 0.0052459 0.000309528
2.0125 0.00434426 0.00035644
2.0375 0.00336066 0.000290145
2.0625 0.00266393 0.000295963
2.0875 0.00214754 0.000286041
2.1125 0.00179508 0.000291756
2.1375 0.00122131 0.000233132
2.1625 0.00092623 0.000207775
2.1875 0.00054918 0.000119501
2.2125 0.000377049 0.000141069
2.2375 0.000196721 7.29462e-05
2.2625 0.000163934 6.95515e-05
2.2875 0.000131148 6.71931e-05
2.3125 8.19672e-05 4.56374e-05
2.3375 6.55738e-05 3.55401e-05
2.3625 4.09836e-05 1.9655e-05
2.3875 3.27869e-05 2.48619e-05
2.4125 4.09836e-05 3.99459e-05
2.4375 3.27869e-05 2.48619e-05
2.4625 2.45902e-05 1.74842e-05
2.4875 4.09836e-05 3.25297e-05
2.5125 2.45902e-05 1.74842e-05
2.5375 0 0
2.5625 0 0
2.5875 0 0
2.6125 0 0
2.6375 0 0
2.6625 0 0
2.6875 0 0
2.7125 0 0
2.7375 0 0
2.7625 0 0
2.7875 0 0
2.8125 0 0
2.8375 0 0
2.8625 0 0
2.8875 0 0
2.9125 0 0
2.9375 0 0
2.9625 0 0
2.9875 0 0
3.0125 0 0
3.0375 0 0
3.0625 0 0
3.0875 0 0
3.1125 0 0
3.1375 0 0
3.1625 0 0
3.1875 0 0
3.2125 0 0
3.2375 0 0
3.2625 0 0
3.2875 0 0
3.3125 0 0
3.3375 0 0
3.3625 0 0
3.3875 0 0
3.4125 0 0
3.4375 0 0
3.4625 0 0
3.4875 0 0
3.5125 0 0
3.5375 0 0
3.5625 0 0
3.5875 0 0
3.6125 0 0
3.6375 0 0
3.6625 0 0
3.6875 0 0
3.7125 0 0
3.7375 0 0
3.7625 0 0
3.7875 0 0
3.8125 0 0
3.8375 0 0
3.8625 0 0
3.8875 0 0
3.9125 0 0
3.9375 0 0
3.9625 0 0
3.9875 0 0
4.0125 0 0
4.0375 0 0
4.0625 0 0
4.0875 0 0
4.1125 0 0
4.1375 0 0
4.1625 0 0
4.1875 0 0
4.2125 0 0
4.2375 0 0
4.2625 0 0
4.2875 0 0
4.3125 0 0
4.3375 0 0
4.3625 0 0
4.3875 0 0
4.4125 0 0
4.4375 0 0
4.4625 0 0
4.4875 0 0
4.5125 0 0
4.5375 0 0
4.5625 0 0
4.5875 0 0
4.6125 0 0
4.6375 0 0
4.6625 0 0
4.6875 0 0
4.7125 0 0
4.7375 0 0
4.7625 0 0
4.7875 0 0
4.8125 0 0
4.8375 0 0
4.8625 0 0
4.8875 0 0
4.9125 0 0
4.9375 0 0
4.9625 0 0
4.9875 0 0
