-9.975 0 0
-9.925 0 0
-9.875 0 0
-9.825 0 0
-9.775 0 0
-9.725 0 0
-9.675 0 0
-9.625 0 0
-9.575 0 0
-9.525 0 0
-9.475 0 0
-9.425 0 0
-9.375 0 0
-9.325 0 0
-9.275 0 0
-9.225 0 0
-9.175 0 0
-9.125 0 0
-9.075 0 0
-9.025 0 0
-8.975 0 0
-8.925 0 0
-8.875 0 0
-8.825 0 0
-8.775 0 0
-8.725 0 0
-8.675 0 0
-8.625 0 0
-8.575 0 0
-8.525 0 0
-8.475 0 0
-8.425 0 0
-8.375 0 0
-8.325 0 0
-8.275 0 0
-8.225 0 0
-8.175 0 0
-8.125 0 0
-8.075 0 0
-8.025 0 0
-7.975 0 0
-7.925 0 0
-7.875 0 0
-7.825 0 0
-7.775 0 0
-7.725 0 0
-7.675 0 0
-7.625 0 0
-7.575 0 0
-7.525 0 0
-7.475 0 0
-7.425 0 0
-7.375 0 0
-7.325 0 0
-7.275 0 0
-7.225 0 0
-7.175 0 0
-7.125 0 0
-7.075 0 0
-7.025 0 0
-6.975 0 0
-6.925 0 0
-6.875 0 0
-6.825 0 0
-6.775 0 0
-6.725 0 0
-6.675 0 0
-6.625 0 0
-6.575 0 0
-6.525 0 0
-6.475 0 0
-6.425 0 0
-6.375 0 0
-6.325 0 0
-6.275 0 0
-6.225 0 0
-6.175 0 0
-6.125 0 0
-6.075 0 0
-6.025 0 0
-5.975 0 0
-5.925 0 0
-5.875 0 0
-5.825 0 0
-5.775 0 0
-5.725 0 0
-5.675 0 0
-5.625 0 0
-5.575 0 0
-5.525 0 0
-5.475 0 0
-5.425 0 0
-5.375 0 0
-5.325 0 0
-5.275 0 0
-5.225 0 0
-5.175 0 0
-5.125 0 0
-5.075 0 0
-5.025 0 0
-4.975 0 0
-4.925 0 0
-4.875 0 0
-4.825 0 0
-4.775 0 0
-4.725 0 0
-4.675 0 0
-4.625 0 0
-4.575 0 0
-4.525 0 0
-4.475 0 0
-4.425 0 0
-4.375 0 0
-4.325 0 0
-4.275 0 0
-4.225 0 0
-4.175 0 0
-4.125 0 0
-4.075 0 0
-4.025 0 0
-3.975 0 0
-3.925 0 0
-3.875 0 0
-3.825 0 0
-3.775 0 0
-3.725 0 0
-3.675 0 0
-3.625 0 0
-3.575 0 0
-3.525 0 0
-3.475 0 0
-3.425 0 0
-3.375 0 0
-3.325 0 0
-3.275 0 0
-3.225 0 0
-3.175 0 0
-3.125 0 0
-3.075 0 0
-3.025 0 0
-2.975 0 0
-2.925 0 0
-2.875 0 0
-2.825 8.62069e-06 8.40241e-06
-2.775 0 0
-2.725 8.62069e-06 8.40241e-06
-2.675 8.62069e-06 8.40241e-06
-2.625 2.58621e-05 1.37661e-05
-2.575 2.58621e-05 1.37661e-05
-2.525 5.17241e-05 2.46859e-05
-2.475 0.000172414 3.85529e-05
-2.425 0.000318966 6.00671e-05
-2.375 0.000517241 9.7532e-05
-2.325 0.000956897 0.0001327
-2.275 0.00202586 0.000186842
-2.225 0.00296552 0.000224998
-2.175 0.00506034 0.000289859
-2.125 0.00744828 0.000406655
-2.075 0.0114741 0.000514284
-2.025 0.0160948 0.000547841
-1.975 0.023931 0.00085806
-1.925 0.0326379 0.000730585
-1.875 0.0448103 0.00118251
-1.825 0.059 0.00128813
-1.775 0.0760862 0.00131866
-1.725 0.097569 0.00172573
-1.675 0.119793 0.00210135
-1.625 0.142543 0.002758
-1.575 0.171241 0.00249234
-1.525 0.199345 0.00309747
-1.475 0.227647 0.00271381
-1.425 0.254853 0.003363
-1.375 0.280121 0.00352651
-1.325 0.302784 0.00396578
-1.275 0.32475 0.0041783
-1.225 0.338371 0.00346394
-1.175 0.357759 0.00387304
-1.125 0.364578 0.00419796
-1.075 0.376716 0.00356439
-1.025 0.379034 0.00488124
-0.975 0.37406 0.00480935
-0.925 0.372647 0.00436507
-0.875 0.365379 0.00404097
-0.825 0.3595 0.0044615
-0.775 0.348517 0.00383118
-0.725 0.336422 0.00326825
-0.675 0.324655 0.00348754
-0.625 0.312905 0.00310271
-0.575 0.300784 0.00329393
-0.525 0.287724 0.0031406
-0.475 0.27819 0.00280578
-0.425 0.267819 0.00277089
-0.375 0.26081 0.00264469
-0.325 0.250483 0.00252695
-0.275 0.243905 0.00263892
-0.225 0.2345 0.00292431
-0.175 0.228052 0.00275833
-0.125 0.224009 0.00201418
-0.075 0.22019 0.00236647
-0.025 0.220509 0.00207193
0.025 0.221983 0.00182858
0.075 0.218448 0.00287192
0.125 0.222422 0.00299634
0.175 0.225741 0.00253958
0.225 0.228983 0.0030022
0.275 0.23556 0.00267752
0.325 0.244353 0.00342843
0.375 0.2525 0.00293145
0.425 0.265103 0.00335005
0.475 0.274741 0.00320767
0.525 0.286276 0.00378642
0.575 0.299733 0.00387564
0.625 0.311302 0.00354491
0.675 0.323655 0.00337657
0.725 0.335319 0.00413609
0.775 0.34925 0.00384466
0.825 0.359345 0.00399877
0.875 0.3645 0.00402142
0.925 0.374103 0.00362976
0.975 0.374491 0.00428382
1.025 0.377991 0.00420586
1.075 0.373267 0.00363602
1.125 0.366276 0.00423075
1.175 0.357767 0.00486712
1.225 0.341603 0.00441068
1.275 0.324224 0.00479331
1.325 0.303026 0.00413647
1.375 0.281517 0.00319963
1.425 0.252138 0.00339472
1.475 0.223776 0.00264083
1.525 0.197336 0.00292531
1.575 0.169207 0.0025352
1.625 0.142103 0.00246095
1.675 0.118578 0.00199356
1.725 0.0923103 0.00171733
1.775 0.0759052 0.00157416
1.825 0.0587069 0.00151329
1.875 0.0439569 0.00136209
1.925 0.0323534 0.00109867
1.975 0.0228276 0.00089451
2.025 0.01475 0.000731944
2.075 0.0114397 0.000635512
2.125 0.00772414 0.000465613
2.175 0.00443103 0.000347639
2.225 0.00281897 0.000225551
2.275 0.00198276 0.000241225
2.325 0.00103448 0.000143218
2.375 0.000793103 0.000222273
2.425 0.000293103 5.98502e-05
2.475 0.00012069 4.0618e-05
2.525 5.17241e-05 2.46859e-05
2.575 6.89655e-05 3.73784e-05
2.625 8.62069e-06 8.40241e-06
2.675 0 0
2.725 8.62069e-06 8.40241e-06
2.775 0 0
2.825 0 0
2.875 0 0
2.925 0 0
2.975 0 0
3.025 0 0
3.075 0 0
3.125 0 0
3.175 0 0
3.225 0 0
3.275 0 0
3.325 0 0
3.375 0 0
3.425 0 0
3.475 0 0
3.525 0 0
3.575 0 0
3.625 0 0
3.675 0 0
3.725 0 0
3.775 0 0
3.825 0 0
3.875 0 0
3.925 0 0
3.975 0 0
4.025 0 0
4.075 0 0
4.125 0 0
4.175 0 0
4.225 0 0
4.275 0 0
4.325 0 0
4.375 0 0
4.425 0 0
4.475 0 0
4.525 0 0
4.575 0 0
4.625 0 0
4.675 0 0
4.725 0 0
4.775 0 0
4.825 0 0
4.875 0 0
4.925 0 0
4.975 0 0
5.025 0 0
5.075 0 0
5.125 0 0
5.175 0 0
5.225 0 0
5.275 0 0
5.325 0 0
5.375 0 0
5.425 0 0
5.475 0 0
5.525 0 0
5.575 0 0
5.625 0 0
5.675 0 0
5.725 0 0
5.775 0 0
5.825 0 0
5.875 0 0
5.925 0 0
5.975 0 0
6.025 0 0
6.075 0 0
6.125 0 0
6.175 0 0
6.225 0 0
6.275 0 0
6.325 0 0
6.375 0 0
6.425 0 0
6.475 0 0
6.525 0 0
6.575 0 0
6.625 0 0
6.675 0 0
6.725 0 0
6.775 0 0
6.825 0 0
6.875 0 0
6.925 0 0
6.975 0 0
7.025 0 0
7.075 0 0
7.125 0 0
7.175 0 0
7.225 0 0
7.275 0 0
7.325 0 0
7.375 0 0
7.425 0 0
7.475 0 0
7.525 0 0
7.575 0 0
7.625 0 0
7.675 0 0
7.725 0 0
7.775 0 0
7.825 0 0
7.875 0 0
7.925 0 0
7.975 0 0
8.025 0 0
8.075 0 0
8.125 0 0
8.175 0 0
8.225 0 0
8.275 0 0
8.325 0 0
8.375 0 0
8.425 0 0
8.475 0 0
8.525 0 0
8.575 0 0
8.625 0 0
8.675 0 0
8.725 0 0
8.775 0 0
8.825 0 0
8.875 0 0
8.925 0 0
8.975 0 0
9.025 0 0
9.075 0 0
9.125 0 0
9.175 0 0
9.225 0 0
9.275 0 0
9.325 0 0
9.375 0 0
9.425 0 0
9.475 0 0
9.525 0 0
9.575 0 0
9.625 0 0
9.675 0 0
9.725 0 0
9.775 0 0
9.825 0 0
9.875 0 0
9.925 0 0
9.975 0 0
