-4.9875 0 0
-4.9625 0 0
-4.9375 0 0
-4.9125 0 0
-4.8875 0 0
-4.8625 0 0
-4.8375 0 0
-4.8125 0 0
-4.7875 0 0
-4.7625 0 0
-4.7375 0 0
-4.7125 0 0
-4.6875 0 0
-4.6625 0 0
-4.6375 0 0
-4.6125 0 0
-4.5875 0 0
-4.5625 0 0
-4.5375 0 0
-4.5125 0 0
-4.4875 0 0
-4.4625 0 0
-4.4375 0 0
-4.4125 0 0
-4.3875 0 0
-4.3625 0 0
-4.3375 0 0
-4.3125 0 0
-4.2875 0 0
-4.2625 0 0
-4.2375 0 0
-4.2125 0 0
-4.1875 0 0
-4.1625 0 0
-4.1375 0 0
-4.1125 0 0
-4.0875 0 0
-4.0625 0 0
-4.0375 0 0
-4.0125 0 0
-3.9875 0 0
-3.9625 0 0
-3.9375 0 0
-3.9125 0 0
-3.8875 0 0
-3.8625 0 0
-3.8375 0 0
-3.8125 0 0
-3.7875 0 0
-3.7625 0 0
-3.7375 0 0
-3.7125 0 0
-3.6875 0 0
-3.6625 0 0
-3.6375 0 0
-3.6125 0 0
-3.5875 0 0
-3.5625 0 0
-3.5375 0 0
-3.5125 0 0
-3.4875 0 0
-3.4625 0 0
-3.4375 0 0
-3.4125 0 0
-3.3875 0 0
-3.3625 0 0
-3.3375 0 0
-3.3125 0 0
-3.2875 0 0
-3.2625 0 0
-3.2375 0 0
-3.2125 0 0
-3.1875 0 0
-3.1625 0 0
-3.1375 0 0
-3.1125 0 0
-3.0875 0 0
-3.0625 0 0
-3.0375 0 0
-3.0125 0 0
-2.9875 0 0
-2.9625 0 0
-2.9375 0 0
-2.9125 0 0
-2.8875 0 0
-2.8625 0 0
-2.8375 0 0
-2.8125 0 0
-2.7875 0 0
-2.7625 0 0
-2.7375 0 0
-2.7125 0 0
-2.6875 0 0
-2.6625 0 0
-2.6375 0 0
-2.6125 0 0
-2.5875 0 0
-2.5625 0 0
-2.5375 8.19672e-06 7.98918e-06
-2.5125 5.7377e-05 5.59242e-05
-2.4875 7.37705e-05 7.19026e-05
-2.4625 9.83607e-05 9.58701e-05
-2.4375 0.000131148 0.000112148
-2.4125 0.000254098 0.000170553
-2.3875 0.000368852 0.000249125
-2.3625 0.000565574 0.000351882
-2.3375 0.000688525 0.000414336
-2.3125 0.000737705 0.00036427
-2.2875 0.000663934 0.000287581
-2.2625 0.000614754 0.000197361
-2.2375 0.00113115 0.000378632
-2.2125 0.00097541 0.000295418
-2.1875 0.000991803 0.000326735
-2.1625 0.00160656 0.000428525
-2.1375 0.00229508 0.000556412
-2.1125 0.00295902 0.000504811
-2.0875 0.00446721 0.000614139
-2.0625 0.00454098 0.000709772
-2.0375 0.00586066 0.000692696
-2.0125 0.00697541 0.00105604
-1.9875 0.00801639 0.000985988
-1.9625 0.00909016 0.00111219
-1.9375 0.011959 0.00130152
-1.9125 0.0140738 0.001312
-1.8875 0.016959 0.00145664
-1.8625 0.02 0.00155262
-1.8375 0.0248443 0.00201067
-1.8125 0.0279754 0.00214407
-1.7875 0.0307377 0.00243503
-1.7625 0.0350902 0.00276115
-1.7375 0.0400082 0.00290859
-1.7125 0.0446148 0.00304888
-1.6875 0.0493279 0.00312395
-1.6625 0.0559344 0.00329183
-1.6375 0.0628033 0.00354733
-1.6125 0.0723607 0.0038552
-1.5875 0.0814836 0.00433794
-1.5625 0.0900328 0.00325218
-1.5375 0.0993115 0.00344566
-1.5125 0.110238 0.00322881
-1.4875 0.120582 0.00309696
-1.4625 0.128705 0.00380525
-1.4375 0.141779 0.0040137
-1.4125 0.154844 0.00395426
-1.3875 0.169484 0.00458687
-1.3625 0.186107 0.00542432
-1.3375 0.202893 0.00536397
-1.3125 0.217656 0.00606181
-1.2875 0.232975 0.00590764
-1.2625 0.240656 0.00570186
-1.2375 0.25173 0.00658588
-1.2125 0.266492 0.00743019
-1.1875 0.288057 0.00721008
-1.1625 0.307008 0.00662172
-1.1375 0.314279 0.00635227
-1.1125 0.322385 0.00738046
-1.0875 0.327721 0.00611838
-1.0625 0.33841 0.00662582
-1.0375 0.342762 0.00838109
-1.0125 0.355418 0.00892369
-0.9875 0.363393 0.00835045
-0.9625 0.369721 0.00568747
-0.9375 0.381656 0.00605173
-0.9125 0.393475 0.0065598
-0.8875 0.405295 0.00917022
-0.8625 0.408893 0.0089733
-0.8375 0.406893 0.00781
-0.8125 0.408639 0.00746318
-0.7875 0.4115 0.00851656
-0.7625 0.409352 0.00685655
-0.7375 0.412025 0.00773152
-0.7125 0.404033 0.00817236
-0.6875 0.400959 0.00775893
-0.6625 0.406082 0.00609814
-0.6375 0.403984 0.00582579
-0.6125 0.396672 0.00612454
-0.5875 0.39491 0.00567962
-0.5625 0.389377 0.00530194
-0.5375 0.385828 0.0056348
-0.5125 0.386566 0.00569269
-0.4875 0.38473 0.00603912
-0.4625 0.375811 0.00617806
-0.4375 0.364025 0.00567964
-0.4125 0.356434 0.00668592
-0.3875 0.352287 0.00700637
-0.3625 0.33973 0.00618412
-0.3375 0.331303 0.0060165
-0.3125 0.326664 0.00619474
-0.2875 0.324803 0.00647094
-0.2625 0.320713 0.00481903
-0.2375 0.312525 0.00470172
-0.2125 0.310721 0.00466807
-0.1875 0.305352 0.00419436
-0.1625 0.300836 0.00563733
-0.1375 0.293303 0.00515966
-0.1125 0.292918 0.00509953
-0.0875 0.287336 0.00576375
-0.0625 0.28618 0.00601284
-0.0375 0.289697 0.00509662
-0.0125 0.288574 0.00485808
0.0125 0.284746 0.00496118
0.0375 0.288508 0.00418121
0.0625 0.28791 0.00386265
0.0875 0.288762 0.00478818
0.1125 0.286082 0.00445989
0.1375 0.287967 0.00549282
0.1625 0.293369 0.00609374
0.1875 0.299836 0.00623069
0.2125 0.306352 0.00574395
0.2375 0.311131 0.00607509
0.2625 0.314352 0.00715424
0.2875 0.319803 0.00650929
0.3125 0.330279 0.00628678
0.3375 0.329721 0.00537783
0.3625 0.330639 0.00596059
0.3875 0.33968 0.00656993
0.4125 0.34591 0.0062177
0.4375 0.350918 0.00689562
0.4625 0.354025 0.0071511
0.4875 0.363213 0.00786048
0.5125 0.369754 0.00723361
0.5375 0.368902 0.00669936
0.5625 0.379443 0.00737739
0.5875 0.388295 0.00646508
0.6125 0.389713 0.00645892
0.6375 0.392131 0.00645324
0.6625 0.392426 0.00757769
0.6875 0.395533 0.00826198
0.7125 0.397648 0.00907521
0.7375 0.407107 0.00894906
0.7625 0.405016 0.00860005
0.7875 0.41077 0.0078891
0.8125 0.40682 0.00771201
0.8375 0.399787 0.00846539
0.8625 0.407992 0.00906381
0.8875 0.402639 0.00874679
0.9125 0.393943 0.00776211
0.9375 0.383885 0.00824456
0.9625 0.373025 0.00652975
0.9875 0.364557 0.00636558
1.0125 0.359943 0.00716881
1.0375 0.35 0.0064807
1.0625 0.337672 0.00606032
1.0875 0.322205 0.00503528
1.1125 0.313385 0.00594777
1.1375 0.296516 0.00641653
1.1625 0.284721 0.00647201
1.1875 0.268959 0.00603547
1.2125 0.256344 0.00571418
1.2375 0.249492 0.00619867
1.2625 0.237557 0.00632364
1.2875 0.219148 0.006407
1.3125 0.203451 0.00545857
1.3375 0.188295 0.00561814
1.3625 0.179459 0.00597997
1.3875 0.166525 0.00589015
1.4125 0.155033 0.00585456
1.4375 0.142869 0.00514629
1.4625 0.128123 0.00409975
1.4875 0.114877 0.00382336
1.5125 0.101779 0.00452725
1.5375 0.0914754 0.00377131
1.5625 0.0844836 0.00414881
1.5875 0.0770492 0.00394423
1.6125 0.0663689 0.00372049
1.6375 0.0591475 0.00290091
1.6625 0.0495902 0.00250432
1.6875 0.0443443 0.00240742
1.7125 0.0403934 0.00251781
1.7375 0.0360574 0.00235497
1.7625 0.0317295 0.00204401
1.7875 0.0260246 0.00228042
1.8125 0.021877 0.00187372
1.8375 0.0195984 0.00159499
1.8625 0.0164754 0.00151053
1.8875 0.0139754 0.00125647
1.9125 0.0123033 0.00102642
1.9375 0.0112131 0.00103949
1.9625 0.00856557 0.000969217
1.9875 0.00672131 0.000829288
2.0125 0.00572131 0.000831707
2.0375 0.00403279 0.000646388
2.0625 0.00313934 0.000499835
2.0875 0.00259016 0.000479154
2.1125 0.00290984 0.000681845
2.1375 0.00255738 0.000712728
2.1625 0.00204098 0.00060004
2.1875 0.00141803 0.000380115
2.2125 0.000803279 0.00024778
2.2375 0.000795082 0.000306534
2.2625 0.000639344 0.000269347
2.2875 0.000245902 0.000122951
2.3125 0.000286885 0.000174602
2.3375 0.000409836 0.00024163
2.3625 0.00045082 0.000225037
2.3875 0.000336066 0.000173676
2.4125 0.000409836 0.000235433
2.4375 0.000147541 0.000101653
2.4625 8.19672e-05 6.50595e-05
2.4875 4.91803e-05 3.49684e-05
2.5125 3.27869e-05 2.19941e-05
2.5375 0 0
2.5625 0 0
2.5875 0 0
2.6125 9.83607e-05 9.58701e-05
2.6375 0.000114754 0.000111848
2.6625 9.83607e-05 9.58701e-05
2.6875 0.000163934 0.000159784
2.7125 2.45902e-05 2.39675e-05
2.7375 0 0
2.7625 0 0
2.7875 0 0
2.8125 0 0
2.8375 0 0
2.8625 0 0
2.8875 0 0
2.9125 0 0
2.9375 0 0
2.9625 0 0
2.9875 0 0
3.0125 0 0
3.0375 0 0
3.0625 0 0
3.0875 0 0
3.1125 0 0
3.1375 0 0
3.1625 0 0
3.1875 0 0
3.2125 0 0
3.2375 0 0
3.2625 0 0
3.2875 0 0
3.3125 0 0
3.3375 0 0
3.3625 0 0
3.3875 0 0
3.4125 0 0
3.4375 0 0
3.4625 0 0
3.4875 0 0
3.5125 0 0
3.5375 0 0
3.5625 0 0
3.5875 0 0
3.6125 0 0
3.6375 0 0
3.6625 0 0
3.6875 0 0
3.7125 0 0
3.7375 0 0
3.7625 0 0
3.7875 0 0
3.8125 0 0
3.8375 0 0
3.8625 0 0
3.8875 0 0
3.9125 0 0
3.9375 0 0
3.9625 0 0
3.9875 0 0
4.0125 0 0
4.0375 0 0
4.0625 0 0
4.0875 0 0
4.1125 0 0
4.1375 0 0
4.1625 0 0
4.1875 0 0
4.2125 0 0
4.2375 0 0
4.2625 0 0
4.2875 0 0
4.3125 0 0
4.3375 0 0
4.3625 0 0
4.3875 0 0
4.4125 0 0
4.4375 0 0
4.4625 0 0
4.4875 0 0
4.5125 0 0
4.5375 0 0
4.5625 0 0
4.5875 0 0
4.6125 0 0
4.6375 0 0
4.6625 0 0
4.6875 0 0
4.7125 0 0
4.7375 0 0
4.7625 0 0
4.7875 0 0
4.8125 0 0
4.8375 0 0
4.8625 0 0
4.8875 0 0
4.9125 0 0
4.9375 0 0
4.9625 0 0
4.9875 0 0
