-9.975 0 0
-9.925 0 0
-9.875 0 0
-9.825 0 0
-9.775 0 0
-9.725 0 0
-9.675 0 0
-9.625 0 0
-9.575 0 0
-9.525 0 0
-9.475 0 0
-9.425 0 0
-9.375 0 0
-9.325 0 0
-9.275 0 0
-9.225 0 0
-9.175 0 0
-9.125 0 0
-9.075 0 0
-9.025 0 0
-8.975 0 0
-8.925 0 0
-8.875 0 0
-8.825 0 0
-8.775 0 0
-8.725 0 0
-8.675 0 0
-8.625 0 0
-8.575 0 0
-8.525 0 0
-8.475 0 0
-8.425 0 0
-8.375 0 0
-8.325 0 0
-8.275 0 0
-8.225 0 0
-8.175 0 0
-8.125 0 0
-8.075 0 0
-8.025 0 0
-7.975 0 0
-7.925 0 0
-7.875 0 0
-7.825 0 0
-7.775 0 0
-7.725 0 0
-7.675 0 0
-7.625 0 0
-7.575 0 0
-7.525 0 0
-7.475 0 0
-7.425 0 0
-7.375 0 0
-7.325 0 0
-7.275 0 0
-7.225 0 0
-7.175 0 0
-7.125 0 0
-7.075 0 0
-7.025 0 0
-6.975 0 0
-6.925 0 0
-6.875 0 0
-6.825 0 0
-6.775 0 0
-6.725 0 0
-6.675 0 0
-6.625 0 0
-6.575 0 0
-6.525 0 0
-6.475 0 0
-6.425 0 0
-6.375 0 0
-6.325 0 0
-6.275 0 0
-6.225 0 0
-6.175 0 0
-6.125 0 0
-6.075 0 0
-6.025 0 0
-5.975 0 0
-5.925 0 0
-5.875 0 0
-5.825 0 0
-5.775 0 0
-5.725 0 0
-5.675 0 0
-5.625 0 0
-5.575 0 0
-5.525 0 0
-5.475 0 0
-5.425 0 0
-5.375 0 0
-5.325 0 0
-5.275 0 0
-5.225 0 0
-5.175 0 0
-5.125 0 0
-5.075 0 0
-5.025 0 0
-4.975 0 0
-4.925 0 0
-4.875 0 0
-4.825 0 0
-4.775 0 0
-4.725 0 0
-4.675 0 0
-4.625 0 0
-4.575 0 0
-4.525 0 0
-4.475 0 0
-4.425 0 0
-4.375 0 0
-4.325 0 0
-4.275 0 0
-4.225 0 0
-4.175 0 0
-4.125 0 0
-4.075 0 0
-4.025 0 0
-3.975 0 0
-3.925 0 0
-3.875 0 0
-3.825 0 0
-3.775 0 0
-3.725 0 0
-3.675 0 0
-3.625 0 0
-3.575 0 0
-3.525 0 0
-3.475 0 0
-3.425 0 0
-3.375 0 0
-3.325 0 0
-3.275 0 0
-3.225 0 0
-3.175 0 0
-3.125 0 0
-3.075 0 0
-3.025 0 0
-2.975 0 0
-2.925 0 0
-2.875 0 0
-2.825 0 0
-2.775 0 0
-2.725 0 0
-2.675 0 0
-2.625 0 0
-2.575 0 0
-2.525 8.62069e-06 8.40241e-06
-2.475 8.62069e-06 8.40241e-06
-2.425 8.62069e-06 8.40241e-06
-2.375 8.62069e-05 2.58621e-05
-2.325 0.000241379 4.78429e-05
-2.275 0.000396552 5.60013e-05
-2.225 0.000775862 6.27596e-05
-2.175 0.00128448 0.000122204
-2.125 0.00226724 0.000194406
-2.075 0.00413793 0.000205816
-2.025 0.00633621 0.000215302
-1.975 0.0095 0.000427033
-1.925 0.0141897 0.000472662
-1.875 0.0203621 0.000622232
-1.825 0.0296293 0.000657016
-1.775 0.0420862 0.000977291
-1.725 0.0565172 0.000880712
-1.675 0.0720345 0.00115643
-1.625 0.0937931 0.00131397
-1.575 0.117241 0.00127341
-1.525 0.143569 0.00168975
-1.475 0.170698 0.00207203
-1.425 0.200621 0.00197985
-1.375 0.233 0.00342838
-1.325 0.263095 0.00310475
-1.275 0.290914 0.00278364
-1.225 0.324483 0.00303255
-1.175 0.352509 0.00372991
-1.125 0.372603 0.00331203
-1.075 0.385888 0.00394843
-1.025 0.399129 0.00339102
-0.975 0.406578 0.00375063
-0.925 0.414241 0.00290082
-0.875 0.412319 0.00307261
-0.825 0.405681 0.00320362
-0.775 0.400009 0.00396792
-0.725 0.385302 0.003795
-0.675 0.373914 0.00352859
-0.625 0.358276 0.00281558
-0.575 0.345457 0.0025708
-0.525 0.327164 0.0021401
-0.475 0.313819 0.00246607
-0.425 0.296879 0.00192845
-0.375 0.282767 0.00186858
-0.325 0.273578 0.00189094
-0.275 0.260345 0.00246335
-0.225 0.251397 0.00158503
-0.175 0.239259 0.00168667
-0.125 0.238509 0.00205911
-0.075 0.233353 0.0015362
-0.025 0.229724 0.00160763
0.025 0.226431 0.00169326
0.075 0.230905 0.00185021
0.125 0.234716 0.00211079
0.175 0.240681 0.00158163
0.225 0.248991 0.0017194
0.275 0.259552 0.000980821
0.325 0.271897 0.00213991
0.375 0.282345 0.00234832
0.425 0.295905 0.00205288
0.475 0.312629 0.00293592
0.525 0.331698 0.00251181
0.575 0.34425 0.00256164
0.625 0.357388 0.00247521
0.675 0.373284 0.00264245
0.725 0.386828 0.00331121
0.775 0.395129 0.0030257
0.825 0.40506 0.00349393
0.875 0.407629 0.0033962
0.925 0.40681 0.00359485
0.975 0.402569 0.00348832
1.025 0.39294 0.00352318
1.075 0.382267 0.00346331
1.125 0.365672 0.00394592
1.175 0.344569 0.00340563
1.225 0.315302 0.00338324
1.275 0.291526 0.00251595
1.325 0.259121 0.00211405
1.375 0.227172 0.00225478
1.425 0.195862 0.00207878
1.475 0.166543 0.00167949
1.525 0.137543 0.00175171
1.575 0.111405 0.00158247
1.625 0.0892845 0.0010942
1.675 0.0714828 0.00118317
1.725 0.0526983 0.000852906
1.775 0.0396034 0.000824987
1.825 0.0273966 0.000534608
1.875 0.0192155 0.000456404
1.925 0.0144224 0.000367827
1.975 0.00947414 0.000348147
2.025 0.00631034 0.000161463
2.075 0.00397414 0.000187081
2.125 0.00233621 0.000114025
2.175 0.00147414 0.000134369
2.225 0.000827586 7.86328e-05
2.275 0.000405172 5.21178e-05
2.325 0.000224138 4.0618e-05
2.375 0.00012069 2.75323e-05
2.425 8.62069e-05 2.58621e-05
2.475 3.44828e-05 1.96582e-05
2.525 1.72414e-05 1.15659e-05
2.575 0 0
2.625 8.62069e-06 8.40241e-06
2.675 0 0
2.725 0 0
2.775 0 0
2.825 0 0
2.875 0 0
2.925 0 0
2.975 0 0
3.025 0 0
3.075 0 0
3.125 0 0
3.175 0 0
3.225 0 0
3.275 0 0
3.325 0 0
3.375 0 0
3.425 0 0
3.475 0 0
3.525 0 0
3.575 0 0
3.625 0 0
3.675 0 0
3.725 0 0
3.775 0 0
3.825 0 0
3.875 0 0
3.925 0 0
3.975 0 0
4.025 0 0
4.075 0 0
4.125 0 0
4.175 0 0
4.225 0 0
4.275 0 0
4.325 0 0
4.375 0 0
4.425 0 0
4.475 0 0
4.525 0 0
4.575 0 0
4.625 0 0
4.675 0 0
4.725 0 0
4.775 0 0
4.825 0 0
4.875 0 0
4.925 0 0
4.975 0 0
5.025 0 0
5.075 0 0
5.125 0 0
5.175 0 0
5.225 0 0
5.275 0 0
5.325 0 0
5.375 0 0
5.425 0 0
5.475 0 0
5.525 0 0
5.575 0 0
5.625 0 0
5.675 0 0
5.725 0 0
5.775 0 0
5.825 0 0
5.875 0 0
5.925 0 0
5.975 0 0
6.025 0 0
6.075 0 0
6.125 0 0
6.175 0 0
6.225 0 0
6.275 0 0
6.325 0 0
6.375 0 0
6.425 0 0
6.475 0 0
6.525 0 0
6.575 0 0
6.625 0 0
6.675 0 0
6.725 0 0
6.775 0 0
6.825 0 0
6.875 0 0
6.925 0 0
6.975 0 0
7.025 0 0
7.075 0 0
7.125 0 0
7.175 0 0
7.225 0 0
7.275 0 0
7.325 0 0
7.375 0 0
7.425 0 0
7.475 0 0
7.525 0 0
7.575 0 0
7.625 0 0
7.675 0 0
7.725 0 0
7.775 0 0
7.825 0 0
7.875 0 0
7.925 0 0
7.975 0 0
8.025 0 0
8.075 0 0
8.125 0 0
8.175 0 0
8.225 0 0
8.275 0 0
8.325 0 0
8.375 0 0
8.425 0 0
8.475 0 0
8.525 0 0
8.575 0 0
8.625 0 0
8.675 0 0
8.725 0 0
8.775 0 0
8.825 0 0
8.875 0 0
8.925 0 0
8.975 0 0
9.025 0 0
9.075 0 0
9.125 0 0
9.175 0 0
9.225 0 0
9.275 0 0
9.325 0 0
9.375 0 0
9.425 0 0
9.475 0 0
9.525 0 0
9.575 0 0
9.625 0 0
9.675 0 0
9.725 0 0
9.775 0 0
9.825 0 0
9.875 0 0
9.925 0 0
9.975 0 0
