-9.975 0 0
-9.925 0 0
-9.875 0 0
-9.825 0 0
-9.775 0 0
-9.725 0 0
-9.675 0 0
-9.625 0 0
-9.575 0 0
-9.525 0 0
-9.475 0 0
-9.425 0 0
-9.375 0 0
-9.325 0 0
-9.275 0 0
-9.225 0 0
-9.175 0 0
-9.125 0 0
-9.075 0 0
-9.025 0 0
-8.975 0 0
-8.925 0 0
-8.875 0 0
-8.825 0 0
-8.775 0 0
-8.725 0 0
-8.675 0 0
-8.625 0 0
-8.575 0 0
-8.525 0 0
-8.475 0 0
-8.425 0 0
-8.375 0 0
-8.325 0 0
-8.275 0 0
-8.225 0 0
-8.175 0 0
-8.125 0 0
-8.075 0 0
-8.025 0 0
-7.975 0 0
-7.925 0 0
-7.875 0 0
-7.825 0 0
-7.775 0 0
-7.725 0 0
-7.675 0 0
-7.625 0 0
-7.575 0 0
-7.525 0 0
-7.475 0 0
-7.425 0 0
-7.375 0 0
-7.325 0 0
-7.275 0 0
-7.225 0 0
-7.175 0 0
-7.125 0 0
-7.075 0 0
-7.025 0 0
-6.975 0 0
-6.925 0 0
-6.875 0 0
-6.825 0 0
-6.775 0 0
-6.725 0 0
-6.675 0 0
-6.625 0 0
-6.575 0 0
-6.525 0 0
-6.475 0 0
-6.425 0 0
-6.375 0 0
-6.325 0 0
-6.275 0 0
-6.225 0 0
-6.175 0 0
-6.125 0 0
-6.075 0 0
-6.025 0 0
-5.975 0 0
-5.925 0 0
-5.875 0 0
-5.825 0 0
-5.775 0 0
-5.725 0 0
-5.675 0 0
-5.625 0 0
-5.575 0 0
-5.525 0 0
-5.475 0 0
-5.425 0 0
-5.375 0 0
-5.325 0 0
-5.275 0 0
-5.225 0 0
-5.175 0 0
-5.125 0 0
-5.075 0 0
-5.025 0 0
-4.975 0 0
-4.925 0 0
-4.875 0 0
-4.825 0 0
-4.775 0 0
-4.725 0 0
-4.675 0 0
-4.625 0 0
-4.575 0 0
-4.525 0 0
-4.475 0 0
-4.425 0 0
-4.375 0 0
-4.325 0 0
-4.275 0 0
-4.225 0 0
-4.175 0 0
-4.125 0 0
-4.075 0 0
-4.025 0 0
-3.975 0 0
-3.925 0 0
-3.875 0 0
-3.825 0 0
-3.775 0 0
-3.725 0 0
-3.675 0 0
-3.625 0 0
-3.575 0 0
-3.525 0 0
-3.475 0 0
-3.425 0 0
-3.375 0 0
-3.325 0 0
-3.275 0 0
-3.225 0 0
-3.175 0 0
-3.125 0 0
-3.075 0 0
-3.025 0 0
-2.975 0 0
-2.925 0 0
-2.875 0 0
-2.825 0 0
-2.775 0 0
-2.725 0 0
-2.675 0 0
-2.625 2.58621e-05 1.37661e-05
-2.575 0 0
-2.525 8.62069e-06 8.40241e-06
-2.475 5.17241e-05 2.14653e-05
-2.425 0.000155172 3.42666e-05
-2.375 0.000232759 4.44196e-05
-2.325 0.000594828 7.05371e-05
-2.275 0.000775862 8.49039e-05
-2.225 0.00162931 0.000152503
-2.175 0.00250862 0.000201243
-2.125 0.00426724 0.000272303
-2.075 0.00667241 0.000392994
-2.025 0.0100259 0.000405498
-1.975 0.0155259 0.000465433
-1.925 0.0219569 0.000657355
-1.875 0.0316638 0.000972441
-1.825 0.0430776 0.000958431
-1.775 0.0579914 0.00104023
-1.725 0.0743707 0.00156428
-1.675 0.096681 0.00137358
-1.625 0.121198 0.00195218
-1.575 0.146638 0.00260498
-1.525 0.177103 0.00290673
-1.475 0.207698 0.00284491
-1.425 0.238828 0.00291422
-1.375 0.268388 0.00330194
-1.325 0.300569 0.00373862
-1.275 0.324957 0.00411926
-1.225 0.348345 0.00409483
-1.175 0.37006 0.00453145
-1.125 0.384319 0.00403806
-1.075 0.396216 0.00466242
-1.025 0.404371 0.00422493
-0.975 0.403397 0.00401173
-0.925 0.398371 0.00299701
-0.875 0.394241 0.00295196
-0.825 0.386405 0.00354836
-0.775 0.373612 0.0035509
-0.725 0.359138 0.00331882
-0.675 0.348948 0.00415233
-0.625 0.331181 0.00385759
-0.575 0.3155 0.00347915
-0.525 0.300879 0.00287145
-0.475 0.288284 0.00314102
-0.425 0.274897 0.0035201
-0.375 0.263819 0.00308949
-0.325 0.250457 0.00232296
-0.275 0.239569 0.00197109
-0.225 0.23006 0.00297303
-0.175 0.22244 0.0023044
-0.125 0.217629 0.00175815
-0.075 0.213957 0.00201184
-0.025 0.212009 0.00198977
0.025 0.212517 0.00199697
0.075 0.211914 0.00210997
0.125 0.21481 0.00219805
0.175 0.218069 0.00234367
0.225 0.229155 0.00217203
0.275 0.23325 0.0025577
0.325 0.242931 0.00168384
0.375 0.259198 0.0019154
0.425 0.268095 0.00214437
0.475 0.285871 0.00256661
0.525 0.301759 0.00268068
0.575 0.311586 0.0026283
0.625 0.331121 0.00345853
0.675 0.342276 0.00329235
0.725 0.357793 0.0024264
0.775 0.375371 0.00293575
0.825 0.38506 0.00297783
0.875 0.394586 0.0029871
0.925 0.397026 0.00398315
0.975 0.401336 0.00384736
1.025 0.395948 0.00451937
1.075 0.389009 0.00420532
1.125 0.376509 0.00400106
1.175 0.361578 0.00435213
1.225 0.342836 0.0045206
1.275 0.314716 0.00414445
1.325 0.289095 0.00425195
1.375 0.261397 0.00290705
1.425 0.232931 0.00306889
1.475 0.199328 0.00246153
1.525 0.172526 0.00238425
1.575 0.140793 0.00201888
1.625 0.115853 0.00175136
1.675 0.0924483 0.00131705
1.725 0.0712586 0.00134467
1.775 0.0554483 0.000949404
1.825 0.0411379 0.000830938
1.875 0.030069 0.000815865
1.925 0.0213362 0.000687051
1.975 0.0148707 0.000554529
2.025 0.00934483 0.000441191
2.075 0.00594828 0.000294495
2.125 0.00372414 0.000216858
2.175 0.00241379 0.000212566
2.225 0.00187069 0.000194023
2.275 0.00087931 0.000121854
2.325 0.000517241 6.78794e-05
2.375 0.000362069 7.50545e-05
2.425 0.000189655 6.4396e-05
2.475 0.000112069 3.28832e-05
2.525 9.48276e-05 3.75272e-05
2.575 1.72414e-05 1.15659e-05
2.625 1.72414e-05 1.15659e-05
2.675 0 0
2.725 0 0
2.775 0 0
2.825 0 0
2.875 0 0
2.925 0 0
2.975 0 0
3.025 0 0
3.075 0 0
3.125 0 0
3.175 0 0
3.225 0 0
3.275 0 0
3.325 0 0
3.375 0 0
3.425 0 0
3.475 0 0
3.525 0 0
3.575 0 0
3.625 0 0
3.675 0 0
3.725 0 0
3.775 0 0
3.825 0 0
3.875 0 0
3.925 0 0
3.975 0 0
4.025 0 0
4.075 0 0
4.125 0 0
4.175 0 0
4.225 0 0
4.275 0 0
4.325 0 0
4.375 0 0
4.425 0 0
4.475 0 0
4.525 0 0
4.575 0 0
4.625 0 0
4.675 0 0
4.725 0 0
4.775 0 0
4.825 0 0
4.875 0 0
4.925 0 0
4.975 0 0
5.025 0 0
5.075 0 0
5.125 0 0
5.175 0 0
5.225 0 0
5.275 0 0
5.325 0 0
5.375 0 0
5.425 0 0
5.475 0 0
5.525 0 0
5.575 0 0
5.625 0 0
5.675 0 0
5.725 0 0
5.775 0 0
5.825 0 0
5.875 0 0
5.925 0 0
5.975 0 0
6.025 0 0
6.075 0 0
6.125 0 0
6.175 0 0
6.225 0 0
6.275 0 0
6.325 0 0
6.375 0 0
6.425 0 0
6.475 0 0
6.525 0 0
6.575 0 0
6.625 0 0
6.675 0 0
6.725 0 0
6.775 0 0
6.825 0 0
6.875 0 0
6.925 0 0
6.975 0 0
7.025 0 0
7.075 0 0
7.125 0 0
7.175 0 0
7.225 0 0
7.275 0 0
7.325 0 0
7.375 0 0
7.425 0 0
7.475 0 0
7.525 0 0
7.575 0 0
7.625 0 0
7.675 0 0
7.725 0 0
7.775 0 0
7.825 0 0
7.875 0 0
7.925 0 0
7.975 0 0
8.025 0 0
8.075 0 0
8.125 0 0
8.175 0 0
8.225 0 0
8.275 0 0
8.325 0 0
8.375 0 0
8.425 0 0
8.475 0 0
8.525 0 0
8.575 0 0
8.625 0 0
8.675 0 0
8.725 0 0
8.775 0 0
8.825 0 0
8.875 0 0
8.925 0 0
8.975 0 0
9.025 0 0
9.075 0 0
9.125 0 0
9.175 0 0
9.225 0 0
9.275 0 0
9.325 0 0
9.375 0 0
9.425 0 0
9.475 0 0
9.525 0 0
9.575 0 0
9.625 0 0
9.675 0 0
9.725 0 0
9.775 0 0
9.825 0 0
9.875 0 0
9.925 0 0
9.975 0 0
