-9.975 0 0
-9.925 0 0
-9.875 0 0
-9.825 0 0
-9.775 0 0
-9.725 0 0
-9.675 0 0
-9.625 0 0
-9.575 0 0
-9.525 0 0
-9.475 0 0
-9.425 0 0
-9.375 0 0
-9.325 0 0
-9.275 0 0
-9.225 0 0
-9.175 0 0
-9.125 0 0
-9.075 0 0
-9.025 0 0
-8.975 0 0
-8.925 0 0
-8.875 0 0
-8.825 0 0
-8.775 0 0
-8.725 0 0
-8.675 0 0
-8.625 0 0
-8.575 0 0
-8.525 0 0
-8.475 0 0
-8.425 0 0
-8.375 0 0
-8.325 0 0
-8.275 0 0
-8.225 0 0
-8.175 0 0
-8.125 0 0
-8.075 0 0
-8.025 0 0
-7.975 0 0
-7.925 0 0
-7.875 0 0
-7.825 0 0
-7.775 0 0
-7.725 0 0
-7.675 0 0
-7.625 0 0
-7.575 0 0
-7.525 0 0
-7.475 0 0
-7.425 0 0
-7.375 0 0
-7.325 0 0
-7.275 0 0
-7.225 0 0
-7.175 0 0
-7.125 0 0
-7.075 0 0
-7.025 0 0
-6.975 0 0
-6.925 0 0
-6.875 0 0
-6.825 0 0
-6.775 0 0
-6.725 0 0
-6.675 0 0
-6.625 0 0
-6.575 0 0
-6.525 0 0
-6.475 0 0
-6.425 0 0
-6.375 0 0
-6.325 0 0
-6.275 0 0
-6.225 0 0
-6.175 0 0
-6.125 0 0
-6.075 0 0
-6.025 0 0
-5.975 0 0
-5.925 0 0
-5.875 0 0
-5.825 0 0
-5.775 0 0
-5.725 0 0
-5.675 0 0
-5.625 0 0
-5.575 0 0
-5.525 0 0
-5.475 0 0
-5.425 0 0
-5.375 0 0
-5.325 0 0
-5.275 0 0
-5.225 0 0
-5.175 0 0
-5.125 0 0
-5.075 0 0
-5.025 0 0
-4.975 0 0
-4.925 0 0
-4.875 0 0
-4.825 0 0
-4.775 0 0
-4.725 0 0
-4.675 0 0
-4.625 0 0
-4.575 0 0
-4.525 0 0
-4.475 0 0
-4.425 0 0
-4.375 0 0
-4.325 0 0
-4.275 0 0
-4.225 0 0
-4.175 0 0
-4.125 0 0
-4.075 0 0
-4.025 0 0
-3.975 0 0
-3.925 0 0
-3.875 0 0
-3.825 0 0
-3.775 0 0
-3.725 0 0
-3.675 0 0
-3.625 0 0
-3.575 0 0
-3.525 0 0
-3.475 0 0
-3.425 0 0
-3.375 0 0
-3.325 0 0
-3.275 0 0
-3.225 0 0
-3.175 0 0
-3.125 0 0
-3.075 0 0
-3.025 0 0
-2.975 0 0
-2.925 0 0
-2.875 0 0
-2.825 0 0
-2.775 0 0
-2.725 1.72414e-05 1.15659e-05
-2.675 8.62069e-06 8.40241e-06
-2.625 2.58621e-05 1.83886e-05
-2.575 3.44828e-05 3.36096e-05
-2.525 0.000172414 6.89655e-05
-2.475 0.000146552 4.44196e-05
-2.425 0.000206897 6.63289e-05
-2.375 0.000396552 7.11925e-05
-2.325 0.000663793 0.000102202
-2.275 0.000982759 8.45531e-05
-2.225 0.00214655 0.000172618
-2.175 0.00318103 0.000256739
-2.125 0.00499138 0.000271921
-2.075 0.00852586 0.000322205
-2.025 0.0123879 0.000574849
-1.975 0.016681 0.00051564
-1.925 0.0257931 0.000835576
-1.875 0.0357414 0.000820923
-1.825 0.0482414 0.000838878
-1.775 0.0637586 0.00120453
-1.725 0.0829914 0.00172074
-1.675 0.104164 0.00178655
-1.625 0.130302 0.00183521
-1.575 0.154259 0.00204995
-1.525 0.185578 0.00269728
-1.475 0.213707 0.00231207
-1.425 0.24494 0.00359158
-1.375 0.273836 0.00366903
-1.325 0.298948 0.00406004
-1.275 0.323647 0.00420248
-1.225 0.344922 0.00323588
-1.175 0.364302 0.00479125
-1.125 0.375845 0.00415424
-1.075 0.389103 0.00402136
-1.025 0.392974 0.0047741
-0.975 0.393724 0.00372903
-0.925 0.392129 0.00417888
-0.875 0.384871 0.004365
-0.825 0.375371 0.00419411
-0.775 0.369793 0.00499017
-0.725 0.353138 0.0040134
-0.675 0.337017 0.0039239
-0.625 0.327879 0.00470301
-0.575 0.307543 0.00350981
-0.525 0.296552 0.00381726
-0.475 0.28381 0.00359884
-0.425 0.272086 0.00350632
-0.375 0.263353 0.00314631
-0.325 0.251733 0.00301799
-0.275 0.243698 0.00184396
-0.225 0.233741 0.00239395
-0.175 0.224603 0.00181928
-0.125 0.222121 0.00191531
-0.075 0.216293 0.00201047
-0.025 0.217612 0.00184697
0.025 0.212578 0.00190611
0.075 0.215026 0.00231113
0.125 0.217612 0.00274158
0.175 0.221069 0.00237264
0.225 0.225431 0.00191943
0.275 0.233112 0.00214645
0.325 0.243586 0.00252245
0.375 0.254828 0.00273764
0.425 0.266241 0.00292109
0.475 0.280207 0.00229387
0.525 0.292948 0.0025081
0.575 0.308147 0.00275627
0.625 0.320879 0.00317868
0.675 0.338836 0.00305104
0.725 0.351302 0.00290548
0.775 0.364784 0.00327366
0.825 0.373681 0.00368777
0.875 0.381534 0.00426579
0.925 0.388647 0.00369982
0.975 0.389621 0.00390649
1.025 0.392698 0.00417724
1.075 0.384345 0.00468938
1.125 0.37831 0.00466201
1.175 0.35781 0.0042578
1.225 0.342491 0.0040929
1.275 0.319293 0.00403015
1.325 0.296845 0.00473027
1.375 0.27044 0.00338446
1.425 0.240552 0.00375436
1.475 0.208948 0.00311521
1.525 0.182621 0.0024681
1.575 0.150948 0.00244944
1.625 0.124647 0.00167953
1.675 0.10056 0.00181387
1.725 0.0812586 0.00129512
1.775 0.0610862 0.00131069
1.825 0.045681 0.00119274
1.875 0.0354138 0.000952218
1.925 0.0248966 0.000915532
1.975 0.0169741 0.000520889
2.025 0.0126293 0.000643946
2.075 0.00773276 0.000469377
2.125 0.00503448 0.000379819
2.175 0.00312931 0.00031798
2.225 0.00208621 0.000194262
2.275 0.00109483 0.000134259
2.325 0.000698276 9.55886e-05
2.375 0.000491379 0.000115835
2.425 0.00025 6.73021e-05
2.475 0.000206897 4.496e-05
2.525 3.44828e-05 1.96582e-05
2.575 1.72414e-05 1.15659e-05
2.625 8.62069e-06 8.40241e-06
2.675 0 0
2.725 8.62069e-06 8.40241e-06
2.775 0 0
2.825 0 0
2.875 0 0
2.925 0 0
2.975 0 0
3.025 0 0
3.075 0 0
3.125 0 0
3.175 0 0
3.225 0 0
3.275 0 0
3.325 0 0
3.375 0 0
3.425 0 0
3.475 0 0
3.525 0 0
3.575 0 0
3.625 0 0
3.675 0 0
3.725 0 0
3.775 0 0
3.825 0 0
3.875 0 0
3.925 0 0
3.975 0 0
4.025 0 0
4.075 0 0
4.125 0 0
4.175 0 0
4.225 0 0
4.275 0 0
4.325 0 0
4.375 0 0
4.425 0 0
4.475 0 0
4.525 0 0
4.575 0 0
4.625 0 0
4.675 0 0
4.725 0 0
4.775 0 0
4.825 0 0
4.875 0 0
4.925 0 0
4.975 0 0
5.025 0 0
5.075 0 0
5.125 0 0
5.175 0 0
5.225 0 0
5.275 0 0
5.325 0 0
5.375 0 0
5.425 0 0
5.475 0 0
5.525 0 0
5.575 0 0
5.625 0 0
5.675 0 0
5.725 0 0
5.775 0 0
5.825 0 0
5.875 0 0
5.925 0 0
5.975 0 0
6.025 0 0
6.075 0 0
6.125 0 0
6.175 0 0
6.225 0 0
6.275 0 0
6.325 0 0
6.375 0 0
6.425 0 0
6.475 0 0
6.525 0 0
6.575 0 0
6.625 0 0
6.675 0 0
6.725 0 0
6.775 0 0
6.825 0 0
6.875 0 0
6.925 0 0
6.975 0 0
7.025 0 0
7.075 0 0
7.125 0 0
7.175 0 0
7.225 0 0
7.275 0 0
7.325 0 0
7.375 0 0
7.425 0 0
7.475 0 0
7.525 0 0
7.575 0 0
7.625 0 0
7.675 0 0
7.725 0 0
7.775 0 0
7.825 0 0
7.875 0 0
7.925 0 0
7.975 0 0
8.025 0 0
8.075 0 0
8.125 0 0
8.175 0 0
8.225 0 0
8.275 0 0
8.325 0 0
8.375 0 0
8.425 0 0
8.475 0 0
8.525 0 0
8.575 0 0
8.625 0 0
8.675 0 0
8.725 0 0
8.775 0 0
8.825 0 0
8.875 0 0
8.925 0 0
8.975 0 0
9.025 0 0
9.075 0 0
9.125 0 0
9.175 0 0
9.225 0 0
9.275 0 0
9.325 0 0
9.375 0 0
9.425 0 0
9.475 0 0
9.525 0 0
9.575 0 0
9.625 0 0
9.675 0 0
9.725 0 0
9.775 0 0
9.825 0 0
9.875 0 0
9.925 0 0
9.975 0 0
