-4.9875 0 0
-4.9625 0 0
-4.9375 0 0
-4.9125 0 0
-4.8875 0 0
-4.8625 0 0
-4.8375 0 0
-4.8125 0 0
-4.7875 0 0
-4.7625 0 0
-4.7375 0 0
-4.7125 0 0
-4.6875 0 0
-4.6625 0 0
-4.6375 0 0
-4.6125 0 0
-4.5875 0 0
-4.5625 0 0
-4.5375 0 0
-4.5125 0 0
-4.4875 0 0
-4.4625 0 0
-4.4375 0 0
-4.4125 0 0
-4.3875 0 0
-4.3625 0 0
-4.3375 0 0
-4.3125 0 0
-4.2875 0 0
-4.2625 0 0
-4.2375 0 0
-4.2125 0 0
-4.1875 0 0
-4.1625 0 0
-4.1375 0 0
-4.1125 0 0
-4.0875 0 0
-4.0625 0 0
-4.0375 0 0
-4.0125 0 0
-3.9875 0 0
-3.9625 0 0
-3.9375 0 0
-3.9125 0 0
-3.8875 0 0
-3.8625 0 0
-3.8375 0 0
-3.8125 0 0
-3.7875 0 0
-3.7625 0 0
-3.7375 0 0
-3.7125 0 0
-3.6875 0 0
-3.6625 0 0
-3.6375 0 0
-3.6125 0 0
-3.5875 0 0
-3.5625 0 0
-3.5375 0 0
-3.5125 0 0
-3.4875 0 0
-3.4625 0 0
-3.4375 0 0
-3.4125 0 0
-3.3875 0 0
-3.3625 0 0
-3.3375 0 0
-3.3125 0 0
-3.2875 0 0
-3.2625 0 0
-3.2375 0 0
-3.2125 0 0
-3.1875 0 0
-3.1625 0 0
-3.1375 0 0
-3.1125 0 0
-3.0875 0 0
-3.0625 0 0
-3.0375 0 0
-3.0125 0 0
-2.9875 0 0
-2.9625 0 0
-2.9375 0 0
-2.9125 0 0
-2.8875 0 0
-2.8625 0 0
-2.8375 0 0
-2.8125 0 0
-2.7875 0 0
-2.7625 0 0
-2.7375 8.19672e-06 7.98918e-06
-2.7125 0 0
-2.6875 0 0
-2.6625 0 0
-2.6375 0 0
-2.6125 2.45902e-05 1.30891e-05
-2.5875 8.19672e-06 7.98918e-06
-2.5625 2.45902e-05 1.74842e-05
-2.5375 0 0
-2.5125 1.63934e-05 1.09971e-05
-2.4875 2.45902e-05 1.74842e-05
-2.4625 1.63934e-05 1.09971e-05
-2.4375 6.55738e-05 2.43154e-05
-2.4125 4.91803e-05 2.04097e-05
-2.3875 6.55738e-05 2.43154e-05
-2.3625 0.000147541 3.25813e-05
-2.3375 0.000155738 2.94968e-05
-2.3125 0.000254098 4.70509e-05
-2.2875 0.000303279 5.21958e-05
-2.2625 0.000459016 6.71931e-05
-2.2375 0.00054918 6.16391e-05
-2.2125 0.000680328 7.07724e-05
-2.1875 0.000967213 8.10606e-05
-2.1625 0.00148361 0.000106542
-2.1375 0.00165574 0.000114696
-2.1125 0.00206557 0.000116151
-2.0875 0.0027541 0.000170995
-2.0625 0.00355738 0.000174303
-2.0375 0.0042623 0.000220551
-2.0125 0.00546721 0.00022185
-1.9875 0.00679508 0.000223118
-1.9625 0.00831148 0.000329525
-1.9375 0.0102869 0.000402871
-1.9125 0.0119508 0.000336146
-1.8875 0.0148115 0.00033139
-1.8625 0.0177049 0.000587768
-1.8375 0.0207213 0.000625362
-1.8125 0.0252951 0.000706831
-1.7875 0.0285328 0.000502543
-1.7625 0.0342951 0.000819393
-1.7375 0.038959 0.000893726
-1.7125 0.0455328 0.000568107
-1.6875 0.0510246 0.000696179
-1.6625 0.0601967 0.00105509
-1.6375 0.0681721 0.000991246
-1.6125 0.0781885 0.00132155
-1.5875 0.085377 0.0012066
-1.5625 0.0964754 0.00136152
-1.5375 0.106426 0.00153979
-1.5125 0.119 0.00166391
-1.4875 0.131902 0.00178874
-1.4625 0.141926 0.00230221
-1.4375 0.15618 0.00154478
-1.4125 0.166943 0.00182326
-1.3875 0.18227 0.00237233
-1.3625 0.194746 0.00244873
-1.3375 0.207361 0.00232778
-1.3125 0.223762 0.00232551
-1.2875 0.236623 0.00228409
-1.2625 0.247148 0.00317573
-1.2375 0.260623 0.00250374
-1.2125 0.27077 0.00326374
-1.1875 0.283107 0.00308623
-1.1625 0.293811 0.00258528
-1.1375 0.307967 0.00311511
-1.1125 0.321098 0.00184151
-1.0875 0.32923 0.00268975
-1.0625 0.337762 0.00303459
-1.0375 0.345008 0.00258147
-1.0125 0.356 0.0026034
-0.9875 0.366459 0.00263844
-0.9625 0.3685 0.00203319
-0.9375 0.373525 0.00226148
-0.9125 0.378582 0.00308215
-0.8875 0.385246 0.00275537
-0.8625 0.385049 0.00295686
-0.8375 0.390557 0.0022291
-0.8125 0.39068 0.00241928
-0.7875 0.388164 0.00206035
-0.7625 0.387533 0.00275433
-0.7375 0.392148 0.00288308
-0.7125 0.386893 0.00283145
-0.6875 0.381393 0.00297801
-0.6625 0.383648 0.00283843
-0.6375 0.380402 0.00277629
-0.6125 0.375098 0.0028513
-0.5875 0.366713 0.00280164
-0.5625 0.368082 0.00340643
-0.5375 0.360844 0.00272531
-0.5125 0.359549 0.00305721
-0.4875 0.354451 0.00304332
-0.4625 0.348623 0.00197629
-0.4375 0.342959 0.0030067
-0.4125 0.340541 0.00297967
-0.3875 0.337352 0.00247908
-0.3625 0.332262 0.00249225
-0.3375 0.330975 0.00237743
-0.3125 0.329074 0.00262933
-0.2875 0.32177 0.00282649
-0.2625 0.318787 0.00201827
-0.2375 0.316443 0.00181524
-0.2125 0.314361 0.00228765
-0.1875 0.314098 0.0014395
-0.1625 0.308738 0.00219593
-0.1375 0.305738 0.00228687
-0.1125 0.303885 0.00206815
-0.0875 0.307402 0.00188942
-0.0625 0.303426 0.00208477
-0.0375 0.30377 0.00269349
-0.0125 0.302664 0.00219638
0.0125 0.305025 0.00185638
0.0375 0.302738 0.0020757
0.0625 0.302885 0.00174917
0.0875 0.306393 0.00165102
0.1125 0.305074 0.0027171
0.1375 0.30623 0.00238315
0.1625 0.308148 0.00203586
0.1875 0.310107 0.00271714
0.2125 0.312607 0.00208245
0.2375 0.315016 0.00249933
0.2625 0.31841 0.00210667
0.2875 0.321279 0.00285657
0.3125 0.324721 0.00230579
0.3375 0.329664 0.00231611
0.3625 0.332844 0.00236683
0.3875 0.338566 0.00251461
0.4125 0.34159 0.00237451
0.4375 0.343992 0.00208877
0.4625 0.349246 0.00241054
0.4875 0.351852 0.00199496
0.5125 0.360189 0.00234166
0.5375 0.36273 0.00217358
0.5625 0.361574 0.00254134
0.5875 0.369828 0.00224864
0.6125 0.373762 0.00306098
0.6375 0.378656 0.00214249
0.6625 0.383008 0.00288271
0.6875 0.380828 0.0029792
0.7125 0.388418 0.00254466
0.7375 0.390975 0.00285889
0.7625 0.391344 0.00224424
0.7875 0.394975 0.00309214
0.8125 0.390975 0.00330387
0.8375 0.391852 0.00205478
0.8625 0.389672 0.0031979
0.8875 0.385811 0.00364219
0.9125 0.38427 0.00388117
0.9375 0.37773 0.00349087
0.9625 0.377369 0.0034299
0.9875 0.367352 0.00380821
1.0125 0.360664 0.00349022
1.0375 0.351295 0.00388787
1.0625 0.350246 0.00422476
1.0875 0.335467 0.00391262
1.1125 0.328885 0.00323746
1.1375 0.316393 0.00345149
1.1625 0.303434 0.00273534
1.1875 0.288713 0.00279306
1.2125 0.281254 0.00302827
1.2375 0.263426 0.00240249
1.2625 0.250902 0.00220735
1.2875 0.238721 0.00226454
1.3125 0.224262 0.00192827
1.3375 0.210656 0.00150262
1.3625 0.196836 0.00209108
1.3875 0.182041 0.00189138
1.4125 0.16959 0.00134339
1.4375 0.157221 0.00182511
1.4625 0.142689 0.00174255
1.4875 0.12991 0.00183875
1.5125 0.117672 0.00186754
1.5375 0.107131 0.00143386
1.5625 0.0957951 0.00136565
1.5875 0.0854262 0.00115768
1.6125 0.0765984 0.00125669
1.6375 0.0661066 0.00113582
1.6625 0.0592623 0.00111623
1.6875 0.0519098 0.000858919
1.7125 0.0449918 0.00108868
1.7375 0.0389262 0.000629973
1.7625 0.0324836 0.000711112
1.7875 0.0283033 0.000568036
1.8125 0.0243525 0.000673975
1.8375 0.020582 0.000555261
1.8625 0.0162951 0.00035072
1.8875 0.0139098 0.000443574
1.9125 0.0113607 0.000432349
1.9375 0.0092459 0.00034395
1.9625 0.00780328 0.000414141
1.9875 0.0059918 0.00022994
2.0125 0.00505738 0.000290787
2.0375 0.00403279 0.000190616
2.0625 0.00328689 0.000181618
2.0875 0.00222131 0.000146387
2.1125 0.00190984 0.000155641
2.1375 0.00131967 0.000129848
2.1625 0.00097541 0.000129329
2.1875 0.00092623 9.22086e-05
2.2125 0.000491803 4.77947e-05
2.2375 0.000532787 6.74675e-05
2.2625 0.000262295 3.73828e-05
2.2875 0.000270492 4.2235e-05
2.3125 9.01639e-05 2.71236e-05
2.3375 0.000122951 3.25297e-05
2.3625 0.000114754 3.29912e-05
2.3875 8.19672e-05 2.45902e-05
2.4125 1.63934e-05 1.09971e-05
2.4375 8.19672e-06 7.98918e-06
2.4625 3.27869e-05 1.86914e-05
2.4875 1.63934e-05 1.09971e-05
2.5125 0 0
2.5375 8.19672e-06 7.98918e-06
2.5625 8.19672e-06 7.98918e-06
2.5875 0 0
2.6125 0 0
2.6375 8.19672e-06 7.98918e-06
2.6625 0 0
2.6875 0 0
2.7125 0 0
2.7375 0 0
2.7625 0 0
2.7875 0 0
2.8125 0 0
2.8375 0 0
2.8625 0 0
2.8875 0 0
2.9125 0 0
2.9375 0 0
2.9625 0 0
2.9875 0 0
3.0125 0 0
3.0375 0 0
3.0625 0 0
3.0875 0 0
3.1125 0 0
3.1375 0 0
3.1625 0 0
3.1875 0 0
3.2125 0 0
3.2375 0 0
3.2625 0 0
3.2875 0 0
3.3125 0 0
3.3375 0 0
3.3625 0 0
3.3875 0 0
3.4125 0 0
3.4375 0 0
3.4625 0 0
3.4875 0 0
3.5125 0 0
3.5375 0 0
3.5625 0 0
3.5875 0 0
3.6125 0 0
3.6375 0 0
3.6625 0 0
3.6875 0 0
3.7125 0 0
3.7375 0 0
3.7625 0 0
3.7875 0 0
3.8125 0 0
3.8375 0 0
3.8625 0 0
3.8875 0 0
3.9125 0 0
3.9375 0 0
3.9625 0 0
3.9875 0 0
4.0125 0 0
4.0375 0 0
4.0625 0 0
4.0875 0 0
4.1125 0 0
4.1375 0 0
4.1625 0 0
4.1875 0 0
4.2125 0 0
4.2375 0 0
4.2625 0 0
4.2875 0 0
4.3125 0 0
4.3375 0 0
4.3625 0 0
4.3875 0 0
4.4125 0 0
4.4375 0 0
4.4625 0 0
4.4875 0 0
4.5125 0 0
4.5375 0 0
4.5625 0 0
4.5875 0 0
4.6125 0 0
4.6375 0 0
4.6625 0 0
4.6875 0 0
4.7125 0 0
4.7375 0 0
4.7625 0 0
4.7875 0 0
4.8125 0 0
4.8375 0 0
4.8625 0 0
4.8875 0 0
4.9125 0 0
4.9375 0 0
4.9625 0 0
4.9875 0 0
