-9.975 0 0
-9.925 0 0
-9.875 0 0
-9.825 0 0
-9.775 0 0
-9.725 0 0
-9.675 0 0
-9.625 0 0
-9.575 0 0
-9.525 0 0
-9.475 0 0
-9.425 0 0
-9.375 0 0
-9.325 0 0
-9.275 0 0
-9.225 0 0
-9.175 0 0
-9.125 0 0
-9.075 0 0
-9.025 0 0
-8.975 0 0
-8.925 0 0
-8.875 0 0
-8.825 0 0
-8.775 0 0
-8.725 0 0
-8.675 0 0
-8.625 0 0
-8.575 0 0
-8.525 0 0
-8.475 0 0
-8.425 0 0
-8.375 0 0
-8.325 0 0
-8.275 0 0
-8.225 0 0
-8.175 0 0
-8.125 0 0
-8.075 0 0
-8.025 0 0
-7.975 0 0
-7.925 0 0
-7.875 0 0
-7.825 0 0
-7.775 0 0
-7.725 0 0
-7.675 0 0
-7.625 0 0
-7.575 0 0
-7.525 0 0
-7.475 0 0
-7.425 0 0
-7.375 0 0
-7.325 0 0
-7.275 0 0
-7.225 0 0
-7.175 0 0
-7.125 0 0
-7.075 0 0
-7.025 0 0
-6.975 0 0
-6.925 0 0
-6.875 0 0
-6.825 0 0
-6.775 0 0
-6.725 0 0
-6.675 0 0
-6.625 0 0
-6.575 0 0
-6.525 0 0
-6.475 0 0
-6.425 0 0
-6.375 0 0
-6.325 0 0
-6.275 0 0
-6.225 0 0
-6.175 0 0
-6.125 0 0
-6.075 0 0
-6.025 0 0
-5.975 0 0
-5.925 0 0
-5.875 0 0
-5.825 0 0
-5.775 0 0
-5.725 0 0
-5.675 0 0
-5.625 0 0
-5.575 0 0
-5.525 0 0
-5.475 0 0
-5.425 0 0
-5.375 0 0
-5.325 0 0
-5.275 0 0
-5.225 0 0
-5.175 0 0
-5.125 0 0
-5.075 0 0
-5.025 0 0
-4.975 0 0
-4.925 0 0
-4.875 0 0
-4.825 0 0
-4.775 0 0
-4.725 0 0
-4.675 0 0
-4.625 0 0
-4.575 0 0
-4.525 0 0
-4.475 0 0
-4.425 0 0
-4.375 0 0
-4.325 0 0
-4.275 0 0
-4.225 0 0
-4.175 0 0
-4.125 0 0
-4.075 0 0
-4.025 0 0
-3.975 0 0
-3.925 0 0
-3.875 0 0
-3.825 0 0
-3.775 0 0
-3.725 0 0
-3.675 0 0
-3.625 0 0
-3.575 0 0
-3.525 0 0
-3.475 0 0
-3.425 0 0
-3.375 0 0
-3.325 0 0
-3.275 0 0
-3.225 0 0
-3.175 0 0
-3.125 0 0
-3.075 0 0
-3.025 0 0
-2.975 0 0
-2.925 0 0
-2.875 0 0
-2.825 0 0
-2.775 4.31034e-05 2.69181e-05
-2.725 2.58621e-05 2.52072e-05
-2.675 4.31034e-05 1.66939e-05
-2.625 6.89655e-05 3.93164e-05
-2.575 0.000155172 3.83596e-05
-2.525 0.000232759 4.76483e-05
-2.475 0.000362069 6.88577e-05
-2.425 0.000491379 8.20326e-05
-2.375 0.00131897 0.000175944
-2.325 0.00168103 0.000206132
-2.275 0.00317241 0.000290659
-2.225 0.00503448 0.000307361
-2.175 0.00715517 0.000391364
-2.125 0.0107759 0.000420651
-2.075 0.0156724 0.000704147
-2.025 0.0215259 0.000610705
-1.975 0.0296552 0.000875244
-1.925 0.0407931 0.00106467
-1.875 0.0542414 0.00114304
-1.825 0.0700431 0.00152339
-1.775 0.0903707 0.0017431
-1.725 0.112862 0.00226353
-1.675 0.137397 0.00229372
-1.625 0.161276 0.00249995
-1.575 0.188629 0.00235041
-1.525 0.211052 0.00269936
-1.475 0.24094 0.00299106
-1.425 0.265302 0.00313015
-1.375 0.286534 0.00286643
-1.325 0.308672 0.00381475
-1.275 0.326862 0.00361141
-1.225 0.337129 0.00370754
-1.175 0.346672 0.00325951
-1.125 0.352759 0.00302059
-1.075 0.358086 0.00409948
-1.025 0.354853 0.00460886
-0.975 0.356457 0.00365421
-0.925 0.353784 0.00487648
-0.875 0.348534 0.00422517
-0.825 0.341224 0.00444791
-0.775 0.331914 0.004408
-0.725 0.319853 0.00410745
-0.675 0.309095 0.00332059
-0.625 0.300888 0.00335163
-0.575 0.292845 0.00356304
-0.525 0.28519 0.00465911
-0.475 0.276138 0.00298269
-0.425 0.266897 0.00302128
-0.375 0.258078 0.00315558
-0.325 0.249509 0.00258495
-0.275 0.24331 0.00289436
-0.225 0.238871 0.00243294
-0.175 0.22944 0.00250899
-0.125 0.230103 0.00216077
-0.075 0.228086 0.00267113
-0.025 0.226388 0.00241159
0.025 0.223655 0.00225854
0.075 0.227138 0.00174502
0.125 0.228595 0.00211677
0.175 0.231276 0.00255575
0.225 0.236716 0.00217592
0.275 0.239397 0.00277068
0.325 0.246922 0.00235215
0.375 0.252388 0.00259396
0.425 0.264121 0.00268487
0.475 0.270991 0.00276964
0.525 0.280819 0.0034592
0.575 0.290664 0.00266342
0.625 0.30344 0.00243377
0.675 0.313069 0.00236956
0.725 0.326664 0.00286656
0.775 0.335922 0.00309744
0.825 0.341155 0.00280511
0.875 0.351422 0.0033587
0.925 0.355336 0.00256811
0.975 0.358483 0.00337157
1.025 0.363198 0.00358684
1.075 0.357259 0.00376711
1.125 0.354069 0.0043153
1.175 0.345086 0.004143
1.225 0.332905 0.00356778
1.275 0.318707 0.00448083
1.325 0.301534 0.00461156
1.375 0.278991 0.00424735
1.425 0.258233 0.00344208
1.475 0.233026 0.00335916
1.525 0.21094 0.00276807
1.575 0.186216 0.0032473
1.625 0.155621 0.00262073
1.675 0.134138 0.00285528
1.725 0.110776 0.00233792
1.775 0.0896552 0.00204657
1.825 0.0699052 0.00206063
1.875 0.0548448 0.00174462
1.925 0.0412586 0.0016234
1.975 0.0309052 0.00136598
2.025 0.0221897 0.00120505
2.075 0.0151897 0.000849556
2.125 0.0102931 0.000665761
2.175 0.00697414 0.000491527
2.225 0.00455172 0.000439131
2.275 0.00311207 0.000347933
2.325 0.00175 0.000232367
2.375 0.00100862 0.000166839
2.425 0.000568966 0.000123188
2.475 0.000232759 5.06718e-05
2.525 8.62069e-05 2.85916e-05
2.575 1.72414e-05 1.68048e-05
2.625 6.03448e-05 3.71291e-05
2.675 2.58621e-05 1.83886e-05
2.725 8.62069e-06 8.40241e-06
2.775 0 0
2.825 0 0
2.875 0 0
2.925 0 0
2.975 0 0
3.025 0 0
3.075 0 0
3.125 0 0
3.175 0 0
3.225 0 0
3.275 0 0
3.325 0 0
3.375 0 0
3.425 0 0
3.475 0 0
3.525 0 0
3.575 0 0
3.625 0 0
3.675 0 0
3.725 0 0
3.775 0 0
3.825 0 0
3.875 0 0
3.925 0 0
3.975 0 0
4.025 0 0
4.075 0 0
4.125 0 0
4.175 0 0
4.225 0 0
4.275 0 0
4.325 0 0
4.375 0 0
4.425 0 0
4.475 0 0
4.525 0 0
4.575 0 0
4.625 0 0
4.675 0 0
4.725 0 0
4.775 0 0
4.825 0 0
4.875 0 0
4.925 0 0
4.975 0 0
5.025 0 0
5.075 0 0
5.125 0 0
5.175 0 0
5.225 0 0
5.275 0 0
5.325 0 0
5.375 0 0
5.425 0 0
5.475 0 0
5.525 0 0
5.575 0 0
5.625 0 0
5.675 0 0
5.725 0 0
5.775 0 0
5.825 0 0
5.875 0 0
5.925 0 0
5.975 0 0
6.025 0 0
6.075 0 0
6.125 0 0
6.175 0 0
6.225 0 0
6.275 0 0
6.325 0 0
6.375 0 0
6.425 0 0
6.475 0 0
6.525 0 0
6.575 0 0
6.625 0 0
6.675 0 0
6.725 0 0
6.775 0 0
6.825 0 0
6.875 0 0
6.925 0 0
6.975 0 0
7.025 0 0
7.075 0 0
7.125 0 0
7.175 0 0
7.225 0 0
7.275 0 0
7.325 0 0
7.375 0 0
7.425 0 0
7.475 0 0
7.525 0 0
7.575 0 0
7.625 0 0
7.675 0 0
7.725 0 0
7.775 0 0
7.825 0 0
7.875 0 0
7.925 0 0
7.975 0 0
8.025 0 0
8.075 0 0
8.125 0 0
8.175 0 0
8.225 0 0
8.275 0 0
8.325 0 0
8.375 0 0
8.425 0 0
8.475 0 0
8.525 0 0
8.575 0 0
8.625 0 0
8.675 0 0
8.725 0 0
8.775 0 0
8.825 0 0
8.875 0 0
8.925 0 0
8.975 0 0
9.025 0 0
9.075 0 0
9.125 0 0
9.175 0 0
9.225 0 0
9.275 0 0
9.325 0 0
9.375 0 0
9.425 0 0
9.475 0 0
9.525 0 0
9.575 0 0
9.625 0 0
9.675 0 0
9.725 0 0
9.775 0 0
9.825 0 0
9.875 0 0
9.925 0 0
9.975 0 0
