-4.9875 0 0
-4.9625 0 0
-4.9375 0 0
-4.9125 0 0
-4.8875 0 0
-4.8625 0 0
-4.8375 0 0
-4.8125 0 0
-4.7875 0 0
-4.7625 0 0
-4.7375 0 0
-4.7125 0 0
-4.6875 0 0
-4.6625 0 0
-4.6375 0 0
-4.6125 0 0
-4.5875 0 0
-4.5625 0 0
-4.5375 0 0
-4.5125 0 0
-4.4875 0 0
-4.4625 0 0
-4.4375 0 0
-4.4125 0 0
-4.3875 0 0
-4.3625 0 0
-4.3375 0 0
-4.3125 0 0
-4.2875 0 0
-4.2625 0 0
-4.2375 0 0
-4.2125 0 0
-4.1875 0 0
-4.1625 0 0
-4.1375 0 0
-4.1125 0 0
-4.0875 0 0
-4.0625 0 0
-4.0375 0 0
-4.0125 0 0
-3.9875 0 0
-3.9625 0 0
-3.9375 0 0
-3.9125 0 0
-3.8875 0 0
-3.8625 0 0
-3.8375 0 0
-3.8125 0 0
-3.7875 0 0
-3.7625 0 0
-3.7375 0 0
-3.7125 0 0
-3.6875 0 0
-3.6625 0 0
-3.6375 0 0
-3.6125 0 0
-3.5875 0 0
-3.5625 0 0
-3.5375 0 0
-3.5125 0 0
-3.4875 0 0
-3.4625 0 0
-3.4375 0 0
-3.4125 0 0
-3.3875 0 0
-3.3625 0 0
-3.3375 0 0
-3.3125 0 0
-3.2875 0 0
-3.2625 0 0
-3.2375 0 0
-3.2125 0 0
-3.1875 0 0
-3.1625 0 0
-3.1375 0 0
-3.1125 0 0
-3.0875 0 0
-3.0625 0 0
-3.0375 0 0
-3.0125 0 0
-2.9875 0 0
-2.9625 0 0
-2.9375 0 0
-2.9125 0 0
-2.8875 0 0
-2.8625 0 0
-2.8375 0 0
-2.8125 0 0
-2.7875 0 0
-2.7625 0 0
-2.7375 0 0
-2.7125 0 0
-2.6875 0 0
-2.6625 0 0
-2.6375 0 0
-2.6125 0 0
-2.5875 0 0
-2.5625 0 0
-2.5375 8.19672e-06 7.98918e-06
-2.5125 0 0
-2.4875 4.91803e-05 4.03225e-05
-2.4625 3.27869e-05 3.19567e-05
-2.4375 7.37705e-05 6.39922e-05
-2.4125 4.91803e-05 4.03225e-05
-2.3875 6.55738e-05 4.97238e-05
-2.3625 4.91803e-05 3.29912e-05
-2.3375 8.19672e-05 3.57287e-05
-2.3125 0.000147541 5.29942e-05
-2.2875 0.000204918 4.76186e-05
-2.2625 0.000385246 0.000118371
-2.2375 0.000581967 0.00013542
-2.2125 0.000737705 0.000159152
-2.1875 0.00095082 0.000125707
-2.1625 0.00129508 0.000192544
-2.1375 0.00177869 0.000178182
-2.1125 0.00210656 0.000242954
-2.0875 0.00257377 0.000269397
-2.0625 0.00336066 0.000334864
-2.0375 0.00418033 0.000373558
-2.0125 0.0052459 0.000363069
-1.9875 0.00617213 0.00038712
-1.9625 0.00770492 0.000450894
-1.9375 0.0089918 0.000518312
-1.9125 0.0117213 0.000615409
-1.8875 0.0143443 0.000853207
-1.8625 0.0172377 0.00104766
-1.8375 0.0200492 0.000798421
-1.8125 0.0235246 0.00108374
-1.7875 0.0287131 0.00128546
-1.7625 0.0337951 0.00149285
-1.7375 0.0399098 0.0014333
-1.7125 0.046123 0.00139326
-1.6875 0.0533689 0.00152756
-1.6625 0.0609508 0.00163728
-1.6375 0.068918 0.00200394
-1.6125 0.0782131 0.00218347
-1.5875 0.0864672 0.00219184
-1.5625 0.0962705 0.00266873
-1.5375 0.10627 0.00299771
-1.5125 0.116631 0.00289655
-1.4875 0.130484 0.00328351
-1.4625 0.143689 0.00374136
-1.4375 0.154213 0.00333096
-1.4125 0.167025 0.00370224
-1.3875 0.183254 0.00391608
-1.3625 0.194959 0.00335573
-1.3375 0.21032 0.00389539
-1.3125 0.223262 0.00436461
-1.2875 0.236959 0.00380516
-1.2625 0.251311 0.00396984
-1.2375 0.262303 0.00437813
-1.2125 0.279189 0.00514341
-1.1875 0.289303 0.00561985
-1.1625 0.301828 0.00536899
-1.1375 0.3165 0.00571756
-1.1125 0.326582 0.00529429
-1.0875 0.335148 0.00479284
-1.0625 0.344361 0.00504762
-1.0375 0.352508 0.00482962
-1.0125 0.360836 0.00522133
-0.9875 0.36677 0.00465642
-0.9625 0.373779 0.00540409
-0.9375 0.376828 0.0052681
-0.9125 0.383377 0.00473257
-0.8875 0.382041 0.00542153
-0.8625 0.38527 0.00511317
-0.8375 0.386238 0.00575296
-0.8125 0.386828 0.00559639
-0.7875 0.388221 0.00588713
-0.7625 0.386525 0.00547542
-0.7375 0.392451 0.00512425
-0.7125 0.385861 0.00559584
-0.6875 0.384943 0.00575407
-0.6625 0.383475 0.00528127
-0.6375 0.378492 0.00538115
-0.6125 0.375025 0.00423658
-0.5875 0.368656 0.00519385
-0.5625 0.368443 0.00464995
-0.5375 0.361762 0.00299724
-0.5125 0.360361 0.00356723
-0.4875 0.356803 0.00359631
-0.4625 0.354205 0.00348574
-0.4375 0.353508 0.00309965
-0.4125 0.346844 0.00330678
-0.3875 0.342 0.00311882
-0.3625 0.339631 0.00322393
-0.3375 0.340344 0.00305211
-0.3125 0.335902 0.00228972
-0.2875 0.328451 0.00263964
-0.2625 0.32232 0.00241569
-0.2375 0.323762 0.00340203
-0.2125 0.317123 0.00292287
-0.1875 0.314639 0.00320786
-0.1625 0.309328 0.00280907
-0.1375 0.307156 0.00265263
-0.1125 0.303123 0.00306604
-0.0875 0.300926 0.00324065
-0.0625 0.301574 0.00305986
-0.0375 0.297656 0.00333418
-0.0125 0.300705 0.00313188
0.0125 0.304459 0.00320041
0.0375 0.299352 0.0030642
0.0625 0.302631 0.00288768
0.0875 0.303541 0.00260319
0.1125 0.302459 0.00252959
0.1375 0.302779 0.00341052
0.1625 0.305336 0.00334803
0.1875 0.314033 0.00327611
0.2125 0.314123 0.00331016
0.2375 0.317115 0.00331605
0.2625 0.320484 0.00336448
0.2875 0.324385 0.00311285
0.3125 0.322746 0.00290356
0.3375 0.330893 0.00273177
0.3625 0.335107 0.00280513
0.3875 0.33641 0.00263129
0.4125 0.340648 0.00365117
0.4375 0.348697 0.00288798
0.4625 0.353066 0.00308214
0.4875 0.355541 0.00386259
0.5125 0.359984 0.00431599
0.5375 0.36523 0.00471549
0.5625 0.367459 0.00409159
0.5875 0.369656 0.00460552
0.6125 0.376787 0.0056217
0.6375 0.380803 0.00457306
0.6625 0.382426 0.00473107
0.6875 0.388508 0.00456949
0.7125 0.387992 0.00508015
0.7375 0.391484 0.00517409
0.7625 0.389574 0.00504876
0.7875 0.390951 0.00554379
0.8125 0.394213 0.00552302
0.8375 0.389672 0.00570598
0.8625 0.386369 0.00610421
0.8875 0.384164 0.0049676
0.9125 0.380148 0.00610248
0.9375 0.375664 0.00600673
0.9625 0.372008 0.00613173
0.9875 0.365426 0.00517925
1.0125 0.356623 0.00524283
1.0375 0.347172 0.00535317
1.0625 0.340459 0.00567044
1.0875 0.332631 0.00522313
1.1125 0.318148 0.00479614
1.1375 0.311475 0.00547208
1.1625 0.298254 0.00451655
1.1875 0.28691 0.00496157
1.2125 0.273139 0.00422967
1.2375 0.260689 0.00397644
1.2625 0.249098 0.00378695
1.2875 0.233541 0.00410323
1.3125 0.221344 0.00384517
1.3375 0.208041 0.00391566
1.3625 0.193311 0.00442587
1.3875 0.178238 0.00382454
1.4125 0.164533 0.0040218
1.4375 0.149566 0.00357939
1.4625 0.138902 0.00327781
1.4875 0.125311 0.00299481
1.5125 0.115066 0.00285159
1.5375 0.102197 0.00225213
1.5625 0.0932951 0.0027578
1.5875 0.0810164 0.00242888
1.6125 0.0733033 0.00215642
1.6375 0.063959 0.0016332
1.6625 0.0563279 0.00158841
1.6875 0.0483934 0.00161613
1.7125 0.0431393 0.00105469
1.7375 0.0364754 0.000928403
1.7625 0.0320328 0.00125746
1.7875 0.0260656 0.000896708
1.8125 0.021877 0.0011434
1.8375 0.0193934 0.000895366
1.8625 0.0165574 0.000879077
1.8875 0.0132705 0.000625048
1.9125 0.010959 0.000682573
1.9375 0.00886066 0.000600376
1.9625 0.00731967 0.000509949
1.9875 0.00582787 0.000511422
2.0125 0.00447541 0.000465138
2.0375 0.00332787 0.0004004
2.0625 0.00286885 0.000363717
2.0875 0.0022459 0.000315142
2.1125 0.00156557 0.000190642
2.1375 0.00133607 0.000224559
2.1625 0.00092623 0.000143513
2.1875 0.000901639 0.000152247
2.2125 0.000721311 0.000142632
2.2375 0.000508197 8.43108e-05
2.2625 0.0005 9.59227e-05
2.2875 0.000229508 5.95603e-05
2.3125 0.000237705 5.96449e-05
2.3375 0.000114754 4.03225e-05
2.3625 9.83607e-05 3.15334e-05
2.3875 4.09836e-05 2.55943e-05
2.4125 3.27869e-05 2.48619e-05
2.4375 3.27869e-05 3.19567e-05
2.4625 0 0
2.4875 8.19672e-06 7.98918e-06
2.5125 8.19672e-06 7.98918e-06
2.5375 1.63934e-05 1.59784e-05
2.5625 8.19672e-06 7.98918e-06
2.5875 8.19672e-06 7.98918e-06
2.6125 8.19672e-06 7.98918e-06
2.6375 2.45902e-05 2.39675e-05
2.6625 0 0
2.6875 0 0
2.7125 0 0
2.7375 0 0
2.7625 0 0
2.7875 0 0
2.8125 0 0
2.8375 0 0
2.8625 0 0
2.8875 0 0
2.9125 0 0
2.9375 0 0
2.9625 0 0
2.9875 0 0
3.0125 0 0
3.0375 0 0
3.0625 0 0
3.0875 0 0
3.1125 0 0
3.1375 0 0
3.1625 0 0
3.1875 0 0
3.2125 0 0
3.2375 0 0
3.2625 0 0
3.2875 0 0
3.3125 0 0
3.3375 0 0
3.3625 0 0
3.3875 0 0
3.4125 0 0
3.4375 0 0
3.4625 0 0
3.4875 0 0
3.5125 0 0
3.5375 0 0
3.5625 0 0
3.5875 0 0
3.6125 0 0
3.6375 0 0
3.6625 0 0
3.6875 0 0
3.7125 0 0
3.7375 0 0
3.7625 0 0
3.7875 0 0
3.8125 0 0
3.8375 0 0
3.8625 0 0
3.8875 0 0
3.9125 0 0
3.9375 0 0
3.9625 0 0
3.9875 0 0
4.0125 0 0
4.0375 0 0
4.0625 0 0
4.0875 0 0
4.1125 0 0
4.1375 0 0
4.1625 0 0
4.1875 0 0
4.2125 0 0
4.2375 0 0
4.2625 0 0
4.2875 0 0
4.3125 0 0
4.3375 0 0
4.3625 0 0
4.3875 0 0
4.4125 0 0
4.4375 0 0
4.4625 0 0
4.4875 0 0
4.5125 0 0
4.5375 0 0
4.5625 0 0
4.5875 0 0
4.6125 0 0
4.6375 0 0
4.6625 0 0
4.6875 0 0
4.7125 0 0
4.7375 0 0
4.7625 0 0
4.7875 0 0
4.8125 0 0
4.8375 0 0
4.8625 0 0
4.8875 0 0
4.9125 0 0
4.9375 0 0
4.9625 0 0
4.9875 0 0
