-4.9875 0 0
-4.9625 0 0
-4.9375 0 0
-4.9125 0 0
-4.8875 0 0
-4.8625 0 0
-4.8375 0 0
-4.8125 0 0
-4.7875 0 0
-4.7625 0 0
-4.7375 0 0
-4.7125 0 0
-4.6875 0 0
-4.6625 0 0
-4.6375 0 0
-4.6125 0 0
-4.5875 0 0
-4.5625 0 0
-4.5375 0 0
-4.5125 0 0
-4.4875 0 0
-4.4625 0 0
-4.4375 0 0
-4.4125 0 0
-4.3875 0 0
-4.3625 0 0
-4.3375 0 0
-4.3125 0 0
-4.2875 0 0
-4.2625 0 0
-4.2375 0 0
-4.2125 0 0
-4.1875 0 0
-4.1625 0 0
-4.1375 0 0
-4.1125 0 0
-4.0875 0 0
-4.0625 0 0
-4.0375 0 0
-4.0125 0 0
-3.9875 0 0
-3.9625 0 0
-3.9375 0 0
-3.9125 0 0
-3.8875 0 0
-3.8625 0 0
-3.8375 0 0
-3.8125 0 0
-3.7875 0 0
-3.7625 0 0
-3.7375 0 0
-3.7125 0 0
-3.6875 0 0
-3.6625 0 0
-3.6375 0 0
-3.6125 0 0
-3.5875 0 0
-3.5625 0 0
-3.5375 0 0
-3.5125 0 0
-3.4875 0 0
-3.4625 0 0
-3.4375 0 0
-3.4125 0 0
-3.3875 0 0
-3.3625 0 0
-3.3375 0 0
-3.3125 0 0
-3.2875 0 0
-3.2625 0 0
-3.2375 0 0
-3.2125 0 0
-3.1875 0 0
-3.1625 0 0
-3.1375 0 0
-3.1125 0 0
-3.0875 0 0
-3.0625 0 0
-3.0375 0 0
-3.0125 0 0
-2.9875 0 0
-2.9625 0 0
-2.9375 0 0
-2.9125 0 0
-2.8875 0 0
-2.8625 0 0
-2.8375 0 0
-2.8125 0 0
-2.7875 0 0
-2.7625 0 0
-2.7375 0 0
-2.7125 0 0
-2.6875 0 0
-2.6625 0 0
-2.6375 0 0
-2.6125 0 0
-2.5875 0 0
-2.5625 8.19672e-06 7.98918e-06
-2.5375 8.19672e-06 7.98918e-06
-2.5125 0 0
-2.4875 1.63934e-05 1.09971e-05
-2.4625 3.27869e-05 1.46627e-05
-2.4375 4.09836e-05 1.58729e-05
-2.4125 7.37705e-05 2.45218e-05
-2.3875 0.000122951 3.99459e-05
-2.3625 0.000106557 3.1266e-05
-2.3375 0.000139344 3.33456e-05
-2.3125 0.000172131 4.2552e-05
-2.2875 0.000319672 6.18567e-05
-2.2625 0.000377049 6.46451e-05
-2.2375 0.000647541 8.86422e-05
-2.2125 0.000680328 8.38112e-05
-2.1875 0.000885246 0.000107749
-2.1625 0.00110656 0.000154166
-2.1375 0.00178689 0.000134636
-2.1125 0.00233607 0.000155899
-2.0875 0.0027377 0.000184052
-2.0625 0.00318033 0.000237677
-2.0375 0.00431967 0.000188444
-2.0125 0.00558197 0.000231686
-1.9875 0.00722131 0.000259326
-1.9625 0.00847541 0.000300295
-1.9375 0.00928689 0.000313684
-1.9125 0.0117787 0.000515061
-1.8875 0.0144508 0.000499432
-1.8625 0.0176557 0.000766041
-1.8375 0.0211803 0.000613452
-1.8125 0.0242705 0.000790249
-1.7875 0.0293607 0.000877769
-1.7625 0.0331393 0.000705801
-1.7375 0.0387295 0.00107442
-1.7125 0.0458852 0.00122512
-1.6875 0.0516967 0.00111634
-1.6625 0.0584344 0.00145558
-1.6375 0.0673852 0.00154148
-1.6125 0.0754262 0.00124185
-1.5875 0.0873033 0.00200903
-1.5625 0.0974836 0.001887
-1.5375 0.106557 0.00187449
-1.5125 0.119516 0.00224873
-1.4875 0.129713 0.0022429
-1.4625 0.144721 0.00208779
-1.4375 0.155607 0.00282635
-1.4125 0.169131 0.00250404
-1.3875 0.182893 0.00269075
-1.3625 0.198549 0.00286553
-1.3375 0.209607 0.00311854
-1.3125 0.222484 0.00289172
-1.2875 0.239639 0.00287352
-1.2625 0.251738 0.00274866
-1.2375 0.268803 0.00354978
-1.2125 0.278254 0.00315688
-1.1875 0.28968 0.00333145
-1.1625 0.307664 0.00296714
-1.1375 0.314254 0.00320525
-1.1125 0.32791 0.00244061
-1.0875 0.336713 0.00338757
-1.0625 0.348311 0.00334171
-1.0375 0.350705 0.00308101
-1.0125 0.362172 0.00329777
-0.9875 0.369852 0.00380354
-0.9625 0.378369 0.00267905
-0.9375 0.379254 0.0037443
-0.9125 0.383607 0.00342174
-0.8875 0.389975 0.00405532
-0.8625 0.391123 0.00362498
-0.8375 0.394115 0.00373312
-0.8125 0.39309 0.00305201
-0.7875 0.394689 0.00260788
-0.7625 0.392221 0.0026727
-0.7375 0.388943 0.00259124
-0.7125 0.390336 0.00337612
-0.6875 0.387631 0.00279962
-0.6625 0.381795 0.00247311
-0.6375 0.38209 0.00277148
-0.6125 0.378574 0.00321817
-0.5875 0.374238 0.00370692
-0.5625 0.368607 0.00279674
-0.5375 0.365426 0.00259115
-0.5125 0.362295 0.00318818
-0.4875 0.357623 0.00376563
-0.4625 0.350811 0.00322952
-0.4375 0.344779 0.00299065
-0.4125 0.342516 0.00331568
-0.3875 0.335025 0.00274585
-0.3625 0.329967 0.0031545
-0.3375 0.330631 0.00362394
-0.3125 0.325779 0.00266538
-0.2875 0.32027 0.00212317
-0.2625 0.317959 0.00287205
-0.2375 0.316566 0.00257926
-0.2125 0.310664 0.0021729
-0.1875 0.31327 0.00318781
-0.1625 0.308156 0.00262443
-0.1375 0.307434 0.00304958
-0.1125 0.301074 0.00251532
-0.0875 0.305336 0.00275723
-0.0625 0.303762 0.00274749
-0.0375 0.302721 0.00284747
-0.0125 0.299492 0.00259094
0.0125 0.300992 0.00297247
0.0375 0.30168 0.00213681
0.0625 0.304402 0.00241722
0.0875 0.303238 0.00295403
0.1125 0.302475 0.00223751
0.1375 0.305861 0.00278987
0.1625 0.307213 0.00305118
0.1875 0.310533 0.00296975
0.2125 0.313025 0.00266635
0.2375 0.316631 0.00319337
0.2625 0.317246 0.00285539
0.2875 0.322844 0.00285973
0.3125 0.325975 0.00260249
0.3375 0.328779 0.00255218
0.3625 0.332893 0.00276693
0.3875 0.335025 0.00267791
0.4125 0.345279 0.00277494
0.4375 0.347885 0.00298221
0.4625 0.351631 0.00313242
0.4875 0.356238 0.003439
0.5125 0.358721 0.00274583
0.5375 0.366557 0.00305589
0.5625 0.37009 0.00387304
0.5875 0.368246 0.00312417
0.6125 0.369082 0.00346015
0.6375 0.376262 0.00368906
0.6625 0.377893 0.00312602
0.6875 0.383336 0.00345002
0.7125 0.380672 0.00404323
0.7375 0.382582 0.0035968
0.7625 0.385648 0.00340195
0.7875 0.383754 0.0038765
0.8125 0.388721 0.00371308
0.8375 0.379607 0.00386158
0.8625 0.38241 0.00383796
0.8875 0.383303 0.00412503
0.9125 0.376918 0.00356607
0.9375 0.374746 0.00364527
0.9625 0.371508 0.00406542
0.9875 0.364492 0.00327548
1.0125 0.359082 0.00351377
1.0375 0.348402 0.00415387
1.0625 0.341713 0.00297489
1.0875 0.334123 0.00422691
1.1125 0.318525 0.0037432
1.1375 0.313156 0.00344084
1.1625 0.299156 0.00406037
1.1875 0.288582 0.00339056
1.2125 0.272934 0.00319211
1.2375 0.259623 0.00413931
1.2625 0.246828 0.00369957
1.2875 0.232762 0.00343511
1.3125 0.218959 0.00315209
1.3375 0.207172 0.00302842
1.3625 0.193066 0.00306816
1.3875 0.178574 0.00262848
1.4125 0.1655 0.00259202
1.4375 0.155541 0.00260992
1.4625 0.139967 0.00199531
1.4875 0.128582 0.00175208
1.5125 0.11673 0.00218077
1.5375 0.105213 0.00186859
1.5625 0.0949836 0.00205989
1.5875 0.0848197 0.00140871
1.6125 0.0764262 0.00153704
1.6375 0.068 0.00139227
1.6625 0.0597787 0.00130718
1.6875 0.051541 0.00133238
1.7125 0.0451885 0.00126736
1.7375 0.0376803 0.00108012
1.7625 0.0337131 0.000887692
1.7875 0.0280984 0.000902116
1.8125 0.0246066 0.000826358
1.8375 0.0200574 0.000630271
1.8625 0.0166967 0.000503185
1.8875 0.0137869 0.000524193
1.9125 0.0114672 0.000386287
1.9375 0.00915574 0.000385904
1.9625 0.00770492 0.000372207
1.9875 0.00618852 0.000269091
2.0125 0.00504918 0.000304406
2.0375 0.00406557 0.000181294
2.0625 0.00301639 0.000157411
2.0875 0.00241803 0.000141912
2.1125 0.0019918 0.000152589
2.1375 0.00144262 0.000120243
2.1625 0.0010082 9.78642e-05
2.1875 0.00101639 7.82776e-05
2.2125 0.000770492 0.000125439
2.2375 0.000639344 8.66685e-05
2.2625 0.000336066 6.07609e-05
2.2875 0.000336066 5.49547e-05
2.3125 0.000237705 5.37182e-05
2.3375 0.000204918 6.33591e-05
2.3625 0.000163934 4.77947e-05
2.3875 0.000106557 3.5303e-05
2.4125 8.19672e-05 2.45902e-05
2.4375 2.45902e-05 1.30891e-05
2.4625 2.45902e-05 1.30891e-05
2.4875 8.19672e-06 7.98918e-06
2.5125 8.19672e-06 7.98918e-06
2.5375 8.19672e-06 7.98918e-06
2.5625 3.27869e-05 2.19941e-05
2.5875 0 0
2.6125 0 0
2.6375 0 0
2.6625 0 0
2.6875 0 0
2.7125 0 0
2.7375 0 0
2.7625 0 0
2.7875 0 0
2.8125 0 0
2.8375 0 0
2.8625 0 0
2.8875 0 0
2.9125 0 0
2.9375 0 0
2.9625 0 0
2.9875 0 0
3.0125 0 0
3.0375 0 0
3.0625 0 0
3.0875 0 0
3.1125 0 0
3.1375 0 0
3.1625 0 0
3.1875 0 0
3.2125 0 0
3.2375 0 0
3.2625 0 0
3.2875 0 0
3.3125 0 0
3.3375 0 0
3.3625 0 0
3.3875 0 0
3.4125 0 0
3.4375 0 0
3.4625 0 0
3.4875 0 0
3.5125 0 0
3.5375 0 0
3.5625 0 0
3.5875 0 0
3.6125 0 0
3.6375 0 0
3.6625 0 0
3.6875 0 0
3.7125 0 0
3.7375 0 0
3.7625 0 0
3.7875 0 0
3.8125 0 0
3.8375 0 0
3.8625 0 0
3.8875 0 0
3.9125 0 0
3.9375 0 0
3.9625 0 0
3.9875 0 0
4.0125 0 0
4.0375 0 0
4.0625 0 0
4.0875 0 0
4.1125 0 0
4.1375 0 0
4.1625 0 0
4.1875 0 0
4.2125 0 0
4.2375 0 0
4.2625 0 0
4.2875 0 0
4.3125 0 0
4.3375 0 0
4.3625 0 0
4.3875 0 0
4.4125 0 0
4.4375 0 0
4.4625 0 0
4.4875 0 0
4.5125 0 0
4.5375 0 0
4.5625 0 0
4.5875 0 0
4.6125 0 0
4.6375 0 0
4.6625 0 0
4.6875 0 0
4.7125 0 0
4.7375 0 0
4.7625 0 0
4.7875 0 0
4.8125 0 0
4.8375 0 0
4.8625 0 0
4.8875 0 0
4.9125 0 0
4.9375 0 0
4.9625 0 0
4.9875 0 0
