1.2615
1.33612
1.67595
0.827363
0.720746
0.12951
0.696795
0.539363
0.881856
1.21646
0.846267
1.46446
1.70917
0.101456
0.732352
1.16296
1.95936
5.81437
1.77223
0.430295
0.979517
6.32928
0.106154
0.251528
2.54626
1.65754
0.571994
1.35173
0.0611433
0.179921
0.261184
1.45543
3.49622
1.02795
1.38327
0.209196
1.53675
0.234684
0.733068
0.259418
1.17753
2.514
1.25509
0.555819
0.584245
2.55764
0.13242
0.162178
0.79201
0.120208
0.563313
0.372903
7.63644
0.450768
0.560878
0.59252
0.873474
1.03354
0.314053
0.509758
0.331735
0.478066
0.178396
0.950367
0.131659
0.307297
0.455788
3.37511
0.72728
0.711477
0.280566
0.810493
1.91138
0.0730038
0.458433
2.63288
0.0518608
1.59049
1.13047
1.10159
1.64334
0.948737
1.37592
0.741957
0.89452
1.14908
0.110698
0.929251
1.02721
2.04036
1.14633
0.549319
0.314532
0.866479
0.28947
0.719503
0.141692
0.0651746
0.745601
0.252494
0.985378
0.213059
0.511076
0.237516
0.403068
0.603595
0.264912
4.29299
0.241283
0.0538248
0.370143
0.00527276
0.0763026
0.441267
1.37582
0.925466
2.62945
0.0103693
0.71243
0.511408
0.786098
1.04213
0.378198
0.469801
0.499687
1.18766
1.59354
0.0584813
0.836665
3.9879
3.23342
0.211293
1.53964
0.166568
2.42786
1.59135
2.32011
2.29064
3.07031
0.182969
0.349364
4.46826
2.16755
0.517892
0.50765
1.54548
3.71132
0.651622
0.131461
0.499405
0.40884
0.39704
0.141128
0.669788
2.52803
0.60355
0.457551
0.63808
0.117466
0.188675
1.63628
0.0485707
1.48237
1.49403
0.56383
0.205164
0.119008
0.139921
0.990563
1.39183
1.91593
1.84747
1.24434
0.140239
1.93267
0.176231
1.04461
0.242727
1.87075
3.035
0.240426
0.194521
0.501613
1.77894
0.0725157
1.60521
0.730698
0.104989
0.631121
1.34149
0.901089
0.351923
0.684577
0.111132
1.45892
1.08572
1.13764
0.167735
0.521631
2.16757
0.20796
1.29777
1.41119
0.23672
0.449541
0.299661
1.68565
0.165497
0.661087
1.38883
0.313418
0.0872739
2.25538
1.66588
0.491151
0.170503
0.356489
1.64398
0.151246
0.203188
0.512682
2.76227
0.0284033
0.00083987
0.348024
1.14153
0.975111
1.30747
0.146689
0.207863
0.507771
0.526583
1.20409
1.06481
2.33584
0.495984
0.204809
0.20803
1.51174
0.354818
0.111999
1.9064
0.953638
0.503717
1.07001
0.180472
1.02308
2.30836
0.712577
2.01231
0.168995
1.40536
1.69346
2.36532
0.0835844
0.0532213
2.07163
3.88403
2.27271
1.55558
0.930047
2.02528
0.647855
1.37751
0.0966337
0.111334
2.88235
0.876471
2.10877
0.368153
0.184353
3.99631
1.51256
0.72973
0.0114703
2.25984
0.378866
0.433118
1.5635
0.29115
0.999819
0.165998
0.206314
0.45163
0.63643
2.62833
0.01658
2.59912
0.23857
0.0176206
2.03741
1.03542
1.18783
0.572182
2.00944
1.96862
3.91166
2.23461
0.0209176
0.363237
1.42919
2.14693
0.688756
0.513407
0.137866
0.120696
3.99606
2.5264
2.89347
0.0580059
0.589865
2.74099
0.454066
1.33195
0.939649
3.1327
0.0445
0.0277727
0.986079
1.4418
0.156029
2.16135
0.248939
0.641355
0.392807
6.32227
0.141618
0.0325375
0.0791227
0.636668
2.75785
1.16238
1.52023
0.1119
1.54926
2.13394
0.230286
1.71536
0.531656
1.60787
0.232174
0.475698
1.58853
1.82555
1.25467
0.0367069
1.02074
0.413578
0.900844
0.762582
0.449655
1.48479
0.219445
0.153225
0.781845
0.737534
0.138132
1.37872
0.168256
0.653983
0.127402
0.226753
0.527349
1.94587
1.15176
2.41811
1.13127
0.124811
0.406018
1.28982
1.98382
0.42159
0.0854903
0.193982
0.210573
0.428919
0.830253
1.09161
0.00535265
0.232691
1.1134
2.25929
1.13822
0.0808391
1.17479
0.4299
1.18004
0.137358
1.42515
0.208894
0.816832
0.169727
0.401507
0.732276
0.534231
0.469906
0.373563
0.790888
0.293129
0.463974
1.28417
0.779977
0.229711
0.158213
4.69844
2.5469
1.1135
0.466169
0.30325
1.03771
0.227934
1.4123
0.0779012
1.42129
0.921484
0.00474771
0.128302
1.30542
3.80145
0.0655383
0.0907317
0.456485
0.920701
1.36222
0.490184
3.12636
0.924773
1.3898
0.0680413
2.33924
0.892336
0.949347
1.9713
3.35391
0.935144
1.23562
0.392268
0.0646222
0.647968
0.0609335
0.270434
0.0243178
0.425788
1.8901
0.295885
0.351575
0.665995
1.75731
1.62134
3.20063
0.19226
0.209787
0.35514
0.121153
0.764134
1.90975
2.6194
0.0807852
1.7503
0.0294816
0.713258
0.921784
5.06542
0.928793
1.11672
1.06622
1.85842
0.495495
0.454388
2.23561
0.67803
0.240874
1.01565
1.89753
0.890995
1.44357
0.471524
1.6212
0.00260244
2.91818
1.62339
0.109084
0.496229
0.581685
2.30397
0.353013
0.522453
0.513092
0.843984
0.328288
1.27935
0.583731
0.133166
1.81112
3.41548
2.69772
0.617544
1.96292
2.97294
0.185472
0.940418
2.67542
1.1225
0.52909
4.70778
0.804894
0.160697
0.713203
0.00686192
0.771524
0.394758
0.725276
0.143674
1.10541
1.40999
0.137384
0.932692
0.0761939
0.428294
0.235718
0.629606
0.651536
0.517912
0.146946
0.234583
3.7864
2.12064
3.95377
0.947515
1.07884
0.224436
0.263021
0.671033
1.63112
0.561885
1.59319
2.17677
1.18238
2.30525
1.23996
0.662006
1.82174
0.772406
0.737986
0.255743
1.61863
3.00795
0.813038
0.151951
0.167412
0.356957
1.47201
0.464944
1.14018
0.265241
3.43735
2.6835
2.68949
0.431428
1.93026
0.087039
1.98408
0.594144
0.473351
0.669119
1.0307
3.12551
0.901541
1.15894
0.107017
0.849241
0.0620015
2.36614
0.650915
0.27235
0.353065
1.11235
0.946955
0.855477
3.45168
2.60991
0.0831798
0.240273
0.254698
0.265906
0.567803
1.10293
0.4554
0.75338
0.305488
0.412459
0.284326
1.06504
0.71738
1.44196
0.285364
1.08594
4.07729
0.785571
0.35264
0.292753
0.502158
0.723326
0.42926
1.5231
0.347098
0.461123
0.669709
0.280603
1.00188
0.427066
1.64216
1.13169
0.689901
1.22715
0.762111
0.380139
0.18102
0.238476
0.316371
1.06246
0.0661629
2.95966
0.2882
3.34898
0.0442733
0.584568
0.469598
0.810102
0.189097
1.84026
0.83083
1.24037
2.13297
0.0635378
0.0622029
0.398297
0.0600218
0.288073
0.619514
0.214711
0.531067
0.155584
0.350562
2.21016
0.60487
0.203311
1.8296
1.83265
0.51541
0.576025
0.152778
2.05231
0.89707
2.93895
0.118634
0.368052
0.0665591
0.402899
0.0434905
0.713134
0.342529
0.0776521
1.63482
0.240363
1.86697
0.643419
0.767832
0.537283
0.986192
1.72837
0.178338
1.62122
0.270641
2.04022
0.424514
0.262942
1.14611
0.534131
0.0306904
0.157253
2.03467
0.107128
0.0287579
0.358378
1.08403
4.37396
2.79989
0.243483
1.47883
0.682126
3.99952
0.484634
0.845115
0.270552
0.621249
1.41157
0.240255
0.64642
1.25069
0.173833
0.395494
0.111875
0.536143
0.267153
4.85796
0.186621
1.49123
1.73505
2.4601
0.845555
0.674707
0.482019
0.640852
0.419988
1.28299
0.53208
1.56999
0.787873
0.425437
1.6476
0.00104109
0.242283
2.07381
1.07948
0.408996
0.263333
4.93596
5.13123
0.93459
0.456312
0.56891
0.180165
0.944533
2.01345
1.08422
1.02451
0.160749
3.66178
1.91044
0.568004
0.210131
1.32975
0.0569137
1.27786
0.189837
3.5149
3.65921
3.36026
0.121862
0.838572
0.0493502
2.41105
2.35571
0.409339
1.15003
3.10916
0.572203
3.86595
0.767472
0.0978903
1.49325
1.29704
0.38132
0.536299
3.58552
0.681979
0.177468
0.79458
2.17961
2.09931
0.176278
0.804076
0.188196
1.95118
0.166723
0.0928293
1.30023
1.78321
1.50124
0.10352
0.040435
1.78341
0.505842
3.22267
0.317682
2.67608
1.617
2.64581
0.219428
0.66535
0.33691
0.921493
0.528998
1.23331
0.237793
1.6686
0.115007
0.0975748
0.983412
0.725278
0.437322
0.442813
1.54852
0.480657
0.651134
0.198147
0.163904
0.5539
0.399395
0.319836
1.30553
0.841323
1.12875
0.0146743
2.02818
1.11154
0.636035
0.382411
0.0202983
0.891301
2.10629
2.05755
0.810645
0.425489
0.430286
2.40805
0.238094
0.446897
0.434251
1.50971
0.345157
0.072142
0.0529144
1.76749
1.69612
1.23933
0.0167761
0.126561
2.17843
0.632739
0.126898
1.14653
0.613248
0.148794
0.0165557
0.639111
0.672105
0.651674
0.0305133
0.512493
0.383946
0.00031989
1.00625
0.448958
0.761181
0.429338
0.166282
1.80372
0.282549
0.00897549
0.435559
0.215489
0.613452
2.37916
0.439517
0.75652
0.179652
1.19356
0.389899
0.952604
0.51708
0.060801
0.880577
0.12097
0.132203
0.113514
2.03632
1.32132
0.239285
1.42657
1.92275
0.440637
0.645345
0.478189
4.41175
0.263959
1.34201
1.47224
0.0752525
2.87323
0.268688
0.138438
0.0216858
0.255131
0.605598
0.475033
0.190437
0.28874
1.27071
0.786859
2.4743
2.68812
2.09839
3.38986
1.86237
0.0103104
4.02234
7.78625
0.82484
1.2034
0.271201
1.72086
0.066745
1.04323
0.685509
0.936307
1.65221
1.29536
0.191588
2.0903
0.504552
0.329573
1.73279
1.05334
1.30199
2.81585
0.0567285
0.267749
1.30435
2.19613
1.65138
0.0829557
1.06034
2.69047
1.33676
0.28066
1.63909
6.78167
0.0279653
0.499656
0.492016
0.825142
0.319114
1.09334
0.659631
0.479238
2.00567
0.129825
1.60958
2.59349
0.183754
0.0251863
0.19963
1.20345
1.1172
1.85333
1.43474
1.30599
0.427232
1.08132
0.658096
1.90585
4.00507
0.252731
0.106238
1.59301
4.23743
0.113583
0.244663
1.51678
1.20963
2.31691
1.75638
0.546029
1.38928
0.748761
1.34209
4.98456
0.960619
0.245085
0.68593
0.870257
2.45379
1.14099
0.453242
1.09298
0.413778
1.35544
0.0471763
1.0801
0.0374851
0.841581
0.203683
0.335794
0.12865
0.456948
2.31602
0.246125
1.2358
0.394097
0.904348
0.107985
1.11635
0.357794
0.70552
0.981309
3.81851
0.208126
0.0148474
0.328523
0.256675
1.36843
1.44094
2.42319
1.23913
0.596653
0.303163
1.02727
1.22494
0.262338
0.1184
0.0474444
0.222133
0.192497
0.0622976
0.158042
1.97892
1.0253
0.175734
0.0508141
1.56023
0.165151
0.0392765
1.69378
1.15491
1.65468
2.68835
1.69781
0.275697
0.0589564
0.55186
1.40865
0.383909
0.232367
1.65887
0.436706
2.19009
0.149308
0.585436
0.0803095
0.000425803
1.44579
0.398275
0.247707
0.657967
1.86074
0.138427
0.108952
0.422059
0.0924848
1.81642
0.535686
1.63847
1.4549
2.54688
0.0241773
0.655424
0.712343
3.72173
1.16526
1.89492
0.0331062
0.0199165
0.431714
0.228618
0.285718
1.22352
0.333034
0.577344
1.83133
6.15185
3.16722
0.459011
1.37042
0.502375
0.734657
1.37506
0.23759
1.0617
0.327615
0.32443
1.30058
0.146005
0.328891
0.141619
0.281113
0.642287
0.368144
1.55968
2.61834
0.12274
0.597046
0.139594
0.13992
0.573982
0.591226
0.259127
0.801768
0.527537
1.16485
0.408248
0.03476
0.194143
3.28463
0.028201
0.795822
0.0881137
0.685902
0.174174
0.851772
1.29681
1.76042
0.393636
0.742032
2.47942
0.669154
0.267978
0.0551552
0.274317
0.0495141
0.4949
1.38138
0.57453
0.00930739
0.449138
2.22936
0.183903
0.27908
2.87361
0.134945
0.359753
1.65202
0.798446
1.28458
0.543129
0.216912
4.7371
0.20884
0.288301
0.372328
1.28699
0.813418
4.09921
0.423903
1.70765
0.28993
0.111022
0.28469
0.176317
0.0666309
0.550727
1.74132
0.275632
1.18942
0.49924
1.98647
1.0742
0.82575
0.638956
0.63091
0.109169
8.65854
0.256667
1.32818
1.45402
0.871168
1.44989
0.703451
0.437832
1.03042
0.0939268
0.452114
0.302977
0.0594938
0.608815
0.127039
1.50588
0.30007
0.124218
0.0978898
0.253939
0.100328
0.12107
2.36053
1.14394
0.780341
0.384644
1.18457
1.59458
0.0393247
2.46102
0.530352
0.643773
0.362189
0.040983
3.49232
1.54495
0.143022
1.04293
0.503217
0.174665
1.72528
1.08315
0.130838
1.81941
0.609481
0.804819
0.238718
0.307738
0.139283
0.331497
0.350977
2.13175
3.64591
0.504116
1.72941
1.22251
0.331746
1.23577
1.16219
4.61165
0.918806
0.779577
0.371628
0.635902
1.42997
1.1153
2.89554
1.00797
3.04218
0.0681515
0.720458
1.76688
0.200593
1.09945
0.180967
1.00243
0.108405
0.191845
0.48351
0.0494248
0.278796
0.33506
1.35589
1.67675
0.131242
0.416596
0.0312607
0.360135
0.597151
0.282989
0.796297
0.926186
0.523813
1.15656
0.0584774
0.927076
0.839477
1.16372
0.706155
0.439674
2.16739
0.159322
1.31086
0.177599
5.00531
0.662841
0.568653
0.296156
0.0814245
3.2722
1.85107
0.902725
0.265164
0.92941
0.315032
0.212909
1.11496
2.13484
1.06487
2.03821
0.862111
0.900205
0.278537
1.72764
1.46314
0.521357
0.286775
1.44066
1.14598
0.448718
0.44086
0.70691
0.356686
0.090767
1.6361
2.47671
0.293491
0.624411
1.19086
0.710188
0.260275
1.13082
1.86786
0.471949
0.422327
3.63597
0.631132
0.161286
0.094547
0.849201
0.390617
1.19133
1.69109
2.83019
0.569775
0.294322
0.210828
0.825946
0.861421
0.360666
0.690529
0.300323
0.608979
0.42915
0.435456
0.637797
1.00855
2.81831
0.290847
0.652809
0.253707
0.885669
0.643488
1.26052
0.125334
0.695128
1.17466
1.76654
2.70111
0.573091
0.420495
0.255884
0.0868347
0.723108
1.16785
0.374752
1.03392
0.677402
0.217691
0.723728
0.782346
3.24517
2.71087
0.39511
0.494946
1.30773
0.336864
4.41893
0.0965773
2.27091
1.49272
1.32901
1.13358
1.35177
0.48882
1.41621
0.130393
1.08349
0.523213
1.54852
4.73377
0.331887
0.854218
0.579007
0.523303
0.134948
0.00953898
0.989666
0.125859
0.925014
2.48974
0.63189
0.724595
0.900122
2.30551
0.661083
1.1846
1.08649
1.35322
0.715976
0.586962
0.776406
3.5201
1.81735
0.22837
0.451658
0.0465415
0.771356
0.171236
0.520358
1.2114
0.124436
2.11635
0.590283
0.36793
0.000696885
0.333926
0.097561
2.71859
0.74699
0.513833
0.876047
0.618515
0.57611
0.137185
1.30257
0.207689
1.32106
0.148449
0.924187
0.110318
0.86363
0.452678
0.847677
1.91406
0.124349
1.35427
0.770228
0.182062
1.45806
0.347322
1.2954
1.65818
0.250717
0.488345
0.619038
0.194153
0.192657
0.496409
0.698935
0.187572
2.83056
0.994383
1.35223
0.0506444
1.9303
0.00379479
2.83249
1.32363
1.46661
3.72313
0.540724
2.00394
0.278372
0.742718
0.0673233
0.615311
0.238368
0.783833
0.0219661
0.696418
0.190817
0.155693
3.57048
1.81866
0.142161
3.10273
0.0881467
0.189293
2.11924
0.44853
1.63008
0.409348
0.581868
0.747746
0.0363627
2.65779
1.62237
1.71858
0.0535349
0.358704
0.104895
0.166521
0.0507671
0.00800589
0.376974
1.49138
0.616213
1.07046
2.41319
2.33359
1.15998
0.722207
1.13607
0.643825
0.0812696
0.729504
0.00593855
0.284612
2.61687
0.547367
1.33435
0.136
1.23579
0.606633
0.390584
0.120724
0.440543
0.0670371
2.16421
1.24967
0.151598
0.794752
1.11523
0.648374
2.11659
0.547134
3.76163
2.4271
0.135653
0.896071
0.28352
0.103636
0.492056
0.396184
1.23912
1.03584
0.125717
1.89325
0.997452
0.185848
0.347018
0.655176
0.0104834
0.440367
0.188113
0.958982
0.625779
0.14372
1.38414
0.89068
1.30845
0.00927457
0.481923
0.690722
0.0116526
1.36466
1.52552
0.404847
1.59076
0.0268005
0.697921
1.57081
1.96479
0.780217
0.352375
2.87219
1.03311
2.20541
0.192213
1.03713
2.89482
0.4388
0.231893
0.1733
0.560351
3.54222
0.558929
1.4875
2.73736
0.200299
0.890326
0.0473525
0.129041
0.3578
1.22353
0.531684
1.98271
1.80445
2.10424
1.45542
0.110236
0.589682
1.58507
2.50715
0.930772
0.15347
1.0821
1.35627
0.479569
0.568367
0.759905
3.72532
0.803872
0.121572
1.01113
1.98852
2.17401
1.40538
0.125762
1.17699
0.448659
0.79048
1.18857
0.494225
1.46467
1.92764
0.313545
0.0526281
0.415469
1.4432
3.80995
0.0251182
1.46642
0.292157
0.302342
0.17627
0.563988
2.12465
0.0258782
0.283989
0.0569701
0.584392
0.208066
0.710216
0.301208
1.83632
2.43325
0.622967
0.0285795
0.0434073
0.629158
0.0458494
0.0585958
1.45844
0.498641
1.46671
1.23214
0.438694
1.41796
0.424738
0.892935
1.17439
1.29941
0.213153
0.426725
0.514678
0.0508732
0.341034
0.696953
0.896811
2.20152
0.18286
2.09769
1.67135
1.15475
1.38422
0.944815
2.10642
0.42254
1.16499
1.2773
0.692035
0.783338
1.09037
2.33596
2.28023
0.735694
0.0831196
0.405433
4.26944
0.696811
0.616417
3.15264
2.29663
0.585336
1.0897
0.964317
0.524435
0.969969
0.415641
0.895978
3.31159
1.66681
1.24607
0.112523
1.55797
0.308299
0.20087
0.567616
1.92036
0.0313923
0.0354452
0.517642
4.14966
0.879351
2.66046
4.94051
0.655101
0.487411
0.343243
0.0641226
1.86784
0.534428
0.290717
1.06515
1.3005
1.03753
1.19668
0.703124
0.998292
1.31481
3.50781
1.29871
1.34068
3.19932
0.202297
0.174356
0.569143
0.41986
0.360553
0.494623
0.621935
1.9814
0.237982
0.388484
0.690034
0.506392
0.381791
0.027965
0.269375
1.07219
0.787726
1.01155
1.20175
1.37799
0.148383
3.09003
0.62743
0.338832
4.56065
0.461512
0.157433
4.81369
0.582455
0.094687
0.144449
0.11329
1.7813
1.91473
2.42661
0.35147
0.815281
0.789051
1.29853
1.28499
0.103128
1.03135
0.251205
1.7093
0.0877369
0.646912
0.614598
0.241379
0.0356962
0.0539355
0.0708778
1.12901
0.428588
2.03619
0.240509
1.12603
0.314624
1.2116
0.21043
5.1195
0.307951
0.19981
0.64
0.0774647
5.92418
1.4669
0.98475
0.875651
0.192375
2.67347
1.20402
2.20378
0.259816
0.61809
1.0085
0.301199
0.118943
0.673135
0.136722
2.6553
1.04202
0.135088
1.05969
1.17619
0.891718
0.443223
1.19141
0.0961127
2.62705
0.203645
0.233441
0.00882331
0.670025
0.268044
0.0155627
0.950607
0.726825
1.4766
0.207666
0.19182
2.29337
0.13056
1.03454
0.960269
1.63239
1.11819
1.2904
0.370824
2.26275
0.852542
1.28475
0.52292
0.485556
1.17163
0.0994149
1.72298
0.103961
0.0274328
0.0446753
0.10978
1.0631
0.148788
0.646187
0.293134
1.00237
2.31086
0.0172834
1.34604
0.518207
1.00933
0.238386
0.367356
0.965751
1.75087
1.09555
2.66203
0.251622
1.38702
0.326464
0.536145
1.13337
0.0185544
1.42886
1.07765
0.821867
0.549162
0.0703362
1.11539
0.101582
0.425149
0.75734
0.863202
0.121274
0.446493
0.370897
1.32101
0.329652
0.191058
4.21344
0.7125
1.66522
1.73587
3.34143
0.824625
2.30454
0.638835
1.63502
0.922037
0.141921
0.482578
0.30592
0.989188
1.32677
0.0925959
0.0295449
1.32065
1.45012
0.373507
1.26161
0.337387
1.03405
0.462252
0.326106
0.479908
1.00515
0.406044
2.00849
1.03043
0.36769
0.890836
0.164926
0.277152
0.287647
0.493172
1.78087
0.292148
0.52546
1.6711
0.911016
0.406579
0.0153155
0.0131398
0.345299
0.555802
1.65479
3.44714
0.791515
0.324169
0.940694
1.38828
0.545188
1.73388
2.24193
3.40328
2.42556
1.51828
2.54064
1.76254
0.737506
0.437276
1.45315
1.11824
0.171904
0.206124
0.108435
0.0129671
1.00003
0.163728
0.274801
0.755012
0.09345
0.134057
0.336831
0.285502
0.188541
0.918129
1.17928
0.62708
0.251085
0.060561
0.269238
0.308456
2.26912
0.0619826
1.33503
0.810959
0.205971
0.780488
1.61738
2.11608
1.87531
3.1837
0.539255
1.04115
2.89926
1.0055
0.499671
0.18944
1.4504
0.714711
0.1545
1.95162
0.373951
1.85478
2.51326
0.172469
0.785276
0.242386
3.13406
0.645514
0.259342
0.553486
0.938882
2.10013
1.03039
1.24237
1.93496
0.434366
0.842306
1.25544
4.03264
0.164374
0.16975
0.494632
2.38021
0.506174
1.97781
0.651001
1.82161
0.591729
0.214587
0.565304
1.02548
0.222281
0.255914
4.23907
0.909822
0.606499
0.929723
1.01304
1.7685
0.219426
0.0946518
1.22583
0.856047
0.101787
1.2447
0.84617
0.184303
0.1299
1.53563
0.132799
1.81699
1.15324
1.05676
0.121827
0.919459
1.19394
3.85848
0.243753
0.186508
2.97365
0.297689
0.763069
0.0576101
1.43132
0.123957
1.01532
0.487347
0.805581
2.49433
1.00929
0.254825
0.119505
0.651402
0.842063
1.2002
0.79539
1.7237
0.641405
1.12577
0.577418
0.382141
0.792235
0.245902
0.021998
0.164848
0.49336
0.0544844
1.1639
0.958663
0.506831
1.32329
2.27385
0.410614
3.03863
0.553054
0.214513
0.611277
0.990033
2.60514
0.732032
0.358959
0.808107
2.49126
1.28469
1.26762
0.372506
2.03813
0.266427
1.63192
0.0783622
1.21734
0.60833
2.12876
0.893978
0.33403
1.28461
0.507464
0.0988002
0.143944
0.963679
0.0846072
0.732159
0.439947
0.376873
0.408598
1.06562
0.386599
0.269156
0.260941
2.10188
0.171556
2.25774
1.71173
0.799106
2.00128
0.0419102
0.00667816
0.10887
1.15395
0.547163
0.494999
0.611407
0.79517
0.199158
1.84936
0.307975
0.448122
0.29919
3.19729
0.140926
1.63698
1.85108
0.951986
0.452408
0.67173
1.9756
0.0106335
0.0864844
0.83889
0.471459
1.22529
2.84139
0.820024
0.533865
1.83121
2.358
1.15075
1.83508
0.41712
0.195032
0.922957
0.1901
0.395063
0.791233
0.720394
0.300284
0.949456
0.284422
1.71892
0.335481
1.25289
0.508487
0.775724
0.0769034
0.801681
1.54035
0.98968
1.64215
0.14441
0.106278
1.94696
0.708756
1.18637
1.39264
2.49609
0.885427
0.212139
0.523918
0.310827
1.09884
0.17501
3.15174
2.06996
0.697826
1.78
0.445456
0.433373
0.313408
5.18275
1.88189
4.03218
0.367172
2.56766
0.397901
0.495469
2.27149
1.18575
2.79644
0.000745368
0.130046
0.678823
0.330621
0.30131
0.93116
0.275901
0.797682
0.951162
0.209626
0.511586
1.62675
0.813008
0.923906
1.19013
0.147935
0.275463
0.179906
0.491281
0.0659792
0.107975
0.727349
0.674271
1.08943
0.0412243
1.27572
2.14653
0.000677095
1.24787
0.77425
2.21402
3.08232
0.755488
1.26595
1.26935
0.694382
1.02023
0.515848
1.59165
0.0189333
0.579046
0.938836
0.0176414
0.382575
0.611767
1.58043
0.0317079
1.22204
0.535208
0.0852915
2.04294
1.98965
0.395983
0.42755
0.861548
2.73492
0.0149182
0.270324
0.187247
1.74599
0.749667
2.28914
1.75111
0.059859
0.0767271
1.64836
3.33824
1.93615
3.23903
0.0793954
1.8451
0.937587
2.70557
0.102356
0.0256901
0.285994
2.38494
1.30519
2.0997
2.40077
0.389676
0.507456
0.00564003
1.20351
1.36299
3.23982
2.74546
0.896848
1.28641
1.17705
0.637704
1.58203
0.773061
1.77813
0.0301094
0.150893
2.69957
0.518269
0.519032
2.35593
0.694693
2.84849
3.77856
0.0571593
0.273162
2.20459
0.410899
0.988685
0.095069
0.328873
0.0572314
0.189658
0.142463
0.185944
0.192188
1.50719
0.30417
1.31171
1.02863
6.38273
1.51771
0.27167
4.99606
0.361871
1.58982
1.17757
0.0884966
1.43862
1.01064
3.07259
0.872317
0.257434
3.09093
0.171334
0.629599
0.106179
0.676888
0.241349
0.473485
3.09663
1.6012
0.699223
1.17525
3.04657
0.0479429
1.1631
0.792256
2.41586
0.53012
0.0406721
0.39347
0.493839
0.955243
2.49668
0.628999
0.791612
0.00958245
0.15041
0.0586316
0.964602
6.25494
0.100668
0.872164
0.353919
0.582216
0.56325
0.291134
0.510518
1.28486
0.202264
1.39161
7.0021
2.8798
0.209924
0.128349
0.783338
2.04924
0.56435
0.800841
1.13791
0.190051
0.960481
0.32404
0.00932838
0.725734
0.969659
1.3187
0.651884
0.708424
0.215906
0.138217
0.567247
0.597299
0.826931
0.0503292
1.18474
0.52533
1.34093
0.542854
0.996314
0.346761
0.830482
7.2001
1.12243
0.249454
0.20122
0.705491
1.75137
0.444641
1.07296
1.14295
0.551502
0.23343
0.485622
0.755328
2.75211
1.19909
0.551742
2.4266
0.429311
1.88108
0.809601
0.594267
0.368566
1.02784
0.231931
0.0366197
0.940559
0.570362
0.0530361
0.136854
1.58891
1.84514
0.577822
0.571831
4.0456
2.42636
0.592158
0.180974
3.38783
0.394551
0.973907
1.02493
0.0451877
0.662257
1.66667
2.25867
0.943744
0.50351
0.376512
0.180706
1.63452
0.0761031
0.193213
0.20191
0.733195
0.393465
0.179801
1.16846
1.19573
2.65168
0.0713213
0.00934933
1.26999
1.47054
1.34917
0.0784402
0.0266619
1.86322
2.29624
0.938132
0.049298
0.777614
0.562707
1.73116
0.98677
0.357639
1.49294
3.15461
0.0563613
3.55547
0.344142
0.0388017
0.837396
0.96988
0.102488
1.57773
1.38911
0.689296
0.160936
1.47437
0.262188
1.32502
3.14697
0.0138459
1.34476
0.270926
1.12752
1.04192
0.100302
0.692789
5.1041
0.338886
1.09433
0.487188
0.744812
0.128685
2.22873
1.2441
2.74113
0.0333055
1.54422
0.0609815
1.97209
0.491044
1.11925
2.06714
0.774835
0.715579
1.50195
1.79506
2.10386
0.017827
0.872276
0.965334
0.106329
1.29653
0.911253
1.16165
0.0316342
1.17055
1.71667
0.302383
0.069742
0.0578879
0.595711
0.351275
1.64405
0.0860453
0.611133
0.430196
0.9355
0.0951443
0.565518
1.27923
2.31764
2.331
0.34798
0.452541
0.283515
0.0282574
0.905566
0.475172
1.01411
0.403599
0.0266115
1.13912
1.96223
0.153472
0.739225
2.2498
0.441099
1.3349
0.506617
1.71219
0.582656
0.419913
0.78573
3.44792
0.483754
0.503886
2.58441
1.03279
0.163288
1.00089
0.0310938
1.01175
2.5257
0.224897
0.123045
0.985362
0.104393
0.510017
5.57445
0.73455
3.51447
1.68365
1.97445
1.00017
0.401662
2.30969
0.704271
0.772121
0.0408617
0.882861
2.15967
1.28917
0.333937
0.0313653
0.0326762
0.418653
3.14225
1.24225
1.55236
0.582744
1.96873
0.759567
0.037886
0.360186
1.16456
0.738038
0.355833
1.19351
3.5755
0.171408
0.873026
0.271635
0.705206
0.985221
1.89309
0.00498147
0.132709
4.08252
1.50746
0.345966
0.297932
1.07003
0.836217
0.0849231
0.255048
0.0538363
0.350227
0.445448
1.82473
1.61083
0.175367
0.0238548
0.462798
1.82882
0.0181473
0.318099
0.302645
5.40028
0.0037751
0.299791
1.97117
1.00167
0.26768
0.956593
2.49924
1.18828
3.94927
0.26413
0.151858
2.04049
0.656549
0.595262
1.66557
0.560467
0.496453
0.510741
1.32981
1.17918
0.402043
0.679655
0.922272
0.0511843
0.386597
0.735866
0.825176
0.781121
0.0441391
0.522754
0.481114
0.704478
0.659058
0.5867
0.30048
0.67306
0.0218738
1.01526
0.0151846
0.284403
0.80854
1.0285
0.448165
0.173774
0.748508
0.0549958
1.86405
3.59921
0.645665
0.891067
0.298852
0.92565
0.00705361
0.0522281
0.454051
0.346847
0.0825982
1.30614
3.87997
0.342963
1.48736
0.166295
0.306731
0.144126
1.39105
0.318859
1.60676
0.640323
0.803908
0.289299
3.42336
0.205159
0.873014
0.428006
1.02509
1.04046
1.08221
0.857931
0.597982
0.823533
1.14793
0.110897
0.10731
0.760251
0.30847
0.290084
1.2164
3.69154
3.49899
0.386885
1.4134
0.0847366
0.281807
1.86623
1.43252
0.214223
1.72862
1.39842
0.155008
0.448531
1.51003
1.22677
1.08603
0.349516
0.715835
0.0324311
0.725906
1.99609
1.26696
0.0992296
0.157953
0.462902
0.312098
0.270124
0.0919367
1.40788
0.314739
0.0805141
0.229122
1.06583
0.293919
0.610263
0.0501261
2.35288
0.422531
0.0311781
2.48854
1.83444
0.723092
0.959619
0.151318
0.148612
0.276058
0.185855
0.217975
0.343892
0.310662
0.999427
0.0115687
0.0866208
0.0743439
0.00914438
0.287028
0.308208
0.910208
0.808783
3.21599
0.257827
0.692196
2.25318
1.03473
1.87727
1.4049
1.58786
3.60128
0.432371
4.07084
1.70337
2.28844
0.337055
1.76459
1.25586
0.267795
0.456669
1.41449
0.929929
0.681779
1.20006
0.962613
2.60373
0.621575
1.49292
0.327533
0.323894
0.131613
1.10603
2.72384
0.685655
0.792699
0.579868
1.54238
1.93199
1.63364
0.209028
0.687645
2.32089
0.0563556
0.194418
3.38046
0.285821
0.37631
0.867241
2.25708
0.0554769
0.147851
1.519
0.818912
2.80167
0.0738692
0.846542
1.96094
0.0138563
0.419665
0.770369
2.59784
0.185487
0.370934
0.740465
0.352679
0.11136
1.16724
4.81824
0.355696
0.0645684
2.50666
3.13811
0.206219
0.0534618
0.207869
1.80118
0.813378
1.18005
2.39506
4.30441
0.680488
0.659771
1.38753
0.0899488
2.093
0.669749
2.47129
0.0417679
1.69419
1.19463
0.100076
0.640211
1.07133
0.813001
0.79086
0.397938
0.491392
2.50655
2.43163
2.02776
0.644347
0.73347
1.39077
2.40907
0.675987
0.580337
0.098293
3.33021
1.32662
0.311344
1.05621
2.94577
0.14987
0.0316362
0.434581
3.42723
3.26389
1.09868
0.719459
1.24028
0.186638
1.42638
3.87097
0.0404615
0.538768
1.23973
1.08992
0.32194
0.895738
7.60807
2.06668
0.56816
2.20692
1.86557
0.375459
0.640502
0.170921
1.51845
0.351174
1.82777
0.163518
0.32793
0.220401
0.988902
1.35752
2.21065
0.0426055
0.378504
0.824267
3.3978
0.000422572
2.09758
0.108658
0.155859
2.50527
0.437237
2.01125
1.00949
0.45656
0.614613
0.0435842
0.131998
0.804934
0.141848
0.0851779
1.44349
0.229377
0.290271
2.71918
0.372162
0.915172
1.52322
1.50211
1.17273
1.32111
0.0517124
1.82621
0.0499401
0.57069
1.06349
1.80409
0.234729
0.602955
0.897703
0.303516
0.0288185
0.446283
3.19318
0.0141026
2.5242
2.28618
0.199433
1.45263
0.115331
0.234549
2.3478
0.375742
0.465441
0.90807
2.20962
0.398446
0.209408
0.0792014
0.764419
0.290873
0.931161
0.235631
1.6751
0.487953
0.846662
0.982702
1.57337
1.26745
0.0748225
0.361117
0.821735
0.0465059
1.60608
0.151835
0.0517399
0.0301543
0.118257
0.886487
0.406108
2.17302
0.351718
0.094946
0.368701
0.333984
0.192705
1.82127
0.297745
0.191099
0.350754
0.823841
0.895258
2.53837
1.55187
3.14574
0.500906
0.145177
0.753271
0.512021
1.10903
1.3051
2.19086
2.25321
2.03505
0.235569
2.61322
0.448202
0.183539
0.298641
0.961951
0.326879
2.09736
2.36811
0.197903
2.36226
0.440942
1.5365
2.29342
1.21639
3.70067
0.0211445
0.562221
1.06751
0.684693
0.8456
0.213264
1.12825
0.0463141
0.843506
0.864383
1.24721
0.560798
0.25029
1.26981
0.184042
0.824145
1.58209
1.3236
0.310063
0.418878
0.558515
0.136911
1.02751
0.502433
0.0607951
0.198697
0.0516795
0.0637724
0.356552
0.077469
0.312997
0.326923
0.430194
2.34241
0.272639
0.0967544
1.9847
0.743195
1.72866
0.309387
0.539365
0.206317
0.531197
1.1699
0.0902782
1.20956
0.647836
0.0370625
0.459613
0.0697885
0.147804
1.23291
0.0564802
0.818392
0.464064
1.34744
1.29441
0.856438
0.897703
1.18473
0.803225
0.504319
0.544227
0.241674
0.918572
0.7709
0.657171
1.3652
0.612014
1.753
0.451316
2.02324
1.29684
0.702684
0.269528
0.0365018
2.23502
1.10169
0.778507
0.346232
0.911323
2.00813
0.206163
0.857696
0.0423244
0.744597
0.301869
1.45247
2.64723
0.845109
0.0161549
1.38387
5.36192
1.91858
5.62724
0.191138
0.0289082
0.0520004
0.477432
0.718789
1.82638
0.0851718
2.58834
0.972265
0.741273
2.25286
0.0580432
1.25971
0.65305
0.0381716
0.754264
0.00350652
0.142788
0.981868
0.622595
3.23049
0.636169
0.40278
0.181178
0.154209
2.22224
0.739029
1.27786
0.987846
0.289084
1.00924
0.837919
1.43602
0.463886
1.92931
1.52467
0.341824
1.75982
1.8477
0.384477
0.682362
0.0278781
0.103939
0.481929
0.803567
4.35746
4.30455
0.32647
0.561442
1.68747
1.45271
1.46753
0.865881
0.907089
0.673478
1.88181
0.30184
1.10488
0.370996
0.334392
0.023763
0.675131
1.66806
1.821
0.00408142
0.423808
0.275603
2.76499
2.31605
1.59522
2.17306
0.604447
0.631566
0.589541
0.0605307
0.13418
0.0606127
0.416018
2.17018
1.01849
0.183208
0.228649
2.24715
0.859118
0.363036
0.0278372
1.42373
1.20121
0.244356
1.89596
1.91966
0.63893
0.0273288
1.44404
1.51343
1.1775
2.16844
3.18279
3.44883
0.772757
0.182421
0.862795
2.21234
0.978364
2.93673
0.404522
0.488997
0.964706
1.49493
0.188396
0.0158379
3.2196
1.32166
0.560303
3.36051
3.13075
0.0814398
0.115522
1.22907
0.436783
2.22717
0.400553
1.52362
0.0190217
2.73665
0.314723
0.685084
1.99337
0.262415
1.02577
0.287604
0.335826
2.499
0.065768
0.143412
0.211611
1.38456
0.745442
0.655619
2.25857
1.66119
0.214403
0.804344
1.21996
4.13487
0.434056
0.42043
0.728773
0.342066
0.688421
1.61
0.1969
0.116865
0.165705
0.289132
0.170079
1.49324
0.860668
0.634264
0.283287
2.46357
0.226667
0.148366
2.94396
4.00725
0.70744
0.244955
1.01203
1.16458
1.02981
0.343771
0.254313
0.890003
0.0105761
1.77158
0.219464
0.466106
0.0635849
1.42803
0.429534
0.946353
2.68536
0.00945858
1.04604
2.15675
0.547651
2.35816
2.35632
0.772523
1.54089
0.772556
1.78057
0.533755
0.922224
0.364601
2.7674
0.132138
0.723576
1.68342
0.00858534
1.31462
0.174373
1.31773
2.35653
1.74635
0.48885
2.05493
0.699168
0.0414457
1.13477
0.190398
3.62562
0.356168
0.221871
2.95776
0.927773
1.3829
0.334639
5.00197
0.12995
0.130856
1.0148
0.530151
0.326499
1.16576
0.788455
0.260656
0.497053
3.00125
1.33344
0.577063
1.35548
1.41491
0.0517897
1.37933
0.383449
1.17319
2.92164
0.224437
0.587712
1.37147
0.666713
0.735173
0.363471
2.98037
0.351975
0.747289
0.50032
0.198363
4.19029
0.98799
0.363189
4.80254
0.841318
4.79364
0.13159
0.522345
2.27663
1.46647
1.43081
1.48674
0.28401
0.272542
2.02508
2.17045
0.000103338
0.0211175
0.269673
0.22564
0.397369
2.51373
1.36717
0.989508
0.481334
0.469359
0.963485
1.26545
1.55849
0.142257
2.23505
0.10097
4.35762
0.218529
0.170406
0.774077
1.24129
0.626623
0.950999
0.694401
2.50337
0.157683
2.34894
0.577602
0.99274
1.68938
0.920617
0.519321
0.211266
0.400555
0.493493
1.71489
1.52414
0.0630058
0.371909
1.63809
1.03067
0.684387
0.745593
0.00508322
0.448358
0.411144
0.537252
0.600331
0.185651
2.5253
2.38618
0.180381
1.79854
0.186998
0.199459
0.0590192
0.382556
0.383232
1.19238
0.11314
1.37089
0.0644157
0.380661
0.323141
1.05749
0.823429
0.345585
0.295256
0.239481
0.252961
1.01976
1.68152
0.0214047
0.33152
3.13358
0.902038
0.826839
0.127246
0.692316
2.41196
0.0917063
0.819757
0.500448
0.0701095
0.27343
0.266698
0.782662
0.798188
0.141266
1.423
0.147433
0.00601381
0.237736
0.0303584
2.29197
0.259848
0.213076
0.447673
0.393511
0.672223
1.09561
0.625754
0.459388
2.09173
0.162542
0.128641
0.164792
0.295481
1.39981
0.966131
0.866631
0.941717
0.371358
0.315852
2.21892
1.34629
0.891849
4.32767
0.580852
0.512741
0.53805
0.986679
3.61122
0.147271
0.813822
1.67401
0.666189
0.582158
2.1347
0.584228
0.0802744
0.00115092
0.301417
0.657383
3.00592
0.0129034
0.325668
1.00331
1.08542
1.66508
0.276303
0.529442
0.780966
0.00802171
1.73014
0.939322
1.25517
0.198554
1.19525
0.160893
0.00720541
2.16044
1.44591
0.417381
1.74435
2.87954
0.0946676
0.616248
0.888386
1.63957
0.138192
0.77175
2.84483
0.236631
0.842737
0.0558898
0.625805
3.99446
0.383366
1.73813
0.436588
1.06621
0.956005
0.357272
0.176608
1.69404
0.699139
1.14085
0.84073
1.68402
0.278237
1.5542
1.46814
0.448498
1.03211
0.796412
1.74234
2.87933
0.605236
2.42988
0.896427
1.51967
0.370274
7.20431
3.72952
0.138978
0.584675
1.47101
0.824078
0.0626056
0.250637
0.132386
0.55106
1.37795
0.32089
1.04042
0.550631
0.0212744
1.09723
0.58479
1.06602
0.136551
0.600263
0.060111
0.333643
1.90981
0.800847
0.687365
1.41242
0.383119
2.07939
3.10537
1.03572
1.76945
3.5916
0.0506837
0.0126801
0.25389
0.321322
0.0188167
0.76349
1.08655
1.09833
0.405908
0.548637
0.0540415
0.163405
0.23162
1.28373
4.49404
1.14207
0.168138
0.792497
0.00712512
1.2273
1.198
0.512858
2.90418
4.66985
1.59808
1.2352
0.625141
0.118539
0.229921
2.64389
0.581786
0.960991
1.13732
0.0338067
0.669404
1.27445
0.298724
0.760602
1.54167
0.0754397
0.626097
0.333058
0.598009
0.994755
0.699341
3.10312
1.072
1.06277
3.6246
1.65321
1.59085
0.122488
0.382472
0.187127
0.0441739
0.316307
0.903866
0.269769
0.714189
0.101771
0.1184
0.369986
1.35963
0.0408555
0.217087
1.59872
1.29929
1.92143
0.820231
2.33773
0.360747
2.69993
0.659611
0.449091
0.110166
1.09841
1.25616
0.655634
1.68819
0.211003
1.20264
0.481056
0.0616522
0.0108384
0.596845
0.462229
2.82954
0.131728
0.13819
0.0224343
1.5382
0.319273
4.1726
0.464125
1.19211
0.285006
0.533303
1.31796
0.0577588
1.48181
0.545521
1.08963
0.0857606
0.626892
2.82043
0.654259
0.345683
0.0962339
0.0995215
3.90324
0.619488
0.239658
1.11821
1.30414
0.0613927
0.526023
0.469886
1.11878
1.35873
0.148663
1.19985
0.0577369
0.29781
0.990328
0.0491419
1.81959
2.0839
2.96571
0.701613
0.0768868
0.923102
1.05241
1.92245
0.115202
2.97808
0.890179
0.731179
3.99812
1.18525
0.128587
2.33503
0.203216
0.301984
2.01866
1.68655
1.30368
2.83487
0.519036
1.29498
0.594895
0.122967
0.024598
0.0230531
0.379797
2.65335
0.546762
0.720859
0.462226
1.81773
0.928566
0.661515
0.3215
0.556343
0.262761
1.38805
0.805379
0.654124
0.240965
0.617929
1.56931
0.157339
0.0536727
2.07358
0.682787
0.0756043
0.658999
1.70441
0.410566
1.00086
0.724719
1.9566
0.209946
2.08224
1.16363
7.28996
3.17475
0.215894
0.928656
1.14015
1.38967
0.077923
0.0664061
0.438397
1.08742
1.04244
1.45815
0.723026
0.225883
1.00566
1.94076
2.37189
0.669181
1.8838
0.18065
0.221497
0.661295
0.864474
0.950431
0.67051
6.98231
0.599489
3.47468
7.50124
0.869281
2.43436
0.138797
1.99496
0.015824
0.165539
2.9371
0.0561734
0.599861
0.80932
1.40641
2.25216
0.446885
1.52801
0.529113
3.6155
0.17343
0.24855
0.85085
0.132107
0.471225
0.0445279
1.6582
0.0334401
0.321108
4.23711
0.1567
0.263958
1.74005
0.552707
2.78328
0.182866
0.216309
0.600163
0.181958
1.37177
0.926875
2.23436
1.8454
0.68846
0.86578
1.86147
0.606641
0.098419
0.618275
0.357749
0.0423812
0.813765
0.828391
0.221994
0.242073
1.01891
0.855732
0.16068
1.1791
0.757338
1.65512
1.71733
0.639964
1.17478
0.725309
0.388746
1.27151
2.01245
1.71628
1.04102
3.45755
0.980286
1.01039
1.30954
1.72264
0.49868
0.239474
1.7305
0.992081
0.274415
0.6251
0.474408
0.786191
1.41766
1.97128
1.7387
0.00298266
0.311381
0.118263
0.427678
0.447839
0.512036
5.21861
1.65978
1.38543
0.75578
0.0599876
0.500967
1.95376
0.810465
0.558637
0.725911
0.545828
1.13908
0.0420117
0.520389
1.41711
1.81897
0.120856
3.76397
0.415256
1.06238
3.48014
2.06524
0.760133
1.94901
0.235383
0.954987
0.547192
0.0410653
0.0181805
1.05747
2.11037
3.98487
1.33585
1.8603
0.231584
0.461035
0.18073
1.7475
0.244854
2.1804
1.44312
0.230432
0.359085
0.0471889
0.688587
0.287919
1.44436
1.97765
1.74442
0.336113
1.28623
0.0755036
0.96882
0.71594
0.719685
2.67139
0.0171983
0.185007
0.569699
0.0300171
0.584067
0.536204
1.19969
1.8789
1.91954
0.0307671
0.776506
2.00128
0.660456
2.30844
4.89428
1.2846
0.863305
0.908109
0.335718
3.27076
1.10346
0.363259
1.56381
1.08495
0.165589
1.16588
0.0431674
1.13019
0.387126
0.321334
0.696897
0.128718
0.936473
1.64327
0.0207635
0.0771864
1.44334
0.367482
1.3113
2.69797
2.02983
1.75008
0.464511
2.8264
0.805155
2.07176
1.12066
2.56351
0.668707
0.278586
1.42732
0.384291
2.90622
0.517964
2.44892
2.03444
0.0269343
0.151751
0.358172
1.49118
1.18801
0.0104104
0.0831585
0.209663
0.0295128
0.0582945
0.0304482
0.514315
1.26243
1.43234
0.92687
0.200422
1.1915
0.309618
1.5079
0.183015
0.75253
0.81947
3.0031
2.33739
0.631487
1.04615
0.638088
0.937717
1.21747
0.252223
0.388203
1.77817
1.38294
0.294023
0.579054
0.13639
1.67662
0.279303
2.27309
0.414334
4.10726
3.59812
0.445574
0.163735
0.741324
2.00788
0.137246
1.27397
0.222788
0.313071
2.241
0.339007
1.07053
0.976717
0.823187
3.68627
4.0685
2.10318
4.09389
0.310467
0.0650461
0.325617
5.90988
2.56117
0.974232
0.745761
0.0959089
2.6035
0.188039
0.23145
0.971253
0.374433
2.29875
0.340598
0.597375
1.55688
0.0321141
1.30759
2.87239
0.805506
1.01702
0.0318993
0.854915
2.24145
0.715622
0.90214
0.0959298
0.596299
1.35141
0.700808
3.16124
0.545229
0.165647
2.26638
0.0970669
2.11928
3.23468
0.156906
2.46474
0.538321
2.71164
0.0774684
0.404304
1.41764
0.14113
0.526754
0.107114
0.567294
1.99253
0.359358
0.465137
1.52565
5.30377
0.716543
0.157884
0.288609
4.11577
0.8646
1.25812
0.735408
0.0956958
2.21983
0.299457
0.0267312
2.22308
0.153136
0.00121802
0.167469
0.66117
0.511353
0.680948
0.189102
0.554717
0.536172
0.448063
2.08753
0.348057
0.270621
0.950907
0.0655134
0.846966
1.06471
0.619312
0.433253
0.207437
5.0295
0.23487
0.313027
0.0395722
1.17711
2.14628
2.5538
0.0470637
1.69856
2.07739
0.536883
0.316306
1.2161
0.134594
0.34772
0.100629
1.0714
1.65272
0.017882
2.22844
1.87876
0.851854
0.409379
1.30087
1.79052
0.273741
1.02637
1.6017
1.30369
0.256132
0.372245
0.175604
1.34915
0.743601
0.979225
0.24839
0.218612
2.99177
0.435377
2.8198
0.551884
1.07845
0.260811
0.158051
1.36106
0.415741
0.424075
0.0450676
2.71167
0.324585
0.906481
0.709536
2.43491
0.106562
0.624813
0.105777
2.49139
3.37
0.130392
0.601848
0.759049
0.081765
0.935717
2.0154
1.32483
3.27273
0.0300846
2.48586
0.437213
1.41669
1.14191
1.28373
0.721641
2.28151
1.42904
0.767918
1.23099
0.157877
0.332704
0.621453
0.0538462
0.45908
0.889705
1.04771
0.168646
0.727376
1.24241
0.148593
0.2247
0.940026
0.453889
2.13209
1.67098
0.623257
0.511144
0.126735
0.689242
0.742496
1.04955
0.493169
4.39877
0.169048
2.49378
2.11606
0.190693
1.15508
1.1566
0.564577
0.102277
0.749525
0.606556
0.35441
0.489734
1.52047
0.878434
0.546556
0.537824
0.606065
0.485088
0.674934
0.820223
0.27108
2.89932
0.0652666
0.195788
1.14777
2.23851
0.413706
0.00887767
0.574579
1.10929
0.7994
1.39809
0.6338
3.42248
4.53656
1.34045
0.143336
0.225843
0.116522
0.220538
0.689033
0.0608981
0.96232
0.209443
0.224664
0.892316
0.587532
0.406586
1.12456
1.08447
1.31076
0.0362189
2.34828
1.98381
1.5953
1.16674
2.44373
1.20282
0.196079
1.17905
0.377416
0.00984144
0.704003
0.131189
2.45643
0.162881
2.46437
0.0956175
0.504065
0.824409
3.20757
1.49416
0.422854
1.02248
0.358038
0.694952
0.964472
0.222333
2.29321
0.0639213
0.86356
2.08664
0.656363
1.14833
1.24531
0.161392
2.38131
2.3179
0.556806
1.28123
0.0280706
0.705851
0.492623
0.20489
1.89784
0.0862881
3.06908
0.686425
0.979041
0.354298
0.71061
7.08599
1.65501
1.3025
0.838543
0.9398
0.119902
1.07512
0.255332
0.513737
1.75094
0.210932
0.172183
0.0718944
1.1525
0.279918
0.208937
0.46798
0.603665
0.479369
0.000782347
0.826862
0.524342
0.114141
1.69645
0.388745
1.29591
0.764432
0.924655
1.6965
1.03765
0.866303
0.0585533
0.0676805
1.45593
1.20633
0.71877
1.54738
0.178066
0.473139
2.08102
0.0463482
1.1643
2.1522
0.520175
1.75722
4.88346
1.09368
4.40324
0.0482238
2.9007
1.10274
0.740893
0.59814
0.277581
0.114924
0.0507682
0.377772
1.00893
0.535029
1.14487
0.783788
0.16904
0.955088
1.07643
0.436383
0.840506
1.08122
1.21114
3.59704
1.36023
0.546325
0.127471
2.897
0.201939
0.259978
0.168629
0.480802
0.358632
0.586309
2.40596
2.57283
0.848082
1.24763
1.5965
1.19435
0.0129918
0.534635
0.32797
0.144355
0.00919504
0.734113
0.00361209
0.427735
1.20074
0.210349
0.318535
0.985555
0.562424
0.571046
1.96236
0.759693
0.802107
2.0031
1.66558
1.02099
0.39116
1.5656
0.474365
4.39725
0.527985
1.6968
0.275776
0.227136
0.567868
1.44763
0.771166
1.12432
1.60888
1.05142
3.06438
0.338581
0.774934
0.050109
0.735357
0.755445
0.784754
0.185822
0.383944
0.419842
0.529646
0.231163
0.991883
0.0149611
0.35185
2.76389
0.323134
1.61094
1.46416
0.483737
2.49927
0.85875
1.69825
1.52075
0.535225
0.993508
1.52136
1.29768
0.827028
0.380526
0.227454
1.12787
0.439271
0.541486
0.306415
1.87829
0.522345
0.198764
1.09614
1.70782
0.98947
0.863858
0.334299
3.59044
4.84922
1.55653
1.16011
0.592675
0.0641789
0.330987
0.53234
0.0488435
1.13058
1.13442
1.03923
3.05703
4.7095
0.672857
0.314684
3.44234
0.203716
0.148724
0.160341
0.198424
0.306984
0.0675743
0.531921
0.463016
0.0933489
0.123114
0.460408
0.595967
0.232768
0.432169
2.4398
3.34365
0.47332
1.21821
1.60899
1.63639
0.288269
1.75867
0.269199
0.278823
0.277697
0.974801
1.23631
0.29871
3.22799
0.710022
0.235326
0.914091
1.5608
1.55873
0.845132
0.453452
1.1282
0.826452
0.00822909
0.439366
0.252671
0.895585
0.76876
0.521916
1.74858
0.413437
0.148138
0.0293219
0.626936
1.48895
1.82874
0.972779
0.41868
0.546724
0.527998
0.288476
3.20951
0.00762737
1.19933
0.626395
0.450657
1.03295
1.7988
0.233122
0.973241
0.131935
4.52385
1.26234
0.920959
0.0928656
0.25882
0.224293
0.95572
1.52597
0.724909
0.502767
0.54618
0.000288223
0.185802
3.37967
1.18777
2.17735
0.31264
2.26646
1.24989
0.334711
1.08761
1.52527
0.602116
0.589978
0.716644
0.798304
0.262362
1.52243
0.851411
0.0575452
1.39341
1.56614
3.16977
1.99571
2.66429
2.02871
0.736583
0.0634033
0.0929291
0.0414203
1.01018
0.143467
0.394134
0.0965986
0.674991
1.79606
0.60415
0.759772
0.402048
1.56077
1.02719
0.749919
2.29978
1.65142
0.883396
0.873157
1.24494
2.25395
1.90528
0.392865
0.399996
1.3306
0.285348
0.44507
0.514135
0.721752
0.456901
0.730908
0.66369
1.05443
0.349602
2.58295
0.443712
0.432793
0.381647
0.876073
0.307373
0.237937
3.60823
0.82347
3.06845
4.33107
2.32539
0.588502
0.0871886
0.887236
2.12243
0.490629
0.128305
0.400634
0.427644
1.15406
1.47449
0.341807
0.784784
3.04151
1.80735
0.662731
0.575544
0.78477
0.689926
1.42996
0.639394
0.0036145
0.0614966
0.125269
0.659257
3.5772
0.289901
0.547857
2.48198
3.224
0.0304276
1.01689
2.69542
0.61596
0.466264
2.51286
0.442897
1.27906
0.774
0.00360144
0.878154
1.10634
0.977204
1.55482
5.03052
0.539455
0.627061
1.69131
0.838446
4.01061
0.120458
0.651089
0.159671
0.570825
0.593129
0.712059
2.38854
5.31243
0.267993
1.25926
1.08074
1.06429
0.0944806
2.25492
0.846953
1.27073
0.726253
0.890959
1.903
0.18944
0.937416
0.0968717
0.48925
1.47142
3.73544
0.468753
0.995807
0.0107009
0.190481
3.51145
0.257044
0.218042
0.22968
0.142084
1.53227
0.375764
0.939668
0.945813
0.206509
1.35392
3.05698
0.547401
0.319939
0.407321
0.43093
0.0252366
0.453638
0.407949
0.708122
0.0510252
1.36066
0.185626
1.60533
0.425851
0.091785
0.429089
0.895526
1.41596
0.124659
0.949413
0.483065
0.125724
0.158939
1.69064
2.10558
2.7336
0.469499
1.58483
1.1851
1.94653
1.37102
0.17718
0.773697
0.0476794
0.209435
0.356418
0.157445
0.122698
0.586234
0.319943
0.681678
0.337444
0.178159
0.457977
0.762665
0.639159
0.492662
1.26683
0.256802
0.201389
2.20894
0.618527
1.67094
0.71166
0.943066
1.75443
0.141518
0.419583
3.97549
5.47981
0.258213
1.20465
7.87957
3.73732
0.633251
0.429332
0.850128
0.408937
1.38221
0.452744
3.55289
2.2754
2.97111
2.45954
0.959631
0.366812
0.582978
0.424593
0.791623
0.135959
3.16276
1.89677
0.697855
0.525271
0.108027
2.64769
1.64684
1.66367
0.333267
0.134078
0.244871
1.0816
0.058946
0.983622
0.375651
3.82142
0.020868
0.454
0.492242
0.931663
0.838006
3.05997
0.176668
0.160546
0.0983909
0.647002
0.0757057
0.425147
1.38816
0.0726145
2.08451
1.02091
0.728979
1.61208
0.173261
1.2258
0.412482
0.279581
0.30516
0.397053
0.159908
0.159689
1.13152
0.940393
2.72699
0.688541
1.58922
1.3606
0.265126
0.506809
0.171672
0.851478
1.29386
0.715006
2.02569
0.490133
0.884186
3.05365
0.667365
2.01577
1.63139
1.97023
0.849429
2.46797
1.01246
0.301015
0.598192
0.370964
0.582635
0.0284014
0.411917
0.608374
3.76309
1.95797
0.374866
3.04076
1.29767
0.271115
2.40608
1.31495
0.478702
3.45978
0.529687
2.79962
0.0314105
0.173035
1.34733
2.0926
0.623287
0.663878
1.49127
1.39749
1.27384
1.48056
1.98004
2.16416
0.50096
0.589001
0.3245
1.22608
0.609795
0.328927
1.58216
0.637558
0.168444
0.687614
1.38139
0.0856769
0.304935
1.86427
2.30011
1.54593
3.039
1.3051
1.84304
0.946574
0.384771
0.157183
3.09023
2.43098
0.41137
0.368427
0.261421
0.15576
0.191454
0.301647
0.620672
0.399492
0.857625
1.77847
3.70342
0.313161
1.24077
0.254673
0.578117
1.14733
1.06103
0.00216125
0.804227
0.578665
1.66849
1.3901
0.0448398
0.040943
0.149067
0.402468
0.159849
1.18535
0.208104
0.0662137
0.721037
0.929288
1.93625
2.24422
0.487182
0.621368
0.38787
0.856633
0.462734
0.431502
0.0421407
2.1105
1.00075
0.139323
1.99365
0.220438
1.76331
0.524894
0.279124
1.01873
0.582702
0.0501456
0.214397
0.707055
1.28867
0.230829
1.75245
0.30661
0.854694
0.686536
0.112472
1.07526
0.122586
0.374286
0.543215
0.366394
0.390333
1.24292
1.89007
6.13306
3.41788
1.37382
0.101696
0.253481
0.918068
0.875256
1.80634
0.969595
0.0528388
0.114884
0.620799
0.406436
0.580117
1.78356
0.74016
1.66583
0.383692
0.330364
0.108967
1.03436
0.162253
0.849727
2.45644
0.242161
0.89662
1.24538
0.164929
1.46336
0.554356
0.0488451
0.175223
2.36281
0.588304
0.333801
2.09836
0.395118
0.231015
0.00417547
0.968691
0.06099
0.86244
1.0783
0.42319
1.27639
3.91977
1.1734
0.890033
2.03577
2.41446
1.01945
0.307989
3.68541
0.952588
1.50509
1.20098
0.769224
2.54861
0.761562
0.145591
0.572406
0.857843
0.993645
1.19267
1.1398
0.803507
1.98978
1.33516
0.870884
1.05635
0.352752
3.92525
0.458105
0.197841
1.52367
2.37223
2.28291
2.94675
0.456438
1.98105
0.099065
1.72683
0.742665
0.411993
1.95221
0.0500841
0.438682
0.0601081
0.709805
1.65267
2.61553
2.26217
0.489864
1.61708
1.33549
0.482715
0.587582
1.08808
0.896802
1.03523
2.21409
0.125794
2.00371
0.0247622
2.52569
2.53287
0.947062
0.489824
2.26159
1.12
0.0742156
0.145663
0.147295
3.36764
2.88233
0.107051
1.12276
0.218052
0.0381652
1.36158
0.280484
1.78661
0.678702
0.165001
1.72722
0.451065
0.177545
0.244103
1.02626
0.176815
1.38112
0.896182
1.18864
0.055711
0.107387
1.10811
2.62001
0.246794
0.555445
0.289761
1.94186
2.06331
2.24493
1.62997
0.297561
0.0154552
3.23753
0.98412
0.249952
0.64704
0.198625
1.16706
1.7413
0.188831
2.96846
1.71691
0.635045
0.341437
2.13157
4.01501
0.592717
0.165342
1.04379
0.00265191
0.632832
1.11081
0.52554
4.16453
1.82498
3.73851
0.715206
2.96391
2.57642
0.742764
3.76072
1.46917
0.0301101
0.512937
0.477838
0.374624
0.36951
1.21134
2.4418
0.541907
0.948976
2.25095
0.600627
0.3241
0.236885
0.441362
4.48462
0.105493
0.0163683
0.661647
0.518471
0.170576
1.11511
0.977049
1.3282
0.535012
1.78411
1.522
0.201684
0.55679
1.85833
1.20003
0.632301
4.14932
0.483453
0.128978
1.82071
0.5827
0.391274
0.661182
0.381281
1.84772
0.180262
1.70794
0.834727
2.10324
2.37164
0.725102
2.47076
0.945302
0.841006
0.106827
0.905418
0.961347
0.184063
2.24689
1.02307
2.23036
0.488587
0.200986
3.1067
0.529773
0.324615
0.405713
0.288623
0.97024
3.9441
0.467582
0.341621
0.265895
1.37487
0.405094
0.979336
0.563726
1.27664
2.91313
2.12982
1.34275
0.586162
1.42529
2.45817
0.343434
0.370067
1.24402
1.71608
1.10362
0.103964
2.00639
2.14161
1.77968
2.88708
0.0248334
1.94004
0.566058
1.71818
2.96534
0.570187
2.14939
2.65311
0.012494
2.20438
0.53024
1.0145
0.619924
0.583743
1.48209
0.333734
0.620549
0.323015
1.4674
4.21167
0.582692
1.71997
2.25337
0.202864
1.48933
0.172783
1.41283
0.25071
0.897193
0.746935
5.89642
1.06849
2.03498
2.22347
0.961694
1.3558
0.37239
1.00744
0.585965
1.79108
1.71575
0.328279
0.323167
0.0758792
0.322679
6.69826
0.728425
0.332334
0.376427
1.79382
3.44807
0.574249
0.0365439
0.0911258
0.786619
0.635398
1.65664
0.754226
2.92389
1.23435
0.311918
0.862341
0.313079
0.24293
0.63961
1.07616
0.274937
0.554124
0.0449386
0.0148773
0.721026
0.192035
0.921181
0.310749
0.336263
0.811942
0.825522
0.535362
1.19713
1.7424
0.424321
0.516241
3.64032
0.128581
0.421094
0.0932683
0.270203
0.234512
0.0261966
2.91428
0.474559
0.519895
2.17117
0.153359
0.324286
1.48739
0.414186
0.115154
0.0232786
0.742939
0.199183
0.111424
0.805366
0.0390367
0.10567
2.35392
0.156338
0.47191
0.469558
5.41686
0.579008
0.75629
0.0193219
1.6653
2.07704
1.08283
0.156996
1.23055
0.676802
0.624949
0.320081
1.10235
1.33022
0.796897
0.101572
0.10845
2.63894
2.9488
0.425677
0.6056
0.225987
1.77455
1.08879
0.50813
0.925923
0.181696
1.30859
3.56475
0.51398
2.76738
0.952305
0.800085
0.0493679
3.12173
1.17864
1.2688
0.323899
0.0872944
0.352718
0.203199
0.141977
0.556963
0.374766
0.297888
1.28514
3.05594
0.300052
0.39438
1.67435
2.36864
0.577842
0.261907
0.430406
1.8995
1.55573
1.24324
0.304917
0.433016
0.142022
1.87546
0.805268
0.0434356
0.358618
1.31818
0.660776
0.9182
0.645986
0.142937
0.987778
0.12744
0.320916
0.280286
0.21798
0.425671
0.512257
0.750983
0.79414
1.0351
1.17058
0.490922
0.671372
0.799735
0.494067
0.693931
3.01696
0.0984573
0.912122
0.398735
0.334971
0.182811
0.804356
1.54271
1.06168
0.154458
0.79516
0.511689
0.241515
0.698923
1.06889
0.820617
1.6123
1.30346
0.172595
0.703264
3.85884
0.366397
0.233714
0.500366
0.52817
3.5865
0.109465
1.74962
1.081
1.47984
1.01725
0.236786
1.35714
0.0757943
0.238384
2.44084
1.70391
0.0308519
0.0340038
0.907638
0.581936
0.788883
0.25388
0.0102115
0.611448
0.541074
1.17837
1.65558
2.72833
1.74347
0.0725122
0.155499
0.242313
1.77741
0.0472816
0.961574
0.00405914
0.180907
0.292594
2.44144
0.2591
1.62983
0.214253
1.18971
1.64186
0.0133084
0.11796
0.212751
0.321415
0.92613
0.566047
1.22549
3.17296
0.871466
0.377616
0.0226162
1.59347
0.879832
1.4963
0.594674
0.762504
0.251031
0.0483461
1.90088
0.487614
0.395551
0.540833
0.61386
0.0230718
0.449185
1.44199
3.06929
0.257352
1.05552
0.931452
0.397928
0.548782
0.319778
0.451305
0.540955
1.78467
0.75938
0.297418
1.01427
1.17909
1.33892
3.85081
0.413399
0.210037
0.0830959
3.58755
2.34081
1.72366
1.51518
0.462128
0.047341
0.178042
0.454523
2.21432
0.242582
1.12246
0.0964842
0.170489
0.113161
1.04211
0.957893
0.020804
0.388624
1.13556
0.653633
1.57492
0.922161
0.836039
0.720546
0.391948
2.06127
0.246839
1.37533
0.358223
1.42127
0.43257
1.38689
2.54789
0.235944
0.444045
1.47943
0.398501
0.477857
4.24691
1.59419
0.340989
1.10711
0.228012
0.256323
0.0839084
1.31245
0.148818
2.26981
0.335165
1.13719
1.83418
0.456368
0.10536
0.736009
0.251275
1.23778
0.265843
0.133587
0.430743
1.02463
1.33649
0.619073
0.746587
1.35514
0.124642
0.525855
2.42123
0.607671
0.575966
0.685249
1.46324
1.21293
0.228118
0.557939
0.549156
0.480789
1.29125
0.2864
0.898633
0.33421
0.148853
0.341157
0.642067
0.402614
2.52542
0.681906
0.943251
0.674149
1.09907
0.00192875
1.59282
1.43533
0.29629
0.715213
1.01819
0.936854
1.38578
0.903679
0.875067
1.94117
0.101593
0.0797708
1.36241
0.200269
1.76137
0.175838
0.283977
1.56971
0.577375
0.783919
0.959566
2.78928
0.632354
0.189618
0.404021
1.20782
1.78475
2.8387
1.03375
0.716494
0.704858
0.0727955
0.405978
1.33863
0.19698
0.481948
1.77099
0.00339539
0.134491
0.945463
0.226627
1.45711
1.18155
0.170217
0.573686
3.64036
0.11343
1.3673
0.281486
1.00755
0.770198
2.02784
2.12583
0.290973
1.01537
2.10768
5.66647
1.22419
0.373884
1.22713
0.00239159
0.144004
1.46619
0.383854
0.644663
0.538842
1.23099
0.72517
0.467415
3.41039
1.0575
0.50123
3.4529
2.99705
0.168734
1.24376
1.47116
2.53261
0.239722
0.348964
0.209373
1.73912
0.370266
0.341789
0.435242
1.61157
2.10944
0.0243734
0.319933
0.18317
0.990823
0.175158
0.561107
0.192623
0.464058
0.019827
1.06987
1.4366
0.173415
2.20297
3.81071
1.55861
0.505158
3.28959
0.433022
0.813453
2.90777
0.737886
0.369645
0.299543
0.412209
0.105476
0.956715
0.301843
0.246549
1.03552
0.541706
0.469171
1.44076
4.42902
0.439661
2.25743
1.16842
0.075563
1.09993
5.61959
1.20565
4.3865
2.61704
1.24313
2.14049
0.966798
0.634266
0.628951
0.235445
0.0632431
0.298484
1.40621
0.697182
0.36498
0.991431
1.39714
1.64298
0.619787
0.509663
0.782679
0.351948
0.0313322
2.09611
0.111605
1.34385
1.38421
1.32063
1.59747
1.74606
0.301019
0.0187387
2.6285
0.0185007
0.271879
0.154903
4.75443
2.12787
0.871144
1.962
1.34251
0.558874
0.59342
0.593034
0.841029
0.134089
0.139571
1.74275
1.0798
0.718313
0.548074
0.392635
0.153738
1.33685
1.65947
1.76124
1.11179
1.33972
2.08636
2.02637
1.19948
0.754677
0.00655192
0.788745
0.0288364
1.13434
0.0448381
1.14265
2.28204
0.133935
0.0563944
1.56605
1.25564
0.149991
1.77213
0.233785
2.63097
0.370593
0.0972426
0.161258
0.770489
1.10895
0.501362
1.12324
0.0378321
1.1434
0.154118
0.569864
0.885565
1.92243
1.07847
0.984038
2.04688
0.142306
0.299375
2.28901
0.200674
0.181368
0.493917
1.03328
0.0364239
0.82749
0.498898
0.468714
0.0902401
0.0210225
0.604513
0.349539
2.65445
0.731232
0.32395
1.51972
2.07916
2.21564
1.18639
1.72617
1.63694
0.22148
0.046263
0.846325
0.893
0.094788
0.517968
0.621664
0.322564
0.558124
0.896548
1.51267
0.751354
3.1601
1.74919
0.889701
0.0188065
1.72351
1.25232
0.50775
2.53793
1.38214
0.406692
0.124721
0.370685
0.525919
4.00944
1.32789
0.858819
0.862006
3.43508
1.76921
0.202511
0.627814
3.35217
0.441402
0.104899
0.200575
1.93254
0.464284
0.726296
0.27671
3.04416
0.038575
0.264735
0.225379
1.27394
1.40102
0.14011
0.942862
0.964496
2.66356
0.0502014
3.79882
0.151455
0.213851
0.134872
0.68685
0.256154
2.23501
0.309301
1.02149
0.720074
0.0608932
0.0842728
0.150506
2.16773
0.840298
1.46497
0.65334
1.53366
0.881239
0.694694
2.98224
0.186945
0.507234
0.886613
0.246919
2.37759
1.57644
2.97996
1.68563
2.61702
0.351103
0.0307865
2.1841
1.29569
1.91673
1.05766
0.316104
0.737292
0.195866
0.575411
0.754087
0.714019
1.54838
0.0617152
2.5472
3.02414
2.75734
0.133453
2.45538
1.26766
0.043987
1.69609
2.71098
0.287685
1.7219
0.608156
1.72402
1.33903
0.0277838
2.62215
0.336369
0.582639
0.584013
1.239
0.364589
0.36927
0.237132
0.661266
1.38968
2.59652
1.9268
0.572222
0.907922
0.151213
1.77293
0.318906
0.392603
0.960497
0.39474
0.341024
0.0228535
1.71174
0.924147
1.69219
4.76188
0.55945
0.694509
0.0416435
0.610994
0.747378
0.212649
2.79614
0.396284
1.32537
1.1498
0.446992
0.503005
0.352654
0.484551
1.89791
0.672511
0.448919
3.35672
0.322581
1.45122
0.937344
0.190743
1.99153
0.993383
0.387189
1.60259
1.54262
0.0512968
2.40826
0.0263163
0.530242
1.15606
0.0125291
0.666399
0.0039449
0.183205
0.5033
1.19842
1.52982
2.09116
3.09942
1.76871
0.519502
2.48432
1.46538
3.65402
0.157165
0.0233104
0.246056
2.29141
0.352855
0.759906
0.0647343
0.953067
1.74516
0.0405234
1.13787
0.814435
0.580675
0.127127
1.05067
1.22742
0.878122
1.01778
4.23624
2.92808
2.39332
0.463819
0.735026
0.520458
1.05539
0.478631
1.09121
1.20127
1.3275
0.0580259
0.9033
1.65336
1.09108
1.44243
0.243874
0.0959304
1.06602
0.328009
0.533182
0.522142
0.393796
0.0295336
0.233436
1.48951
0.438825
0.639247
1.97639
0.18633
0.920047
1.50549
0.494458
0.060642
0.00512031
0.627367
1.47802
2.24108
0.808613
0.457783
1.17122
0.013394
0.927353
1.76751
0.23735
2.75618
0.798107
0.414997
0.810354
1.96595
1.04266
2.47698
0.0492768
2.49705
0.665423
2.18673
0.830691
0.363039
3.9067
1.51403
6.32206
0.383464
2.89486
0.734782
0.658418
0.769708
0.42974
0.288787
1.4103
0.284726
1.23103
1.25245
0.00723896
1.1155
0.125549
0.0500727
0.0443497
2.14826
3.09417
0.47773
0.396666
0.46091
2.07099
1.78371
0.59479
0.34276
0.987325
0.617473
0.375199
0.321356
0.305036
0.743247
1.46924
0.587044
3.01587
2.34783
1.08116
1.54862
0.29943
0.184067
0.292939
0.433391
2.16288
0.938425
1.02346
0.538248
0.356225
2.03387
0.853349
0.179067
0.527753
1.35957
0.235306
1.31573
0.27252
0.19648
1.21011
0.121071
3.64155
0.0871209
0.244673
0.831299
2.20741
0.598186
2.40423
4.94507
0.178276
1.10549
0.184401
1.21092
0.109301
0.457401
0.0619934
1.16011
1.28654
0.232248
0.895971
2.0259
1.38627
2.26699
0.0648989
0.0543179
0.523808
0.21649
0.556302
0.273587
1.52173
0.624038
2.46593
0.110131
1.69983
1.24446
0.0524273
0.17731
0.93892
0.0900975
0.0968256
0.0947795
0.497869
0.322228
0.83877
0.0837858
0.568667
0.883802
0.24543
1.01787
6.92916
4.3738
1.55455
3.19906
2.19234
2.0464
2.44421
0.948018
0.213444
0.744468
4.43217
1.30643
0.431906
0.644727
0.741145
1.5507
0.156528
0.28538
2.76658
0.527667
1.02118
0.412249
0.000417182
1.7332
0.670912
2.09062
4.61365
1.16108
0.584277
1.96495
1.05905
0.377975
1.92188
1.59289
0.0614413
1.33804
1.52109
2.51795
1.16351
3.87508
1.44373
0.124683
0.222112
0.0847563
0.112444
0.718119
0.693318
0.220579
1.29288
0.0638213
0.229955
0.134306
0.188231
0.162391
0.774884
0.327516
1.76221
0.259526
0.171302
2.8177
1.44948
0.0367685
0.235921
2.00526
4.77098
0.905981
0.138726
0.820761
0.816566
0.475314
1.47658
2.38006
0.0983112
3.15627
0.588042
1.89172
1.99855
3.0169
0.622117
0.857288
1.07345
1.2216
1.50481
0.949286
2.88693
0.273061
0.222608
0.423566
0.703291
0.803365
0.196534
0.26886
0.954417
0.135793
0.0831415
0.379307
1.77749
2.283
1.02427
1.09321
0.525054
0.205917
1.15826
0.846346
0.792186
0.0958389
0.282411
0.0243106
0.320695
0.128361
1.14442
0.0839324
0.4797
1.74942
0.0783154
0.80079
2.49289
2.27134
0.842518
0.304839
0.271082
0.40755
0.124896
2.30211
0.291149
0.634596
0.997868
2.34622
0.965784
2.32968
0.219735
0.14017
0.188282
1.87625
0.0489011
0.975363
0.737527
0.747419
0.899059
2.66705
1.7875
0.699281
3.85877
0.708456
0.152569
0.320053
0.593278
1.46029
0.0241925
1.99462
5.0767
2.83328
4.20138
0.0840374
0.411044
1.50853
1.58295
1.24794
1.02259
2.65844
0.71063
0.393491
0.562472
0.24224
0.706757
3.32016
0.197341
0.718767
0.346462
0.863528
0.7925
0.296463
1.32093
0.29386
0.768089
0.0135899
2.61962
0.514077
0.13633
2.26858
0.010896
0.318994
0.483495
0.0297508
0.322495
0.00586067
0.952727
0.612499
0.439555
0.968191
2.46892
0.112016
0.896522
2.55409
0.0946595
0.0802462
1.05483
0.421059
0.454467
0.0630454
0.0749355
1.09056
0.128196
0.241942
0.804684
0.0455459
0.897639
1.89335
1.94996
0.832876
1.23347
2.45843
0.453908
1.08986
0.18786
1.36338
0.279725
1.13369
0.0304789
0.124287
0.749353
1.19487
0.39019
0.548908
2.31046
1.24058
0.175723
2.14665
1.45699
1.10914
1.42809
0.347815
0.323862
0.774162
0.552997
1.82211
1.48463
0.243748
0.0461042
0.108091
0.0385035
1.6759
0.157955
0.831734
0.392412
0.0683438
0.541568
0.612605
0.479378
0.922166
0.99877
0.0143126
0.214351
1.01196
0.238561
0.726075
0.451162
2.16023
5.71429
0.34952
2.00848
1.38355
2.84334
0.757982
0.00787446
3.93606
0.104242
0.522793
0.150209
0.312794
2.92866
0.587719
2.04533
1.49856
0.328417
1.08217
3.83662
0.169632
0.0684818
0.043852
5.00085
1.39025
2.03876
0.935427
1.13413
0.876036
0.268468
0.796078
1.28408
0.553342
0.65854
0.416864
0.399926
0.391446
0.12089
1.34137
1.3589
2.4785
0.00507021
0.00981133
1.90818
1.06786
2.31745
2.19559
1.79077
1.40144
2.15155
0.322293
0.59535
0.654392
0.417083
3.61366
0.471652
0.0413117
1.64933
0.364083
0.272206
0.253113
0.843529
0.897817
0.546408
0.520724
0.247761
1.10679
0.0106573
0.614093
3.17936
0.139163
0.270299
5.85585
0.223535
0.26913
0.907647
2.42999
0.448057
0.809512
1.24189
4.31136
0.268109
1.64951
0.175468
1.39176
0.360322
0.205049
1.1827
1.39554
0.111065
1.90023
2.11595
1.16457
0.767585
0.740192
0.569645
5.66446
1.31954
0.205669
2.51344
0.686392
0.144804
0.0353935
1.00422
0.961112
0.201246
0.00296107
0.531195
0.0921312
1.69597
0.581938
0.351263
0.145943
0.236985
2.80544
0.223736
0.240462
0.784785
1.19578
0.851099
2.30008
1.4864
0.415238
0.730919
0.329895
0.954531
0.546922
0.0832198
0.17116
1.2107
0.075034
0.687404
0.874676
0.559473
0.0188752
1.56735
0.475509
0.522684
0.722383
0.493064
0.730824
2.21039
0.22864
0.783225
2.99947
2.34962
0.63309
1.40012
0.0827033
0.0392128
4.11412
0.525241
0.776089
1.23374
2.06139
0.64772
0.028111
2.00458
0.659298
1.50015
0.0327161
0.244121
0.209601
0.651686
1.44148
0.792663
0.305886
1.69205
6.04314
0.0846004
0.433992
0.234674
2.31961
0.395188
2.96057
0.208548
0.140751
1.45945
0.03137
1.00708
0.0348605
0.147182
0.114631
0.471531
0.0308771
4.74158
1.8018
0.371736
0.0419701
1.33063
0.569368
1.4736
0.0365591
0.0550956
1.97066
0.408452
1.04759
0.837145
0.2294
1.64089
1.09216
0.256832
1.20546
0.727159
1.21376
2.11119
0.0191624
1.76769
0.499831
0.32141
1.19347
2.31793
1.68697
1.23869
0.96199
0.172713
0.265377
3.37342
1.68587
3.78293
1.23841
0.32693
0.612197
1.70635
1.01241
3.88186
0.0438799
0.366108
1.06264
0.0247711
0.558831
1.6674
1.83452
0.0197783
1.21742
0.138911
2.10033
0.10386
1.65701
0.625837
1.26829
0.119286
0.616959
0.804928
1.93348
0.58612
0.210692
0.485383
1.08111
0.0946577
0.163681
0.412912
1.23146
1.43651
0.981019
1.79098
1.79641
0.0775856
2.07471
0.0190677
1.62457
1.07812
1.71789
5.78526
0.700428
0.516099
3.15797
0.0878167
2.45984
0.0190607
0.842777
0.688575
1.65129
2.20364
0.926295
0.378475
0.00426904
0.323776
0.0414982
1.48683
0.846522
0.822617
0.12276
5.65841
1.72087
1.13206
1.80679
0.678065
0.404348
0.0865001
0.940161
1.16574
0.111927
1.6442
4.10849
0.024586
1.84072
3.57497
0.137908
0.723948
0.223005
1.3428
0.257378
0.21507
1.29984
0.468188
2.96881
0.719827
0.374773
5.10329
0.093512
6.16427
0.00477983
1.229
1.29846
0.636355
0.908157
0.16161
0.310867
1.63359
0.527213
1.52392
2.72839
2.40785
0.711338
0.565888
2.31241
1.01845
0.485415
0.141345
1.25505
0.469581
1.2069
2.36738
0.239614
0.934906
1.37728
0.287223
4.34322
0.0284999
2.21861
3.28878
2.13197
0.285355
1.46762
0.181998
0.22125
1.22383
1.67996
1.3474
0.399516
1.01903
0.654791
0.478987
1.10333
0.0340754
0.529569
1.72644
2.00873
0.636066
0.892899
0.758834
2.66482
4.13647
3.51776
0.102742
0.354375
3.38916
0.482716
0.51136
2.29064
0.415828
1.8298
0.0195154
0.313798
0.729626
0.460788
1.73341
0.0171257
2.50904
1.47239
1.07003
0.138553
0.24026
0.439981
2.73397
1.84291
0.132464
1.39525
2.50959
1.09349
0.0462865
2.03274
1.4712
1.30473
0.549427
0.637295
0.102801
0.571053
0.722292
0.970054
1.25042
0.596346
1.07383
0.278991
0.702012
1.90094
0.8977
2.10572
0.75735
1.06927
1.51301
0.505446
0.436739
0.584896
0.791329
0.221242
1.57636
0.179872
0.712834
1.11489
0.362253
0.0214085
0.00581205
0.0561666
0.469234
3.14402
1.40203
0.250868
0.0799088
0.935326
1.70959
0.432867
0.528699
1.4695
0.144858
0.280229
0.59093
0.179137
1.39745
1.43278
0.918584
2.58576
2.68417
0.200032
0.76225
0.214701
2.02912
0.187581
0.0615058
2.06118
2.46
1.34377
1.78414
0.347557
0.78952
0.391726
0.0540935
1.02716
0.0886858
1.43006
1.09954
1.17381
0.771848
4.38897
2.28408
0.0238804
0.182808
0.196521
2.22882
1.03279
0.208317
1.01806
0.0690657
2.79349
1.84962
2.57901
0.792662
0.578399
4.93476
1.52596
0.0879407
3.16033
0.195468
1.38648
2.42063
0.571614
0.0550991
0.819236
0.249287
0.529972
0.623478
0.566265
2.75374
0.380707
1.03885
0.335253
0.155928
2.99601
1.53214
1.53991
0.494828
0.403703
0.128401
5.58312
1.28426
1.34553
5.58036
0.366255
0.217258
2.038
1.05156
2.6379
3.69075
1.51616
0.815847
0.104146
0.565843
0.235336
3.37819
0.168057
1.61699
0.0463619
0.949655
5.00918
0.303589
1.37594
0.134798
0.43574
0.863531
0.351285
0.126837
0.67283
0.957219
0.426367
1.02282
1.84137
2.76049
0.763663
0.539423
0.332226
2.54343
1.64378
1.53478
0.984292
0.144481
0.0702879
0.981062
1.26344
0.426191
1.088
1.80018
0.316838
0.354484
0.177109
0.68703
0.772617
0.10627
1.41897
0.123697
2.01076
0.718106
0.137818
3.50598
1.37993
0.163747
0.118718
0.290952
0.362606
0.262503
0.849744
0.759483
0.342199
0.528169
1.25923
1.62797
0.592114
1.70607
0.343588
1.33702
0.87838
2.25549
1.94554
0.925372
0.767572
0.152507
0.0383243
1.29759
1.37123
1.0803
0.745475
0.739358
0.62366
0.0923235
0.0293325
0.583924
0.641112
0.524437
0.414609
0.142368
0.202418
1.03255
1.07394
0.461042
0.330137
0.869534
0.256073
1.61004
1.02345
1.26886
0.555167
0.108667
1.65025
0.650462
1.94599
0.100017
0.201719
0.366739
0.807689
1.61838
0.594278
0.627918
0.746898
0.093423
0.436253
1.37349
0.187371
1.14282
0.735805
1.22177
1.49222
0.10185
0.576223
1.97184
0.343467
0.0944996
0.861483
3.84009
1.05779
1.29343
3.20965
0.845156
0.106364
0.561419
0.320322
0.202214
3.90658
1.237
1.03656
0.23789
0.337534
0.204416
0.719483
1.76241
0.581845
2.68561
0.107361
0.249679
0.331971
1.16255
0.292223
0.670155
1.19898
0.32725
0.980917
0.125885
0.578976
1.95996
0.774586
0.835325
0.0367419
0.755026
0.191322
1.51597
0.128312
0.173185
2.03495
3.07889
0.353503
0.407714
0.891714
2.11134
1.26482
0.242816
0.0580973
0.231565
0.0716656
0.756717
0.983696
0.0533946
0.671531
0.24917
0.186478
1.20995
0.20013
0.738656
0.329573
2.14835
3.07743
0.0508094
0.060763
2.45192
1.13884
0.300523
0.335862
0.0844223
0.473838
0.339145
0.317111
0.531633
0.513851
0.626503
0.503964
0.476557
0.888699
1.95315
3.42904
0.643624
0.284395
0.205245
0.476183
0.99286
0.0406186
1.54906
0.938982
0.368142
0.110529
0.650961
0.286121
0.364003
0.923797
1.53527
2.08111
1.53961
0.226089
0.124992
0.566705
0.231408
0.157055
1.48286
0.375087
0.393699
0.548136
0.767776
0.0832445
0.783862
0.479782
0.336868
1.41693
0.0840584
1.51742
2.65886
1.30233
1.40474
2.49012
1.26147
0.730693
3.10491
2.6963
0.546713
3.0575
0.580641
1.3849
1.686
1.21959
0.134765
0.0987329
0.662371
0.687274
0.90072
1.40339
0.747584
2.3983
1.28504
0.364511
0.618791
1.10181
3.0119
2.67836
0.359132
1.30111
0.115258
0.472966
2.39328
0.761247
1.29721
0.398579
0.383914
0.356284
1.57789
0.28089
1.45999
0.955574
0.291228
1.07062
1.31222
0.218386
0.589728
1.52513
2.30274
0.509529
0.110115
1.04699
4.76488
0.833169
1.09214
0.435084
0.497117
0.00959426
0.209327
0.198224
0.900094
0.613841
0.271639
0.89633
0.241067
2.45847
3.07535
0.0863662
0.142578
1.27099
0.580059
0.0273552
0.376049
0.544852
0.484051
0.55989
0.719617
1.21986
0.921542
0.230193
0.00616955
0.0975818
1.48046
1.77722
0.368001
0.591204
1.04817
0.0117132
1.12514
0.0419226
0.490128
0.0524557
1.75423
0.964826
0.910845
1.52333
0.204891
0.251148
0.0898663
1.86588
0.299843
2.22853
0.0959301
1.26392
0.193173
0.972013
1.20441
0.865784
0.538786
2.16602
4.1168
2.23705
0.597912
0.293478
0.856229
1.14448
0.06446
0.0207866
1.14934
2.63955
0.0353154
0.67349
0.0266409
0.630424
0.852174
0.0990735
0.746938
0.065098
0.181162
0.217149
1.11537
0.329786
1.49895
0.407044
1.53977
0.0139291
0.597622
0.915674
0.946722
0.275635
0.212933
0.114119
0.0919163
0.809861
1.3825
1.09577
0.256107
0.186708
0.980447
0.319127
4.26653
0.299275
3.03107
0.0287222
0.0159767
0.685488
0.0769301
0.57586
0.250891
0.326442
1.28962
0.385301
0.417568
0.0795522
0.285346
0.0904918
1.66957
0.572666
0.857969
1.9526
0.181025
0.000504616
1.02699
1.17568
0.69277
0.195937
0.123455
0.350182
4.7753
0.585883
0.0727307
0.673087
0.434733
0.264542
0.308441
2.02862
0.0530181
0.986085
1.8262
1.01951
0.353586
3.69595
0.411495
0.479213
0.704531
1.87558
0.371198
2.38765
0.312943
1.04218
0.537397
3.49169
2.4018
0.462689
0.724617
3.21376
0.314332
0.993934
0.282773
0.0753417
0.762231
1.59466
1.16032
0.942809
0.173978
3.99189
3.8803
1.64356
0.276989
0.20574
0.0878312
0.243141
0.263801
0.488056
0.749223
0.235058
0.887407
2.57355
0.427702
0.779625
1.47903
0.763237
0.0421021
0.627514
0.76311
2.22474
1.32925
0.12428
1.16306
1.48097
0.0661129
0.441752
1.47399
0.0331921
0.072527
0.166714
0.0224589
0.970881
0.329622
1.23878
0.00904208
2.11588
0.00229965
0.974506
1.25973
0.548749
0.632553
0.985034
1.48738
0.0288964
0.300316
0.0466162
0.369989
0.0419005
0.266789
1.12135
0.33327
2.05142
3.30391
2.85021
0.609724
0.0848379
0.564361
0.111311
1.46915
0.217078
1.62595
1.24082
0.102737
0.895197
1.47131
0.598952
0.306077
0.638647
2.05116
4.09351
2.35957
1.11171
0.0522862
0.867391
0.333611
1.74637
0.358725
0.225113
0.278237
1.46299
1.19118
0.684112
0.155616
1.3854
0.694856
0.366802
0.30904
1.48256
1.70008
1.31235
1.05649
1.18362
1.28363
0.0121899
0.0398171
0.294657
2.33105
0.33097
1.92025
0.907848
6.10913
0.152711
0.827275
0.515781
0.514752
0.650714
0.188112
0.447443
0.0249388
4.37486
0.622778
0.389024
3.50075
0.142583
1.62111
0.109577
0.746558
0.715494
1.43
0.582294
2.63697
1.07956
0.758892
1.64204
1.47246
0.821787
0.907388
1.40646
1.01787
1.09058
0.333951
1.19839
0.684916
0.0332313
0.110162
0.88411
2.09279
1.27272
1.03974
0.479472
0.346631
0.131437
1.17146
0.554355
0.0738081
1.43494
0.475536
0.33023
1.09522
0.577186
2.42223
0.224788
0.355422
0.879571
0.636478
0.833664
0.563628
1.81601
2.01428
0.135864
0.366451
0.760717
1.25114
0.116713
2.34181
0.469941
0.783162
2.42953
0.691615
0.53888
2.48658
0.770855
0.493297
1.16098
2.5092
1.54327
1.78582
0.159053
2.71025
1.10349
2.34021
0.767177
1.51567
0.414569
1.8602
0.524104
0.620285
0.028741
1.40628
0.0826772
0.212347
1.11871
1.13389
0.0128549
0.252724
0.303944
1.00795
1.1468
0.400316
1.70155
2.07692
0.375592
0.816325
0.638276
0.233036
1.61044
0.0204802
1.28556
3.12256
0.228384
1.38259
0.891085
1.75214
0.936102
1.16768
0.641136
0.465868
2.16295
0.568581
2.63975
3.52771
0.976711
1.21785
0.89468
0.287956
0.863521
0.439772
0.0230581
0.308325
0.907948
0.0986546
0.759647
0.810413
2.32203
0.51737
1.53548
0.756606
0.486547
0.666708
0.800021
1.51338
0.708118
0.479791
1.84808
0.226433
0.574682
1.51696
0.247028
0.0606531
3.30235
0.323138
1.24511
1.13214
1.73607
0.745273
1.97747
1.35463
1.07114
2.70661
0.191328
1.06866
0.777268
0.329766
0.125868
2.0447
1.3209
3.27602
2.17927
0.498264
4.67401
0.392206
1.26437
1.39835
1.35452
0.666601
1.97205
2.29003
0.248781
4.15854
0.453576
2.13216
1.67522
2.25532
3.08247
0.99256
0.773086
0.931041
0.500111
1.6139
1.14651
0.15629
0.0187858
2.47325
1.17007
1.17134
0.747858
0.245049
2.52191
0.434108
1.32491
0.752685
1.16717
0.103575
1.23606
0.97405
0.107223
0.551744
0.725668
0.142387
1.75404
0.470799
0.808531
0.015962
0.810143
0.336968
0.175171
0.105579
0.206222
0.246788
0.559116
2.52498
0.879605
2.39241
0.127218
0.211052
0.311951
2.40293
1.07143
1.66709
1.82203
1.45462
0.587175
2.4448
0.0436449
0.130313
1.2184
0.401943
1.00165
0.987823
0.792373
0.0633456
2.10616
2.73887
0.650052
0.213876
1.16109
1.0005
3.02728
1.82667
0.469926
0.105285
0.223064
0.834225
1.34147
0.709751
0.190774
0.355741
0.173847
1.05071
0.56199
2.29036
0.0253791
0.610179
1.58987
0.4732
0.155611
1.60069
4.39582
0.983087
0.73756
1.40209
0.984398
1.21984
1.03801
1.2356
0.8407
0.0145419
0.219567
0.557501
0.986055
0.938386
0.102723
0.270935
1.92711
0.729912
0.419004
0.694691
0.0179852
0.224029
1.8551
3.82592
1.9585
0.563393
0.310402
0.276544
0.951766
0.381858
1.27581
0.111894
0.134292
0.475476
0.40002
0.923997
0.0564404
0.230617
1.47209
0.451494
0.235287
0.26841
0.482277
0.967878
0.123963
0.372871
0.696761
0.36775
0.984159
0.54363
0.293338
2.29919
1.455
0.347978
1.04498
0.588279
0.151135
0.218121
2.18811
0.774645
0.0323742
0.675017
0.378363
0.271404
2.25771
0.953823
0.187803
1.67517
0.0989249
0.557829
1.62168
0.149174
0.594558
10.8225
0.440441
1.5304
0.373401
1.20055
0.257854
1.43833
0.318689
0.768862
0.311058
0.995679
0.0880635
0.81902
0.394528
0.12342
1.35959
0.538968
0.263353
2.5537
1.02824
2.22519
0.75909
0.485697
3.63117
0.297173
1.82556
0.394051
2.63397
2.14689
0.821602
0.229537
0.244017
0.0447769
0.290081
0.366737
1.51155
1.11452
0.378158
0.82746
1.45786
1.31726
1.78259
0.301757
0.889238
0.760048
2.95079
0.694984
0.71572
1.63021
0.411877
0.219903
0.7502
1.26854
0.443591
1.10787
0.481734
0.858932
2.06331
0.996733
0.299899
0.00550923
0.373664
0.533338
0.0636874
1.93108
0.132135
0.946193
1.97546
0.175356
1.15608
0.821998
0.284658
1.04458
0.251633
0.000859743
0.493937
0.123219
0.126162
0.471581
1.46859
0.0788556
1.68586
0.00740922
0.191054
0.551328
0.802266
0.260163
1.18348
0.439465
0.859566
1.5053
0.767362
1.38706
1.48744
0.587942
0.482479
1.59324
0.782106
0.494655
0.165725
0.906891
0.208772
0.755922
0.256318
0.104454
0.164327
4.09879
1.41164
0.255569
0.720074
0.715112
0.585618
2.70638
2.38844
3.13891
0.311133
1.90524
0.105268
0.585168
4.78696
1.44453
3.74238
0.180609
1.68748
0.766823
2.72102
0.444944
0.193249
0.21109
2.16147
2.02654
0.456741
3.3062
0.252255
1.89642
0.0548977
1.13157
1.75208
1.66024
2.54552
0.318573
1.31806
0.343451
0.19644
0.694084
1.44084
0.302317
0.469598
0.615307
1.3888
0.377382
0.89362
2.86409
1.29901
0.105943
0.295368
0.729981
1.17281
0.785545
0.337688
0.445532
0.384851
0.0955862
0.866504
0.585519
2.60624
1.74946
1.03134
0.84094
0.605105
0.470371
0.0178756
0.66193
0.649841
0.271092
0.646393
0.253859
2.14754
2.51899
0.70356
0.996189
0.945276
5.46936
0.723483
0.358021
3.33978
0.14689
0.28205
0.228777
0.376536
0.0601595
0.188577
1.01026
0.670183
0.265743
1.96839
1.01965
2.72201
1.11755
0.605537
0.864078
0.207647
3.31978
0.155355
0.0567161
0.0516261
0.561785
1.77923
0.266789
1.53006
0.530402
0.811222
0.0671877
1.71606
0.626087
1.3156
0.737979
0.105195
0.197326
0.176184
0.508997
1.30543
0.472732
0.182937
0.392547
2.14796
2.67124
0.330859
0.495192
1.24698
0.14546
1.29821
0.462744
0.738888
0.966845
0.838327
0.152248
0.180651
1.72135
2.11969
0.18012
1.83532
2.47818
1.01931
0.303151
0.336709
0.431346
0.157689
0.332431
0.826572
0.458915
1.42993
0.666535
0.960171
0.759649
0.305878
0.999758
2.48977
1.0149
0.378352
0.186345
0.610497
1.44059
4.10031
2.45274
0.144371
1.55945
0.0602333
1.15243
0.0949887
0.609518
0.809042
0.576077
0.409412
0.0554806
0.349919
0.0890705
0.691518
2.30483
0.431411
1.14775
0.666658
1.32126
0.232288
0.05451
0.41257
1.07004
0.496573
0.805162
1.17461
0.00522909
0.934787
0.0720351
0.830193
1.78631
1.51616
0.155874
0.180273
0.27511
0.438838
0.0771905
0.109769
0.88368
0.284524
0.00581649
1.19401
0.168579
0.877289
0.54364
0.534667
0.113154
0.144915
0.481993
0.420908
0.974078
1.30966
1.8333
1.11559
2.54887
0.239139
1.27416
0.611072
0.33727
0.152651
0.462432
1.11964
2.46991
1.28268
1.78989
3.00335
0.285736
1.44822
1.04747
0.31529
1.15037
3.96506
0.812084
2.66795
0.0493854
0.0647904
2.34528
0.510081
3.68427
1.3957
0.609163
0.73267
2.34129
2.44658
0.0372051
0.485394
2.06649
0.545662
0.241518
1.49575
1.42981
1.51144
1.20217
0.328138
0.10486
1.32117
1.1053
0.220164
0.0661398
2.26216
0.0280261
0.778109
0.430367
0.882551
0.194449
0.293386
0.467878
1.03432
1.43271
0.302432
2.78181
2.87094
3.04959
1.81794
2.82536
0.969987
2.35974
0.933474
0.187062
0.791328
0.407444
0.460091
0.205276
0.207025
1.4819
2.4429
1.9256
0.870696
0.799813
0.927812
1.0436
0.737883
0.328606
0.185818
0.140235
2.20846
0.658716
2.5445
0.546172
0.417353
1.21898
0.404838
0.556626
1.26734
0.183914
0.0280877
0.417133
0.803385
1.37897
0.0427459
1.27067
0.324715
0.400183
1.0997
0.313639
0.154932
1.28306
2.23734
0.790057
1.10648
0.0940771
2.60474
1.14642
0.870143
2.72772
0.605826
0.252613
2.39794
0.225776
0.278074
0.669045
2.18794
2.74147
1.02537
0.873132
2.28113
0.993701
0.14872
0.652679
0.565918
0.22576
4.348
0.229774
0.321967
0.0966864
0.0566854
0.183246
0.264639
0.0134128
1.05397
0.925204
0.0785692
0.393543
0.663444
1.9295
0.365992
1.71091
1.58111
0.0850844
0.0528334
0.256711
1.6184
1.44883
0.288501
0.257641
0.146831
0.127369
0.526752
1.56731
2.26214
1.57217
1.79139
2.09515
0.196938
0.0257114
0.717993
1.6629
1.6582
0.00418259
2.47725
2.80849
0.97683
0.397538
1.94448
1.0452
0.137505
0.537462
0.672126
1.34685
0.0719094
2.5834
0.396344
0.124947
2.01781
1.35867
0.017457
0.0952395
5.62776
0.414034
0.422313
0.575532
0.00980021
1.88765
0.99564
0.39338
0.609788
0.961908
0.112949
0.877945
1.32076
0.536477
4.7786
1.25575
1.24894
0.439596
0.936105
2.78702
0.99524
0.00915421
2.08728
5.16388
0.416495
0.1493
0.834229
0.08181
6.64913
0.15249
1.11099
0.0318986
7.96197
0.337618
1.472
1.61532
0.54565
0.211074
0.0934824
0.429613
0.285213
0.211189
1.11212
0.000439383
0.662427
0.122498
0.56568
0.154077
0.394367
1.45341
0.325367
2.41006
0.771512
1.49898
1.19266
1.27946
2.03694
0.871105
1.02584
0.486491
1.90191
0.453306
1.36671
2.17861
3.50155
0.0638254
0.361322
0.494829
0.683975
2.99775
0.881528
1.03282
2.07626
1.87765
0.181117
1.10296
0.923394
0.671233
0.936506
2.07103
3.59283
1.83542
0.282635
1.11419
0.622403
1.33132
0.396988
0.0939351
0.613643
1.52272
1.22752
0.324491
0.18441
0.648976
1.99836
0.293668
0.341645
0.321998
0.571072
0.748768
0.183968
0.274642
3.2487
1.49633
1.12575
0.120375
0.302644
1.26332
0.259419
0.228506
2.23939
0.290381
0.586274
0.628282
1.06693
0.680112
1.73629
0.564173
0.090618
0.377382
0.118533
0.0405854
0.569639
0.372254
3.97546
1.22968
1.09433
0.00324866
0.661596
1.05925
0.973541
0.907566
0.0244046
0.37845
0.706857
0.689593
3.10596
1.96744
0.23415
0.296535
0.729483
1.90252
1.06099
1.35716
0.80802
0.215948
0.00347946
1.54703
0.0224796
1.95462
0.17392
0.733031
0.0155337
0.551741
0.306253
0.19084
4.70139
0.632448
0.917282
2.0503
2.09747
1.5693
0.138577
0.00722819
0.403283
0.709934
0.877437
0.511353
1.37861
0.981736
0.245912
1.57369
1.4039
0.916676
0.960248
2.98328
0.613723
2.78442
4.40451
0.353199
0.0797126
1.08735
1.08456
0.561672
1.82965
1.10502
1.08224
3.18645
0.168302
2.38948
0.986147
0.162675
0.379617
0.0605439
0.999781
1.98288
0.0184221
2.84652
2.09007
2.26107
0.520147
0.407378
0.419102
0.94273
0.168103
2.21232
0.988233
0.243257
0.766709
0.399297
0.958733
0.700743
1.18321
0.94448
1.77973
2.30075
0.445138
3.44231
0.480795
2.29881
0.625611
3.86968
1.498
0.605707
3.3517
1.03399
0.86006
0.41821
0.891885
0.00990137
0.318612
0.785612
0.00264391
0.545494
2.0617
0.12091
0.462336
0.144622
1.52762
1.68013
1.85272
1.25081
0.845786
0.263601
1.55036
0.408643
0.437038
0.329329
0.505374
1.10509
1.35838
0.839875
2.54852
0.0340183
0.935273
0.861114
0.190727
1.42961
0.356467
1.58611
0.000955518
1.00615
0.489672
1.23722
0.831792
0.414645
0.273026
0.137611
1.14965
0.599234
3.04959
1.25667
0.158001
1.62218
1.74895
0.649662
0.589206
0.434803
1.73708
0.968456
0.0867823
1.98838
2.35034
0.758127
1.21534
2.83276
0.781755
0.56773
0.52934
4.42674
2.32476
0.790567
0.621401
0.351615
1.22768
0.81227
0.122266
0.669577
0.542105
0.179522
2.30008
0.540596
1.14393
3.10617
0.714375
3.41799
0.761506
0.585758
0.406008
0.439237
0.406609
1.21106
0.582092
2.09911
0.170991
0.634766
0.756463
1.31361
0.0889879
0.0880222
0.318139
1.48001
2.15402
0.523489
0.22758
1.82688
0.474068
0.471829
0.781706
0.728025
1.9232
1.01988
2.75154
1.91292
0.642307
0.853253
0.636233
0.205026
0.168248
1.51445
0.81517
1.50648
0.224715
2.49181
0.340113
1.08406
0.244509
1.41663
0.257569
1.41152
2.56823
1.92867
0.812937
0.0708152
0.767436
2.36185
0.185621
0.0453687
0.960154
0.299187
0.34054
0.0452994
2.09638
0.0672199
0.107926
0.947572
0.620633
0.163494
1.45388
1.00543
1.98422
0.0476314
3.15471
1.00917
1.7339
3.66732
0.613991
0.0792869
0.755501
0.695749
0.642201
0.480162
2.43404
0.754764
0.52932
0.142559
0.0921479
0.247956
1.11768
4.12239
1.45468
0.0947194
1.94777
1.44933
1.02818
0.212734
0.0825378
0.54454
0.611894
2.53614
1.04707
2.68997
0.208495
0.470245
1.94177
1.00381
1.10808
0.589205
0.42799
0.0795048
0.878967
0.04441
1.43066
0.217225
2.85419
1.02787
0.801445
0.627151
0.962478
1.75427
4.28437
0.153427
3.50378
2.2511
0.153742
3.31017
0.835249
0.122521
0.897812
1.24136
0.482279
0.650629
1.42714
0.0305207
2.75418
0.431941
0.289323
0.813622
0.517574
0.156548
1.49768
1.59656
0.259923
2.56226
0.759796
1.37012
1.16703
1.84666
0.792246
2.30609
1.25602
1.99282
2.11366
0.378474
0.672841
0.703687
0.859585
0.541319
0.323106
0.42403
1.51876
0.707346
0.0926443
0.0684283
0.861908
1.38424
0.434655
0.104842
0.592086
2.60692
0.150529
0.430477
0.188516
0.76742
6.51126
0.354828
0.750648
1.60394
0.279728
0.44002
0.19934
1.83342
2.33927
0.214742
0.10956
0.327221
1.06047
0.858212
0.106261
1.23812
0.0682212
1.79618
0.301734
0.371273
0.807507
0.600195
0.571929
3.51113
0.798756
0.889787
0.150255
2.69182
1.76793
1.89866
0.0789818
0.995532
0.601932
1.79748
0.385806
0.127205
1.00575
0.751516
2.07738
1.04028
1.72974
0.207438
1.73006
0.269625
0.570623
2.62928
3.06958
2.6295
1.96783
3.32278
2.14522
0.022197
0.630299
0.487492
0.117556
0.626782
0.216755
0.151154
2.86417
1.02189
1.53822
1.82955
3.43139
0.276732
0.721521
0.0431128
0.0460133
1.50524
0.244425
0.602015
0.21199
0.190879
0.181094
0.245077
4.15364
0.032587
1.09145
0.260981
0.329885
1.46993
1.15695
0.694287
0.2124
2.17028
0.212795
1.06193
4.07368
0.490976
0.592741
0.159654
0.447105
0.633855
0.407045
1.01852
0.524864
0.0292508
1.73425
0.0945993
0.400652
3.875
3.27228
1.1518
0.509565
0.60018
0.471194
1.94417
1.02685
0.157256
2.09551
0.0171636
0.836524
0.0484784
1.04982
0.698834
0.842041
0.602551
0.117481
1.22543
1.43634
0.510096
0.177038
0.0136272
0.226324
2.94074
0.928974
0.298778
0.707719
1.29421
0.0993682
0.070886
0.539381
0.534634
0.959446
0.044646
0.123288
0.727187
0.105625
1.58525
0.247307
0.606017
1.56157
0.0464627
2.14241
0.874052
0.562894
0.217635
0.0895712
0.8424
0.449157
2.09384
1.55748
0.606755
0.427695
0.345339
0.596333
1.3218
0.591968
1.57626
1.22685
0.958232
0.656987
1.26101
0.650575
0.146129
1.39355
0.699528
0.0143299
0.503631
0.514643
0.618101
1.27395
1.4836
0.535436
3.93025
3.19337
0.714109
0.311404
1.62401
0.0371015
0.497884
2.93642
0.210084
2.35468
0.260967
2.12723
0.0439426
0.817338
2.53844
0.659823
1.07176
2.19625
2.36654
3.05711
0.950739
0.141446
3.20778
1.17285
0.172487
0.923792
0.261889
1.31158
0.444562
2.17178
0.178656
1.60181
0.549954
0.0791052
3.58728
0.632656
0.419098
0.197206
0.548498
0.261387
1.38207
2.20669
0.22193
0.652549
0.508034
0.247648
0.939535
0.352211
1.05565
1.61163
5.19164
1.1188
1.75063
0.160963
0.484299
0.389115
0.340411
0.0805886
0.814573
1.04116
0.121339
0.348608
0.0205147
0.518564
0.317119
1.49312
0.241192
0.542888
0.47845
1.09078
0.831528
1.68895
1.26223
0.643259
0.451906
2.73799
0.41318
0.800946
1.38383
1.38179
2.03139
1.61417
1.0319
0.499017
0.0215265
0.440611
0.0388737
1.59692
0.694255
0.273329
1.3157
0.37312
0.262966
0.522306
2.63932
0.127865
0.544284
0.496046
0.0829091
0.103767
1.37703
1.08426
0.238119
1.65571
2.08377
2.52014
0.979597
0.925065
1.13948
1.37212
0.308571
0.559644
0.566305
2.63519
0.0490242
1.86353
0.0360979
1.34201
1.0537
0.110995
3.22873
0.66733
0.699811
1.29283
0.822031
0.822255
0.351251
2.28624
1.55352
0.514813
2.31546
0.117142
0.245355
1.15156
0.430448
0.623808
1.49372
0.183517
1.64396
0.160333
0.320681
0.175951
0.592849
0.272208
0.0785515
0.337488
1.60423
0.163548
2.3979
1.30832
0.788269
0.763598
1.23575
2.10021
1.33676
1.32085
0.650526
2.35082
1.42028
0.0359443
1.19502
0.930284
1.577
0.240779
0.154088
0.915824
1.16198
0.232026
0.637038
0.829075
0.401457
0.794064
0.53958
1.89404
0.959495
0.116322
0.80345
1.3973
1.39478
0.266158
0.476781
1.21609
1.05326
0.0169361
0.0693445
0.297496
0.336749
1.51006
1.49772
0.332777
0.440608
0.0798825
0.840703
0.112721
0.415424
0.456089
0.056593
0.430904
1.65548
0.0497016
1.83979
0.157707
0.759339
0.444628
0.631478
0.781717
0.0721715
1.92383
2.16807
0.00574435
1.55592
0.272126
1.79573
1.07727
0.0501874
0.439816
0.12717
0.622515
0.00769515
0.555294
0.305345
0.0635021
0.672323
0.445936
3.48297
0.144126
1.14767
0.318326
0.254348
0.435837
0.435738
0.471066
0.682776
0.711445
0.99665
0.267104
1.15231
0.0770121
0.338349
0.154299
0.60241
2.06531
0.653617
3.22554
1.30209
0.10736
0.0315512
0.404862
0.348237
0.906172
2.7358
0.990454
0.0780582
2.31222
1.0228
0.206065
4.42466
1.11796
0.0071261
0.586999
0.20007
0.939734
0.236228
0.137495
0.307324
0.268024
0.428262
1.21628
0.300007
0.290941
0.552503
0.982819
2.33919
0.000686568
1.03199
0.332262
0.613858
0.123312
1.1682
1.20818
0.0202777
0.4465
0.894698
1.4492
1.2034
0.645189
2.07222
0.992897
2.96389
2.49138
0.557704
1.43592
0.218623
0.688013
1.37607
0.442855
0.335107
2.2653
0.188895
0.233053
0.866248
0.191531
0.0741382
0.19316
2.51968
1.83235
1.64695
0.967599
1.21564
1.02013
0.0240764
0.0623223
0.643694
0.651843
0.604824
0.560046
1.23677
0.145885
0.116512
3.64473
0.612499
0.785539
0.313844
0.804617
1.29016
0.315025
0.0558391
0.182724
1.06552
0.986979
0.315144
0.500885
1.16046
4.35402
0.336393
0.316742
1.62472
3.17677
0.826706
0.462408
0.245598
2.62549
0.86481
0.952274
0.536925
0.193189
0.840991
3.64896
0.23114
0.730212
0.183649
1.54493
1.57824
1.65437
1.39162
0.182496
1.65622
0.277288
0.241422
0.0366219
1.18177
0.313569
0.0553173
1.09794
3.06299
0.100177
2.30704
0.715397
2.3758
1.1014
1.72279
0.469907
0.0990831
0.242857
0.911004
1.66513
0.104085
1.30006
0.373086
1.73111
3.75439
0.104003
0.883243
0.976377
0.973575
0.612797
0.0669681
0.071586
0.587396
1.12068
0.91292
0.750977
1.45797
0.0852105
0.489436
5.68539
3.46162
1.67098
0.111683
0.297572
2.28893
3.6587
3.54456
0.4892
0.660088
0.856297
1.22003
2.01746
0.334239
0.0927344
0.352227
0.752264
0.44393
1.17963
0.245155
0.454412
0.0595685
0.627458
1.91255
0.570607
2.32699
0.433902
0.200745
0.478279
1.27797
0.0278544
0.592516
4.62612
1.01052
0.608681
0.359559
0.542018
1.95757
1.8895
2.60137
0.78869
1.48099
3.41314
0.114095
0.190453
0.390978
0.877214
0.576536
0.907813
1.71029
2.28946
0.890205
0.21089
0.0558442
0.887123
0.0882172
0.293302
0.020348
1.99125
2.15696
3.68015
2.13974
0.983099
0.263154
0.238775
0.654452
2.24909
0.259692
0.444155
0.24659
1.69666
0.0812812
1.96998
0.262523
0.668982
0.395934
0.877275
0.413729
1.12131
0.166095
0.0650981
0.278529
0.673257
0.0504025
0.193738
0.144435
1.33773
0.407816
2.89317
0.589356
0.834941
2.73739
0.218106
1.06046
0.473345
1.25111
1.47296
0.182863
0.75683
0.453725
2.88329
0.756052
2.02672
0.160186
1.21272
0.115937
1.67787
0.587931
0.887026
0.658644
1.55327
1.27085
1.78657
2.67831
1.38129
1.11942
0.770798
0.606366
0.198946
0.605473
0.635998
1.8681
0.292926
0.301926
1.10023
1.19118
1.41449
1.04735
0.169532
0.26464
1.33634
0.924986
1.27276
0.0797735
1.17104
2.67942
0.36061
0.231236
1.81073
2.11711
0.453078
0.337309
0.262317
1.50963
1.47887
0.373735
1.37601
3.12856
0.680034
0.229943
0.802982
1.02634
3.57072
0.0807816
0.729728
2.24309
0.466172
1.18104
1.52152
0.0262899
0.416096
0.0239236
1.32111
0.223961
0.250113
0.374295
0.242937
2.91465
0.2996
2.22048
0.695418
1.15728
1.26823
0.100127
0.167232
4.56094
0.83082
0.44752
0.854222
0.311117
1.47442
0.427987
1.1815
2.47927
2.29135
0.381608
1.62107
0.528544
1.08074
1.21252
0.154146
0.184039
0.144568
1.90031
2.40172
5.52695
0.537974
0.156564
0.689198
3.70087
0.0518207
0.894553
1.7735
0.464456
2.34852
0.884513
0.930824
1.7448
0.381148
1.32634
0.704157
0.090862
1.34404
1.16424
0.366621
4.19166
1.0681
0.163295
0.169098
0.487594
0.996841
0.100191
2.44758
0.662549
1.61659
0.428421
0.90821
2.3874
0.330436
0.0520983
2.305
0.72126
0.823303
1.33272
0.162879
0.282494
0.393925
0.475013
1.03227
0.747059
2.67911
0.948996
0.128432
0.0109631
0.193626
0.330238
0.571679
0.714684
1.40475
0.98466
1.13177
2.08995
2.33955
0.0815441
1.7334
2.0192
2.63079
0.0534122
0.328755
1.21328
0.718239
0.025766
0.93748
0.112872
0.936571
0.184275
0.714438
0.337235
0.130263
1.25577
0.738198
0.217308
0.259532
0.291466
0.454702
0.759714
1.10756
0.200474
1.41604
1.5052
0.63218
0.312669
1.08244
2.57548
1.47681
1.63136
0.111058
1.34169
0.810874
0.19724
0.299393
0.0354191
0.452539
0.464787
0.623161
0.893097
0.656426
0.0089047
0.35339
0.75137
1.01965
0.291563
2.93456
0.0455807
1.78797
0.292825
0.818821
0.899964
1.05279
0.732119
1.2221
1.41624
0.00496299
0.0514559
0.562582
0.0884488
1.33125
0.0702629
2.42106
1.3698
0.837282
0.984104
1.38745
1.44102
0.981975
0.389926
0.122908
0.264094
0.670629
4.47384
0.0471351
4.05699
1.50836
2.4982
0.517085
1.55741
1.67464
0.76255
0.42536
2.45538
0.0620544
2.486
0.518161
0.838478
0.19445
0.398751
2.05158
3.91736
0.549918
0.882838
0.356705
0.110889
0.404928
0.193218
0.5831
0.777423
1.30064
0.696985
0.682222
1.44659
0.712201
0.271304
0.584487
0.0753757
0.265285
1.94636
0.807843
0.212081
0.0848856
0.014616
0.906841
0.0958848
1.0346
0.27854
0.560967
0.411666
0.881342
1.355
1.0873
2.0576
2.17464
2.02581
1.5774
0.898056
0.951484
2.43041
0.663564
1.11865
4.09947
0.244317
0.929433
0.391324
0.812748
0.769637
0.750477
0.904787
0.922925
0.644895
1.21345
1.38133
0.805827
0.0224967
0.279386
0.641241
2.2189
1.20482
0.484687
0.625097
0.375923
0.0661737
0.219379
0.303782
0.341433
1.09424
0.701375
0.206647
1.27995
1.90039
2.76254
0.300763
3.22867
0.895338
1.02421
0.330415
0.422194
0.0305569
0.0960834
0.232975
0.504237
0.807514
0.408128
0.772541
0.0606939
0.500344
0.0834131
