0.649566
0.838119
1.3374
0.604343
1.23478
0.982424
0.977485
0.915511
0.936716
1.40273
0.950443
0.77834
0.720299
0.906639
1.36781
0.541825
0.552339
0.769191
1.02658
1.13469
1.25352
1.26564
1.47724
1.282
1.19878
1.07882
0.864571
0.74428
1.02037
0.553532
0.619392
0.836998
1.18329
0.469647
0.620703
0.481726
1.34206
0.485401
0.884889
1.298
0.988059
0.884389
1.18463
0.856377
0.712247
0.792407
0.704621
1.1415
0.601446
1.58462
1.16989
0.851013
1.16941
1.25069
0.894303
0.886231
1.00312
1.4842
1.22877
1.11554
0.821392
0.979685
1.50904
1.01656
0.79396
1.20794
0.687563
0.514623
0.818088
0.70075
0.957433
0.893967
0.583744
0.88668
0.864892
1.54233
1.0693
1.09154
1.17242
1.75505
0.937326
0.648586
0.701523
0.857483
1.05771
0.757232
1.00349
0.510272
0.528723
0.833298
1.04671
0.540204
1.03607
1.51248
1.38783
1.17621
0.833238
0.738477
0.912593
0.683376
1.0801
2.32825
1.268
0.64454
0.92715
1.42716
1.22267
1.57711
0.654158
1.08333
1.10798
0.814304
0.695216
1.00681
1.47757
0.998598
1.08
0.787058
1.17164
0.639026
1.18254
0.640257
1.28929
1.40901
1.08992
1.23665
0.917939
1.23462
0.830566
1.69054
1.72985
0.941716
0.673248
1.02175
1.05493
1.25104
1.25338
1.25949
1.49319
1.25704
0.425686
0.899158
0.95167
0.627088
1.03019
1.14049
0.695073
1.22469
1.18886
1.13229
0.843876
1.11071
1.13077
1.07236
1.02839
1.64027
1.02011
0.82484
0.581796
0.874425
1.33167
0.920965
0.712189
0.748828
1.1912
1.15677
1.02477
1.18291
1.0373
0.689714
1.6938
1.04091
0.967864
0.683329
0.850799
0.739907
0.754647
1.38243
0.899135
0.955463
1.18696
0.974677
1.01146
1.14769
0.876485
1.13672
1.27105
1.01376
0.651973
0.809344
0.87467
0.989206
1.11937
0.645609
0.850594
0.969111
0.647539
1.0455
1.13499
0.938274
1.23349
0.474192
0.678879
1.08689
0.865174
1.18016
0.667479
0.634907
1.20244
1.28277
1.32631
1.13204
1.80274
1.62458
1.19331
1.19108
1.23017
1.05822
1.05175
0.545055
0.673241
1.20013
0.872505
0.924208
1.10887
0.47636
0.987228
1.22642
1.24856
0.718468
1.17585
0.806245
0.854832
0.885498
1.03413
1.56047
0.756856
1.26139
1.14228
1.19342
0.973805
0.688296
1.02677
0.662855
1.66073
1.02941
0.584193
1.43625
0.775287
1.05175
1.1552
1.09092
0.97266
0.589357
0.678903
0.776654
0.912715
1.17439
1.22066
1.2768
0.750896
0.50782
0.599355
1.16529
0.895016
1.08051
0.977709
0.655098
0.934207
0.820501
0.798607
1.17645
0.796146
1.15355
1.37237
0.453061
0.907289
1.95018
1.30395
0.714748
0.850307
1.87637
1.01511
1.28127
1.51375
0.52073
0.794923
0.801761
0.555111
0.752503
1.08321
1.64284
1.13077
0.847256
1.07054
1.06137
0.784129
1.28617
0.825773
0.849516
1.32613
0.841779
1.12627
0.46977
0.936026
0.753431
1.05849
1.37428
1.36704
1.1081
0.922416
0.751442
0.979895
1.00852
1.40145
0.846233
0.915122
0.791323
0.826515
0.950035
0.945302
1.01426
0.862077
0.69494
0.79955
0.895845
0.983817
0.809855
0.856027
1.26829
1.43119
1.12477
1.08513
0.862025
0.674049
0.429721
1.54076
0.440517
1.13774
0.741397
1.49118
0.954329
0.645069
1.01479
0.869126
0.602213
1.06113
1.98634
0.847577
1.05916
0.838376
0.873263
0.715119
1.48962
0.905729
0.747013
1.56723
0.983864
1.03254
0.70028
1.55575
1.16798
0.451458
0.985523
0.990222
0.832165
0.931514
1.35828
0.607123
0.62209
0.639355
0.807998
0.828789
0.961303
0.898177
0.754309
1.00584
0.328254
0.680312
0.766568
0.742208
0.913468
0.961408
0.606117
1.2187
0.700405
0.854205
1.1099
0.729127
0.848354
0.882151
0.973959
1.02925
1.10802
0.406187
1.44063
1.05638
1.02842
0.604958
1.41464
0.885652
0.982045
1.61712
0.551734
0.564819
0.76489
1.0582
0.722617
1.01897
0.817923
1.22064
1.2703
1.2996
0.884902
1.14943
0.870798
1.2121
0.909054
0.788032
0.745265
0.706247
1.35666
0.813874
1.01196
0.501022
1.32897
1.37621
0.864972
1.32342
0.617226
1.09788
0.919023
0.747334
1.59843
0.928734
1.29604
1.49082
0.892284
0.458354
0.822543
0.840599
1.31482
1.05963
0.668028
1.52819
0.995879
1.26454
1.34848
0.673422
0.559834
1.6168
1.28014
1.02465
1.27491
0.953556
0.677611
0.926724
0.767744
1.72499
1.13412
1.80816
1.02011
0.950761
0.728678
1.20108
0.527634
1.24187
0.711434
0.989081
0.878336
1.30025
1.5879
0.50529
0.86683
0.486881
1.19988
0.751954
1.27656
1.15305
1.52052
0.747082
0.896382
0.874499
1.0676
0.964465
1.39993
0.756605
1.12969
1.03256
0.494115
1.07368
1.52414
0.941598
0.565669
0.877214
1.7494
0.810299
1.17543
1.00447
0.916351
1.004
0.752515
1.38749
1.04166
0.459667
0.920994
0.697896
1.0857
0.587206
1.01506
1.1609
0.919267
1.14493
1.03533
0.832434
1.1759
1.57899
0.811197
0.595676
0.918432
0.789186
0.715936
0.913533
0.991936
1.09494
0.709406
0.539149
1.26465
0.88142
0.395047
0.732293
0.535017
1.50404
1.28923
0.965753
1.14155
0.523564
0.946142
0.890383
0.276728
0.525397
0.86198
0.738472
0.970599
0.719674
0.704095
1.14129
1.13265
1.85002
0.867371
1.11653
0.64572
0.584162
0.855238
0.931295
0.958058
1.02992
0.819911
0.744401
0.833321
1.18295
0.710117
1.53937
0.923065
1.26305
1.34762
1.18122
0.727722
1.60605
1.00637
1.03529
1.70565
1.43387
0.407246
0.82474
0.930062
0.643135
1.04717
0.744219
0.720844
1.6782
0.750265
0.938473
0.661803
1.27667
1.27147
0.474693
1.29018
0.957321
1.54272
1.21722
1.25001
0.722079
0.962204
0.887927
0.822797
0.975113
0.845751
1.2762
0.920828
0.967726
1.20409
0.498567
0.847257
0.947034
1.44028
0.610649
0.761361
1.06048
0.821823
0.914815
1.4488
0.800638
1.29836
0.871102
0.844687
0.603835
0.787085
0.7971
0.79789
1.35382
0.484048
1.35454
1.06862
0.805797
0.947433
1.1185
1.65576
1.64171
1.213
1.57534
1.54449
1.03245
1.02836
1.31103
0.665028
0.981753
1.02213
1.49529
1.17005
0.515071
0.950165
0.924203
0.511783
1.49601
1.02342
1.12875
0.626975
0.506678
1.11349
0.632359
0.78302
0.900933
0.988585
1.20133
0.891051
1.11134
0.663142
1.19479
0.928394
1.06538
0.761668
1.07646
0.675605
1.08932
0.920201
1.01502
1.13131
0.719414
0.784571
1.18541
0.903926
0.632691
1.19806
1.08519
0.774182
0.977304
1.33963
0.720296
0.695658
0.827621
1.57023
0.450878
0.97391
1.21109
1.26427
0.581259
0.74451
0.640557
0.772051
1.23921
0.902007
0.981966
0.697233
0.878353
0.810983
0.634068
1.56367
1.40057
0.586175
1.59841
0.982625
0.380622
0.756439
0.653964
0.845519
0.819803
0.983247
0.830926
0.873217
1.23093
1.59449
1.01433
0.498812
1.43906
0.836539
0.789519
0.477354
0.981606
0.779895
0.608733
1.10579
1.2352
1.2486
0.793009
0.971387
0.8678
0.862423
0.901552
0.710597
0.847232
0.677353
1.11927
0.552269
0.967605
1.24343
1.24818
0.410928
0.570305
0.528034
0.979133
1.3506
1.0988
1.33001
1.08366
0.90394
1.17808
1.41424
0.796749
0.631308
0.965118
0.932286
0.907062
0.888179
1.07981
1.4775
1.1446
0.916743
0.761308
0.683028
1.23194
0.984766
0.900591
0.769587
1.5157
0.703681
0.845764
0.819476
1.0706
1.24381
1.507
1.13965
0.450897
1.40527
0.440513
0.704801
1.28115
1.0385
0.785283
1.86115
1.05296
1.26865
1.14657
0.524903
0.768284
0.948048
1.05752
0.98808
0.585425
1.12693
0.829485
0.805925
1.12524
0.750916
0.8237
1.32526
1.20002
0.958977
0.885339
0.543834
1.01262
1.49955
1.09946
0.812524
0.621013
1.23149
0.855623
0.562873
0.620605
1.08259
0.673545
0.965635
1.09351
1.58227
1.02292
0.683757
1.22238
0.977802
0.889082
1.09054
0.77622
0.76982
0.719918
0.582143
1.24759
0.643491
1.30663
1.04796
1.01877
1.20221
0.510047
0.804171
0.776015
0.559137
1.22347
0.984254
0.928278
0.574004
0.811363
1.08293
1.87841
0.991193
0.822016
1.30037
0.470113
0.787776
0.816342
1.10729
0.818502
1.96243
1.06681
1.24892
1.01762
1.30018
0.780049
0.706177
1.07536
0.631063
1.17415
0.855122
0.98353
1.15093
1.42561
0.851253
1.10303
0.542479
0.953622
1.52937
0.766134
0.455552
0.970107
0.892528
0.813963
0.771139
1.40148
0.487104
0.612025
1.39177
1.21793
1.11492
1.20982
1.2024
1.29194
1.15082
1.15087
0.936974
1.0818
1.17655
1.08823
1.02481
0.914896
0.891743
0.966999
0.797486
0.759948
1.2722
0.362866
0.730472
0.669638
1.50093
0.874682
0.746901
1.31864
0.604194
1.59709
0.905164
1.00065
0.747839
0.753639
0.728584
1.73953
1.2733
1.25157
1.49205
0.788832
0.759091
1.17217
0.821952
0.810336
0.509775
0.859034
1.09146
1.15601
0.58185
0.402546
0.770824
1.06441
0.549146
1.18772
0.96531
1.10286
0.813456
0.81924
0.99369
0.822851
0.796362
0.347406
1.2942
1.32537
0.684425
1.31875
0.975437
0.811389
0.894914
2.01552
0.779968
0.983138
1.10808
1.44163
0.72756
0.914789
1.26898
1.03758
0.823514
0.619013
0.771219
0.760497
0.524885
0.930373
0.807527
1.55729
1.75651
0.93748
0.805973
1.18879
1.91498
0.516593
0.882751
0.741482
0.574286
1.06941
0.501929
0.825497
1.85195
0.832116
0.502218
0.694199
1.36729
0.574225
0.824999
0.736302
0.884869
0.718788
1.33338
1.05933
0.859184
1.04115
0.898646
1.33731
1.42685
0.801862
1.31282
0.941931
0.792132
1.23906
0.816379
0.692926
0.893755
1.18271
1.1049
0.780518
1.09453
1.03355
0.957833
0.770164
0.758606
0.871155
1.06045
0.580645
1.24638
1.15089
0.982357
1.05158
0.630367
0.728325
1.08791
1.24291
0.72707
1.0528
0.88005
0.767901
0.869538
1.10386
0.954715
1.35443
0.653648
0.845092
1.15712
0.736213
1.10202
0.757854
0.646319
0.708132
0.935898
0.897411
0.827346
0.802204
1.00733
1.16571
1.08692
0.635706
1.28569
0.973344
1.07042
1.31642
0.912301
0.878
1.01948
0.922856
1.38006
0.833766
0.976156
0.509165
0.540023
1.06304
1.81518
1.4665
1.01304
0.885695
0.570976
0.58199
1.0905
0.836739
1.30512
1.19888
0.769349
0.88803
0.976554
1.22374
1.10785
0.999188
2.01366
1.45932
1.08658
1.43921
0.774617
0.999052
1.16069
0.8077
1.70501
1.42856
0.765787
0.87513
0.643613
1.02725
0.908675
1.01033
0.764147
0.699127
0.930048
0.655767
1.17579
1.02868
0.906152
1.41222
1.03567
0.876677
1.1323
0.827237
1.36172
0.991193
0.938578
0.599028
0.841095
0.887286
0.821936
1.33658
2.64657
1.146
1.17057
0.789905
0.960738
0.785334
1.70869
0.703652
0.644131
1.35899
0.727413
1.00233
0.782507
1.36271
1.08463
1.50359
0.642672
1.5859
1.09401
1.06038
1.14901
0.709584
1.91518
0.708601
1.09296
0.8127
1.58823
0.900855
1.25182
0.656667
0.748387
1.36262
0.810494
1.38637
0.628897
0.637163
0.674603
1.22382
1.35755
1.27704
1.0611
0.954136
1.56312
1.05532
1.3433
1.43786
1.40331
1.05533
0.974795
0.755386
1.26195
1.76689
1.27384
1.02745
1.36353
1.24225
1.04612
1.17815
0.891162
1.25202
1.05428
0.972399
0.62066
0.758415
1.22357
1.18199
1.21172
0.679507
0.502438
0.905714
1.61287
1.14341
1.43658
0.683171
0.998424
0.796642
0.900188
0.998592
0.918512
0.753734
1.09534
1.02796
1.40948
1.12439
0.584204
0.982869
1.00783
1.20882
0.991527
1.035
1.02033
0.995378
1.26114
0.883996
0.792889
1.19701
0.604569
0.848335
1.45565
1.12764
1.21638
0.70489
1.92715
0.454554
1.32942
0.730569
0.800423
0.673076
1.01505
0.765643
0.575405
0.80174
1.56079
1.18477
1.3564
0.84372
1.09387
1.44506
1.10883
1.78995
0.628642
1.16976
1.07594
0.657244
0.570006
0.916201
0.554405
1.15066
1.0388
1.13796
0.567169
0.855266
1.18934
1.20031
1.02096
0.718914
0.958001
0.990719
0.84841
1.33759
0.769379
0.89096
1.09825
0.619857
1.29773
1.05107
1.13149
0.825234
0.845225
0.787858
1.15478
1.22245
0.542654
0.544154
0.959137
0.668267
1.34388
0.87868
1.46773
1.05598
0.498599
1.37459
1.16968
0.916206
0.584514
0.964454
0.902802
0.97538
0.882996
0.763124
1.51994
0.541074
0.804846
0.941029
1.30144
0.943659
0.78344
0.757025
2.1268
0.920427
1.35776
0.908043
1.45872
1.15172
1.14418
1.16054
0.850518
0.913425
0.879705
1.00009
0.776348
0.860129
0.975837
0.910073
0.717528
0.715992
0.840095
1.04398
0.710588
0.716131
0.656001
0.544892
0.90256
1.80763
1.43635
1.02831
1.51222
0.590616
1.05993
1.24833
1.01807
0.593724
1.14529
0.685413
1.00737
0.933586
1.56705
0.861011
0.46563
1.22425
1.04716
1.43631
0.900545
1.25093
1.42139
0.868907
0.5461
1.23903
1.12221
0.982639
0.442762
0.658743
0.891355
0.917801
0.563468
0.751427
0.774547
0.939296
0.775191
1.07905
1.12224
1.57213
1.18168
0.63796
1.35147
1.20196
1.11479
0.88874
0.77941
0.886786
1.04818
0.838191
1.37431
0.76766
1.05882
0.745177
2.14011
0.750229
1.24815
0.580995
0.796287
1.14607
0.913613
1.31242
1.16506
1.02461
0.723926
1.02532
0.334922
0.525927
0.474893
0.801048
1.24277
0.374889
1.04028
0.992746
0.877739
1.03266
1.28539
1.03296
1.44216
1.41645
1.27414
1.44631
0.915358
0.922723
1.16597
1.46126
0.338163
1.09787
0.835837
0.700326
1.17027
1.02943
1.00897
1.03215
1.11441
0.604381
0.857048
0.892855
0.63353
1.81632
0.9993
1.63152
1.76655
0.808547
0.991566
0.726237
0.673027
1.41951
1.19011
1.03702
0.876442
1.26105
0.645361
0.732662
1.07002
1.36479
0.820409
0.977268
0.940164
1.25439
1.17897
1.04658
0.81385
0.598383
1.2278
1.54472
0.902113
0.566594
0.570748
0.892834
0.866518
0.730836
1.27886
1.03293
0.839119
1.31641
1.03086
0.917927
1.11595
1.25383
1.36922
1.0296
1.03513
1.27529
1.54635
1.0374
1.09685
0.46859
0.807988
1.45398
0.815416
1.1918
1.61242
1.25147
0.5872
1.39706
1.49046
1.40916
0.767852
0.780365
0.856312
0.827024
1.41982
0.762368
1.64355
0.840175
0.721471
0.951699
0.994382
0.669557
1.71929
1.04508
1.35543
0.993492
1.0081
1.02784
1.18292
0.443059
1.19486
1.04746
1.04306
0.731006
1.28547
0.909151
1.37134
1.32537
1.17586
0.930167
1.58415
0.809199
1.06591
1.81529
0.406873
1.30707
0.576343
0.797607
0.456725
1.17546
0.76842
1.09864
1.0459
0.893126
2.04302
1.4913
0.746226
0.815816
1.40226
0.689817
1.21912
1.21825
1.18744
1.1801
1.21104
0.642964
1.39663
0.996668
0.746026
0.882286
0.824066
1.17635
1.85533
0.72715
1.3181
1.04043
0.812843
0.637423
1.0764
0.952783
0.722074
1.26976
0.995649
0.848298
1.22039
1.18634
1.21209
0.896857
0.821899
0.971427
1.12492
0.820371
0.632844
0.523883
0.638221
0.379109
1.27342
0.973758
0.727398
0.553283
0.806028
0.571833
1.21203
1.07334
1.0109
0.754028
1.11352
0.987181
1.02436
0.798952
0.612448
0.828812
0.630048
0.832954
0.824757
1.12884
0.91708
1.02951
0.598891
1.46858
0.946615
0.625238
1.12715
1.37611
0.822338
0.556811
0.667381
1.31499
1.17307
0.746239
1.22809
1.28823
0.784338
0.965219
0.966659
0.706959
1.14495
0.569433
0.687739
0.731703
0.90198
0.903075
1.08897
1.43429
0.99252
0.517967
0.760179
1.26502
0.614009
0.833909
0.742665
1.15957
1.18561
0.438184
1.11482
0.304014
0.478966
1.45266
0.937497
0.98179
0.45656
0.671545
1.20363
1.91664
1.2501
0.699107
1.07438
0.872557
0.953671
1.03193
1.18696
1.06566
1.02791
0.755102
0.88428
1.27761
0.93194
1.07591
0.596121
0.599331
0.854805
0.563112
0.647106
0.675935
0.975383
0.842969
1.13203
0.535226
0.580621
0.639802
1.06936
0.540233
1.30211
1.87914
0.920803
0.663075
1.18809
0.656636
2.21438
1.1681
0.992591
0.925095
1.18367
1.06113
1.5781
1.28595
1.63788
1.48961
0.888343
1.30158
0.963206
0.380055
1.06321
1.04694
0.94041
0.744526
1.24855
0.85275
0.889361
0.595284
1.91284
0.808734
0.787896
1.2703
0.833205
0.582515
0.91595
1.34341
0.650416
1.11596
0.692969
0.91089
0.804899
0.726956
0.757857
0.583871
1.90703
0.9581
1.04047
1.22855
0.90194
0.576203
1.29842
0.750855
0.806991
1.02145
1.27946
1.43398
0.643315
0.910302
0.763648
0.884053
0.932982
0.512305
1.26542
1.3349
0.542093
1.2262
0.830749
0.900484
0.61646
0.676971
1.3969
1.08995
0.696079
1.52115
0.500756
1.01554
0.998132
1.10634
0.905298
0.830972
0.565899
0.616045
0.479322
2.15548
1.08001
0.951741
1.06536
0.849172
0.871551
1.28782
1.08691
1.13508
0.927875
1.648
1.14756
0.541901
1.5284
1.00281
0.969512
0.932552
0.805417
0.964641
0.663681
1.27723
0.805663
0.911057
0.990473
1.33045
0.915066
1.10103
0.985107
0.664178
1.29133
1.21018
0.76038
1.39181
1.08392
1.23514
1.09194
0.487213
0.98985
0.852798
1.80437
1.11702
0.753703
1.05158
0.537094
0.860386
0.442982
0.684264
1.17175
1.16814
0.824552
0.469461
1.39016
0.861146
0.836196
0.658431
0.688741
0.711733
0.576956
0.905825
1.29493
1.34215
0.85196
1.47959
0.564715
1.06459
0.981495
1.23946
0.734481
1.55128
1.0073
0.916438
0.931459
1.40152
0.631583
0.68177
1.0964
0.771906
0.428042
0.803446
0.878868
0.544726
0.753414
0.588821
1.12807
1.11254
0.492051
0.652483
0.524756
0.51555
1.41159
0.790973
0.896449
0.714029
1.42602
1.95154
1.04259
0.701154
1.32918
0.96145
0.787916
1.43475
0.850295
0.835888
1.58996
0.590435
0.668687
1.66478
1.1689
0.532449
0.909623
0.567889
1.12434
0.853698
1.17188
0.656249
1.11704
0.844428
1.07004
1.18218
0.548932
0.73873
0.876065
0.701316
1.16213
1.36379
0.710426
0.565868
0.538221
0.721119
1.45891
1.15792
1.3234
1.49838
0.548041
0.722305
0.984402
1.50691
1.08397
1.27283
0.54558
1.08009
0.475485
1.17715
1.01126
1.21161
0.933354
0.731616
0.530048
0.663266
0.573629
0.591632
1.27589
1.13235
0.773058
1.46275
0.68304
0.809742
1.05141
0.585298
0.901875
1.12866
0.699646
1.02609
0.714661
0.752367
0.868014
1.49554
0.780883
0.350306
0.811508
0.923068
1.23046
0.556077
0.799675
0.601911
0.774647
1.4157
0.722658
0.998439
1.19596
1.25816
0.956094
1.43014
0.908644
0.78686
0.963992
0.524447
0.880086
1.06961
0.703969
0.69962
0.991813
0.831735
0.532497
0.943543
1.07116
0.644549
1.16173
1.01195
1.67491
1.27446
1.11838
1.37647
1.09729
1.17348
0.792447
0.701554
0.948265
0.769013
1.46601
0.921506
0.863767
0.755512
1.21445
1.20447
0.816878
1.02522
0.871421
1.00593
1.10278
0.664933
1.25829
0.74331
0.724164
1.33417
0.525316
1.09119
0.938291
0.99353
0.897168
0.91767
0.552888
0.56619
1.21525
0.818496
1.15683
0.825589
0.432811
0.967518
0.806878
0.775234
0.869844
0.765793
0.962518
2.26503
1.73199
1.38817
0.759036
0.661363
0.79451
0.760589
0.706256
1.18559
0.897347
0.808661
1.24888
0.909113
0.986695
1.07124
1.5791
1.61637
0.986403
1.32961
0.722524
1.01374
0.91492
1.25075
1.43809
0.637719
0.682283
1.50761
0.847966
0.822761
0.852303
0.974586
0.880971
0.802589
0.683437
1.27994
1.14221
1.10166
1.26703
0.911142
1.18328
0.687473
0.501964
1.06538
0.440966
1.27494
1.46817
1.40499
1.05354
0.717989
1.57401
0.662451
0.617367
0.857197
1.05034
1.3258
1.3826
0.554044
1.23323
0.602828
1.51134
0.94437
0.50346
0.486929
0.677748
0.871566
0.868132
0.725412
0.96242
0.501058
0.840032
0.905174
1.17402
0.723355
0.748417
0.850249
1.20354
0.577204
1.03564
0.56915
0.930217
0.7197
1.10459
0.858895
0.594455
1.38475
1.14956
1.34056
1.51897
0.589476
1.14888
1.43022
0.724503
0.800474
0.691414
0.784358
0.757848
1.57122
1.10173
1.39431
1.15769
0.8844
0.982887
1.02913
0.830738
1.40474
1.5137
0.953376
1.18232
1.56841
1.01472
1.22665
0.984415
1.05602
0.768129
0.994851
1.57964
1.13498
1.00214
0.531277
1.01813
0.841795
1.00541
1.20861
1.03294
1.04082
1.03826
0.845952
0.614865
1.31923
0.995162
1.61712
0.823837
0.849557
0.793754
0.491364
0.629942
0.995018
0.896007
0.845585
0.863482
1.37236
1.25371
1.55924
1.11248
0.788246
0.934993
1.06861
1.43711
1.45961
0.687529
0.934136
1.18811
0.971554
0.534919
0.996782
1.12339
1.06703
0.569745
0.83131
0.860212
0.884946
0.550837
0.53491
1.34035
1.18331
0.875785
1.65176
1.05738
0.69237
1.29664
0.875821
0.782062
1.00106
0.649755
0.87152
1.30346
0.772195
0.915882
0.767569
0.825676
0.950887
1.11405
1.3739
0.308897
0.814627
1.63164
0.454145
1.00335
0.46755
1.11829
1.28837
1.13257
0.980631
1.34856
0.716766
0.811348
1.02426
1.45551
0.823015
0.748754
0.930591
0.855027
0.589301
1.57296
1.48689
1.01532
0.730608
1.11507
0.84534
1.27564
0.593156
0.711074
1.63567
1.15797
1.13616
1.20877
0.843191
1.10703
1.21489
0.714412
0.703401
0.984682
1.12074
0.912308
0.982973
0.647852
1.1551
0.785771
1.00934
1.12322
0.967748
1.44881
1.05685
0.9216
1.34208
0.724796
1.54516
0.764419
0.988218
1.56664
1.40439
0.896164
0.87815
1.0391
0.883102
1.66487
0.874305
1.20118
1.29832
0.585312
0.672985
1.25134
0.95433
1.26571
1.14697
1.18924
0.804738
0.900893
0.357065
0.842339
0.620704
0.936802
1.04967
0.892143
1.1818
0.768032
0.836762
1.10356
1.04466
1.49146
0.887346
0.861969
0.90366
1.34398
1.25146
1.12485
0.704492
0.981028
0.756478
0.671106
0.91904
1.36121
1.28502
0.684119
0.958149
1.16425
0.955541
0.913506
1.43975
1.33137
0.711525
0.815814
1.24912
0.904057
0.928197
1.45558
0.723991
0.768116
1.311
0.77291
1.39916
0.863049
0.998892
0.961576
0.966635
0.936838
0.901037
0.875749
0.359055
0.602839
0.783326
0.492022
0.618321
0.75849
0.595829
1.05335
0.875944
0.692638
0.8639
1.0315
1.11415
0.690824
1.29565
1.18144
1.10825
1.11445
1.12721
0.923996
0.746172
0.788732
1.6874
0.925687
0.581353
0.970942
0.90367
0.48756
1.1256
1.3608
0.741869
1.10139
0.535286
0.925172
1.05364
1.60952
0.753678
0.896679
1.04911
0.607588
0.964414
1.0369
0.986368
0.745141
0.477116
0.880085
0.797913
1.03182
1.56668
0.834103
1.19917
1.30646
1.10272
0.867907
0.69769
0.883685
1.81407
1.26377
1.24809
0.672881
1.35369
1.26113
0.939995
0.810678
1.21238
0.879011
1.17293
0.695803
0.997956
0.928105
0.870235
1.38339
0.647996
0.83539
1.62452
1.65268
0.694093
1.04956
0.892165
0.818545
1.48799
0.907034
0.841875
0.903541
0.792067
1.18266
0.436978
0.600138
1.60712
1.19192
1.01015
1.08318
0.870511
1.76137
1.11038
1.11525
0.99436
0.767882
0.705345
0.554828
0.774378
0.930056
1.02868
1.07187
0.487549
0.705642
0.934981
1.1342
0.764861
1.12085
0.828744
0.669509
0.847202
1.51021
0.97628
0.826002
1.01341
1.04802
1.51846
0.77321
0.787494
1.35707
0.61675
0.5977
0.942829
0.555216
0.957683
0.70759
0.588095
0.817448
0.587403
1.38306
1.28049
1.38767
0.847273
1.03488
0.856943
0.756125
0.875685
0.889064
1.31628
1.1707
0.425256
1.61116
1.31375
0.755667
0.987317
0.612235
1.30586
1.32173
1.00726
0.779979
0.697006
0.754414
1.00519
0.37301
0.978918
0.949052
1.91314
1.66494
0.718861
1.01698
1.31408
1.07214
1.40328
1.1104
1.22183
1.28276
0.639088
1.10343
0.788836
1.73603
0.693599
0.814415
1.40645
1.08993
0.88169
0.734455
0.707673
0.967056
1.20072
1.52378
0.674452
1.31851
1.31583
1.06507
0.886271
0.875599
1.22598
0.825932
1.36778
0.59705
1.71208
0.43879
1.41358
0.869974
0.532299
1.47716
0.847068
0.794899
0.747512
0.987397
0.856811
1.16832
1.34039
1.3899
1.21512
1.44476
1.00388
0.704276
1.0048
1.14473
0.684904
0.769745
0.649659
1.03687
0.679925
1.28306
0.662728
1.11728
0.677798
1.12322
1.05398
1.134
1.42169
0.940612
0.913639
0.97058
0.974834
1.09736
1.18877
1.27673
1.07029
0.965722
0.639753
0.574706
0.760582
0.758842
1.57571
0.803301
0.854411
0.791422
1.77615
1.17848
0.90347
1.18392
1.38228
0.766635
0.459765
1.16661
1.12236
1.09514
1.09921
0.636952
0.796122
1.11843
1.0996
0.881209
0.748932
1.02885
0.822893
0.882974
1.26577
1.50839
0.907126
1.28411
1.9519
0.597272
1.18414
1.11411
0.850788
1.03212
0.78404
1.15075
0.967226
0.528685
0.937305
1.9367
1.03645
1.3024
1.20267
0.749966
0.78847
0.941399
0.772422
1.48926
0.49386
1.27306
1.46453
0.935445
1.08638
0.991588
1.23787
1.17453
0.808837
0.71796
0.943034
0.878721
1.06779
0.645422
0.870991
1.33656
1.42952
1.07373
0.548388
1.08902
0.925988
0.942044
0.834653
0.828153
0.61556
0.52154
0.462723
0.792531
1.07935
1.16772
0.920286
0.865708
1.15057
1.06348
0.652594
0.4306
0.881447
0.900006
0.868686
1.9505
0.617645
1.09043
0.887512
1.08695
1.26266
1.32477
0.553564
0.919835
0.724265
1.10122
2.0275
0.840902
1.01975
1.03656
1.28748
0.927589
1.03782
1.22015
0.768258
1.20247
0.766541
1.14714
0.514736
0.753785
0.903174
0.69355
1.30377
0.8496
1.08833
0.955237
0.631002
0.921435
1.31848
0.969772
0.844306
0.735668
1.32516
1.33414
0.469987
1.5283
1.12679
0.854369
0.810317
0.824675
0.716478
0.645923
0.883509
0.909179
1.01662
0.743414
1.01092
0.725357
1.50934
1.33132
0.975841
0.654152
1.31069
0.982383
1.02084
0.738386
0.450429
0.93467
1.59205
1.10396
0.798322
0.74151
1.11042
0.995835
1.01945
0.707807
0.957775
0.658545
1.14022
1.45753
1.11541
0.740307
1.68968
1.34624
1.2894
0.563231
0.953905
1.16825
0.639763
1.08146
0.713894
0.999826
1.18656
0.904674
1.20712
0.489784
1.61578
0.91473
1.36033
1.4382
0.786113
0.914916
0.911355
0.39523
0.668274
1.39706
1.08201
1.47199
0.956259
1.28314
0.94704
1.12779
0.862638
1.30842
1.3714
1.31144
0.820853
1.36291
1.44202
0.697635
1.05098
1.09185
0.530415
0.488543
0.656523
1.20661
1.14465
1.14094
1.02696
1.91631
0.870076
0.823311
0.688922
1.01817
0.810008
1.01607
0.948192
0.588666
0.732024
0.602672
1.04839
1.37101
0.756697
1.41552
0.432437
0.764863
0.964625
0.735249
1.46624
0.787181
1.14411
0.868978
1.31416
0.987268
1.39538
0.848059
1.03089
1.11344
0.510284
0.710237
1.25008
1.4911
0.777088
0.531767
1.44942
1.00282
0.571672
0.740225
1.00672
1.07894
1.07692
0.754848
1.17001
0.923605
1.09485
1.45357
0.819755
0.688883
0.647056
1.47356
0.717437
0.78117
0.67959
0.712734
1.09387
0.553602
1.15048
0.732322
1.537
0.852302
1.35456
0.652806
0.950763
1.41251
0.900802
0.761959
0.843511
0.691085
0.634989
1.01878
0.870871
0.855586
1.22502
0.89028
1.0374
0.918438
0.759372
0.851996
1.07728
1.24128
0.63902
0.995301
1.10225
1.56278
0.797503
0.715222
1.03112
0.837706
0.808797
0.943682
0.728142
1.97823
1.17963
1.41574
0.777883
1.89263
1.70098
1.07059
0.631679
0.709398
1.13561
0.954159
1.3177
0.868881
0.731311
0.617095
0.693929
0.827824
0.275219
1.32701
1.20276
0.878562
1.00859
1.1569
0.652953
2.04771
1.1456
1.08212
0.734192
1.06374
1.27371
0.741452
0.7901
0.74588
1.51457
0.787316
1.41736
0.893726
1.2836
0.555606
1.25367
1.13126
0.83305
1.26759
0.933961
1.20211
0.79984
0.803064
0.902897
0.809706
0.952564
0.83235
2.05542
0.850436
1.27879
1.1305
0.936998
1.24562
0.679163
1.3886
0.642003
1.07687
1.1116
1.3356
1.20239
0.951465
0.84004
1.55242
0.55882
1.22329
0.816614
1.25391
1.05575
1.28374
0.812418
1.29889
0.690756
2.00247
0.788373
0.453923
0.869642
1.47659
0.893392
0.527623
2.59884
1.13815
0.477692
1.09207
1.46853
1.17502
0.814757
0.853111
1.58981
1.64625
1.18608
0.853415
1.13798
1.35055
1.26494
0.86799
0.949504
1.44538
1.02153
0.923614
1.44045
0.88005
0.857465
1.42127
1.45251
0.843631
1.28763
1.63005
0.705793
0.648339
0.579026
0.686397
0.84973
1.47625
1.07613
0.965214
1.57187
1.91325
0.645907
0.849931
0.749991
1.10127
1.37615
0.741704
0.635627
1.74636
1.41438
0.991439
0.926708
1.30483
1.05274
0.800809
0.38742
0.664373
0.884908
1.10037
1.12035
1.28376
0.923686
0.892324
0.686343
0.499833
1.11223
1.22772
0.964654
1.58928
0.909545
1.10315
0.695637
1.16789
1.01194
0.251385
1.24613
0.545751
1.19976
1.25443
0.995308
0.967519
1.8299
0.965804
1.36618
1.9087
0.976086
1.97445
1.32904
0.99329
0.898
0.42577
0.792265
0.544547
1.54444
0.786361
1.36113
1.14828
0.825397
0.912762
0.333578
1.20938
1.01497
0.590773
0.922561
1.06437
1.44033
1.32673
1.33929
1.21912
0.902163
0.580894
0.638791
1.06026
1.24434
1.00294
0.729994
1.21627
0.92404
1.41082
1.32072
0.681849
0.634303
0.563488
0.58181
0.745047
1.29235
1.44225
0.574239
0.799893
1.03832
1.29687
0.729463
1.087
1.07466
1.73523
1.35211
0.680079
0.764298
1.53002
1.06877
0.658233
0.89377
0.90868
0.757016
1.09354
1.39597
1.51247
0.939734
0.848233
0.501883
0.878618
1.05121
1.01246
0.895097
1.10798
1.06933
0.804497
0.710976
0.931332
1.19334
0.81014
1.72696
0.725284
1.04485
0.723412
1.1019
1.21459
0.985266
1.0966
0.493711
0.676918
0.966083
0.760957
0.827062
1.07157
0.917814
0.890608
0.657542
0.545717
1.04538
0.933722
1.20092
0.895265
1.002
1.1434
0.891664
0.904246
0.805172
0.966572
1.41292
1.01305
0.890222
1.07005
1.36635
1.14722
1.08662
0.784684
0.887562
0.938623
1.67214
0.694829
1.25821
1.32713
0.816818
0.698606
1.55978
1.51736
0.890949
1.23394
1.30915
0.885514
0.822211
1.14754
1.26595
0.697361
1.03634
0.433133
0.604196
1.27282
1.03924
0.923225
1.0376
0.86459
1.15105
1.61075
0.592949
0.911299
1.23291
0.858381
0.769947
1.29156
0.848621
0.988327
0.824587
0.856992
0.886191
1.525
0.838104
0.983802
0.76546
0.76157
1.01331
0.471231
0.862662
0.630586
0.960972
1.16982
0.836643
0.557098
1.44402
1.31145
1.37775
1.53249
0.987569
0.7446
0.509163
1.14905
0.616612
0.836321
0.904982
2.08063
1.19307
1.36457
1.24267
1.21665
1.17595
1.21399
0.926276
1.10491
0.749918
0.712407
0.769964
1.41525
1.11398
1.43983
0.880301
1.37887
1.56563
0.58935
0.647321
0.679085
1.18493
1.21314
1.0704
0.981459
1.10376
1.15061
1.00253
1.57617
1.05404
0.993361
1.11916
1.09644
0.651737
0.982655
0.605674
1.00849
0.721233
2.17833
1.04133
1.55716
0.648495
0.9723
1.23067
0.536082
1.1
1.4446
0.814777
0.829004
0.965528
0.667423
0.509525
0.685695
0.995991
0.801638
0.586835
1.2527
0.574909
1.16921
0.917683
1.42623
1.15392
0.975313
0.590437
0.641743
0.500136
1.18204
1.22426
0.759763
0.72583
1.27844
1.4615
1.07705
1.4196
0.420084
1.25088
1.10099
1.77837
1.12171
0.781358
0.74797
1.40847
1.40967
0.822897
0.903229
0.685827
1.19945
1.22116
0.945151
0.635431
0.66483
1.40817
0.710244
0.952138
0.93201
0.643192
0.902989
0.559431
0.900304
0.751991
0.902282
0.548903
0.666222
0.763982
0.69393
0.840347
0.893045
0.864746
1.66598
0.685099
1.01735
0.93442
1.44539
0.4963
0.874093
0.816528
1.0016
1.29484
1.72501
1.24094
0.919415
0.872491
1.16646
0.865441
0.976351
0.574821
0.498895
1.47422
1.4151
1.26253
1.11319
0.687618
1.19324
0.924515
1.34851
0.998642
0.82686
0.41859
1.22671
0.776398
1.0517
1.13026
1.14043
0.449009
1.1067
0.709137
0.580254
1.07969
0.531593
0.524235
0.439486
1.96251
0.6558
1.06607
0.822272
1.06934
0.890326
0.871611
1.06214
0.41303
0.826285
0.742177
1.12662
0.906088
1.20103
1.16484
0.788558
1.24902
0.908986
0.805451
1.05608
0.57909
0.779826
1.07154
1.40685
0.77844
1.63871
1.55759
0.84376
1.13343
1.5615
0.861925
1.093
1.31342
1.20587
1.5738
1.43403
0.862197
1.14443
0.644851
0.977289
0.573418
0.909341
1.44426
0.537484
1.44935
0.986391
0.671652
1.15923
0.876184
1.78127
0.934184
0.857031
0.72659
1.15186
0.94473
1.61003
1.05736
0.421787
0.942608
0.483445
1.13877
0.640054
1.29902
0.802596
0.756831
0.575995
0.744426
0.659127
1.64396
1.04234
0.842962
1.1737
0.883203
1.16742
0.773596
2.10138
0.657328
0.502047
0.94406
0.618139
0.602067
0.578288
1.50481
1.00931
0.584833
0.802528
1.44656
0.954063
0.949641
1.47593
1.35916
0.839274
0.862295
1.10592
0.872664
0.860873
1.18395
0.937294
0.725823
0.837783
1.88049
0.612236
1.0963
1.39119
1.25187
1.10161
0.888261
0.836994
0.944409
1.15233
1.0366
1.39295
0.545502
1.67831
0.959062
1.33027
0.717061
0.547341
0.84829
1.365
0.835189
0.56544
1.9331
1.47734
1.29686
1.27318
0.433263
0.942852
1.23147
1.45971
1.004
0.781548
0.594425
1.09626
1.22985
0.714498
1.22379
0.939253
0.823778
0.666688
0.953992
1.17553
0.944621
0.803051
1.034
0.685193
0.971599
0.647977
1.07077
1.18425
1.09291
0.73698
1.12733
0.835162
1.1869
1.0303
0.492507
0.849447
0.616559
1.43159
1.06021
1.16751
0.578419
0.836585
0.871781
0.955827
0.609169
1.85195
0.420345
1.2122
1.4417
0.887224
0.812233
0.863152
1.22859
0.839672
0.897484
0.82015
0.612961
0.968133
1.18361
0.883398
0.9256
1.24551
0.891891
0.825767
0.859979
1.0533
1.26326
0.932107
0.543421
1.05185
1.1056
1.19543
0.670537
0.726825
0.748278
0.8551
1.01169
0.670152
0.461091
1.23002
0.666209
0.663166
1.61116
1.04961
1.01024
1.27045
1.08187
1.0678
1.65165
1.23948
2.13948
1.67361
1.73318
1.45029
0.560251
1.13912
0.77719
0.886051
0.644966
1.57032
0.997429
1.51449
1.58888
0.806138
1.309
0.682052
0.865144
1.65069
1.1618
0.926593
1.19147
0.814602
0.558036
0.602949
0.865566
0.693104
0.58051
1.3014
0.958442
1.14143
0.93822
0.578066
0.977719
1.105
1.35378
0.876329
1.54907
1.06703
1.51518
1.03537
1.05846
1.13743
1.34735
1.18914
0.690164
0.833233
1.30277
0.984351
0.600915
1.01223
0.702122
1.29507
1.06429
0.70747
0.944965
1.13041
0.685232
0.814603
0.989531
1.02368
0.819176
1.09049
0.730284
0.66499
1.00448
0.738749
1.20781
1.27158
1.16658
1.17943
0.879369
0.732295
1.15212
0.893558
0.866678
0.912824
0.920253
1.03415
0.779798
1.05153
1.58101
1.55446
1.06226
0.898154
1.45208
1.34017
1.20076
1.26849
0.807401
1.15034
1.54879
1.03174
1.04794
1.19635
0.986253
0.596468
0.630653
0.722901
0.721387
1.13503
1.08959
0.960369
0.434896
0.758261
1.00508
0.914891
1.15106
0.898164
0.923832
1.28196
0.833409
1.2145
0.964964
0.607195
0.747688
1.3839
0.517385
1.07778
0.941961
0.8604
1.14667
0.517923
1.53598
1.84691
1.47781
1.30636
0.660987
1.33192
1.1019
0.774766
1.20116
0.998986
1.02506
1.46939
1.06546
1.29246
1.02959
0.892398
1.1907
1.325
1.31957
1.29171
1.5289
0.825693
0.871666
1.09864
0.867332
1.38077
1.81195
1.20478
1.3166
1.00601
0.703118
0.989995
1.05574
0.915889
0.681002
0.821813
0.676154
0.775027
1.30298
0.713386
1.23921
1.15243
1.15076
1.07485
2.00586
0.748738
1.29895
0.774291
0.647152
1.19848
0.542523
0.942348
0.675307
1.24028
1.18539
0.454157
1.07293
0.707384
0.881891
1.78202
1.25071
1.03724
0.668629
0.794138
0.553031
0.954918
1.23501
0.829257
0.841501
1.29667
1.592
0.640415
1.32553
0.841793
0.610846
1.46107
0.918532
0.98522
0.672733
0.760996
2.19818
1.10533
1.20383
0.65862
0.778608
0.779613
0.751427
1.08266
0.922689
0.903111
0.961901
0.964449
1.4057
0.668292
1.7695
0.583558
1.59515
1.05888
0.778335
0.809504
0.810117
1.32762
1.14749
1.21779
1.64505
1.098
0.834965
0.870655
1.38317
1.20957
0.809729
1.1929
1.2218
0.746833
1.1962
0.707726
0.842105
0.853109
1.15858
0.876369
0.795741
0.828069
1.15587
0.757322
0.711882
1.28897
1.02958
1.14089
1.16989
1.05977
1.01225
0.861163
1.25886
1.00049
0.860532
0.7562
0.810013
1.02143
0.539458
0.921096
1.29399
1.16634
1.17294
0.375569
1.31887
0.716024
0.673247
0.732284
0.840145
1.04399
0.654454
0.672656
0.598448
0.710786
0.862297
1.11719
0.968829
1.46273
0.84566
0.96838
1.03876
0.741962
1.42953
1.12011
1.05915
0.812491
0.969936
1.0523
1.22356
0.555506
0.909631
0.74647
1.40935
1.53947
0.92482
1.15425
0.890886
1.7485
1.09625
0.823935
0.852876
1.20377
0.831916
1.192
0.624057
1.09148
0.701178
1.02298
0.505386
1.04005
0.992661
1.65216
0.673337
0.917578
0.984038
0.966749
0.898713
0.896979
0.997256
0.991276
0.738233
1.3168
0.930343
0.490562
0.660815
1.03549
0.997066
1.55563
1.02512
0.89794
1.0893
0.463327
0.67613
0.681306
0.47588
1.03426
0.990125
0.684183
0.598283
0.729027
1.33852
0.894612
1.32847
0.814643
1.23252
0.533445
1.00873
0.557697
1.43736
1.44444
1.53701
1.25193
0.439013
1.41856
1.12154
1.86537
0.997245
0.931476
1.13468
1.27511
0.743901
1.17228
1.3784
0.89891
0.50269
1.38724
2.0334
0.733292
1.04721
1.16008
0.73026
0.726178
0.744782
0.760869
0.807828
1.30544
1.28223
0.892463
1.05622
0.535632
1.47344
0.90987
0.958883
0.605348
1.02954
1.3276
1.00735
0.546525
0.569694
1.34155
0.687228
0.985949
1.41084
0.780731
1.05786
1.08812
0.920883
0.794214
1.19247
0.726194
0.785215
1.20131
1.25924
1.04535
0.931636
0.773652
1.4676
0.779693
0.987576
1.08328
0.816365
0.944253
1.07897
0.487506
1.08402
0.896771
0.985978
0.954572
0.861106
0.703965
1.07799
0.727044
1.05367
0.960203
1.41061
0.804966
1.40406
1.3605
0.864189
0.894764
1.41092
0.996117
1.16811
0.983442
1.10365
0.637989
1.2524
1.04639
0.719087
0.727777
0.678483
0.67836
1.34485
0.866852
0.744102
0.973176
1.31464
0.436605
0.623661
0.988024
1.1758
0.948157
0.843472
0.688187
0.963375
0.643126
0.976345
1.30859
0.776214
0.898005
0.938554
1.00326
1.33362
0.950203
1.62462
0.933716
0.707592
0.842403
0.80097
1.11586
1.34903
1.35148
0.867648
1.30456
0.801478
0.673275
1.29258
0.643096
0.539839
1.06853
0.38354
0.923776
0.838412
1.32985
0.861376
0.841557
1.36245
1.13006
1.28595
1.62566
0.81056
0.796817
1.14157
1.01705
0.896339
0.775081
2.19625
1.01435
0.768684
1.26093
0.829614
0.490176
0.49404
1.60507
0.771308
1.01982
0.796113
1.24877
1.03653
1.29242
0.376065
1.45621
1.13925
1.81478
0.411656
0.717284
1.86652
0.987059
1.40565
1.06932
0.757549
0.97776
1.39481
0.733715
0.797739
1.59663
0.930262
0.950459
0.843031
0.905951
1.06158
0.689892
1.59983
1.39319
0.990828
1.20868
0.906563
1.3659
0.821281
0.852978
0.937946
0.84188
1.16691
1.01273
1.67219
1.03462
0.788809
1.09048
1.19481
0.471258
0.800472
0.953927
0.495612
0.908202
0.614084
0.738841
1.02803
0.841118
0.737536
1.15136
1.18698
1.68183
0.663948
0.451171
1.14083
1.06147
1.10099
1.36051
1.58407
0.973718
1.51981
0.75592
0.76656
0.951616
1.09872
0.919533
1.63044
1.07998
1.49985
0.931153
0.980694
0.579181
0.814024
0.993526
1.39634
0.728644
0.516485
1.71019
0.799365
0.622173
0.962007
1.00987
1.22482
1.30367
0.734409
1.47828
0.969724
1.41605
0.883369
1.36845
0.869024
0.789501
1.07269
0.949846
0.57686
1.08046
0.536281
1.55091
1.29478
0.711252
0.700612
0.917283
1.26213
1.25451
0.992458
0.573867
0.926525
1.29901
0.8889
0.853879
1.39098
0.93166
1.17887
0.782593
1.09036
1.27784
0.841357
0.826803
0.727726
1.52175
0.806981
1.05067
1.24408
0.494421
0.722731
0.911067
0.435269
0.583245
1.0726
1.00173
1.18685
1.22918
1.94949
1.04849
0.657796
1.28686
1.52551
1.81184
1.37422
0.591467
1.30738
1.40359
0.80583
0.794441
1.28525
0.98173
1.06819
0.728861
1.15487
1.18843
1.56869
0.96366
1.31744
0.807841
1.06122
0.554984
1.06423
1.08882
1.35791
1.37863
1.17311
0.529176
0.83199
1.11779
0.838174
0.67664
0.674811
0.72612
0.779809
1.38496
0.779538
0.991679
0.995524
0.625758
1.41463
0.827056
0.909474
0.691377
1.09594
1.49158
0.971177
0.915793
1.11193
0.926533
1.09299
1.51282
0.804812
0.527638
1.23357
1.17689
1.33493
1.30604
0.857825
0.658354
1.15513
1.01807
1.31204
1.07907
0.969081
0.876714
0.781378
1.15315
0.906104
0.822257
0.690375
0.620066
0.510899
1.42367
0.915462
0.600957
1.26631
1.71037
0.670495
1.80625
1.01208
0.578599
0.889961
1.0089
1.72075
0.463752
0.662284
0.616105
0.900905
0.947685
0.643262
0.80535
0.804367
0.81972
0.726168
1.81734
1.00273
1.31509
0.817894
0.553298
0.690835
1.48365
1.03184
2.08205
0.794012
1.2373
1.37099
1.38805
1.0002
1.2127
0.70868
0.976374
1.23563
0.852143
0.883742
2.35338
0.962465
1.25928
1.36611
1.03149
0.985239
1.18782
0.902132
0.846071
0.996751
0.93157
2.54663
1.44007
0.489579
1.07229
1.42398
0.785941
1.69302
1.14852
1.452
1.06187
0.454042
0.4436
0.562156
1.37192
0.926386
0.458299
0.734832
1.02095
1.28618
1.15431
1.28387
1.55748
1.12526
1.19047
0.807879
1.1133
0.403089
0.755927
1.17984
1.57836
1.16495
1.11886
1.78218
0.996534
0.790118
0.553321
1.20073
0.686853
0.759842
1.31545
1.35729
0.770194
0.972491
0.716334
0.745007
1.01477
0.554481
0.809938
0.740449
0.951836
0.844136
0.714589
1.02125
1.73625
0.969383
0.860421
0.480815
0.980149
1.44614
0.808113
1.05507
1.2325
1.10417
1.07094
1.16062
0.757366
1.29458
0.849751
0.841619
1.34304
1.0644
0.570576
1.12274
0.92021
1.12613
0.878125
0.864339
0.972186
1.15602
0.762003
1.70674
1.27911
1.19847
1.48203
1.35351
0.787384
1.15052
0.578504
0.687666
1.09347
1.13176
1.27721
0.983426
0.332472
1.03333
0.728713
0.770159
0.887126
2.01644
1.16547
0.752458
1.09789
1.23807
1.44079
1.70332
1.47698
1.02622
0.993552
1.06402
1.31281
0.929281
1.12617
0.969714
0.949231
0.859247
0.792059
0.800453
0.769613
0.789952
0.758301
0.995454
0.705205
1.21965
0.46725
1.28781
0.80055
1.28872
0.969101
1.12412
0.848456
0.374711
1.06234
0.975716
1.22867
1.17625
0.593177
0.626828
0.886794
0.657316
1.20031
0.959869
1.96
1.41371
1.27325
1.33531
0.460335
0.952743
1.16153
1.06321
0.976148
1.19667
1.84977
0.944246
0.721862
1.19062
0.77001
0.482852
1.6482
0.966034
0.815899
1.10356
0.985008
0.660624
1.01266
1.1966
0.988517
0.676756
0.970309
1.68014
1.43298
0.763786
0.915245
1.13322
1.06484
1.16941
1.15373
1.04249
0.941931
1.12567
0.85241
1.0989
1.04636
0.637175
1.38723
0.795162
1.31912
0.723677
1.36542
0.890672
1.13345
0.872216
0.74444
0.991445
1.37431
0.890437
1.2038
0.822286
0.531991
1.30975
0.776717
0.759756
1.41177
1.0806
0.692409
0.983749
0.794623
1.11118
0.770377
0.713763
1.52314
0.549345
0.973788
1.19853
0.84449
0.548215
0.635781
1.27454
0.683807
0.850281
1.02118
1.19719
0.768964
0.729112
0.597943
0.882014
0.815068
0.765788
0.772282
1.53791
1.31447
0.93382
1.12108
0.53526
0.594286
1.33328
1.08948
1.63492
0.930983
0.964759
1.39093
0.891152
1.2525
0.780559
1.19143
1.11729
1.10839
1.14721
1.5798
0.801041
0.526883
0.658011
0.992625
0.866663
0.923369
0.430498
0.769049
0.536
1.38034
1.00128
0.596568
1.19399
0.87376
0.921153
1.16177
0.84448
0.579136
0.509308
1.81795
1.33888
1.32606
2.20133
1.00156
1.11222
1.18208
1.08285
0.875646
0.771093
1.24431
0.81046
1.30275
0.95883
1.2966
1.27763
0.931729
0.813606
0.603662
0.676953
0.511144
0.69961
0.85228
2.18765
1.47083
1.2666
1.48391
0.97131
1.46339
1.14696
0.679731
0.823205
0.569462
1.03971
1.42788
0.75384
0.578486
1.44065
1.1035
0.896949
0.633903
0.764416
0.577204
0.776373
0.739262
1.30118
1.44954
0.649192
0.968156
1.65368
1.29498
0.868931
0.833618
0.957299
1.00216
0.725785
1.36923
2.13603
0.733818
1.31456
0.663465
0.802293
1.49114
1.25281
2.03282
0.723154
1.28426
1.08057
0.533129
0.957419
0.746141
0.800838
0.955225
0.909748
1.04357
1.77441
1.20143
0.780265
0.482146
0.737096
1.13577
1.3339
0.561076
0.689263
1.18648
0.450709
0.651713
0.806124
1.22151
1.74984
0.690497
0.79405
1.24472
1.66146
1.01272
1.34983
1.71272
1.21442
0.964685
1.42121
1.29661
2.03422
0.681996
1.23389
1.43684
0.673114
0.763469
1.41494
1.03256
1.07276
0.619269
1.2449
1.04247
1.36862
1.35219
0.956218
0.984418
0.910564
0.917733
0.770601
1.18673
1.53365
0.861242
1.06348
0.921415
1.00135
0.665127
0.86704
1.38867
1.03353
1.08357
0.752401
1.2913
0.938839
1.3737
0.730026
1.01417
1.74461
1.11052
0.58318
1.01491
0.765276
1.32317
1.33993
0.569586
1.0922
1.96823
0.961422
0.802572
0.833618
0.964447
1.09366
0.805161
1.01002
0.86727
0.648139
1.23856
0.82206
0.943209
0.71894
0.773932
0.523807
0.915716
0.914859
0.766967
1.03449
0.956331
1.39969
1.19553
0.719621
1.14429
1.05517
0.838177
1.1365
1.15339
1.60323
1.75219
1.0814
0.530911
0.638223
1.45074
0.87535
0.988893
0.420699
1.1566
0.489878
0.804021
0.794163
0.836922
0.771357
1.34008
0.900694
1.21536
1.20365
0.853535
1.41686
0.862786
0.760882
1.19707
1.29647
0.991381
1.18369
0.795999
1.62289
0.877303
1.36745
1.03213
0.655177
0.752471
1.10163
0.963209
0.842998
0.823509
0.972133
0.888288
0.823426
0.483117
1.15598
1.49728
1.1192
1.57437
0.990849
1.02878
0.984936
0.934023
0.83374
1.37118
0.844265
1.33135
1.38606
0.851174
1.2775
0.899392
0.571508
0.941134
0.94364
0.763303
0.853146
1.07457
1.14014
1.0814
0.998277
1.20298
0.716189
0.916002
1.37369
0.764013
0.616454
0.728173
0.471044
1.24992
0.911903
0.977515
0.649177
0.916942
1.01666
0.992994
0.957661
1.16977
0.643339
0.78887
0.901693
0.802866
1.08034
0.988793
0.808426
0.400392
0.578895
1.1008
1.26617
0.369996
0.860704
0.696372
0.534711
1.19144
0.894552
0.639947
1.27466
1.12193
1.21227
1.12019
0.490644
0.983515
0.944294
0.709961
0.721714
0.84483
1.036
0.717454
0.931523
0.931201
0.719151
1.11301
1.25198
1.06317
1.3102
0.72434
1.91289
0.616132
2.02013
1.31267
0.512191
0.899921
0.685268
1.07344
1.46985
0.638432
0.769295
1.3607
1.33243
1.46973
1.60757
0.888245
1.18167
1.18257
1.10481
1.68525
0.884392
0.698619
1.47151
0.402889
1.62577
1.4873
0.96206
1.40149
1.05041
1.39697
1.32561
1.71731
1.20563
1.13036
0.65711
0.934018
0.789874
1.47784
0.960014
1.13024
0.863467
0.995129
0.913282
0.975618
1.09616
0.492066
0.952579
1.36106
1.26843
0.868226
0.9911
1.17075
0.573934
1.10523
1.62703
1.15244
0.963885
0.814016
1.32329
0.806813
0.57528
1.20609
0.99503
1.55608
1.11128
0.996757
0.799249
1.02493
0.827808
1.17561
0.707526
0.885942
0.764888
0.359895
1.138
1.04817
1.22119
1.11456
0.833565
0.760018
1.62351
1.17099
0.675692
1.40751
0.828255
1.47833
1.41324
1.15873
0.713317
0.693704
0.868251
0.780599
1.06983
0.766648
1.68277
0.770113
1.19426
0.809404
0.978179
1.03115
1.59602
0.921093
1.42822
1.11613
0.599956
1.2295
1.01575
0.942822
0.644845
0.445225
0.688544
0.921877
0.631517
1.8529
0.708548
1.58784
0.974235
0.855401
0.774919
0.924942
1.81362
1.20455
1.59155
0.846793
0.941794
1.28265
0.745609
1.09156
0.791189
0.782225
1.59494
1.34038
0.833636
1.44589
0.574721
0.493625
1.0221
0.786819
1.04873
1.0795
0.789595
1.37291
0.822272
0.732719
0.970784
0.898834
1.43648
0.649604
1.14626
0.858206
1.36964
0.841405
0.460377
1.05234
0.794127
0.630433
1.12404
0.547858
0.551091
1.33655
0.571108
0.915216
0.866087
1.36597
0.668152
1.00236
1.42053
0.704973
1.0626
1.34666
1.20389
1.00561
0.920498
1.20632
0.728215
0.977356
1.06626
1.01262
1.25597
1.31535
0.57398
1.56513
0.94682
1.15937
1.18357
0.464744
0.895666
1.03629
1.15953
1.10844
0.869336
1.40395
0.955588
1.23416
0.713586
1.47052
0.762196
0.528595
0.910896
0.876648
1.46487
1.02579
0.424662
0.725099
0.941534
0.602103
1.24591
1.32091
0.489031
0.952084
0.779114
0.564017
0.761192
1.23537
0.771824
1.06144
0.870217
0.840002
1.28621
0.631066
1.2682
0.872378
2.14659
1.0583
0.603448
0.592292
0.93891
0.832133
1.32475
1.6611
1.24244
1.09657
0.804482
0.932959
1.70962
1.37251
0.927232
1.43666
0.80416
0.699267
0.758985
1.3324
1.29533
0.601004
0.850678
0.808638
0.646075
0.71771
1.02927
0.911282
0.644669
0.928735
1.50445
1.1807
0.98245
0.783427
0.617315
1.29408
0.94514
0.95318
1.48124
1.1864
0.877903
1.40728
1.19913
0.705315
1.06118
1.63944
0.576521
1.28827
0.703388
1.03577
0.777396
1.56933
1.51922
0.998512
0.528431
1.07457
0.68105
0.885882
1.00102
1.38513
0.483437
0.749918
1.4103
1.17757
0.738477
1.75932
1.8546
0.909166
0.95502
0.697466
1.48468
0.620946
0.853746
0.286285
1.04135
1.16648
1.03722
1.06973
0.637303
0.638168
1.20814
1.22807
1.45636
0.857824
1.25978
1.41761
1.00309
0.616629
0.726302
0.770034
1.67705
0.997266
0.834723
0.751495
1.12198
0.923594
0.634053
1.37365
0.514129
0.919087
1.55913
0.824444
1.2317
1.30891
0.952367
1.05551
0.77264
1.1534
0.39458
1.05722
1.27317
1.26183
1.55932
0.800199
0.922342
0.825606
1.42041
1.30759
0.67887
1.09204
0.646207
1.57145
0.62434
0.645502
1.11057
1.18179
1.00049
0.565764
1.01507
0.628911
0.720441
0.943513
1.1706
0.987162
1.42946
1.00571
1.0911
1.14994
1.72207
1.09205
0.956754
0.825936
1.13723
0.775711
0.755683
1.18987
1.00167
0.728868
1.09083
1.6047
1.12666
1.3552
1.24512
0.798178
0.609321
1.20439
0.70181
1.13296
1.58177
0.417627
0.668839
0.588749
1.00034
1.19548
1.35064
1.30471
0.691466
1.50082
0.647076
0.773511
1.54695
1.53511
0.674434
0.927955
1.12386
1.09202
1.72998
1.07355
1.23213
1.17811
0.626417
0.893925
0.560558
1.10861
0.74206
1.30184
0.876406
0.909698
0.673632
1.13526
1.33488
0.857954
0.935492
0.8744
1.02044
0.974174
1.02524
1.34331
1.42968
0.787284
1.11322
0.826335
0.878484
0.670732
1.12343
0.964325
0.54167
1.31091
0.849242
1.20256
1.31285
0.667681
0.80013
1.41934
1.37771
0.963488
0.447668
1.1106
1.01611
0.716842
1.45047
1.43059
0.792407
1.59554
0.855337
0.952016
0.776852
0.827363
0.816904
1.2643
1.13665
1.04207
0.980358
0.958486
0.826076
0.791514
1.3794
1.39461
1.5221
1.08618
0.911372
0.765218
1.18508
0.725576
0.81473
1.08559
1.64052
0.87302
0.511389
1.25345
1.0091
0.896931
1.0898
1.11892
0.899171
0.693148
0.883967
0.856281
1.15223
0.738451
1.44294
0.575917
0.445653
0.723695
0.938045
1.30918
1.0193
1.12839
0.838911
0.752117
0.705173
1.24794
0.899074
1.11228
1.77747
1.2481
1.0753
1.13917
0.720352
1.10105
1.13128
0.617099
0.590309
1.05162
0.635597
1.19024
1.16197
0.709025
1.49251
0.749115
1.1649
1.47524
0.797712
0.548911
1.41164
0.820384
0.76506
0.649718
1.08603
1.12363
0.800165
0.973667
1.46117
1.1903
0.906015
1.00891
0.821718
1.01144
1.11966
0.79484
1.19761
1.14606
0.896332
1.03749
1.62148
1.03096
0.674925
0.945631
1.15382
0.872406
0.958834
0.930074
1.15265
0.643636
0.636663
1.07499
1.54079
0.772495
1.70848
0.425596
1.20848
0.644302
1.01365
0.966495
1.14081
1.11183
0.94349
1.16585
1.0748
1.67998
1.41615
1.12012
1.2448
0.530786
1.71693
1.10827
1.08261
0.716907
0.676101
1.00225
0.937738
0.997751
0.672819
1.16264
1.22927
1.07763
0.844124
1.22214
1.17895
0.862288
0.932956
1.6358
1.16347
1.57293
1.20586
1.01988
1.27346
0.644317
1.09793
1.51046
1.58412
0.986477
1.20645
1.17965
1.21159
1.1629
1.82003
1.05649
0.699789
0.915093
0.682752
0.982178
0.710093
0.709154
0.50631
1.07779
1.18064
0.492862
0.918614
0.951825
0.58197
1.22667
1.06024
1.03169
1.44525
0.933372
0.956098
0.512936
1.36692
0.612513
0.812339
0.873742
0.829282
1.25547
0.78785
1.12926
1.22957
0.778269
0.53541
0.547917
0.987066
1.16218
0.816249
1.05443
1.07942
0.994722
1.15002
0.638314
0.816881
1.32997
1.3636
1.92119
1.47702
0.483071
0.809909
1.47016
1.02286
1.67561
0.412948
1.89483
0.873733
0.987162
1.77614
0.899954
0.741661
1.5301
1.29208
0.909723
1.57297
0.666242
0.734219
0.659551
0.885411
0.723491
0.944375
0.522414
1.27739
1.12899
1.11416
1.48315
0.561172
0.755567
1.47336
0.807874
1.48066
0.801675
0.680547
1.35102
0.465398
0.906408
1.30666
0.719581
0.903938
0.941268
0.776002
0.938796
0.537434
1.16435
1.19987
0.729032
1.21042
1.31115
1.25374
0.676441
0.78619
0.682001
1.39271
1.40095
1.17595
1.3743
0.946066
0.396785
0.800385
1.76258
0.766107
1.29917
1.19782
0.790621
1.21079
1.00876
1.36356
1.54073
1.22458
0.667981
1.54434
1.08422
1.45276
1.21908
0.742153
0.871985
0.681337
1.07951
1.07796
1.09461
0.7451
1.00842
1.17143
1.09859
0.705602
1.48028
1.08364
0.681169
0.527797
1.14136
1.12824
1.62129
1.23409
0.675183
1.3407
1.22453
0.430909
0.904993
0.922627
1.18348
0.883328
0.784676
1.13328
0.839311
1.22027
0.904173
0.605361
0.920352
1.75177
0.970376
1.12027
1.37972
0.834502
0.847344
0.623042
0.557207
1.22356
0.766999
0.52329
1.22588
1.46602
0.851918
1.37863
0.727612
1.82987
0.862337
1.00628
1.03237
0.814999
0.932075
0.846854
1.90906
0.435737
1.3757
0.927265
1.17135
0.637103
1.16904
1.02126
0.89983
1.33977
0.922706
1.73437
0.875299
0.988512
1.13647
0.761954
0.583813
0.944704
0.642691
1.3687
0.902517
0.645186
0.916392
1.1803
0.493084
0.649594
0.664847
1.14787
0.699113
1.28645
1.2734
0.714919
0.791787
0.786191
0.920774
0.349491
0.972008
1.05136
1.80105
0.416159
1.45202
0.912233
1.12031
0.559359
1.58634
1.02395
1.26047
0.778625
0.972751
1.28763
0.377926
0.712293
1.18257
0.728049
1.31189
1.17893
1.16905
1.05848
1.21003
0.839114
1.3898
0.721739
0.999867
0.575337
1.24878
1.12315
0.899247
1.02865
0.767869
0.463855
2.02657
0.827805
1.4684
1.22311
0.862171
1.12432
0.676802
1.00917
0.696882
1.42539
1.19415
0.476861
0.381936
0.716046
0.820924
0.767841
1.07499
1.77479
1.12513
1.56667
1.16012
1.16153
1.12296
0.80737
1.16831
0.682312
0.562544
0.386736
1.38372
1.5225
0.806401
1.18585
1.53005
0.648149
0.974251
1.16086
0.697584
1.02317
1.12322
0.849212
0.895137
1.36806
1.0511
0.793587
1.57172
1.24901
1.23846
1.25403
0.987501
0.806991
0.957676
0.670826
0.931677
0.356982
0.588417
1.15497
1.09575
0.94707
1.60275
1.41476
1.0564
0.945492
0.929756
0.667089
1.32066
1.65659
0.654674
0.777578
1.29647
1.39445
0.494949
0.518984
1.14317
0.822881
0.812368
0.563091
0.961798
1.22376
0.646985
1.35935
0.416095
1.11868
0.78929
0.657843
1.18619
1.44017
0.948264
0.790785
1.65072
1.47286
1.08321
1.3008
1.13714
0.375479
0.75242
1.46733
1.2425
1.16397
1.03366
0.823522
1.12274
2.07317
0.54949
1.82884
0.78908
0.841847
1.02143
0.69205
1.05002
0.766271
1.23012
0.809531
1.70786
0.847236
1.15529
1.00149
0.527728
1.09188
0.762634
0.64456
0.958563
1.14435
1.53589
0.802365
0.982377
0.695136
0.711307
1.59775
0.80893
0.908486
1.16329
0.863275
1.15802
1.36817
1.32104
0.794333
1.0179
0.843322
1.0887
1.13583
1.23847
0.852314
0.604452
0.692144
1.27975
0.841104
0.417959
0.534749
1.55584
1.39824
0.869068
1.07034
0.745203
1.13023
1.22411
0.870568
0.860049
1.18143
1.48715
0.70804
0.667754
0.843035
0.774084
1.11332
0.763626
1.03795
0.79404
1.07525
1.42088
1.42979
0.577222
0.825305
1.21903
0.953812
0.458115
0.618353
0.869618
1.18871
0.872912
0.721446
0.956766
0.781522
0.668775
1.04462
0.607106
0.913697
0.68734
0.736261
0.684576
0.700776
0.702439
0.967807
0.623392
1.14941
1.13355
0.962278
1.36994
1.01652
1.11215
0.941125
1.22892
1.05043
0.930152
1.0352
1.34232
0.786892
0.971558
0.873846
0.819363
1.02402
1.13332
0.620576
1.14709
1.32426
0.65083
0.971833
1.92934
0.806867
0.755783
1.09202
0.778932
0.527576
0.780943
0.63107
1.20075
0.67033
0.848521
0.937915
1.61738
0.486381
1.32574
1.23366
1.26085
0.868261
0.705566
0.748849
0.997141
0.870898
2.01941
0.818754
1.56141
1.29017
0.994785
0.501239
0.973383
0.937894
1.40649
1.36212
0.911621
0.929447
1.7228
1.04229
0.714302
0.814053
0.736532
1.24113
1.11669
1.35187
1.1308
1.13547
0.905278
0.635053
1.28992
0.933415
1.13894
0.480557
1.07858
1.147
0.909885
1.49431
1.24202
1.5374
1.03792
0.478079
1.45366
0.983658
0.765922
1.6523
0.924865
0.60797
0.853986
1.04431
1.51005
1.16473
0.785741
0.897742
0.79221
1.11148
1.51787
0.982228
0.614445
1.34219
1.63958
0.555653
1.13568
0.514197
0.790169
0.618336
0.858843
1.41848
1.20402
1.05631
0.91131
1.0109
1.01332
0.56837
1.67821
1.26378
0.966532
0.658689
0.636212
0.873263
1.0039
0.796373
1.08166
0.650871
1.82631
0.829679
0.756029
1.25456
0.941876
0.997671
0.887601
1.33573
0.844948
1.06799
0.759016
0.947986
1.18973
0.808781
0.836572
1.3162
0.952448
1.09501
1.22778
0.911299
0.927662
1.31226
2.16139
0.778068
1.37948
0.774415
0.999256
1.46232
0.873744
1.19582
0.390749
1.44937
1.84838
0.724589
0.75828
1.41325
1.57675
0.951324
0.663479
1.06668
1.26823
0.524222
0.744016
1.13722
0.866898
0.816718
1.06901
1.26732
0.997837
0.725595
0.953263
1.32567
0.320703
0.92508
0.953389
0.667867
1.3541
0.912177
0.811549
1.50412
1.06907
1.17332
0.846735
0.873466
0.77338
1.1508
1.25507
0.557119
0.606935
0.52456
1.34966
1.20247
0.980676
1.74018
0.954506
1.40662
0.533765
0.669294
1.62415
0.670526
0.856985
0.820637
0.876035
0.890843
0.960208
0.600727
0.833486
0.999375
0.885531
1.10401
1.17922
0.599785
0.89632
1.34903
0.88055
1.02145
1.09284
0.994408
1.05273
0.395787
0.917736
0.977045
1.15121
1.19074
0.917564
1.04459
0.943786
0.982392
1.30823
1.04676
0.758202
0.952049
1.42689
0.919333
0.85688
0.693003
1.04129
1.28111
1.18535
1.11257
1.20664
1.25763
1.09883
1.53515
1.19471
1.13116
1.04713
0.819939
1.65971
0.83681
1.01136
0.945642
1.17858
1.02856
1.05197
1.57709
1.11457
0.563865
1.33778
1.25242
0.770122
0.841858
1.22408
1.51155
0.791521
0.862534
0.987496
1.11841
0.930596
0.562598
1.04152
0.976375
1.33122
0.720299
0.805181
0.881749
0.711414
0.787052
0.746096
0.901836
1.05616
1.89134
0.911513
0.819129
0.946164
0.844486
1.09002
0.721292
0.665045
0.808167
1.533
1.29342
1.33284
1.06678
0.603905
0.977947
0.988584
0.583858
1.16274
1.50251
1.20253
0.900976
0.839258
1.20897
0.680828
0.83719
1.08586
0.664168
1.13222
2.11493
0.73816
0.714288
0.461193
1.05184
0.633783
1.24336
0.686695
0.912316
1.59892
0.824706
1.03892
1.28488
0.806158
1.56572
0.967291
1.05364
0.988901
1.26957
0.55989
1.08428
0.376954
1.52648
0.710728
0.690187
1.54163
1.3128
0.899845
1.62632
0.388897
0.741086
0.754663
1.24571
0.581897
1.51777
1.14636
0.97802
0.704296
0.850032
1.05637
1.13035
1.00881
1.02071
1.246
0.920104
1.20923
0.51284
0.819301
0.721435
0.916391
1.14484
0.63866
1.24604
1.11484
1.27938
1.13603
1.11093
1.20307
1.02309
0.856194
0.960943
0.964324
1.1654
0.934415
1.3658
1.12689
0.940853
0.821335
0.756518
1.4082
0.643856
0.406805
1.87475
0.752532
0.925928
0.808522
0.89417
1.3141
1.35223
0.639667
1.12749
0.933069
1.22085
1.44256
1.53628
0.984397
0.75827
1.4579
1.15842
0.858416
1.26368
0.957378
1.30639
1.00607
1.47705
0.873102
0.638613
2.04183
0.642231
1.34825
0.81024
0.804359
1.0164
0.702559
1.49262
1.41822
1.27367
0.571218
1.10858
1.47664
1.49492
1.5198
1.02564
1.13387
0.863984
0.795008
1.04667
0.629746
0.406612
1.21114
1.03548
1.2546
0.714618
0.910526
1.46685
0.754149
1.03435
1.21016
0.813564
1.48268
1.32078
1.35069
0.675112
1.14765
0.888837
1.11845
1.00019
0.898239
1.1404
1.0898
1.01103
1.34159
1.13284
1.10604
1.11561
1.07739
1.23245
1.36611
0.591664
1.09688
0.997344
0.826328
0.69369
0.96742
1.66987
1.43938
0.758414
0.707568
0.784143
0.989621
1.09607
1.4042
1.02402
1.16427
0.992714
0.80165
1.30262
1.08069
0.986648
0.973864
0.622434
1.37372
0.939268
0.884732
0.936052
1.47552
1.48519
1.28097
0.947075
1.31094
0.999656
1.08199
0.860806
0.664968
1.36305
0.454499
1.00174
0.862273
0.765183
1.02883
0.926069
0.845578
0.546725
0.831287
1.65386
0.583163
1.26596
1.10425
0.763654
1.49369
0.615794
0.780801
0.837055
0.601428
1.01569
0.862893
1.14726
0.690024
0.984398
0.928726
1.29292
1.05191
0.582314
1.08803
0.702287
0.86662
0.841504
0.779988
0.803437
0.996765
0.873931
0.659407
1.24693
0.831817
0.809658
1.13303
0.985442
1.25188
1.08093
0.982812
1.02366
1.04139
1.09836
0.821409
0.651722
0.859989
1.20283
0.536006
0.907326
0.696164
0.830858
0.701967
1.00943
0.981871
0.693834
1.12481
0.715795
0.96908
1.43323
1.52671
1.08853
0.770792
0.510457
0.765236
0.945783
0.770421
0.800854
1.74924
0.739247
1.94258
0.456736
1.04763
1.46977
1.02726
1.09021
1.516
1.10952
0.84721
0.897118
1.43165
1.39951
1.37351
0.821158
0.620426
0.81723
0.752521
1.02827
1.06632
1.14535
0.651331
0.898261
0.862743
0.981047
1.64513
1.05008
0.840076
0.882075
0.915317
0.884732
1.35346
1.13523
0.986704
0.852733
0.709039
1.16168
1.43817
1.31464
1.0975
0.612705
1.43488
1.52521
1.06716
0.576273
1.34432
1.14991
0.666742
0.828806
0.932541
1.3751
1.27289
0.685177
1.82677
1.48156
0.749928
0.64678
1.20955
0.778939
1.01098
0.867825
1.15808
0.699019
0.846815
0.914286
0.854407
0.66284
0.739468
0.662271
0.655259
1.07804
1.23451
0.537899
0.753574
1.18828
0.606528
1.45647
1.09228
1.36921
1.05441
1.02014
1.15508
1.02403
0.570602
0.978639
1.08113
1.48754
0.831665
2.0098
2.3849
0.868051
0.456891
1.89149
1.40049
1.33966
0.964436
0.652519
0.524233
1.08615
0.69868
1.32394
1.01381
0.636855
0.99981
1.05431
0.902751
0.973478
1.06536
1.24325
0.759509
0.552309
0.798754
0.776657
0.739402
0.998822
0.687429
0.846351
1.53678
0.632603
1.00223
1.07619
0.894068
1.28111
1.55813
0.829192
1.34587
0.686404
0.889665
1.23117
1.2186
0.932683
0.92205
0.938553
0.790876
1.32764
1.14568
1.19902
0.877732
1.02265
0.81051
0.943454
0.810832
1.37327
0.867091
1.01932
0.991162
0.934874
0.592372
0.742523
0.570689
0.903732
0.990147
0.894362
1.08277
0.944908
0.929624
0.952016
1.9132
0.704139
0.874671
0.464842
0.98535
0.550588
1.37729
0.882866
0.756169
0.826371
0.671278
0.891632
0.875499
1.45214
1.06558
1.15747
1.96071
1.212
0.857103
0.637866
0.607469
0.994776
0.85985
0.568236
0.648773
0.69241
1.28012
0.925486
1.0121
1.01735
1.33358
0.896788
1.43254
1.05128
1.02565
0.934837
0.864383
1.21451
0.865422
1.31561
0.972806
0.830246
1.18733
1.03438
0.918752
1.9237
0.747537
1.18371
0.732122
0.666194
0.928591
0.678839
0.884466
0.830906
0.642313
1.17424
0.788363
0.730361
0.901868
0.586223
1.29438
1.09281
0.613921
0.752126
1.04392
0.612976
0.988661
1.58682
0.907153
1.59851
0.615179
1.04634
0.897253
0.96334
1.00822
0.648612
1.54731
0.702027
0.66079
0.53411
0.635007
1.5468
1.09237
0.683803
0.775977
0.934629
1.11206
0.76995
0.798426
1.98892
0.95416
1.23538
1.68419
0.698154
1.1788
0.940223
0.547263
1.46072
0.94962
1.42206
0.647117
0.959561
1.09685
0.804016
0.896017
1.09765
0.770211
1.30024
1.4411
0.812235
0.93378
0.694279
0.924487
0.512434
0.74166
1.283
0.713464
0.824727
1.1848
1.44211
0.776625
1.07743
0.411061
1.03277
0.766727
1.21665
1.25362
0.891562
1.47794
1.0353
0.796266
1.02483
0.985278
0.745142
0.898914
1.15783
1.01631
1.06751
0.902274
1.19561
1.04993
1.35642
1.28961
1.09316
1.18802
1.4031
0.457716
1.37581
0.645595
0.917959
0.699164
0.47128
1.99528
0.759082
1.40413
1.36863
0.846581
1.08165
0.683708
0.898965
0.734065
1.25199
0.951117
1.33132
0.926885
0.953907
1.08051
0.8557
1.48645
1.34529
0.466793
1.43114
0.558539
0.661107
1.059
1.19489
0.935337
1.30281
2.10756
1.13765
0.475629
1.02884
0.897109
1.26795
0.866518
0.955488
0.245965
1.26637
0.774809
0.605957
0.941903
0.926137
0.758748
0.602595
0.827191
0.873021
0.65997
1.22161
1.55526
1.04467
0.748104
0.431612
1.48004
0.82484
1.2016
1.07009
1.01647
0.854763
1.19286
0.935287
1.22413
0.933136
1.28576
0.673026
0.945084
1.1297
0.802314
1.38187
0.56667
1.04359
1.2024
1.02845
0.506702
1.04734
0.371883
0.89778
0.938806
0.719613
1.17602
0.981488
0.535124
0.928046
0.512901
1.26771
0.617186
1.5328
1.54238
0.651
1.58516
1.34134
0.638793
1.11169
1.26498
1.75618
0.962188
1.2095
1.15103
1.36566
1.9196
1.14897
1.52666
1.05197
0.907466
0.491527
1.70596
0.884546
0.59512
1.35238
1.34714
0.595222
1.14557
0.679008
1.07176
0.950485
0.935862
0.945319
1.07891
0.820991
0.667767
0.929282
0.605852
1.2248
0.812559
1.19139
1.18238
0.739692
0.677124
1.16866
1.31123
0.591803
0.695194
0.931202
0.737623
1.3924
1.51967
0.846007
0.645443
1.11784
0.668203
0.781079
0.483877
0.87387
0.608999
1.01313
0.915493
0.502765
2.07833
1.2427
0.897455
0.583096
1.37078
1.24129
0.687005
1.17649
1.65461
0.5067
0.826171
0.785606
1.06057
0.723911
0.726729
1.19677
0.646245
1.64361
0.830287
0.70784
1.56653
1.01884
0.316821
0.862648
1.37498
1.20797
1.40568
0.728283
1.0493
1.43613
1.18608
1.39766
0.905702
0.686405
0.88571
0.679281
1.02188
1.22702
0.900227
0.696725
0.909744
0.474318
1.23628
1.15154
0.686978
0.880372
1.39225
1.18799
1.35681
0.792489
1.24134
0.925464
1.18001
0.849462
0.542477
1.04795
1.7646
1.40324
0.783192
0.513755
0.881393
1.13465
0.697066
1.23849
0.889801
0.826584
0.773253
0.980473
0.859522
1.06568
1.01531
0.828076
0.844773
0.872064
0.672693
1.01404
0.903541
1.27489
0.877295
1.08226
0.95908
1.00809
0.732951
1.01423
1.08163
1.63886
0.531262
0.845842
1.12761
0.844011
0.93526
0.777334
1.13774
1.03196
1.52616
1.11684
0.997967
1.30985
1.41335
1.15575
0.936099
1.05642
1.02245
0.782078
0.900676
0.789238
1.38315
0.77123
1.30276
0.569946
0.855497
0.763856
1.14008
0.772304
0.685046
0.797731
1.07676
1.03659
1.17907
1.23612
0.910285
1.20041
0.869672
0.969656
0.534113
1.01964
0.902441
1.33071
1.3158
0.939755
0.815512
1.21526
1.48971
0.730801
1.64915
1.36475
0.946127
0.786494
0.467905
0.751874
0.682774
0.662025
0.539086
0.445414
0.80033
1.19243
1.21554
0.839498
0.403312
0.87709
0.95835
0.824088
0.696768
1.67965
0.693506
0.746504
1.00142
1.01832
1.49908
1.24353
0.928817
0.535822
0.515621
1.41375
1.68536
2.02058
0.786826
1.26529
1.34504
0.848512
0.906124
0.983164
0.403477
1.13779
1.22544
0.53751
1.38758
1.05862
0.546599
0.963511
0.712778
0.936843
0.538731
0.812161
0.890569
1.03187
0.845457
0.953333
1.13768
1.38367
1.67255
1.458
1.51074
1.72995
1.10583
0.642175
1.20933
0.588766
0.982768
1.00312
0.672346
1.26992
0.717681
0.436516
0.955498
0.95764
0.426034
0.862413
1.23691
0.802143
0.825975
1.24043
0.548603
0.882854
0.773711
0.93285
0.644401
0.774062
0.922378
0.589833
1.13249
0.598616
1.13339
1.18235
1.40841
0.916273
1.27858
0.515493
0.660355
1.14269
0.774913
0.691563
0.978359
0.73936
1.17436
1.30485
0.529038
1.02107
0.834125
1.0029
0.648201
0.889862
0.777578
0.540403
0.63621
1.2862
1.43348
1.1774
0.934889
0.878195
1.311
0.477994
1.09743
1.19262
0.999997
0.752409
0.973028
0.677152
0.974003
1.2796
1.08431
1.19231
0.698285
0.837171
0.581466
0.91573
0.524171
1.46938
1.09374
1.32249
0.427045
0.718909
0.91627
0.416505
1.39253
0.72968
1.48694
1.34372
1.2362
0.658192
0.572766
0.754138
0.790261
1.02529
1.29606
0.443396
0.950527
0.874487
0.880478
1.24788
0.50837
0.996031
0.931437
1.08062
0.809222
1.11602
1.07787
1.12971
0.875878
1.24511
1.23475
0.686947
0.994576
0.885205
0.903996
0.897838
0.779224
1.5288
1.26035
0.404113
0.966883
1.32751
1.27409
0.986286
0.758146
1.41747
1.50029
1.41442
1.48874
0.66835
1.62224
1.30451
1.47339
1.10262
1.46518
1.53945
1.53192
1.58661
0.663019
0.996084
1.47852
0.749334
1.34344
0.65776
0.843739
1.68819
1.03866
1.47975
0.862125
1.57137
0.680009
0.78008
0.947281
1.07008
1.53632
1.21851
1.141
0.657451
0.733432
1.22651
0.706366
0.403825
1.0399
0.900488
0.829806
0.674899
1.00349
1.10196
1.27491
0.935666
0.654348
0.837486
0.893329
1.48485
0.8644
0.848347
0.853884
0.912549
1.44114
1.13729
0.920434
0.925097
2.17872
0.807386
0.92277
0.450321
0.90011
0.568473
0.595464
1.25201
1.41099
0.38756
0.742746
2.10018
0.406291
1.43833
0.761174
0.6057
0.944589
1.04836
0.771072
0.790077
0.765922
1.39747
1.20331
0.939721
1.56394
1.53273
0.680107
1.09536
1.20023
0.919913
0.529365
0.785947
1.36512
0.952228
0.699109
0.865345
0.976114
1.0942
1.05698
1.33814
0.697086
0.730235
1.10787
1.05743
0.975081
1.04998
1.1304
1.23298
0.916638
1.25367
0.991883
1.80291
0.747129
0.874675
0.624615
0.640791
1.03831
1.40742
1.38825
1.2195
0.778849
0.837253
1.39791
0.815729
1.53247
0.797627
1.19179
0.82721
0.949121
1.88382
1.69689
1.18868
0.71769
0.920883
0.771541
1.64667
0.715872
0.815641
0.566152
0.931517
0.852574
0.308819
1.25068
0.729949
1.03585
1.23871
1.19143
0.985642
0.895674
1.37071
1.06653
1.16823
1.11624
0.705726
1.46601
1.46279
0.995478
0.888039
1.09251
1.38994
0.992388
1.30572
1.1349
1.25345
0.864585
0.792564
0.687347
1.02521
1.17541
0.798521
0.700295
1.47286
0.637268
0.804785
1.33659
1.67008
0.983169
0.799211
0.943614
0.876879
0.987183
0.869631
1.03364
1.37381
1.24978
1.27516
1.08436
0.837598
1.01747
1.0056
1.36026
1.1243
1.02663
0.658668
1.25116
0.992142
0.946937
0.743513
1.34784
0.873065
0.882401
0.677364
0.946461
0.944819
1.89201
0.885139
1.19691
1.07177
0.767743
1.04097
1.25059
0.641337
0.845455
0.603546
1.53385
0.667262
1.53493
0.908428
1.03441
1.03167
1.411
0.791839
0.749104
1.07986
0.903099
1.09895
1.62192
0.865164
1.11943
0.776978
0.596979
1.31338
0.83406
0.783645
0.723972
1.03512
0.873076
1.13876
1.63944
1.05601
1.50311
0.795035
1.17989
1.02335
1.1742
0.502414
0.97006
1.08426
0.709805
1.04828
1.5149
1.01065
0.836774
0.533775
1.20083
0.926153
0.922694
0.879935
0.590715
1.24906
1.54531
0.61431
1.17486
1.34357
1.71783
0.718046
0.775167
1.31751
1.02329
0.834626
0.736056
1.4571
1.25789
0.704692
1.05484
0.973275
1.35393
0.82706
1.01285
1.3439
1.09367
1.1767
0.848229
1.20949
1.45113
0.841817
0.699699
0.650868
0.658507
0.955465
0.887378
0.994906
0.980049
0.960587
0.985404
1.22395
1.37273
0.763033
0.310831
1.16806
0.756491
1.05836
0.921107
0.980303
1.0516
0.584233
0.588233
0.72846
1.25293
1.57681
0.919675
1.20757
0.876805
1.62732
1.33312
0.657191
0.626186
0.946166
0.797899
1.21997
0.967342
0.615749
0.467544
0.720715
0.850103
1.27353
1.70059
0.542298
1.955
0.709603
0.671587
1.46146
0.921471
0.708365
1.28208
1.12594
0.673073
0.803965
1.09032
1.2231
0.922131
0.921445
1.49408
0.751098
1.05811
1.22356
0.723715
1.69284
1.00469
1.43012
1.55874
1.27318
1.21487
0.553823
1.38219
0.579778
1.00593
0.677785
0.673896
0.436381
0.905074
0.69661
0.79556
1.56775
0.829604
0.82824
0.923915
0.956878
1.22548
0.808649
2.07455
0.951994
0.790494
1.0546
1.66755
0.878448
1.17224
0.843603
1.21774
1.22073
1.69903
1.53027
0.978855
1.74826
0.648742
0.952354
1.03417
1.05116
0.812562
1.13045
0.847416
1.20444
1.37314
1.54135
1.22425
1.13032
0.651497
0.446098
0.553906
0.75153
1.02604
1.07566
1.14239
0.628428
0.784119
1.24856
0.902905
1.18533
0.438272
1.3354
1.15199
1.1355
1.44722
0.785727
1.35605
1.13427
0.819813
1.32443
0.643732
0.772257
0.763221
1.48902
1.50218
0.716566
1.08773
0.980721
1.35798
1.16122
0.456127
0.979874
1.69367
0.988958
0.681829
0.812046
0.986553
0.599856
0.984905
0.952054
1.44354
1.13533
0.427515
0.621208
0.548417
1.39887
1.01371
0.985978
0.752708
0.757648
1.20102
0.809241
1.16768
1.40842
0.603715
1.15526
0.790801
0.545213
0.584893
1.25849
0.776279
1.07365
0.955287
0.974355
0.792208
1.05791
0.593547
1.16798
1.03299
1.68193
1.34961
0.412918
0.949342
0.864321
0.797683
1.58013
1.00567
0.967725
1.55128
0.959605
1.0175
0.795804
1.32848
1.37326
1.03331
0.936525
1.27473
1.0236
1.01752
1.06849
0.899197
1.25583
0.70365
0.795245
1.14584
0.685356
0.883671
0.796286
1.39385
1.92427
0.855157
0.872779
0.807743
0.853105
0.971992
0.800805
1.08676
1.00985
1.3668
1.69587
0.588051
0.911947
1.02008
0.483847
1.14798
0.964443
1.09988
0.840791
1.47164
0.849547
1.13021
1.88425
0.705367
1.12259
1.32394
0.497589
0.903582
0.739509
0.961414
1.10493
1.38666
0.743601
0.407283
0.500363
1.23355
0.690871
1.45101
0.971365
0.794052
0.75082
0.830198
1.48607
0.944412
1.07034
1.48254
1.24434
0.798493
0.766201
1.20141
0.816412
1.11642
1.62448
0.769072
1.05021
0.852159
0.93677
0.550362
0.99141
1.14805
0.608465
1.40199
0.71696
0.914768
1.68221
0.741451
1.01051
1.09665
1.21275
0.953156
1.05973
1.4272
1.12077
0.975301
1.6765
0.529825
0.88486
1.00163
0.774212
0.581716
1.43013
0.92132
0.696687
0.981594
0.608114
0.799595
1.32714
0.680524
0.725947
1.0084
1.04882
0.750594
1.05349
0.952475
0.910164
0.898955
0.782714
0.87504
0.814354
0.483958
0.849228
1.38747
0.655146
1.23597
1.11673
1.20933
0.54203
0.613385
0.833253
0.748801
0.991826
1.18331
0.782652
1.05041
0.716688
0.966675
0.589423
0.668859
1.16509
1.0458
1.42072
1.2504
1.41873
0.791824
1.61711
1.50211
1.24766
0.763491
0.567421
0.638743
1.54761
0.545894
0.880434
1.51935
1.59273
1.0228
1.51748
0.960656
1.25621
1.29335
1.35409
0.868459
0.778734
0.927532
0.918907
0.803438
1.3434
0.891266
1.63817
1.23113
0.658615
1.38039
1.30568
1.05079
1.01083
0.850721
1.1033
1.45984
0.638384
0.612022
0.877472
1.3906
1.58701
1.02335
1.55297
0.86265
0.969197
1.28468
0.71927
0.760711
0.970963
0.989244
1.18177
1.8951
0.386785
0.58641
0.987661
1.19605
0.953319
0.736281
0.663268
0.89426
0.71593
1.76955
1.53265
1.12488
0.715632
0.917875
0.824704
0.838665
1.10704
0.572702
0.782288
0.677578
1.11091
1.11585
0.905376
1.69246
0.559946
1.31526
1.65204
1.44557
1.4138
0.455076
1.08559
0.577601
1.69086
0.840439
0.934838
0.558159
1.23251
1.13554
0.609961
0.67536
0.616361
1.80282
1.03297
1.04641
1.0092
1.19301
0.649293
0.789905
1.63285
0.64359
1.44431
0.536677
0.444105
1.41235
0.428139
0.581616
0.8944
0.780288
1.02176
0.789816
1.10605
1.0093
1.10526
0.653817
1.14253
0.929136
1.4117
0.831727
0.892376
0.868554
0.808834
1.01732
0.961443
0.637711
1.18297
0.95683
0.975422
0.898537
0.538687
0.593341
1.83713
0.699997
0.844799
0.784078
0.645836
1.0841
1.04838
1.85994
1.2203
0.547831
1.36671
0.514165
0.814057
0.788814
1.48167
0.688241
0.879141
1.09219
0.890583
1.44346
0.991024
0.667501
0.747548
1.05559
0.894017
1.02056
1.1039
0.797748
1.20854
0.685449
1.68055
0.770402
1.25479
0.576943
0.750454
0.722381
1.0228
1.09625
1.27745
1.18743
0.949714
1.40428
1.15802
1.25055
0.526566
1.4646
0.722788
0.749319
1.05963
1.95937
1.13981
0.591536
0.812256
1.52278
1.32992
0.553402
0.711238
1.01583
1.22119
0.594932
1.16453
0.767798
1.24194
0.646865
1.14665
0.96716
1.43718
0.446684
1.02189
1.38657
1.03733
1.01345
0.290786
1.13683
1.19228
0.877563
0.916512
1.15618
0.951553
0.629873
0.699853
1.33676
0.728496
2.06725
0.747178
0.559522
0.858935
0.969382
1.52224
1.48787
1.09638
1.18275
1.25148
0.596055
1.35434
0.863793
1.02246
0.75801
0.671821
0.845686
0.902203
1.03517
0.953665
0.761385
0.968516
1.22617
1.00336
0.984514
0.654558
1.22681
1.06219
0.853392
0.826768
1.01645
0.762354
1.00784
1.35359
1.20318
1.15212
0.649553
1.52994
1.52005
1.35973
0.805925
0.584557
0.54943
0.991762
1.25002
0.990764
1.67544
0.604432
1.07155
0.994705
0.501357
1.69547
0.858051
1.00622
0.801929
0.724738
1.35618
0.948594
1.28964
0.907868
0.396739
0.960922
1.33052
0.73723
0.940446
0.778367
0.574215
0.861231
1.49377
0.663196
1.10215
1.47734
1.32737
1.10893
1.08889
0.613226
0.940908
0.69038
1.18504
0.461842
0.980906
1.20712
1.11845
1.30046
0.953529
0.822403
1.23484
1.57402
0.787455
1.13913
0.975306
0.651641
0.690695
0.569647
0.840862
1.16823
1.58991
0.73289
0.801139
0.81648
0.930563
0.755559
1.0557
1.58651
0.791857
0.859799
0.739489
0.550286
1.15925
1.25847
1.16052
0.995991
1.02999
0.686948
0.762534
0.943329
1.1767
0.99482
0.847103
0.975095
0.967362
1.2635
0.836111
1.37606
0.938734
1.0087
0.931108
1.43048
1.18667
1.57395
0.628352
1.3331
1.46389
1.11158
1.43372
0.759419
1.13778
1.1146
0.91743
0.881494
0.517727
0.745326
0.89645
0.769883
0.768709
0.619666
0.763354
1.47122
1.20932
1.00841
0.74917
0.800523
0.629283
0.554124
0.666556
0.639108
0.860902
1.21089
0.787635
1.02963
1.24947
0.838062
1.20143
0.959777
1.47648
1.08495
0.827118
0.66429
0.996862
0.905943
1.25903
0.991181
1.19779
0.843526
0.691561
0.783884
0.731657
0.741999
0.783386
0.972655
1.67026
1.33285
1.43455
0.528614
0.682881
0.814065
0.987912
1.28068
0.540587
0.679467
1.13724
0.920201
1.36873
0.624336
1.29088
0.736589
1.3097
0.465261
1.15371
0.59219
1.25071
1.46683
1.2257
0.801724
0.614011
0.882126
0.835228
0.553751
1.03051
0.950403
0.969839
1.36036
1.15559
0.50181
0.940228
0.820309
1.07312
0.94321
0.750315
1.37318
1.57188
1.42037
0.881455
0.595917
0.802928
0.592764
0.663853
0.504289
0.623336
0.433032
0.916446
0.895847
1.45572
1.20313
1.12164
0.42193
0.617214
0.683743
0.607229
0.671803
1.17198
1.35729
0.980587
1.12769
1.30524
1.22998
1.1333
0.79587
1.36591
0.986529
0.939373
1.89141
0.667039
1.09503
1.18339
1.14191
1.09495
0.742287
1.13564
1.02644
0.805113
1.16321
1.06202
0.695692
1.46107
1.27722
0.551982
0.995487
0.97879
0.599192
1.13314
1.73259
1.10775
0.691897
0.937592
1.04082
1.1627
1.24587
1.3377
1.34821
1.54286
1.0639
1.0492
0.930208
0.854582
1.06882
1.00604
0.775234
1.37498
1.28137
0.515737
0.744212
0.476489
0.902107
1.30224
0.908567
1.05804
0.82247
1.33522
1.21359
1.03701
1.07731
1.02295
1.45268
1.43381
0.751617
1.60126
0.823957
0.888321
0.622366
1.66477
0.918117
0.96062
0.7075
0.777249
0.745929
1.24505
1.11749
1.20846
0.8192
0.790486
1.31011
0.854255
0.421126
0.845412
1.11845
1.80727
0.5552
1.12466
0.882449
1.12637
0.619328
1.04502
0.574524
0.892074
0.876734
1.24155
0.870747
0.72891
0.404789
0.992752
0.661634
1.08314
0.545331
0.936397
0.547618
1.06896
1.05687
1.08956
1.57119
0.620917
1.04333
1.03449
0.897738
0.532684
0.979123
1.74111
1.18493
0.70365
0.943646
1.07634
0.779111
1.00182
1.14228
1.14527
1.35573
1.12482
1.52906
0.936711
1.22991
0.596801
0.962781
1.3459
0.969972
1.08433
1.18871
0.80519
0.472453
1.0395
0.780196
1.05634
0.875689
0.814632
0.350486
1.50326
0.884371
0.849875
0.891063
0.982217
0.654508
1.30582
0.903049
0.672575
1.06048
0.918123
0.830606
1.09135
1.07867
1.28656
1.11001
1.02811
1.01197
0.806965
1.18197
1.0295
0.768194
0.762648
0.762783
0.427355
2.30937
1.23293
0.885629
1.03513
1.44506
0.891127
1.02783
1.44454
1.14741
1.03122
0.73148
1.0498
0.65614
0.852383
1.59022
0.738459
0.812028
1.31237
0.586485
1.30521
0.858723
0.793301
0.982922
0.975321
0.650157
0.814353
1.12106
0.732806
0.862875
1.22358
1.2426
1.24798
0.868388
1.09176
0.655948
0.658917
1.32826
0.519463
1.11066
0.389839
1.4087
0.934598
0.956159
1.81237
0.442613
0.827334
1.01897
0.930132
0.987006
1.50229
0.425124
1.05242
1.15526
1.28678
0.983316
1.0028
0.883506
0.870038
0.669947
0.801236
1.04714
0.907209
0.819742
0.87275
0.75622
0.929607
0.903832
1.28683
1.11586
0.755955
1.34418
1.27406
0.971465
1.09152
1.20558
0.812095
1.04246
1.38287
1.4522
0.945734
1.16541
0.305984
0.833537
0.644453
1.31775
0.642202
1.03226
1.22021
1.07049
1.492
1.25608
0.906891
1.11379
0.475512
1.48123
0.933453
1.35221
1.22605
1.093
1.02814
0.947379
1.04865
0.932782
1.02007
0.702068
0.672313
0.922322
0.795795
0.971691
0.906475
0.722497
1.03774
1.23468
1.13546
0.812532
1.01111
1.16937
1.15916
1.08076
0.705557
1.12203
1.15787
0.587571
1.07176
1.24521
1.01397
0.840801
1.02776
1.49578
0.966611
0.674781
1.10199
0.79132
0.481366
0.852803
1.33904
0.786969
0.709511
1.13648
0.919741
0.739759
0.971981
1.22093
1.15552
1.09357
0.703867
1.411
0.91417
0.792567
0.712048
0.705943
1.06542
0.898355
1.46611
1.27436
1.53849
0.924806
0.93745
0.707005
1.16112
1.49997
1.00534
1.38136
0.964878
0.809641
0.773627
0.689795
1.05528
0.97419
1.2933
0.740882
0.742681
1.07605
1.13602
0.536332
1.38024
1.31032
0.779764
0.544309
1.41591
1.18443
0.745644
0.808911
1.41738
0.405212
1.1305
0.896375
0.696148
1.63275
0.423437
0.87203
1.42117
0.731401
1.13178
0.691322
1.43483
0.922533
0.81852
0.927951
0.632299
0.974703
1.02837
1.68252
1.55623
0.925158
1.35488
0.819673
0.687536
0.795971
0.851795
1.381
0.715924
0.91582
0.714722
1.33557
0.711406
0.855709
1.53017
1.41979
1.12399
0.620058
0.88351
0.828433
0.753076
1.82724
1.0924
0.728362
2.24123
1.42463
1.07753
1.00491
0.664887
0.63859
1.4557
0.700833
0.8397
0.653137
1.21213
1.2852
0.925698
1.04198
0.872054
0.683555
0.918791
1.90237
0.581629
1.25853
1.02076
0.979353
1.16561
1.68172
1.17587
0.884861
1.66684
1.40539
1.1003
0.691365
1.52139
1.02113
0.885156
1.19261
0.977064
1.4811
1.30454
0.821855
0.716155
1.33143
0.84902
0.820638
0.985723
0.558624
1.2435
1.52873
0.97908
0.95128
0.731093
1.06178
0.832581
1.30592
1.11257
1.62912
1.45367
0.879682
1.30405
1.19742
1.52434
1.62352
0.950523
1.14487
1.32052
1.25547
0.953709
0.706823
0.838305
0.509072
0.969873
0.826751
1.38038
0.928642
0.94425
1.09467
1.35611
1.24406
1.34654
1.13427
1.5889
1.40614
0.815552
1.46091
0.862373
0.932684
0.996648
1.59036
0.937345
1.18877
0.773705
0.878808
1.39117
0.8852
1.10533
1.41208
0.884047
1.0541
0.832633
1.13672
0.848145
0.34416
1.24558
0.846918
0.802117
0.609607
0.874933
0.443322
0.730412
1.52536
1.16979
0.91754
0.830471
0.636663
0.778314
0.776114
0.804181
0.82256
1.15084
0.954562
0.890917
1.2851
0.69863
0.89169
1.12968
1.07333
0.589252
1.16133
0.413798
1.02348
0.921538
0.731611
1.19454
0.471687
1.28677
0.988839
0.834711
1.20271
0.868366
0.755226
0.720708
0.730122
0.605393
1.21092
0.639524
1.29564
0.766905
0.703613
0.805644
0.876097
0.969406
0.905062
1.14316
1.29876
0.902703
1.08957
0.761383
0.981917
1.14636
1.13094
1.3458
1.68067
0.665549
0.663662
0.874355
0.611016
0.825573
1.58054
1.08677
1.54936
0.651418
0.754161
1.18509
0.640825
0.570203
1.63869
0.916308
0.764689
1.08363
1.44177
1.07081
1.04229
1.10309
1.20159
1.14585
1.04003
0.879591
1.08554
1.3123
0.50244
1.64106
0.806362
0.865627
0.751944
0.809403
0.986647
0.932847
0.540196
1.24441
1.30377
2.35436
0.442079
0.731786
0.880256
0.719718
1.51922
1.25517
1.18283
0.955451
0.816717
1.14207
1.09335
1.82879
0.69549
0.611562
2.45796
0.595148
0.554103
0.955007
1.57873
0.417245
1.12611
2.2343
1.33832
0.904147
1.50035
0.961494
1.01921
0.806407
1.85597
0.619429
0.684284
0.979709
1.06258
1.46146
0.995267
0.828296
1.17835
0.621477
0.875593
0.405352
1.11893
0.810212
1.15761
1.50383
1.0638
1.4167
0.577302
1.26659
0.551452
1.27093
1.25899
1.22313
1.15961
0.404403
1.70868
1.40252
1.0103
1.44333
0.608337
0.812316
0.654702
0.451637
0.650451
0.854009
1.25793
0.823759
0.856274
0.956617
1.40642
1.37827
0.55976
1.19112
1.15035
1.11818
1.19624
0.930258
1.11957
1.32406
0.993249
0.876876
1.69882
0.726292
1.52948
1.10019
1.09558
0.672314
0.859713
1.10066
0.301584
0.84049
0.738863
1.53399
1.02482
0.688244
1.38151
1.42131
0.967378
0.95222
1.06623
1.01112
0.91774
2.36092
0.881096
0.680922
1.02506
0.868637
0.611217
0.621999
0.92222
0.789861
0.872281
0.827594
0.525373
1.4621
0.794111
0.94759
0.898111
1.01012
1.4717
0.64243
1.06304
1.13717
0.831105
0.682697
0.961519
1.20426
1.18183
0.723174
1.10445
0.770547
0.996418
0.517874
0.896316
1.01132
0.502716
0.746933
1.10094
1.17726
1.02484
1.53263
1.30629
0.842087
0.935204
1.26174
0.697313
0.935006
0.771756
0.552271
1.84475
0.449529
0.677939
0.634142
1.02557
0.748715
0.980079
0.817741
1.04123
0.788956
1.08151
0.884577
1.83168
0.786205
1.00357
0.644233
0.952573
1.37336
0.806539
1.25692
1.33989
1.39614
1.15317
1.23586
1.01602
0.827456
0.521024
0.823488
1.04513
0.555407
0.813562
1.27376
1.00616
1.62066
1.02054
1.30082
0.898836
0.573743
1.25643
1.21254
1.12732
0.820205
0.939607
0.490859
1.09854
0.617726
0.663285
0.521383
0.719997
1.98295
1.12193
0.753122
0.658537
0.728163
0.585062
0.712603
0.492157
1.45551
0.970573
1.00689
0.831202
0.355056
0.62906
1.61027
0.951325
0.816351
0.963957
0.813059
1.37801
0.833073
1.38723
0.876158
0.766738
0.581071
0.756955
0.917225
1.2818
0.883421
0.797657
1.04778
1.59745
0.556927
0.993903
0.657861
0.372893
1.18328
0.648421
0.91051
1.85321
0.732312
0.685034
1.19304
0.977654
0.7667
0.641841
1.3043
0.852119
0.927006
1.07586
0.871526
0.977762
0.879413
0.451697
0.836314
0.669702
0.638935
0.770499
0.868143
0.562512
0.706946
0.757714
0.775785
1.16437
0.98378
1.345
0.786909
0.645515
1.43863
1.1186
1.04024
0.504623
1.17919
0.440667
0.877558
1.20328
0.465721
1.35395
0.885047
0.707882
0.94343
0.650934
0.873979
1.17958
1.74989
1.45263
1.15511
1.05982
1.19638
0.621511
1.06462
0.867114
0.727236
1.22625
0.77309
0.995776
0.700476
0.818499
1.16967
0.887082
1.41252
0.772918
1.79121
0.838075
1.00332
1.32547
1.02062
0.673226
1.21471
0.557422
0.79322
0.827071
0.944171
1.20993
0.610018
1.40447
1.47654
1.40789
1.13138
0.749774
0.400318
1.03898
1.2639
0.694819
1.04803
1.20245
0.641547
1.69665
0.679469
0.601748
1.11928
0.96112
0.801642
0.498998
1.45132
0.902621
0.75687
1.23473
0.674033
0.737945
1.03877
1.1093
0.949183
1.79562
0.793277
1.16672
0.860749
0.827389
1.45287
0.611473
0.5014
1.36234
1.62215
1.29485
0.925874
1.10131
0.896844
0.615213
1.11201
1.13644
1.10396
1.5455
0.835991
1.8828
0.677229
1.06163
0.942532
0.764518
1.16653
1.35735
0.573915
1.57569
1.15692
0.525127
1.1753
0.975176
1.0971
0.733694
1.21681
1.19466
1.73939
1.21081
0.4622
0.880326
0.97849
1.60574
1.08925
0.865755
0.763398
0.994509
0.911689
0.76163
0.693655
1.37543
0.771643
1.38407
1.14243
0.623706
1.41265
1.01202
0.818103
0.579516
0.550446
1.69162
1.37994
1.02353
1.14671
0.626679
0.531359
0.553458
2.05269
0.878184
1.02342
1.20078
0.681886
1.10633
0.794209
1.06649
0.797339
0.717642
0.99486
1.1625
0.970503
0.817781
1.15257
2.16442
1.06883
1.1324
0.552266
1.21215
0.980379
0.739806
1.14289
0.528819
1.31582
0.923589
0.687754
1.21629
1.57001
0.754253
1.64232
1.13224
0.750695
0.743134
0.839945
1.03194
1.01319
1.84673
1.59978
0.931122
0.958926
1.03375
0.939414
0.761417
1.46959
0.481133
0.934378
1.18194
1.43292
0.74741
0.902012
1.60698
0.940412
0.666568
0.397762
1.34241
1.01341
0.60228
1.04558
0.935366
0.729037
1.57577
0.712157
1.46005
0.975375
1.17374
0.856602
1.13885
1.04057
0.573833
0.968906
0.870058
1.41141
0.888503
1.09772
1.1205
1.08103
0.865307
0.921536
0.878806
0.92755
1.36494
0.738536
0.702401
1.30414
0.810347
1.19841
1.00031
0.987882
1.41819
0.533829
1.16692
0.632335
1.33389
1.18885
0.738514
1.02505
1.06862
0.590464
1.44587
0.619627
0.900373
1.09237
1.21344
0.822909
0.944688
1.05724
1.04627
0.798892
1.76039
1.19813
0.662195
0.786449
0.728443
0.948474
0.843637
0.732735
1.24669
1.25021
1.11655
0.816396
1.30215
1.33753
1.48475
2.0724
1.51745
1.04522
0.95431
0.903873
1.54629
0.887797
1.20701
1.68183
0.598073
1.12623
0.74837
0.452166
0.543936
1.58745
0.617943
1.08063
0.760288
0.516333
0.98428
1.02035
0.910879
1.07879
0.853008
0.9399
0.725221
0.92426
0.767925
1.26765
0.915576
1.88356
1.36332
1.1529
0.636142
0.89263
1.30747
1.06775
1.12072
0.738521
1.33553
0.707723
1.08478
0.936683
1.39708
0.668192
0.694061
0.452589
1.11014
0.788229
0.796698
1.35292
0.651219
0.891398
0.607681
0.621232
0.800368
0.828596
0.861233
1.13757
0.674141
0.796537
1.20603
1.06883
1.34045
1.96368
1.19379
0.967617
1.14894
1.62591
1.26522
1.08192
1.26062
0.928254
1.35441
1.25643
1.13603
0.76156
0.74382
1.23237
0.453401
0.937813
0.635143
0.873614
1.45386
1.35335
0.557934
1.60079
1.82379
1.21376
1.27071
1.1229
1.14516
0.79457
0.956493
1.01403
0.963042
0.559644
0.983388
0.589347
1.17818
0.985647
1.3257
1.02649
1.00026
0.722
1.19251
0.650024
0.829807
1.41002
0.612691
0.862129
0.665908
0.63189
1.05933
1.26665
1.10538
0.463912
1.11631
0.844018
1.56751
1.6602
1.74471
1.1824
1.00076
0.575692
0.783851
1.11541
1.0426
1.24382
0.89667
0.954224
1.16798
0.903972
1.39974
1.10229
1.49479
0.801702
0.902513
0.523433
0.888449
1.19494
1.26057
1.12478
0.920664
1.25442
0.829228
1.76162
0.89527
1.04918
0.965973
0.817761
0.56959
0.290605
0.729285
1.55088
1.07271
0.95555
1.09201
0.717185
1.07054
0.553689
0.803298
1.53423
1.01374
0.884139
0.660102
0.842793
0.694582
1.12432
1.57919
0.828357
0.969339
0.781811
0.784053
1.20732
1.1987
1.46823
0.634836
0.901242
1.35844
0.80136
0.892112
0.979093
0.921134
0.831774
1.58844
0.624801
1.1196
0.900621
0.718519
1.12756
1.36852
0.775943
1.39285
0.715692
1.14108
0.870666
0.956947
0.457262
0.912534
0.455316
0.537507
1.27336
0.816702
1.14279
1.00589
0.888631
0.523588
0.539375
0.931262
0.620401
1.14629
0.914636
1.27934
1.28019
0.773183
0.670422
1.29486
0.59833
0.972955
0.836816
0.993833
0.81219
0.971258
0.957743
0.594051
1.04419
0.834502
0.746463
0.900382
0.888471
0.763139
0.983905
0.881814
0.350917
1.6344
0.795241
0.669453
0.859558
0.993492
1.03253
0.969621
1.27449
1.17601
1.10103
1.34342
0.795275
0.64594
1.0894
1.00513
0.493144
1.22873
1.23006
0.933166
0.604493
0.372096
1.07015
0.856505
1.71248
0.996125
1.74291
0.798653
0.730206
0.781105
0.715392
1.12986
1.24583
1.3529
1.10608
1.00162
0.950376
0.799841
0.707473
1.15188
1.2222
1.01718
0.844255
0.991808
0.690163
1.29665
0.930757
1.18902
1.07759
0.63223
0.823206
0.700636
1.17051
0.910544
1.11642
1.49456
0.650062
1.00624
1.24411
1.39729
1.26207
0.921391
1.31391
1.25966
1.18581
0.886971
0.709612
1.05746
0.967074
1.15779
1.42343
0.668535
1.40475
0.610278
0.585693
1.05501
1.68258
1.51881
0.766331
0.687978
0.880597
1.61152
1.44258
1.39201
0.987077
1.05238
1.43197
0.771256
1.33327
1.34781
0.747735
0.702718
0.733416
1.0708
0.901976
0.916614
0.663535
1.77022
1.19875
1.50372
1.30374
1.14778
1.12939
0.557893
0.994382
2.05179
1.3623
1.10132
1.11804
0.794783
0.805659
1.08814
0.49625
0.849629
0.693697
0.705319
1.01198
0.426018
0.865678
0.85579
0.705048
0.730306
1.05539
0.756918
1.49057
0.773916
1.27647
0.674811
1.65716
1.37577
0.698997
0.942419
1.51048
1.00611
0.768963
1.30345
0.801983
0.75974
0.854007
0.895285
0.87849
1.51397
0.720008
1.18735
0.880072
1.13382
0.847213
0.700976
0.572738
1.14772
0.476563
0.783185
1.45574
0.655123
1.03085
1.18126
0.849179
1.0364
1.05148
0.999601
0.789348
1.91897
0.607833
0.734023
1.05787
1.18501
1.06725
1.33103
1.22616
0.941493
0.994145
1.00543
0.696258
1.09167
1.20403
0.331325
0.709134
0.911017
1.17382
0.912094
0.631045
1.0276
1.24223
0.374407
1.04491
1.29224
0.564239
0.763142
1.10636
0.820231
1.13978
0.745297
1.28489
1.32298
0.93787
0.94064
1.0822
1.17536
1.22721
0.782394
1.35694
1.33636
1.28638
2.41979
1.7186
1.03955
0.772021
0.8793
1.17346
1.27856
0.684893
0.901664
0.8154
1.14442
1.66062
1.03798
1.02346
1.16819
0.648384
0.929519
1.37387
0.424444
1.19354
0.483249
0.673086
0.746189
1.15951
0.669346
1.09439
1.2646
1.1382
0.9139
0.940447
1.46378
1.22902
1.05105
1.44955
2.1962
0.768586
1.1101
0.799033
0.938924
1.25822
1.19081
1.32838
0.624362
0.624089
0.810674
1.0722
1.1968
0.760201
1.11483
1.26627
1.53564
0.910242
1.23828
0.733487
1.62201
1.43582
0.916212
1.13773
0.900772
1.4151
1.35981
1.45259
1.32431
1.53273
0.548438
1.33168
0.784184
0.797839
0.868285
0.782798
1.37677
0.588416
0.990899
1.36932
1.33551
0.652907
0.979132
0.889926
1.18959
0.637812
0.870349
0.494821
1.05716
0.658469
1.02553
0.567158
1.14559
0.903938
1.06412
1.13622
0.559911
1.19838
1.97942
1.42087
0.610894
0.430347
1.13919
0.522234
1.42192
1.23259
0.636377
1.00997
1.15509
1.16438
0.871872
0.879186
1.55915
0.746769
0.955795
0.628632
0.634374
1.00171
0.963547
0.781928
0.480267
0.705674
0.79876
1.16232
0.585467
1.12921
1.00991
1.10414
0.916485
1.28425
