1.26799
0.320967
0.223575
0.123051
2.13635
0.900791
1.62609
1.26875
2.61987
0.651055
2.90118
0.406772
1.50196
0.954379
0.120757
0.508108
0.55217
1.19513
0.116695
0.064603
1.47759
1.63833
2.5628
0.614929
1.78409
0.451337
2.35523
0.516744
0.115774
0.766424
1.05814
0.774171
1.38982
0.343968
0.548423
0.799703
0.472804
0.569868
0.0074153
0.54
0.19934
0.455024
0.321521
0.701909
1.76681
1.5623
0.497739
1.6062
0.401229
1.73198
1.46532
0.911224
1.48993
0.442453
0.934933
0.979779
0.45316
0.886252
1.68859
0.731491
2.381
0.905156
2.66826
2.16448
0.749479
0.287103
1.17814
0.702001
0.354931
2.01776
1.80069
1.3871
0.304232
1.33394
1.84266
0.293681
1.15401
1.10957
2.55145
1.16911
1.49892
2.65034
1.39352
1.53779
1.35109
0.568342
0.304211
0.721496
1.24418
0.966239
0.213962
0.272619
2.05617
0.371789
0.449847
0.703906
0.399685
0.741955
1.99315
0.864373
0.920398
4.27613
0.872442
2.68039
0.595085
0.376158
0.426071
0.48497
1.34545
0.6264
0.642949
0.0402555
1.81134
0.823536
0.754456
1.53596
0.673265
3.75447
1.15191
0.237091
0.518573
1.35943
1.05053
0.529296
0.463682
1.70008
0.569548
0.965958
0.854839
0.951094
0.331717
0.580267
1.91595
0.160031
2.40746
1.12862
1.10778
1.11033
0.462935
0.315412
2.19753
0.475685
0.483082
0.624381
1.25286
0.512428
0.470286
0.0630352
1.84642
0.245306
0.444945
0.817626
2.32515
2.01879
0.298622
1.37386
2.82202
0.286846
0.53721
1.09699
0.878765
0.191507
0.0687352
1.41785
1.51921
1.19075
0.648896
0.692083
1.16858
0.914867
0.612608
1.9733
1.15104
0.595663
0.820015
0.43409
0.548978
0.833424
1.31011
0.754796
0.541839
1.13314
0.649686
1.67836
0.809034
0.309805
1.59806
0.421732
0.717283
1.13616
0.0661894
1.07723
0.335918
2.17393
0.684286
0.985196
1.99365
0.490933
0.140402
1.70033
1.94119
0.657528
0.989148
2.29893
0.691161
2.26153
0.0634714
1.98148
0.137886
1.10238
0.142981
1.73171
0.458101
0.609162
1.10687
2.26408
2.00497
0.541941
1.57438
0.58309
0.532816
0.41032
2.76574
0.713269
0.760487
1.69317
1.44385
0.730673
2.33562
0.725187
0.976323
1.1029
1.0792
1.44156
0.11745
1.52029
0.692361
3.06507
0.585947
1.89398
2.28226
1.09249
0.61291
0.196932
1.45041
0.367994
1.75652
0.455287
0.361456
1.21401
1.51502
0.242195
0.646613
0.253725
0.556602
2.65883
0.721431
0.645712
0.400865
1.07019
0.943373
0.982431
1.48834
1.84905
0.536607
0.185478
0.231725
0.487275
0.906038
1.73376
0.437981
0.816029
0.671513
0.352082
0.33269
1.58306
2.59343
0.981333
0.881005
1.94791
0.616739
0.621484
0.65892
0.363858
0.143324
1.41655
0.531558
1.36566
0.204653
0.806639
1.03958
0.487566
0.178173
1.25486
0.974973
0.416825
0.405085
0.908246
0.459065
1.47466
0.574258
0.476549
0.915818
0.347236
0.925646
1.57844
2.64591
1.00897
2.20313
0.705355
1.39468
2.71308
0.755433
2.09149
0.867855
0.847033
0.630549
0.84357
0.918496
3.48461
0.832435
1.27857
2.63434
2.28825
1.06998
1.21654
1.20264
1.12014
1.28289
1.38109
0.556128
0.630919
0.724202
1.85668
0.6176
0.639074
1.31928
0.885214
0.679479
0.261042
1.4852
0.233149
1.99297
2.05277
2.329
2.21078
0.732004
1.61463
2.28541
1.07107
0.972788
0.406975
0.860907
2.76413
2.13186
2.06273
1.02403
0.27264
1.62467
0.833246
1.80059
0.910069
0.45
0.772346
2.8158
1.34727
1.66148
0.995316
2.22029
1.13894
0.56375
0.851128
1.09937
0.531271
0.130835
0.667203
1.44262
0.319896
0.65611
0.710511
1.20935
1.0832
0.647297
0.257711
0.478967
0.78142
0.617836
0.262659
1.95957
0.557778
0.619531
0.612606
1.36018
0.440225
0.638232
1.43947
0.40614
1.10937
1.11607
2.08411
0.159205
1.48539
0.107023
0.240537
0.501577
2.28833
1.03578
0.610268
2.18493
0.197069
1.4816
0.719676
0.902281
1.59916
1.13075
1.92189
0.718447
0.937944
0.0168291
0.819301
0.586353
0.548245
1.66793
1.20596
0.647596
0.534386
0.519977
1.89672
0.279378
1.05425
1.46444
0.831702
0.348795
0.774164
0.586691
0.325617
0.128401
0.690028
1.75534
1.61899
1.52998
0.598972
1.06419
2.7323
0.569175
0.4276
1.44624
1.20064
0.466818
1.60153
1.74978
0.472637
1.18958
2.30224
1.22244
0.397678
1.02801
0.840896
1.07313
1.39936
1.6142
1.90986
1.67565
0.490391
1.57276
0.539554
1.53949
2.21651
0.319854
0.541872
1.1728
0.45538
1.18019
0.573769
1.24928
1.18301
1.08643
0.26869
1.72268
0.661479
0.669771
0.623626
3.52553
0.430144
0.42247
1.52444
0.973739
0.507466
1.85597
2.49617
1.72528
0.519255
1.36753
1.17752
1.97432
0.461915
0.528527
1.134
0.796525
0.289119
1.05959
1.81297
0.979268
0.976984
0.480264
1.49685
3.51561
0.354988
0.2885
1.39669
0.480962
0.746891
0.683407
0.95541
0.951286
3.05191
0.559906
0.713163
1.94947
0.5379
1.79277
2.48694
0.225596
0.884036
0.172265
0.481798
1.37547
1.01763
1.26357
0.922318
0.251441
0.15344
1.00271
0.561833
0.52705
0.498422
1.14674
0.757993
3.34288
1.79035
1.70529
0.702511
1.21204
0.412044
1.77693
1.23637
0.529831
0.284847
0.386486
1.27863
1.78605
0.463982
0.991115
0.491387
0.172199
0.954803
0.383548
0.627637
0.788133
0.204546
1.36476
0.759352
0.239951
0.742362
0.761283
0.4796
0.533733
0.628429
0.886267
0.661
0.209055
1.33486
1.09886
0.598714
1.54489
1.94923
1.2103
1.39534
1.39805
2.27062
0.814026
1.4677
0.923805
1.72121
1.75466
1.83317
0.20304
0.762058
0.433229
1.34895
1.6404
1.50186
0.909255
1.0295
0.424706
2.60315
1.57819
1.28044
0.54312
0.650994
0.42553
0.623354
0.325352
0.911511
0.140941
1.46532
0.777471
0.473903
0.827955
1.26149
0.709071
2.25998
1.67096
0.746611
0.412704
2.37302
0.98181
0.184868
0.278576
0.679672
0.0685996
1.11356
1.09275
0.743663
0.547868
1.29719
0.813045
2.83671
2.28073
0.058962
2.96694
0.783315
0.645578
2.15696
0.98953
1.21548
0.435999
0.133981
0.901727
2.53228
0.401348
0.581483
0.136701
0.774527
1.70783
0.736386
0.666701
0.886276
1.73621
1.21981
3.09418
0.527073
0.56384
0.0985023
0.155498
0.739192
1.6764
0.906929
1.44081
1.43914
0.468035
0.23127
1.37261
0.656101
0.586017
0.299768
1.61135
0.604261
0.163303
0.981377
1.30566
0.52968
0.552871
4.0817
0.70896
1.88295
0.20174
1.957
0.268611
0.950414
0.494054
1.1427
1.4377
1.03443
2.88735
1.97076
0.125681
0.0767953
0.236564
2.2111
0.947233
2.42904
1.8335
1.26399
0.355897
2.19024
1.42257
0.474913
1.16566
0.57309
0.414069
0.160302
0.934722
0.544375
0.996273
0.250043
0.684457
3.51399
0.443826
0.531768
0.259856
2.06468
0.555147
1.66007
0.381954
1.35751
0.535001
1.32069
0.218096
1.14579
0.159663
1.68325
0.311851
0.290033
0.636105
0.0814896
0.47461
0.848522
1.11944
1.79293
1.51383
1.65888
0.323381
0.933545
0.418933
2.96529
1.28694
0.894447
1.08415
1.74515
0.883993
0.696569
0.0723878
1.07634
0.285038
0.0997892
0.993561
0.46627
2.00324
1.34131
0.841459
0.879241
1.13294
0.325966
0.333003
2.9008
3.64986
0.761746
0.781388
0.44402
0.469444
0.842192
1.02958
1.16956
0.359822
1.45698
0.9679
0.573677
0.228936
1.05115
0.241494
0.074576
1.40054
1.39683
1.09457
0.786061
0.477638
0.613922
0.927483
0.319593
1.05717
1.66901
0.512161
1.27992
0.359325
1.34837
1.4542
2.3722
0.546846
1.58387
2.53811
1.2705
1.13244
0.800948
0.446949
1.42251
0.414653
0.688487
2.98674
1.68648
0.128684
0.628695
1.15899
1.53668
2.7359
1.12824
1.56201
0.668723
0.297659
2.30296
1.06087
1.97291
0.912675
0.342486
1.47392
1.1311
0.152174
1.02329
0.316727
0.436513
0.390563
1.7661
0.28965
0.323344
0.495224
0.272501
0.900617
1.18163
0.52316
0.789024
2.5943
0.0614709
0.692394
1.13896
1.47489
0.87278
0.777441
0.432363
1.49754
0.643502
0.4334
1.83102
0.919376
1.79091
0.262163
1.67161
0.581179
0.207397
1.52535
0.338743
0.945688
1.71578
0.977457
1.91343
0.591028
1.14868
1.63272
0.579988
1.41598
0.233782
0.995294
1.0233
0.540298
1.14649
1.23483
1.48394
1.00888
1.5604
1.44751
0.633216
1.48246
0.620708
2.88816
0.974064
0.456652
0.742039
1.06817
0.936117
3.11365
2.15856
0.850388
0.413853
0.452917
1.74284
1.47284
1.75138
0.0779943
1.20706
0.257424
0.670114
0.489513
1.86143
0.433464
0.48686
1.12312
1.794
0.0847378
0.0498474
1.16622
1.22879
2.87317
1.42223
0.810197
0.999772
1.01078
0.0762878
1.55614
0.863729
0.590978
0.0705686
0.746093
0.274451
0.424279
1.82301
0.697176
0.616791
1.90338
1.92008
1.37881
0.401647
1.98367
1.09938
0.166954
0.967487
1.30568
1.96201
0.945498
1.41186
0.981835
0.773215
0.591031
0.439813
0.716617
0.738055
0.329318
0.358568
0.119064
0.233237
1.94528
0.63253
0.210068
0.150936
1.46352
1.62473
0.439272
1.33167
2.33437
0.389738
0.727647
0.552972
1.34492
1.27454
0.944215
0.723667
1.84242
1.73715
0.98433
0.813881
1.97497
0.398483
0.964973
1.7408
0.353726
0.248778
0.611042
1.94683
1.09418
0.0631033
0.926253
0.191823
0.851831
2.83565
0.589321
1.00437
0.139588
0.98094
0.370768
0.168981
1.63785
1.12409
0.903036
0.911995
1.70865
0.566268
0.906861
0.1961
0.95903
0.374003
0.98568
0.767409
0.589812
1.1069
1.36654
0.838302
0.281488
2.84226
0.914513
0.125602
0.285346
3.27825
1.58304
1.6638
2.27125
1.26569
1.62413
1.00467
0.290417
0.298884
1.12586
0.631251
0.182918
1.14624
0.455519
0.661407
0.0486602
0.645703
0.658718
3.33475
1.27945
0.16181
0.900615
1.65399
1.16897
0.779508
0.731108
0.57025
1.82562
0.964261
0.755075
1.41401
1.14163
0.823137
3.33025
0.259795
0.60053
0.832652
0.344242
0.748333
1.97189
0.246844
1.80416
1.28103
0.688384
0.858765
1.83164
0.44717
0.476806
0.0460027
1.50205
0.241755
0.68202
2.01811
1.19397
0.568184
0.946258
0.487699
1.05004
0.431034
1.12663
0.247018
0.510048
0.45313
0.0709581
0.62228
2.01786
0.592081
1.31881
0.243179
1.05144
0.252568
3.48487
1.70029
1.56718
0.553383
0.445458
1.3204
0.965918
0.928209
0.731099
0.56402
1.64718
0.731072
0.878691
1.87764
0.281182
0.801507
1.14273
0.530306
0.239559
1.01659
1.00761
0.249086
2.01151
1.54153
0.994764
2.83049
0.159191
1.10345
1.89432
0.206627
1.40815
0.976722
1.29724
0.371425
0.166958
0.313616
1.48671
1.69495
0.282007
1.54288
0.435992
0.209321
0.797069
1.214
0.912754
0.47883
1.1642
0.410836
0.509226
0.700611
0.407844
0.502761
2.05775
2.02371
2.08484
1.26737
0.272492
1.20354
0.790152
0.107523
0.491829
0.180677
1.40082
0.349229
3.75748
1.10576
0.678829
0.544946
0.285874
1.94789
0.70559
0.622325
0.95974
0.482475
2.1957
1.72887
0.194101
0.810708
1.0092
3.33981
0.112203
0.162053
1.61882
1.46335
3.27963
0.511132
0.268589
1.28643
1.07471
0.434589
0.241923
1.23584
0.747186
2.04093
1.28606
0.178109
1.75445
0.641987
1.21406
1.41318
0.945138
0.211945
0.260581
1.00444
0.584539
1.11312
1.24855
1.68226
0.64815
1.79428
0.195658
1.44299
0.953994
0.546852
1.56046
1.59425
0.313123
3.01685
0.349191
1.76474
0.796828
1.57555
2.05694
0.567235
0.315897
1.26475
0.181167
2.00477
0.423015
4.15313
0.259539
0.518129
2.71472
0.691733
1.30584
0.317035
0.543517
1.31387
1.21032
0.570347
0.532533
0.611122
0.432529
1.26956
1.79302
0.781478
1.34758
1.01157
0.214841
0.626922
0.552031
0.119501
2.05289
0.273753
0.166622
0.695775
1.54718
0.531279
1.24453
0.645185
0.746416
1.36559
1.41863
0.931693
0.673115
0.280464
1.30112
0.389367
1.62065
0.187084
0.764182
0.921579
0.302669
0.371208
2.00077
1.22451
0.471802
0.47163
0.399015
0.434033
0.942295
0.419788
1.04932
0.116802
1.54687
0.523084
0.829141
0.39581
0.863817
0.156831
1.24684
0.235238
0.602858
0.666668
0.898316
0.852036
0.269519
1.20779
0.440583
0.638437
0.561385
0.689033
0.389541
0.210908
0.283383
1.88802
0.508208
2.1226
1.82232
1.11284
0.64227
2.06129
1.36421
0.922565
1.00155
0.367549
0.459948
1.96264
0.476265
1.44736
3.82665
1.9322
2.42546
0.780195
2.0992
0.432192
0.613196
0.840327
5.13572
0.103845
2.24876
0.749328
2.54069
0.309086
0.341037
1.40836
0.97096
0.558935
0.705618
0.260977
0.228553
0.252567
1.32134
0.76412
0.927157
2.3143
1.65485
0.554457
0.232483
0.653912
1.69567
0.27901
1.71211
1.0823
0.678077
1.0333
1.45029
0.70868
1.0534
0.323211
0.473993
0.554404
0.530281
1.84925
1.0159
2.26846
2.27099
0.87075
0.47932
0.477149
1.68478
0.411385
0.988087
0.389658
0.662645
0.615397
1.17873
0.784523
0.737379
0.804127
0.508197
1.68022
0.634903
0.572339
0.359691
0.444598
0.767887
1.44952
1.73604
1.24747
1.06645
0.357667
0.60475
0.444609
0.492142
1.22485
2.86084
2.08468
1.03035
0.232354
0.107778
0.130757
2.12963
0.367256
0.314419
1.68693
1.12317
1.837
0.270511
0.836281
0.436701
0.946188
1.20711
0.783776
0.798549
0.689182
0.351142
2.08662
1.32154
0.248726
0.596952
1.30743
3.09007
0.972435
0.575011
2.2206
0.702408
0.815229
0.573245
1.12766
0.585164
1.25162
0.80918
0.342091
1.66738
0.0838082
1.41485
0.427505
0.248153
0.775292
0.320023
0.617603
1.24841
1.2521
1.56219
0.568336
0.180816
1.00256
1.66575
0.300776
0.947507
0.721349
1.08483
1.87874
0.720584
1.63816
0.8763
0.866089
1.00575
0.0621272
1.30196
2.74886
0.362371
0.340609
0.645522
1.09247
1.3246
0.132406
1.97697
0.203258
0.168797
0.535968
1.17039
1.19089
0.224747
0.310806
1.60469
1.07123
2.15409
0.21556
0.940128
0.885551
2.10738
0.456385
0.744747
1.53054
1.00913
0.088451
0.285201
0.804798
1.32337
0.994492
0.646898
2.29649
0.133431
1.04199
2.10575
1.16435
0.263668
0.977066
0.827754
0.733007
0.625785
0.452199
0.690456
0.250269
1.39778
0.64764
1.11064
0.713336
0.160331
0.233284
1.01098
0.673758
0.33829
0.379485
0.949157
1.45462
1.26176
1.03857
0.415298
0.720759
1.9856
0.976938
0.629919
0.778455
1.14148
1.01286
0.714848
2.50536
1.55636
0.386991
1.12304
0.425464
1.95026
0.692559
0.624874
2.47211
1.01783
1.84759
0.94177
0.574118
0.770783
1.11523
0.217139
1.59272
0.241309
1.0292
0.681324
1.22301
0.530121
0.431634
0.27701
0.55431
0.696839
1.32357
0.354789
1.00978
0.459914
0.35367
0.330399
2.51116
1.24864
0.577133
0.478843
0.188198
0.766699
1.15132
0.265426
1.31017
0.409495
0.90287
0.153364
1.62875
0.612327
1.50938
0.677253
0.375762
3.09734
2.09706
2.25099
1.68354
0.765404
0.69789
1.21747
1.05017
0.857523
0.550273
0.846089
0.25943
1.48635
0.742656
1.47515
0.250049
0.553619
1.08467
0.456407
0.202936
1.63136
0.706485
0.449303
0.396415
0.0883053
0.520202
1.77925
1.61783
0.370987
0.0875591
0.120339
1.10283
0.27237
1.23444
1.14749
0.581788
0.545577
1.35342
0.687102
0.49405
1.81403
0.489282
1.15942
1.34335
0.500774
0.335497
0.494746
2.4519
0.967721
1.30911
0.537694
0.343247
0.72928
0.922973
0.593854
1.08233
1.0524
1.50552
0.953705
0.652659
0.690447
0.961496
0.882928
2.79711
1.10631
0.742143
0.11513
0.765274
1.39825
0.760502
0.82108
1.60949
0.295079
1.33694
0.119214
0.168569
1.37578
0.81603
0.731474
0.428401
1.94399
2.31137
0.602482
1.12757
1.30974
0.792811
0.343065
1.12624
1.1288
0.175858
0.302165
0.291089
0.21881
1.3995
0.636423
0.311567
0.439615
0.242671
1.68344
0.568165
0.969958
0.897301
1.11673
0.400553
1.72318
0.10057
1.88702
0.203292
1.93398
1.94868
0.69246
0.706987
0.321373
0.924335
0.764614
0.766372
0.746391
0.123578
2.29607
2.3802
1.33057
0.381251
2.47689
0.0935674
0.344875
1.24423
2.46173
1.46346
1.39665
1.24914
0.846835
0.478485
0.361475
0.349358
1.57494
0.842308
3.14241
1.09241
0.659875
0.565039
1.90939
1.81162
1.38251
1.77808
1.88745
1.02547
1.22192
1.81858
0.383057
1.2174
0.283169
0.786267
0.236379
0.654429
1.52628
0.142022
1.1421
0.902245
0.701563
0.128244
0.173317
0.849689
1.33984
0.892754
0.263817
0.470635
1.03293
2.39933
1.08286
1.92149
0.210246
0.233782
1.22342
0.387569
1.25563
1.22163
1.23459
0.875577
0.287374
0.104849
1.26163
0.437339
0.973444
0.320243
0.738978
2.4764
0.585889
0.522332
0.875532
0.235054
1.42487
0.49122
1.19759
0.788957
0.715322
0.511255
0.987684
0.971592
0.922562
0.916187
2.7302
0.866144
1.13522
0.589505
0.633577
0.501037
0.428692
1.38708
4.5251
0.899838
0.949679
1.71152
0.88559
0.792636
2.37432
1.6602
1.18669
1.49836
0.465275
1.53277
0.757525
1.24673
0.246054
1.00732
0.357644
0.622461
1.5389
1.17772
0.467374
0.570828
0.306467
1.56622
0.599818
0.379083
0.812097
0.311552
2.13502
0.898218
0.720433
0.648978
0.196319
0.954066
0.587486
1.15247
1.12996
0.225882
1.3199
1.90853
1.60488
0.888208
0.641416
0.491526
2.25316
0.735886
1.48627
1.22497
2.39928
1.10343
1.09288
1.26488
1.17664
0.44996
1.68242
1.35155
0.184402
0.168949
1.61074
1.45474
0.384131
0.826232
2.17834
1.444
0.448769
0.875976
0.411917
0.82514
0.260529
0.410293
0.877178
0.033601
3.03084
0.956862
1.85448
0.994965
0.596025
2.06792
1.76674
1.13615
0.475597
0.873136
2.5618
1.25161
1.99974
0.186962
0.476961
0.184538
2.3021
0.429714
2.00035
0.37904
0.593523
3.24969
0.704488
0.49119
0.548605
1.30783
1.26826
1.84267
1.21862
0.416908
1.35131
0.966749
2.00491
3.48798
1.70506
2.24255
0.26717
1.05072
1.53609
0.79902
1.53887
0.287287
0.736252
1.13069
0.846307
2.25736
0.369546
1.32807
2.18526
1.48545
2.81587
0.864865
0.13229
0.924083
0.498208
0.241662
2.22916
0.943743
0.0867229
1.59784
1.14058
0.870228
1.76914
0.734888
0.63724
0.371558
1.46318
0.400211
2.6805
1.5364
1.38007
0.631953
0.339782
2.04475
1.78228
0.853776
1.62782
1.22362
0.401476
1.49862
0.540742
0.611497
0.408952
0.617903
0.442986
0.266215
1.07839
0.84409
1.0268
2.86742
1.02674
0.444089
0.693074
2.97672
0.329485
1.70931
2.67156
0.996328
0.735164
1.69313
1.37521
1.53824
0.36215
0.813775
1.1079
0.230829
0.479519
1.65617
0.123728
2.58426
1.43218
1.33269
0.579193
0.353945
1.12403
0.0961805
0.430604
0.756077
2.79496
1.15587
0.73714
0.47866
0.308426
2.875
0.374666
0.566568
0.195802
0.201599
1.0014
1.3852
0.366942
1.03147
1.90087
1.61211
1.36785
0.171282
1.25481
1.04859
2.89444
1.30456
0.568254
0.518719
0.652711
0.722137
1.09754
1.31132
0.464356
0.671871
0.731012
1.52651
0.642583
1.24648
0.356365
0.674123
1.09061
1.18922
1.44093
0.284271
0.78846
0.637534
0.106163
0.626816
0.718583
1.15293
1.05015
0.285781
0.227823
1.21617
0.338352
1.5445
1.92573
1.04628
1.01109
0.621743
2.08974
1.47087
0.544174
0.29294
1.46526
0.778085
0.748865
3.02173
0.421468
0.586053
0.380443
1.90872
0.873538
0.964601
2.14199
1.55323
0.256887
0.985347
1.07866
0.761688
0.712339
0.486758
1.25745
1.364
0.942086
0.75244
1.0956
1.42948
0.735462
0.380246
1.03368
0.140011
1.2259
0.603359
1.56489
0.709048
0.519192
1.31519
2.32403
1.6814
1.1329
0.1536
0.623119
0.211201
1.50982
1.46517
1.30184
1.45129
1.71196
0.439464
0.18748
1.61001
1.81674
1.77899
0.153135
0.802644
1.03917
0.263831
0.470683
0.438435
0.29733
0.402119
1.90677
0.613349
0.1099
0.173164
0.294183
1.04427
1.6057
0.3076
1.27124
1.01561
2.69291
2.02287
0.76081
0.759549
0.147389
0.774522
0.800961
2.5696
0.971851
0.664053
2.55999
1.80728
0.65162
0.868346
0.36227
2.16751
0.680475
0.961193
0.428357
0.923701
1.0889
0.547673
0.853431
0.430697
2.05854
1.35854
1.1522
0.601137
0.635441
2.37257
0.481607
0.845351
1.15999
0.250093
1.7538
0.322464
0.176325
0.903
0.774187
1.70962
0.851845
0.66258
0.88326
0.164916
2.05124
0.661644
0.250972
0.654356
0.268492
2.50116
1.46531
1.2013
0.497079
2.31937
2.25299
0.210543
0.507488
0.331059
1.48126
1.76961
0.198707
0.439761
0.639186
0.150927
0.557816
1.67838
1.71734
0.657729
0.910782
1.00637
0.171745
1.96425
1.97237
1.81033
2.66816
1.34927
1.78288
1.27343
2.344
1.96953
0.425598
1.4147
0.206138
1.17189
0.754355
0.277067
0.666151
1.06864
0.40568
0.0637367
1.93199
0.437778
1.73571
0.151933
1.59304
1.24019
1.58104
0.912518
0.874633
1.46193
0.576117
1.65709
1.45059
0.441624
1.24438
0.882089
0.704395
2.45407
0.928218
0.234319
1.1569
1.32996
1.497
0.543641
1.07806
0.546665
2.2432
0.506752
2.56178
0.556788
0.124346
2.21775
0.782984
2.93725
0.872773
1.24779
1.13092
1.48351
0.128806
0.183118
1.19332
0.438788
0.640539
2.0215
1.11687
0.639754
0.449698
0.347522
0.889283
0.180506
1.45364
0.931695
0.58863
2.81411
0.886663
2.13309
1.53061
2.09027
1.84699
0.709415
1.28119
0.682482
2.37893
0.928789
0.417036
0.578952
1.52968
3.64445
1.56892
0.966402
0.457442
0.965587
0.154889
0.5192
1.88799
0.977683
3.40524
0.0811652
0.708377
0.627599
0.839611
0.202988
0.270304
0.891668
0.875101
0.407062
1.70614
0.123211
1.47025
0.508992
0.241029
0.517916
0.485431
1.56805
0.578907
1.02217
2.11402
0.525643
0.297677
0.765636
1.62631
1.25259
1.06706
0.420532
0.848916
0.447598
1.30813
1.68714
0.598439
0.782788
0.155086
0.741832
1.79288
2.12712
0.847647
0.180362
0.566726
3.40352
1.29687
0.749634
0.494542
0.83016
1.35485
1.8732
1.73832
1.95377
1.54282
1.82062
0.451711
1.02185
0.942483
0.163347
0.221959
0.464257
0.401284
0.514142
0.661271
0.460143
1.63488
0.650089
0.865765
0.514272
0.944406
1.2711
1.92342
0.287859
0.482574
1.38703
0.761708
0.445728
0.592874
1.13476
0.404007
0.637466
0.178562
1.11702
0.666278
0.105855
1.46018
0.940529
0.184906
0.978287
0.826428
2.12927
0.952227
1.01858
2.31159
0.353147
0.599413
3.14382
0.382578
0.326578
0.25945
0.472847
1.46915
0.41971
0.936568
1.90734
1.82235
0.952382
1.45979
1.79785
0.259919
0.132633
3.18414
0.398633
0.127206
0.433706
1.18198
0.648094
0.620833
2.135
2.1715
1.68921
1.17805
0.908806
0.217754
0.476623
0.435976
0.787499
0.631445
1.02213
1.08101
0.376026
0.516757
1.78362
1.57966
0.52618
1.50929
0.57993
0.596382
1.68544
0.46929
1.30182
3.71329
0.293706
0.527168
2.07478
1.08661
0.189472
0.207092
0.75805
0.187103
1.12755
1.65919
3.08933
1.09613
0.888289
1.51837
1.23734
0.563878
1.58382
0.759141
0.601759
0.43051
0.500883
0.477081
0.482847
1.08337
0.572578
3.21445
1.07453
1.72002
3.92812
1.0163
0.180604
2.42025
1.42843
1.23023
2.80738
1.35848
0.54289
0.53963
1.32427
0.318787
0.196686
1.05214
0.622716
1.20135
2.67105
2.3115
0.562479
0.289473
1.12725
1.11927
0.465368
1.71837
0.671031
0.211847
1.41251
1.30954
2.14586
0.598284
0.245827
0.36892
0.735869
0.46769
1.18127
2.06041
0.458269
0.278445
0.970928
0.541168
1.16576
0.223238
0.49719
1.37242
0.222996
0.518484
1.80062
3.44711
0.902368
0.276507
1.22964
0.900506
0.585593
1.42037
0.60296
0.172576
1.55472
2.20652
1.28519
0.879355
1.1264
1.04021
0.992765
0.404405
1.13905
1.16055
0.177711
0.642333
2.13171
0.467428
3.26469
1.68595
0.200435
0.922788
1.00543
0.890422
0.450155
1.15283
0.37103
0.289944
0.42705
0.0324996
0.150742
0.528322
0.710396
2.43736
2.09518
1.78883
0.942615
1.11388
1.42139
2.22457
0.460101
0.658174
0.161789
0.18157
1.02682
1.05506
0.445444
0.544843
3.2043
0.240491
0.197297
2.56217
1.46597
1.11538
1.60325
2.41022
0.93167
1.66435
0.48626
1.55623
0.115681
1.84728
0.361931
0.438076
1.813
0.188148
1.50525
0.880777
0.321647
0.334184
0.325806
0.460282
0.621471
0.884597
0.908007
1.53082
0.88852
1.4036
0.77024
1.4088
1.39387
2.63795
0.235548
0.978872
0.418716
0.854453
0.413422
0.785306
1.16242
0.389017
1.15363
4.74135
0.737173
0.820178
0.872169
1.28093
0.503585
1.3965
0.61019
0.461873
1.07505
0.853317
0.730145
1.64866
0.416435
0.774294
1.11723
0.350577
0.363883
0.988485
3.47294
0.51537
1.68766
0.740802
0.498361
1.11218
0.33155
0.161536
1.48994
0.671
0.631113
1.94625
1.73701
2.45448
1.17278
0.612873
1.0246
0.337695
0.370414
1.55447
0.882142
0.943483
0.3619
0.308978
0.0883471
1.10706
2.02948
0.238401
0.154022
0.903877
0.80007
1.22779
0.537313
1.6655
3.95648
0.588146
0.62029
0.420066
0.523504
1.15143
1.6775
0.365101
1.17988
0.428526
0.941487
0.830309
0.0201666
2.16234
1.19985
0.462404
0.336904
0.329192
0.146309
0.675632
1.54739
0.312344
0.317049
0.530709
0.367723
0.398193
2.16377
2.00306
0.39425
2.12731
2.21942
1.40757
1.36025
1.2847
0.798659
0.862204
0.576326
0.915432
0.284336
0.467474
1.02762
1.21312
1.19825
1.34202
0.941305
2.25919
0.464241
1.16094
0.368861
1.12707
1.5638
1.66425
1.13227
1.75754
0.929758
1.29293
0.50609
1.72729
0.616865
0.202489
1.06991
0.177324
1.57759
1.80095
2.72568
2.83902
1.07472
3.49861
1.81317
0.690197
0.108744
0.962129
0.825039
0.63498
0.147982
0.17042
0.913507
0.833702
1.53019
0.290706
0.560726
0.759056
0.223377
1.03357
0.485227
1.05793
0.695459
0.975681
1.01673
0.218199
0.956113
1.30915
1.00872
0.614007
1.28717
0.630639
0.802613
1.31202
1.96841
1.11429
0.346742
1.35498
0.717853
1.56103
0.692266
0.585613
1.36213
0.417156
1.65888
0.220298
0.682819
0.924595
0.612143
0.771784
0.0895699
0.803516
1.27878
0.940266
1.55034
0.909997
1.05402
1.11888
1.42321
1.33584
2.43175
1.38613
0.227814
1.17166
0.716051
0.465204
0.172629
1.13094
1.49365
0.674357
1.91143
0.513942
0.0537636
0.774626
0.0425348
1.0945
2.50965
0.837606
1.03032
1.89119
0.814127
0.517912
1.47177
0.917804
2.282
1.71395
0.410516
1.89023
0.694452
0.750228
0.4448
1.52059
0.595369
0.836495
1.53542
0.375963
0.518447
0.512945
1.01796
0.514785
1.34474
0.496742
0.0483156
1.77722
0.240522
0.190938
0.579409
0.390067
0.963873
0.112451
0.853756
1.39182
2.24466
2.49565
1.41146
0.297335
0.387471
0.64415
0.811065
0.3575
0.491723
0.636352
0.467275
1.98606
0.43767
0.0616751
1.00857
0.471552
1.79568
1.1807
1.49143
0.446254
0.238807
0.248794
1.61794
0.317203
0.799387
0.263288
0.868491
1.08932
1.3285
0.654906
0.693903
0.756399
0.690802
1.40499
0.34629
0.590942
0.359325
1.15639
1.90394
0.419158
4.37377
0.409406
0.14666
1.1145
1.02891
1.20506
0.771146
0.966922
0.514528
1.06902
1.66091
0.523303
0.638521
0.390049
0.782717
0.393456
0.448279
2.12733
0.356808
0.495198
2.13709
0.158922
0.346499
0.570662
0.685162
0.883665
1.04048
0.845104
0.94341
0.21718
1.53014
0.133716
2.37552
0.17174
0.330954
0.489707
1.44152
0.628197
0.917293
1.01349
1.1247
0.310503
0.878939
1.36504
0.714094
1.50738
0.318507
0.0992551
0.505983
0.813034
0.873014
0.793178
1.67266
1.48852
0.68845
1.12605
1.68256
1.02964
1.76586
0.915904
0.765197
1.51733
1.81311
1.52215
1.004
1.3038
1.00192
1.18593
0.376617
0.455222
2.23309
3.15647
0.47251
1.54741
1.0573
1.04761
2.41498
0.423002
0.0976606
0.502818
1.13529
0.172109
0.891711
0.876916
0.62849
1.26252
0.983084
0.770055
0.543752
0.784384
1.02564
0.706801
0.424744
1.05294
1.02863
1.85567
1.67399
0.917539
0.40641
0.409086
0.802872
0.678842
0.338854
1.00518
0.79393
1.77948
0.163788
1.13972
1.01735
1.54362
0.386135
2.22058
1.27049
0.663615
0.864833
0.427389
2.86055
1.43411
0.96267
1.19797
0.992554
0.778183
0.340308
1.63175
0.250013
0.259657
1.4808
1.18526
0.601606
1.08556
0.681573
0.41629
0.146321
0.140003
0.275728
0.715181
0.171908
0.654281
0.911849
0.515004
1.31425
1.40736
1.16591
0.310477
1.19268
0.39333
0.154288
0.773791
0.663399
1.22393
1.27029
0.644398
1.55592
1.23549
0.548719
0.0577181
1.47264
2.37333
0.0870041
0.684615
2.12804
0.464883
2.5416
1.20339
0.459358
0.95441
0.270792
0.704905
1.41069
0.403746
1.46004
2.65144
0.0484561
0.472458
0.583499
0.81299
1.93617
0.532585
1.5303
0.767447
1.11176
0.942015
1.21988
2.02302
0.867412
1.8516
1.25346
0.131818
0.60379
0.527246
0.423514
0.168433
1.70116
1.00215
0.123912
0.481177
0.631968
1.29979
0.191709
0.603636
0.590788
0.974902
0.286143
0.442151
1.03909
0.899407
0.504191
0.946844
0.233652
0.702462
1.07438
2.14508
0.645107
0.462576
0.831829
0.859744
0.864816
2.99867
0.428167
0.219621
2.47418
0.679192
0.365274
0.346906
0.947793
3.45151
1.78451
2.07391
0.529108
2.07941
0.205303
1.17735
0.182303
1.20219
0.858384
1.84205
0.337048
0.343617
0.569404
1.11714
0.860586
0.400338
0.525987
1.17572
1.30863
0.109051
0.119998
1.3238
0.782715
1.5486
0.659909
1.46104
1.31357
0.754638
0.553786
1.12271
2.29192
0.755627
1.33436
1.39217
2.32372
0.25193
0.169116
0.835027
0.799309
1.09918
0.236012
0.92343
1.25383
1.59101
0.47789
1.26259
0.941179
1.18339
0.758794
2.03839
2.9801
0.468675
1.14196
2.30377
1.4821
0.598621
0.636921
0.937078
0.619556
0.834907
0.827691
1.31483
0.389966
0.597695
0.920723
1.6167
0.884934
0.576073
0.723841
0.485438
0.611474
1.40747
1.44358
1.73273
1.86356
0.772293
1.30355
0.748958
0.927232
0.710091
0.138737
0.194558
0.688366
1.30195
0.568897
1.19551
0.654129
1.01799
0.151579
0.413459
1.78562
2.19411
1.00766
0.411546
1.39106
0.304574
0.323737
0.745956
0.770583
0.49905
1.85038
0.395801
0.169886
0.362406
2.12478
1.34185
2.67569
1.19077
0.933889
1.84293
0.730257
0.473328
1.33243
1.27712
4.12405
0.612367
0.789635
0.788328
1.77776
0.516281
0.411776
1.20978
1.00215
0.18391
1.02495
2.66112
1.0572
0.69465
1.02685
2.13209
1.45827
0.488389
1.92164
1.23643
0.227797
0.246514
0.285711
0.218421
1.2659
0.811182
1.2742
0.795448
1.14288
1.87008
0.591446
1.08494
1.9674
0.32017
1.77575
0.892657
0.574122
1.61489
0.372447
0.465578
0.0582669
0.425187
1.11511
4.98464
0.605778
0.536961
0.239309
0.815966
0.184539
0.870561
0.612852
1.26198
1.17337
1.90715
1.15234
1.42938
0.277907
0.590549
1.83547
1.01863
1.12262
1.78721
0.312397
0.482811
0.757421
0.34463
1.04895
1.49166
1.9649
0.139119
1.0652
1.07813
0.932803
1.52822
0.378189
2.22282
0.506602
1.74538
0.172704
1.84816
0.522767
0.466275
1.7847
0.819591
0.701403
1.67721
0.615544
1.07683
0.52367
1.75477
0.130345
0.752129
1.06551
1.41579
0.299759
1.44879
0.245019
1.11758
1.19848
0.538375
0.785368
1.47124
0.473626
0.61879
0.269354
0.46142
0.919246
2.45931
0.66211
2.03178
0.81129
0.742162
0.650518
1.59513
0.309052
0.368281
0.0726656
1.18342
0.450603
0.551892
0.217679
0.384987
0.918034
0.741919
0.911992
1.44515
0.48017
1.2085
0.656789
0.846672
0.435299
0.320333
0.395937
0.0382403
0.131263
1.05695
2.81282
1.29354
0.5019
0.727246
0.126665
0.825734
3.12007
0.663056
1.25288
0.174081
0.50169
1.39863
0.202489
1.23665
1.12802
1.94411
1.94864
1.28981
0.881577
1.11794
2.1008
0.372189
0.429454
1.72271
0.734371
1.2752
0.132954
0.169988
0.841448
0.109955
0.212512
2.25067
1.66614
1.06645
1.09996
0.793437
0.261107
0.370201
0.931558
0.571518
0.842295
0.0948734
0.248545
1.03917
0.849104
1.41525
1.29453
1.01926
0.689862
0.615727
3.88183
1.28411
0.935011
1.26036
0.230385
0.825271
1.54398
0.800599
0.576861
1.09554
0.625296
0.572874
1.16879
0.636554
0.683085
0.459142
1.77835
0.679874
1.82246
1.32119
0.574949
0.427738
0.610159
0.904298
1.5798
1.08743
1.81253
0.549936
0.860234
0.763876
0.175086
0.397749
1.55991
0.63663
1.45137
0.471305
1.45642
1.82949
1.57411
0.814788
0.399391
0.352314
2.61935
1.12345
1.56032
1.03808
1.20587
0.701952
0.704977
2.24124
0.542121
1.0848
0.950066
0.528423
0.428136
1.08094
0.181415
0.342928
0.543026
0.506331
0.605606
0.628949
0.366586
0.268805
1.11058
2.20781
0.806001
0.141384
0.242838
0.114553
0.81183
1.66714
0.265742
0.0914907
0.725234
1.57512
0.367755
1.14448
0.564354
1.5551
0.119136
0.451022
1.4992
1.55568
1.02147
1.90282
0.161983
0.420153
1.47947
0.898866
0.346759
0.993524
0.650143
0.658147
1.29745
1.26645
1.24155
0.724948
0.943029
1.55122
1.31015
1.42599
1.09185
0.970785
2.96471
2.47289
2.12388
1.877
0.277765
0.31269
2.57538
1.32328
1.73419
1.45513
0.423199
0.17357
0.973528
1.92998
0.904527
1.32631
0.650848
2.48884
1.09965
0.9647
0.983242
2.13775
1.23506
0.338569
3.98093
1.26749
0.415177
0.964751
1.13321
0.511673
0.984178
1.91505
0.626602
0.727507
1.35356
2.0562
1.85577
1.15069
2.20903
1.6366
1.19127
1.40088
0.288052
0.600993
0.562359
0.993879
0.178527
0.515244
0.913355
1.06725
0.444456
0.419145
0.579111
0.631744
1.50582
0.897277
0.347358
1.12928
0.332934
0.443504
0.238007
0.168801
0.257403
0.149641
1.83816
0.690601
0.658777
0.59448
0.804566
1.23024
1.3167
1.70222
0.984482
1.01631
0.481192
0.384242
1.35266
0.618159
0.887809
1.04827
0.3239
1.00081
0.197879
0.269863
0.0861696
0.942631
0.360051
1.18278
0.558282
0.638919
0.300318
0.600768
0.444328
0.625277
1.53817
0.399839
0.858238
0.995591
2.51604
1.02792
0.482432
0.890913
0.77068
0.724975
0.639778
1.00526
2.07962
0.797077
0.778579
0.420704
1.18672
0.766343
1.95946
1.8732
0.392413
0.948889
2.00928
0.379756
1.68328
1.99038
0.645118
1.14333
1.45069
0.680002
0.265758
0.101745
1.78764
1.06943
1.20365
0.85425
0.328798
1.08189
1.98476
3.0546
0.653272
1.28558
0.283782
1.90188
0.823906
1.09557
1.12431
0.731567
0.330956
0.232684
0.546365
0.27635
0.29789
0.575751
0.585339
0.621426
1.08497
1.75169
0.645822
0.26245
1.13127
1.11732
1.83406
0.525798
1.57513
0.338233
0.165745
0.654033
0.490143
1.32968
0.944657
0.591473
0.616146
0.348786
1.82636
0.92866
0.428939
4.00151
1.67329
0.494682
1.2764
0.204876
2.55638
0.346167
1.01447
1.0794
2.22166
0.638345
0.888394
0.754787
0.635425
1.19209
1.2553
0.413337
1.6784
0.821624
0.227924
0.864936
1.7535
0.502302
0.344425
0.863268
0.13922
1.01266
1.43136
0.238954
1.49491
0.731828
1.29591
1.12231
0.529106
2.93814
0.198457
0.758947
2.35985
1.25138
0.616635
0.577564
0.810662
0.650272
0.333154
1.02456
1.12782
0.506697
1.95271
0.308226
0.996426
2.97033
0.525618
0.416241
1.29745
0.519074
0.522093
0.474646
2.12157
0.900922
1.13867
0.202891
1.65867
3.27967
0.0983826
1.99445
0.687618
0.393812
0.741989
1.969
1.93846
0.37864
1.00589
0.440733
0.589093
0.750648
0.303521
0.65929
0.841199
1.33179
0.816363
1.47044
2.37869
0.361022
0.148197
0.633172
0.175779
2.18835
0.282771
0.0995538
1.05347
0.497081
0.240775
1.63543
0.442538
0.774533
0.413433
2.58978
0.841561
2.07637
1.97629
0.415705
0.645906
0.360643
0.265235
0.971179
0.711457
0.425514
1.35762
1.0311
2.24714
1.69752
0.545409
0.435426
0.35546
0.380437
0.124469
0.959068
0.206152
1.28217
0.898158
0.940551
0.407846
0.867905
0.155767
0.440735
0.520271
0.668112
0.646163
0.386294
1.19613
0.55056
0.272031
1.28918
2.09382
0.410784
0.235861
0.394402
1.25588
0.182034
0.746495
0.473179
0.416259
0.746586
0.17741
1.74204
1.87069
2.45839
0.760279
1.28942
3.11027
2.44104
1.31617
0.447084
0.757488
1.15008
0.468785
0.850062
2.25341
2.11854
0.983936
0.720702
0.845506
0.833222
2.18094
0.584518
1.22726
2.66416
0.636872
0.126325
2.13263
0.48105
1.51252
3.626
0.402455
0.706162
0.393317
0.52426
2.50606
1.40019
1.44189
0.545743
1.8842
0.337076
1.27504
0.254449
0.478605
0.681193
1.78436
0.701392
0.664461
1.40285
0.936866
0.71396
0.76346
1.09764
0.115749
2.73346
0.705552
1.93661
2.2614
1.34357
0.891004
1.73058
2.17894
0.916286
0.720154
0.865763
0.185577
0.239706
1.01389
0.627098
0.402735
1.04037
1.59718
1.61798
1.47482
3.46245
1.32004
1.19032
0.970924
0.503481
2.27063
0.740649
0.867606
0.562084
0.263857
0.813587
1.29018
0.217761
1.17909
0.0613433
1.03657
0.498979
1.556
0.45894
0.928274
1.15545
0.23539
2.39584
0.92338
0.294174
1.58309
0.775669
0.224385
0.538401
0.531452
0.310282
0.884386
1.26056
1.08945
1.8631
0.356828
1.43664
0.143802
1.5767
1.86238
1.55074
0.92496
0.569175
0.646103
1.33741
1.08442
0.628969
0.212928
0.415214
0.568689
1.23403
0.602613
0.823592
2.21196
1.66018
1.71278
0.444238
0.405419
1.30915
0.360055
1.0927
0.241343
0.536238
0.951572
0.588087
0.936851
1.22334
2.22252
0.696218
1.06027
0.845688
1.12869
0.667318
1.73404
0.810165
1.16811
1.16228
0.474698
1.65289
0.379758
0.835077
2.12222
0.23531
0.197498
0.311134
0.531806
0.997429
2.02588
0.348564
0.769956
0.243093
0.913083
0.225582
0.755172
0.889353
0.266272
2.94717
1.71578
1.32827
0.623025
1.38679
0.15993
0.752507
1.32526
1.36525
0.650646
0.715676
0.600494
0.733274
0.375953
0.214078
0.524268
0.904478
0.971064
0.722654
0.95987
1.06079
0.939604
1.22048
2.64006
1.67898
0.271847
2.20119
1.37341
0.981261
0.58896
0.967907
0.825747
0.546491
1.26224
1.05996
0.371268
0.35527
0.322959
1.02846
1.13076
0.906311
1.65403
0.197992
0.132726
0.973628
1.20663
1.89521
0.415815
0.499329
2.35132
1.14876
0.830318
0.275784
0.47848
0.176579
1.09706
1.67801
0.653327
1.21891
3.28876
1.25108
1.42405
1.39856
1.55124
0.813147
0.448551
0.882067
0.671932
0.724626
1.38749
0.187816
1.28754
0.36037
0.300355
0.215546
3.52347
0.28388
0.814488
0.890071
0.705163
0.391567
0.697908
1.27683
1.52159
1.65315
0.850269
1.0222
0.988382
0.666412
3.80437
0.808744
0.623072
1.24389
0.512971
0.38195
0.0197568
0.18994
1.30179
1.1278
2.06661
1.19743
1.27748
0.760188
0.810318
1.39483
1.10497
0.368645
0.149008
1.42151
1.50815
1.74139
0.818687
1.13314
0.627183
0.475188
0.834106
0.400673
0.725345
0.957253
0.451109
0.164289
3.3023
1.33016
0.199088
0.878757
0.411452
0.125382
1.37824
0.444003
0.860877
1.78293
0.196612
0.367436
0.221859
0.5513
0.42998
0.764156
1.09518
0.516499
0.285306
2.27546
0.0831693
1.0023
2.00888
0.152446
1.34004
0.917797
0.188665
0.807212
1.93942
1.30689
3.29721
0.914508
2.40411
0.364976
0.47063
0.360856
0.638704
0.347539
0.865891
0.670267
0.440358
0.601833
0.252649
0.736201
1.57869
0.32823
1.62312
0.784836
2.34481
1.39943
1.11832
0.808356
0.585492
0.343078
1.04946
2.41193
1.10033
0.994318
0.483682
1.35023
0.500591
1.74014
0.217376
1.26335
0.170583
0.650844
1.80371
0.31417
1.00457
0.931332
1.23268
0.840473
1.6052
0.724128
0.555669
0.566606
0.932601
0.83056
0.334189
0.0116473
2.06267
0.648693
1.61504
0.876362
1.81023
1.19499
0.33127
2.76034
0.187646
1.49795
0.315755
0.277256
0.941737
1.48015
1.30699
1.49899
0.49001
0.461578
0.721835
0.670864
2.07783
0.177755
0.963299
0.543639
0.616472
1.00408
1.77303
0.515639
1.10972
1.30745
1.45902
0.76163
1.65275
1.32656
1.82865
0.619455
1.29156
0.434766
0.838468
1.05827
0.971075
0.828851
0.338547
0.386754
2.17197
0.447902
0.863932
0.814446
0.95299
0.636054
0.466121
0.978073
0.350046
0.15789
2.65777
0.47014
0.715274
0.624964
2.0454
0.907127
1.45665
0.139498
0.359793
0.98793
1.45087
1.9936
3.82459
1.03357
1.89628
1.17869
0.315441
1.61952
0.0312051
1.38441
0.525295
1.2903
0.295785
1.46254
1.90994
1.3066
0.197439
1.51093
2.35558
0.647703
0.132815
0.557815
0.552659
0.369803
0.388928
2.34406
0.496012
0.550397
0.756797
0.200413
0.182231
3.0759
1.09096
0.577664
1.44478
0.871417
1.62322
0.482607
0.430083
1.48413
0.860661
0.096147
0.591103
0.525319
0.353957
1.30175
0.993641
1.72396
0.698778
1.52221
1.06169
1.80132
0.583738
1.59967
2.09756
0.66412
0.570096
2.74906
1.89851
0.777048
1.11187
0.806736
0.9886
2.42055
0.318635
0.924991
0.7927
0.332161
1.10156
2.60364
2.14921
1.7326
0.367671
2.48037
0.116104
1.2383
1.1087
1.51207
0.952913
1.06885
0.998282
1.13612
1.01862
1.65674
0.440862
0.213782
0.654351
2.94234
1.25719
1.05917
0.17445
1.2402
1.10946
0.992678
1.38529
0.391089
1.16649
0.753601
0.557333
0.271628
0.85185
0.45278
0.590464
1.72629
0.629725
0.208575
1.25795
1.15488
1.05498
0.641761
0.993331
0.449067
0.598434
0.989974
1.1493
0.575632
1.1728
2.16799
0.442079
0.457898
0.572545
0.486982
1.23045
0.858372
1.0625
1.93261
2.07456
0.621087
0.302538
1.62298
2.23922
1.05059
2.4382
1.13526
0.777321
2.79617
0.0695682
0.696461
0.708109
0.559939
0.553082
0.0408788
2.46897
0.963943
0.66074
0.663422
0.491177
0.587822
0.821066
1.37729
0.525213
0.297378
1.11418
0.0719077
0.314146
0.378329
3.21102
1.06546
1.36273
0.967891
1.73695
1.87847
1.29447
0.844179
1.20997
0.68371
1.2704
0.272755
0.343725
2.91704
1.71605
0.57934
0.797412
0.78665
0.0693517
0.579782
0.795989
0.31395
1.02151
0.909625
1.69443
0.918749
3.12733
0.389076
0.345375
1.11871
0.135623
1.06178
0.935631
0.797915
1.29246
0.0515605
0.995074
1.61625
0.0878051
0.119484
1.18449
0.133042
0.22912
0.28003
0.538046
1.6048
1.82077
0.518861
0.395016
0.169516
0.442915
0.628568
0.833748
0.577159
2.59868
0.116336
1.83094
0.985474
0.997575
0.945783
0.589832
0.21114
1.44732
1.17476
0.650555
0.958585
0.511291
1.0108
0.968312
1.41864
0.0902356
0.999937
1.95858
0.732964
1.63574
0.730147
1.16933
0.468777
1.39306
2.05321
0.470301
1.26141
1.18434
1.34458
1.0573
3.10127
0.486184
0.452342
0.568463
0.935595
1.74699
2.34759
0.233391
1.09726
0.991709
1.42335
1.60141
2.3655
0.598495
1.09046
0.311294
0.466845
0.853639
1.00101
1.00867
0.477226
2.057
1.14361
0.326492
1.00641
1.23689
0.713211
0.352728
1.81352
1.7383
0.355064
0.0836019
0.567379
1.14557
1.56368
0.420759
0.884067
2.12166
0.80839
1.02813
0.809864
0.240461
0.896884
0.763487
0.344924
0.971848
2.51782
0.786595
1.05674
0.460232
1.31412
1.04363
0.971359
1.22358
1.77033
0.336635
0.758749
0.340957
1.2019
1.70396
1.1678
1.20903
2.34197
0.991361
1.41888
0.929465
0.321916
1.01427
0.908336
0.956979
0.298276
2.05391
1.72401
1.18676
0.353148
0.781131
0.274938
0.66186
1.01066
0.596247
0.439821
0.874028
0.34043
1.27848
0.960236
0.595702
0.728574
0.42496
0.25543
0.306877
0.221875
1.09191
3.71677
1.09017
0.753671
0.144638
1.35037
1.14179
0.924402
2.91594
1.48315
0.145248
1.12372
1.83841
0.661412
0.644569
1.48275
1.06479
1.68324
0.366831
0.303675
0.0889043
1.10841
1.16916
0.585071
2.00065
1.14527
0.842687
0.849996
1.2993
0.806306
0.340383
0.952506
1.31715
1.16697
0.243946
0.137011
0.136047
0.200336
0.89735
1.07977
0.321791
1.09001
0.765498
0.6369
0.676975
1.5015
2.06779
0.853116
0.300701
0.147163
3.17931
0.143292
0.905808
0.794673
0.562575
0.634239
0.95772
0.71639
0.655565
0.809922
3.61451
1.50207
0.818266
1.50763
0.929134
0.817298
1.977
0.491477
1.75474
1.26184
0.992871
0.194825
0.500404
2.53828
0.215703
1.08842
0.299763
0.207276
1.04746
0.853783
1.00119
0.334664
0.409267
0.318726
0.794446
0.660967
0.917392
0.392026
0.555459
1.15251
1.8257
2.4123
0.983337
0.999522
0.807707
0.697385
0.834743
0.945313
1.16395
1.12734
2.48269
0.493608
0.268272
0.241327
2.08769
0.202206
1.83622
1.51084
0.938184
0.672062
0.206391
2.17126
0.993829
1.43629
0.907551
1.16931
0.345791
2.24887
4.30072
0.924294
1.47011
0.0525141
0.101296
2.17075
1.38568
1.78583
0.440985
0.433275
1.52996
0.583791
2.84512
0.633292
0.964456
0.282022
1.57925
0.320762
0.631069
0.12806
0.392325
1.12806
4.33038
0.226348
0.720827
0.0861745
0.554656
0.856283
1.17003
0.745414
0.356207
0.628329
0.451735
0.567039
0.182001
0.846853
1.11398
0.420663
0.861123
0.516586
0.921505
1.00547
1.18496
0.535738
0.0771053
0.373531
0.535284
0.588867
2.7096
0.357683
2.42228
0.907192
0.925179
0.1531
0.457395
0.11811
2.1311
1.12531
0.602012
1.24253
1.71713
0.339224
2.30627
0.323087
1.46263
0.681334
0.457313
0.75179
2.7205
0.724405
2.59944
0.311726
0.112782
0.282458
0.454695
0.748248
0.412937
1.03134
0.890936
0.91851
0.956924
1.24695
2.80433
1.84381
1.0278
0.789606
1.41976
1.42515
0.274958
0.929543
1.23949
1.02898
0.4713
0.0500342
5.97311
0.449649
1.80465
0.525475
0.845801
0.851513
0.212149
1.28624
0.337744
2.8894
1.25699
1.90345
0.542722
0.530672
0.821433
2.68634
1.7338
0.455288
1.952
1.83149
1.2001
0.440777
0.595322
0.981621
0.183025
1.35925
0.0955817
0.798216
1.45545
2.74872
0.508382
0.8961
1.46654
0.466124
0.771853
1.06942
0.13277
0.987796
0.67835
1.48387
1.33135
0.857463
0.444245
1.56973
2.1259
0.974514
0.370728
0.338836
1.13818
0.236723
0.474623
1.36528
0.235568
0.838307
1.48187
1.42473
0.464558
0.175156
0.422847
0.861325
0.945348
0.160751
0.169721
0.476258
3.59706
0.661581
1.16045
0.338511
1.15615
2.33755
1.36038
0.60543
1.29238
1.49692
0.698667
0.986208
1.89274
1.41671
0.0995171
2.02236
0.271065
0.758809
2.23147
0.465591
3.32104
0.222622
0.156278
1.79204
0.208675
1.36821
1.20844
2.02165
1.25446
1.31058
1.19279
1.7532
2.20948
1.72434
0.803945
1.04469
0.156595
0.211827
0.306016
1.38549
2.23798
3.54378
0.0631953
0.657076
0.369516
0.577592
0.601464
1.14062
0.0694611
1.05377
0.13934
0.0992055
0.709659
0.477621
0.603264
1.19611
1.34693
0.638194
0.506769
1.25745
0.279696
0.917091
0.192599
0.967822
1.91901
1.85259
0.460307
1.38233
0.346937
0.840067
0.962205
0.473775
1.07448
0.7999
2.07801
1.6523
0.333098
1.1814
1.21052
1.27541
1.69621
0.434115
1.84863
0.253854
0.461652
1.4069
0.925105
0.387736
0.331463
0.533445
1.38637
0.191437
0.3172
1.12719
0.994202
0.0546139
0.562966
0.289738
0.48436
1.39147
1.38721
0.396809
0.513984
0.240622
1.48506
0.720701
0.364852
0.574046
1.44949
0.149152
0.248639
2.58436
0.287577
0.567957
0.908724
1.02756
0.59598
0.920942
0.306064
0.474417
0.746694
2.08022
1.41956
3.52345
0.219383
0.301401
0.139945
1.89811
1.53975
1.88021
0.621419
0.392395
1.49295
0.52628
0.626033
0.626619
0.860135
1.44616
1.11728
0.254732
0.76594
0.452907
1.5231
0.882889
0.674965
1.2857
0.204289
0.527363
0.486384
0.0907084
1.25666
3.6523
0.389421
1.61946
0.347414
0.919145
0.639088
1.04519
1.63501
1.68274
0.16678
0.408096
0.404053
0.96419
1.17928
0.40215
1.70767
0.761677
0.0434218
1.01968
0.454654
0.343913
1.11612
0.567642
0.735022
0.860255
1.03695
1.80948
0.317527
2.40001
0.648724
0.527424
0.131465
0.360434
0.759236
0.203023
1.24942
0.523773
0.500817
0.761412
0.20205
0.203723
0.823715
0.404473
1.25579
0.787137
0.551341
1.11177
1.31935
0.453671
0.940894
1.25333
0.172744
0.106795
0.35251
1.36577
0.233862
0.809436
0.352389
0.749334
0.789619
2.29269
0.831944
0.551038
0.817442
1.28737
0.665791
2.2198
0.634508
1.25109
0.867707
1.53424
0.624534
0.554067
0.477889
1.11729
0.504739
0.864409
0.522569
1.09368
0.621311
0.459317
1.13318
0.669173
0.264499
0.202395
1.6857
0.553095
0.676109
0.292234
0.166118
0.456162
0.327395
1.62226
1.04696
0.530829
0.68023
0.198577
2.078
0.501149
0.734115
1.12409
0.659981
1.16075
0.558985
0.411689
1.67008
0.98226
0.228746
0.899356
0.328507
0.388652
0.388006
1.0104
2.56445
0.57851
0.572517
1.17921
0.626649
1.89349
4.32269
1.18851
0.45963
0.718493
0.533585
1.12287
0.132724
0.322957
1.74711
1.2105
1.689
0.623004
1.10991
1.0808
1.86735
2.56972
0.866044
0.788085
0.73745
1.7819
0.553573
1.0226
0.981356
0.742913
0.989297
1.16558
0.121014
0.881938
0.762873
0.837573
0.787522
0.670252
0.56378
0.641653
0.64186
0.36546
0.517727
1.03716
0.440681
1.64836
0.479531
0.314616
1.40244
0.135228
0.665989
1.06165
0.52683
0.841188
1.33236
2.31247
1.96863
0.067086
2.2702
1.33578
0.774217
0.132949
0.823873
1.55504
0.354843
0.894518
1.20148
1.22755
0.594347
0.536037
0.320892
1.03985
1.32525
1.04818
1.61742
0.126307
0.325591
0.44982
0.241818
0.861405
0.875873
0.311112
1.66348
0.772521
1.95037
0.249925
0.4801
1.06718
0.441302
0.797614
1.08012
3.77763
0.704613
1.34972
0.640008
0.100858
1.10572
0.933151
1.23078
3.78512
0.91573
1.7814
1.07367
0.409693
1.60049
0.560263
0.517317
1.49516
1.53013
1.29098
0.87583
1.61168
0.0692382
1.27718
0.750275
2.06942
0.799004
1.01304
0.971021
4.18245
0.766745
1.20253
3.11729
0.503726
1.01506
1.81699
0.389947
0.413303
0.560007
0.380665
0.896748
4.69274
0.616646
3.88885
0.621709
1.106
0.421377
0.286686
0.606449
0.901273
0.0222537
0.932849
0.0797018
0.865808
0.17336
1.22521
1.49955
0.168413
1.18502
0.845241
0.263333
1.65768
0.984803
0.220024
0.445229
1.60412
0.649223
0.113033
2.18186
0.382358
1.02296
0.57399
2.69168
0.541715
0.573114
1.79735
0.431559
0.345031
2.00581
1.14707
1.06428
2.69413
1.19525
2.39239
0.875244
0.876457
1.46498
1.26125
0.349587
1.69671
0.522191
1.4169
1.77155
0.777517
1.68103
0.8071
2.12293
1.41063
1.43478
1.52182
0.750885
1.58464
0.803802
1.06498
0.778776
0.269188
1.17565
0.784261
0.641509
0.657937
0.345297
0.158945
0.739317
0.560674
2.73705
0.475226
0.954897
0.212356
0.785299
0.269765
1.53399
1.55158
0.557445
0.513626
1.64972
0.66499
0.708375
1.80236
0.842714
0.740012
0.92847
0.253659
4.08198
0.905063
0.325965
1.56474
1.75491
1.84785
1.39773
0.598372
0.7329
1.712
0.659748
0.727517
0.188332
1.05977
0.762384
1.08632
1.21062
0.9813
1.46253
1.2002
1.15887
1.11271
0.848167
0.476208
0.77409
2.11779
0.987956
0.629339
2.3436
0.441693
1.98094
0.404415
0.36927
0.93699
0.109046
1.05002
0.466294
1.00676
0.137532
0.488139
0.973785
0.211221
0.390054
0.726612
1.22231
1.9012
0.315564
1.6814
0.200501
0.528277
0.833078
0.89195
0.840948
0.707056
0.51392
0.429072
0.228098
0.748814
0.559673
1.0767
0.0541565
1.33063
0.789362
0.778887
1.23254
0.94531
0.67454
1.09773
1.47809
1.0246
1.23865
1.18364
1.34683
1.00735
2.40318
0.807693
0.141817
0.61349
1.1478
0.952451
0.951558
0.452038
1.05815
1.36571
0.274122
0.625621
0.2767
0.681512
0.200669
0.318794
2.09972
0.428034
0.405177
1.62968
0.506472
0.944277
0.077912
1.14192
1.76627
0.329341
1.16894
0.576699
1.07297
0.947141
3.10846
0.6487
0.107446
0.763988
0.188317
4.86297
0.997964
0.722574
0.331277
1.83113
1.04856
1.32999
0.719565
0.64203
0.683774
0.119547
1.914
0.137241
0.565416
1.11417
1.94999
1.56848
1.20311
0.201751
1.08886
1.74847
1.45635
0.548918
0.675176
1.6212
1.49378
1.23792
0.837093
0.742094
0.166688
0.810416
0.431072
0.425081
1.06123
0.242438
1.28082
1.37219
0.194204
1.60632
1.44429
0.897227
0.554696
1.93889
0.749064
2.43842
1.56658
1.2553
0.843269
0.436775
1.41666
1.44993
0.265411
1.15116
0.696142
0.274949
0.847984
0.586786
0.307095
2.95967
0.387452
0.734597
1.65175
0.636556
0.804901
0.513903
1.03281
0.680281
1.15996
0.596428
0.796658
0.839404
1.40064
1.72336
0.451978
1.28583
1.08736
0.726502
0.754618
0.334648
1.22237
0.431033
2.52925
0.424791
1.75057
1.47062
0.137379
2.31273
1.79896
0.311138
0.496811
0.407561
1.0417
2.36596
0.395458
0.293871
1.29445
1.26995
1.03759
0.355559
1.03617
0.411734
0.453372
1.21767
0.48037
0.59047
0.356602
1.8992
0.755743
0.223682
0.0822544
0.705157
0.398669
0.646943
0.442947
0.750613
0.990594
0.857163
1.90017
2.21983
0.532012
1.08914
0.460981
1.23785
0.447659
1.46362
0.515431
0.60782
1.08895
0.932004
0.478326
0.496995
0.597077
0.890603
0.990817
0.291842
2.21317
0.772159
0.210402
0.750474
0.157987
0.629671
0.486565
0.144792
0.59629
0.322946
1.6292
0.596729
1.36368
1.11588
1.52997
0.984568
0.3583
2.21167
0.787798
0.3999
0.577559
0.51376
0.331699
0.187201
1.30119
2.54341
0.203636
1.62569
0.790481
0.520018
0.456423
0.476987
2.49738
0.216182
0.566835
0.83173
1.2106
2.01693
1.49694
0.87724
2.51145
0.934425
0.789359
0.700054
1.16695
1.67066
1.56148
0.191382
1.51192
0.139373
0.291514
1.35684
0.421517
2.05949
2.16519
1.10199
1.1769
2.16895
1.06624
1.4164
2.03637
1.07433
1.04372
0.198311
1.0007
5.43434
0.299706
0.334943
1.46314
0.787958
1.37782
0.87034
1.03118
0.903597
0.530382
1.30021
0.820878
0.53267
0.829058
0.558044
0.370548
2.34032
0.580326
0.826733
0.778797
1.21014
0.430967
1.79798
1.75975
0.388156
1.46101
0.213374
0.862497
0.784974
0.919664
0.345805
0.214531
2.3238
0.869033
1.09004
0.294641
0.474407
0.220991
0.574185
1.05023
1.58091
1.1034
0.896776
1.7846
1.49028
0.565208
1.63691
1.5271
1.52551
0.875696
1.446
0.395702
0.862186
1.10097
2.23831
0.979217
0.566834
1.27489
0.682876
0.387728
1.56582
0.522381
1.27736
0.872647
0.340283
0.87753
1.16782
3.73529
0.201064
0.110985
1.45593
1.78874
1.90516
0.0984202
1.10477
0.483771
0.326912
0.638311
1.95165
0.329713
1.24218
0.185391
0.886616
0.326534
1.39038
1.20408
0.92746
0.455951
0.930269
0.961178
2.34801
2.20122
0.506457
0.803659
0.931314
1.76237
0.164098
0.848051
0.180836
0.713514
0.126334
1.08706
0.79724
1.39658
1.31637
0.271777
0.670113
1.66107
0.768775
1.64721
0.514544
1.53805
2.00268
1.26279
0.75076
2.0156
1.61371
1.87068
1.88392
0.818665
0.540945
1.10205
1.82221
1.52893
0.588146
0.827461
0.35441
1.16593
0.561721
0.721122
0.320317
0.968425
0.365557
2.26653
0.519236
0.983765
1.78216
0.701476
1.41083
1.11717
0.415185
1.66773
0.726372
3.0504
0.259655
0.31711
1.78634
0.280351
1.36759
0.814765
2.54562
1.04451
1.21521
0.512159
0.801292
1.09823
0.536963
1.48846
1.19555
1.35227
0.670885
0.486086
0.555016
0.318869
0.883029
0.635391
1.99639
1.22747
0.737836
1.25483
0.801637
1.27177
0.145197
0.444004
1.2159
1.16821
5.22782
1.11561
0.30364
1.13726
0.702513
1.60222
0.552058
1.33895
1.32768
0.669727
1.37032
1.45225
1.85747
0.603567
1.40193
0.392846
0.921569
2.72652
1.43096
0.313172
2.21735
1.8645
0.371359
1.30072
0.603324
0.619505
0.729088
0.757878
0.805614
0.470609
1.62471
1.76246
0.516542
2.0457
0.680355
0.351155
0.576207
0.654396
0.535573
0.665976
0.287597
0.274937
0.0933213
0.382309
0.39233
2.58781
0.955737
1.2676
2.00956
0.915624
0.665881
1.30821
0.381969
0.699085
1.07738
0.495295
0.723953
0.994547
1.24267
2.66328
0.700094
0.411533
1.25275
1.3696
0.199526
1.08607
1.28957
0.386482
0.327555
0.858501
0.853431
1.36478
1.45732
1.48209
0.377094
0.667062
0.704164
1.74676
2.04345
0.902659
0.785857
3.49104
0.108008
0.382157
2.2083
1.3909
0.980539
1.07219
1.09517
0.594556
0.795459
0.820071
1.18844
0.511177
0.208488
1.96728
0.616991
0.69563
0.739752
0.758635
0.726531
1.39724
0.882103
0.452915
1.09685
1.35254
1.50317
1.89967
1.33978
1.00048
1.26823
0.308253
0.409936
2.44944
0.866708
1.45017
2.00593
0.489328
3.3306
0.169527
1.79096
0.980462
0.729005
0.634659
1.76863
0.943415
1.91527
2.26955
0.777762
1.37068
0.213597
0.735973
0.487511
0.742698
0.623241
0.679241
1.13449
0.224898
1.53666
1.21743
0.929136
1.59671
1.34962
0.276771
1.81218
1.28115
0.814505
0.953118
0.18656
0.391008
1.81213
0.424075
1.28865
0.600277
1.82159
0.745854
1.12225
3.93715
0.917725
0.575225
0.827995
0.615317
0.311437
0.593012
0.790779
0.845362
1.04665
1.8192
0.612327
0.529101
0.55911
1.64965
2.1838
0.357946
1.19059
0.634181
0.357259
0.468711
0.867552
0.395149
4.84534
1.14034
0.640057
0.990334
0.599581
0.48198
1.4206
0.504165
1.95003
0.535667
0.763723
0.387686
1.41533
0.902113
0.918643
0.314738
0.51155
0.995251
1.23602
1.49443
0.689583
1.88112
1.13975
0.47906
1.01829
0.746698
0.538394
0.199963
1.42373
0.802866
1.06634
0.936379
0.0707371
0.472717
0.976151
0.140262
3.56997
1.0304
1.36524
0.388031
0.110914
0.427306
0.35024
0.81254
0.0706986
1.86072
1.44683
0.0464037
0.550183
0.691242
0.621251
0.771914
0.596957
0.849635
0.403959
0.993998
1.68381
0.12492
2.11911
1.90803
1.98555
1.73763
1.15065
0.825767
2.05179
1.31438
1.0358
0.654195
1.77819
1.22895
0.216512
1.15217
0.635796
1.21083
0.360772
1.39041
0.457782
0.565677
3.63097
0.764079
0.500343
0.645413
1.74133
1.05883
1.09292
1.59307
0.651175
1.06401
1.37863
0.967839
0.736544
0.961429
2.16508
0.931761
0.535653
1.29616
0.452058
0.475285
1.7633
0.576769
0.994744
0.824481
0.638439
4.01015
1.53397
0.358984
0.189144
0.812896
1.00297
2.09254
0.749853
0.66878
0.651214
0.649337
0.64727
0.231668
0.670071
0.380572
2.13521
1.20286
1.84207
0.346451
0.338508
0.0399055
0.911219
1.24233
1.63126
2.21075
0.491374
2.048
1.40369
0.829914
0.58294
0.796147
1.87944
1.57713
0.648612
0.478772
1.23573
1.29396
1.16102
0.502153
0.775981
0.549246
0.770891
0.0986249
1.03924
0.942624
1.38826
1.06964
1.57209
1.47951
0.340317
0.469008
1.0286
0.749191
1.46463
0.396527
1.72251
1.43642
1.79523
0.791913
0.297261
0.17997
1.33747
0.908943
1.67935
2.15688
0.259437
0.243074
0.934735
0.205309
1.0895
1.26648
1.06868
0.292074
0.63741
0.827219
0.87042
0.579307
0.619968
1.7187
0.721691
0.398843
2.78932
0.768737
0.15504
1.02527
0.217835
2.31815
0.545413
1.06524
0.533184
0.456954
0.756426
1.73784
0.0950794
1.89296
1.08959
1.37116
0.481276
1.20218
0.509912
0.395031
0.915115
0.316407
0.705926
1.0176
0.571584
0.655512
1.70555
1.04207
0.872764
1.79871
1.05427
0.909111
0.960823
0.316356
0.163659
1.63287
0.646179
1.01129
1.48567
1.4273
1.67069
0.214052
0.349921
0.590156
1.30014
0.216694
1.12674
0.635074
0.750911
0.842712
1.47759
1.66664
1.0849
1.22733
1.3194
0.849074
1.68524
2.50939
2.43696
0.64855
0.159384
0.994637
1.15162
0.680705
0.241871
1.58703
1.24434
0.941495
4.2866
0.718046
0.482942
2.29444
1.0189
2.14902
2.32767
1.40143
1.38298
0.590906
0.434123
1.17799
1.16345
1.49828
1.96782
0.361507
0.639939
1.16436
0.360121
0.371332
2.25675
0.715949
4.18663
1.04166
0.645951
1.31922
1.92542
0.229302
2.27227
2.30621
1.35989
0.0524638
1.49637
0.996283
0.467395
1.56708
1.92825
0.101955
0.424998
1.14544
0.163732
0.0953777
1.55667
0.732436
2.3661
1.20607
0.98466
0.72641
2.08677
1.71895
2.05281
2.24272
2.45049
0.126843
0.839843
0.455418
1.55469
3.46947
0.350136
2.2875
0.68588
0.44174
0.381228
0.9839
0.937046
0.38444
0.554031
1.35408
0.44723
0.495097
1.29745
1.45874
1.26685
0.535095
0.952616
2.61824
0.484577
0.44467
0.419117
0.622793
0.74992
0.304448
1.40424
0.697298
3.34078
0.500549
1.9537
0.697255
1.048
1.24679
0.841652
0.37606
0.184708
1.23998
1.54902
1.77118
1.57488
0.593986
0.514438
0.348152
2.53205
1.36559
0.764957
0.641297
0.059794
0.607143
1.64239
1.42234
0.2358
0.832318
2.624
1.19142
0.570698
0.996173
1.25712
1.22834
2.64563
0.257956
0.999863
0.946916
0.191149
2.46467
1.07176
1.09759
0.163933
0.887706
1.75266
1.89627
2.46813
0.298147
0.269651
0.289899
1.09768
1.07605
0.0693762
1.50933
0.93547
2.15344
0.563077
0.654929
0.361177
0.0544616
3.12721
0.0938836
0.853374
0.45778
1.15603
2.69357
0.6936
0.232807
1.0885
1.89726
1.49045
0.154958
0.382709
0.515731
1.27435
0.49341
0.0268682
0.650603
0.490601
0.543589
0.241376
0.313241
2.75102
2.63451
0.256828
0.838301
1.49942
1.0045
1.78094
0.453686
0.363666
0.209896
1.05213
0.375406
1.14177
1.25479
0.656559
1.079
0.952429
1.09611
0.296554
0.442111
0.612447
0.680699
1.39944
0.857305
0.563796
0.79763
0.739805
0.288648
1.46336
0.406382
1.16437
1.70507
3.01397
1.23476
1.08438
1.05208
1.53616
0.221991
0.931626
0.0948584
1.24457
2.03335
0.256425
2.00436
0.795572
0.284586
0.165042
0.352493
0.393824
0.416341
2.24979
2.60753
2.43802
1.02227
1.3239
0.63156
0.345548
0.851307
0.152444
0.153119
0.895862
0.773832
0.90574
2.44326
0.888315
1.27179
0.596115
1.08453
0.592422
0.629034
0.512366
0.689508
0.350224
0.610972
1.58094
0.60769
1.079
0.618094
0.871774
0.671829
2.25481
1.34776
1.36109
1.47139
1.39835
1.64511
0.344137
1.11895
0.708682
0.292158
0.729586
0.938183
0.737833
0.487314
0.909191
0.265511
0.733395
2.3013
0.882285
0.418414
1.04185
1.4499
0.810033
0.457608
0.540756
0.508562
0.522859
1.59949
0.770111
0.244945
0.60312
0.639415
0.677025
1.54819
0.421242
0.817478
0.768685
1.57191
0.30436
0.781064
0.483778
0.853671
1.49041
0.671986
1.75276
0.102394
0.678173
1.49397
0.386354
2.70243
0.284865
0.323176
0.707045
1.60065
1.73143
1.02257
0.554594
0.933601
1.3815
0.381483
0.556726
0.655946
1.53126
2.4547
1.84726
0.974064
1.33526
0.60143
0.744392
1.24771
1.60201
0.57169
0.56147
1.57387
0.532205
0.903101
1.15449
0.928285
0.442409
0.873173
0.184468
1.55565
1.58878
0.389795
0.92835
0.0485866
1.55386
1.08306
1.0762
0.398459
0.880008
0.433561
1.25306
0.220712
0.620091
0.513459
0.882157
0.392058
0.548156
0.739535
0.686735
0.189516
0.506078
3.01695
0.748101
1.33548
0.371786
1.27676
0.388746
1.48902
0.987835
1.30393
0.229976
1.12353
1.14988
0.800071
0.331715
0.487351
0.962947
0.573243
1.85535
0.4836
0.317582
0.259214
1.19384
2.60032
0.548185
1.16714
0.837106
1.52808
1.64478
0.99452
0.563361
0.738779
0.7866
0.912887
0.453019
0.406332
1.00104
1.08314
0.29174
1.11237
1.37938
0.94247
2.05441
2.52356
0.414789
0.363919
0.0772511
1.84905
1.41294
1.8903
1.67094
1.47793
1.57528
3.46576
1.1356
1.98957
0.250793
0.607289
0.384195
2.2309
0.483686
2.95356
0.69927
0.0903489
0.602
1.44716
0.907966
2.32027
0.924813
1.2726
1.66919
0.890994
1.22205
0.736538
2.12524
2.26583
4.08154
0.220935
0.168059
1.3254
1.21837
0.721345
0.126091
1.20444
0.917232
0.349332
1.17001
2.69697
1.57706
0.736283
0.455361
1.31606
0.127965
1.05652
1.31834
0.627318
0.521452
1.03419
1.35569
1.33012
1.44665
0.795954
2.8684
0.612797
1.3049
1.93154
0.836128
1.07212
0.812205
0.247994
0.772025
1.67662
0.183921
0.8901
0.274125
0.0705366
0.72645
1.45587
1.89251
1.52603
0.532751
0.89239
1.3242
0.97534
0.600637
0.834165
0.751206
0.170979
0.425234
0.156709
0.807516
1.9023
0.574534
0.758059
0.283844
1.18742
1.2936
0.820111
0.342123
1.20283
0.771155
1.79851
1.73624
1.42366
1.09502
1.34574
0.824106
0.530064
0.524252
0.505952
0.125323
0.783175
0.357016
1.59727
1.26827
0.606571
0.56359
1.17485
1.70546
1.60934
2.698
1.35272
2.00225
1.14992
0.368483
3.4211
3.00794
2.30278
1.31928
0.862518
1.12638
0.368737
1.19103
1.7482
1.15692
0.917645
1.57881
2.46907
0.885678
0.416895
1.64119
1.18374
0.2677
0.654869
1.60458
1.8085
0.893058
2.61174
0.571257
1.3361
0.453997
0.428051
0.758416
0.313764
1.35904
1.59448
1.84059
0.50142
1.89385
0.647561
0.769011
0.804747
0.886009
0.529032
0.47723
0.745721
0.650226
1.55749
0.930064
0.396806
0.316039
0.708211
1.82976
1.59921
3.3658
0.834808
1.32976
0.903038
0.546033
0.935597
0.442089
2.71655
0.253653
0.291859
0.418268
0.954191
1.24786
0.566311
1.83686
1.74188
1.47605
0.223521
1.37684
0.920322
1.82192
1.64404
0.568095
0.646741
0.734424
1.2543
0.390497
0.610335
1.09629
1.44255
1.61847
0.051767
1.49633
0.291931
0.807147
1.17281
2.47395
0.112783
0.556567
0.318151
0.808773
0.701886
1.72572
1.21478
0.719135
1.65655
2.68279
0.705484
1.03378
1.70685
2.22552
0.304061
1.41945
3.27126
3.03808
0.564683
0.603236
2.07018
1.45421
0.519314
0.998546
1.00801
0.814245
0.456544
0.752755
1.72679
1.47813
2.60772
1.63567
1.40164
0.731795
0.891321
0.567532
1.03762
0.333683
2.72129
0.284095
0.688693
0.169484
0.282314
2.04056
0.85298
0.468764
1.30501
2.63951
0.470459
0.607425
1.1571
0.4649
0.42604
0.258973
0.19471
0.789809
0.172143
0.257549
1.71775
0.790919
0.817195
1.08617
0.464573
0.844704
1.38855
0.124448
2.40679
0.745595
1.31578
2.23796
1.35198
1.69921
1.08781
0.205228
0.74392
0.893309
0.397594
0.133974
0.469548
1.24779
1.22571
1.22513
1.44881
1.23086
0.613311
1.82722
0.527235
0.78362
0.985589
0.950218
0.914882
0.471264
0.633958
0.854516
0.642577
0.542412
1.61206
0.368887
0.899348
0.447297
2.16866
0.665161
0.654642
2.72377
1.38928
1.40969
0.0373098
1.12014
1.39945
0.304457
0.107056
0.589435
0.293652
1.3269
0.538868
0.876883
0.547452
1.44163
0.610688
1.71233
0.884033
1.88967
0.198238
0.325878
1.18389
1.4392
0.398838
1.34049
1.44322
0.41497
0.979764
2.88827
0.740835
1.39336
1.5648
0.62551
1.01987
0.661974
2.33622
1.15408
1.42047
1.1447
0.771447
1.31039
0.30003
0.180664
1.05375
1.1835
1.44712
0.718955
0.140747
1.96422
0.450823
0.965725
1.83027
0.333351
0.331937
1.0983
0.305593
1.22684
0.957449
0.294905
0.67214
0.786919
2.77784
1.34944
1.13062
1.03955
0.577162
0.308343
0.579168
0.473448
1.12978
0.640448
0.99478
1.95912
0.598634
0.828874
0.202433
1.61701
0.6111
0.985699
0.430801
0.393435
0.72586
0.632389
0.966258
0.260166
0.279953
0.502109
1.11432
0.80251
2.86398
0.55093
0.582495
0.418767
0.959589
0.392243
1.8373
2.11089
1.76892
0.126473
0.356656
0.165206
1.59684
0.550279
1.30798
1.09715
0.848959
0.83925
0.229349
0.186359
0.66853
0.482035
1.82995
0.197286
1.04404
0.649911
0.731753
0.62259
0.741218
0.295348
0.561513
1.07346
0.703574
0.718831
1.67905
1.37761
0.438708
1.10239
0.716737
0.401075
1.61235
0.927508
0.238016
0.154073
0.695795
0.810799
1.50423
1.90126
1.25352
0.512567
0.562546
0.517683
0.377689
0.345984
1.22587
0.572671
2.38407
2.10587
1.00963
2.99694
0.177203
0.68969
0.317454
0.707651
0.196001
1.32209
1.13471
1.4134
1.85343
0.596334
2.56935
0.762185
0.945055
1.94715
0.938709
0.400195
0.872564
0.35748
1.47017
1.12023
0.878234
0.61025
0.629301
0.334355
0.719191
1.81253
1.30155
0.885118
0.707334
0.285996
0.355369
0.61302
0.263338
1.43986
0.382098
2.90665
1.36114
0.5835
0.368191
1.63909
0.403151
2.51657
0.344222
1.2736
0.687632
0.839609
0.271859
0.0537841
0.656041
0.939365
0.25185
0.485584
0.214545
1.60992
0.424995
0.651713
1.00897
0.685961
0.638959
0.231858
0.301245
1.70546
1.31227
1.09803
1.28061
1.0169
0.862621
0.237088
0.519664
1.97285
1.30102
0.901354
1.00489
0.756151
1.64876
1.88126
0.999774
0.836309
0.712828
0.495867
2.16288
0.809249
1.22747
0.630393
0.904503
0.109066
0.695464
0.859915
0.96559
0.980697
0.510233
1.83848
0.0793913
1.17691
2.88981
0.525145
0.908601
0.674363
1.83345
0.772631
2.08458
0.285064
2.01182
0.84939
0.497945
0.694832
0.3188
0.619861
0.727852
1.64916
0.405844
2.35939
2.14167
1.81978
1.38753
2.38
0.563961
2.6895
0.527794
0.823834
0.663396
2.60962
0.209528
1.14848
0.551576
0.541014
1.49479
0.649417
2.55377
1.85394
1.54504
2.04331
0.0900185
0.691096
1.48251
1.18959
0.583272
1.26359
1.36555
0.935882
2.22334
0.262252
0.991818
0.196088
0.581709
0.881574
0.507383
1.22788
0.386902
0.690639
1.07862
0.108889
1.70868
0.586491
0.717088
0.587084
0.600545
0.546294
0.604292
0.288334
0.711912
0.366774
0.371933
0.364311
1.23261
0.049608
0.0708804
0.498485
0.602038
0.652842
0.96948
1.00282
0.992206
1.76545
0.502126
0.44517
0.695878
0.708283
0.708996
0.286724
0.285292
0.386893
2.74083
3.0355
0.980349
0.489153
0.894032
1.32678
2.72533
0.211426
0.475644
0.610541
0.870931
0.653524
0.130333
1.19199
0.208347
0.3709
0.712792
0.677416
0.550302
2.22476
2.48584
0.175828
0.657181
1.0911
0.448183
1.78983
2.25803
0.1557
0.255123
0.297743
0.97231
0.604973
0.588007
0.700686
0.625856
0.425976
0.821465
0.868252
1.19207
1.07488
0.340522
1.37409
2.33828
1.41125
0.306347
0.765817
0.172086
1.45963
1.54003
1.62202
1.03452
0.536211
2.43391
0.799848
0.699386
0.858928
0.332977
1.36772
0.638429
0.390759
0.202011
1.62106
0.255428
3.18471
0.26507
1.48316
1.52067
1.16718
2.55703
0.974084
1.09793
0.496308
0.295437
0.736374
2.04173
0.894504
1.39796
0.909668
1.79723
0.765763
1.00984
1.16415
1.4467
1.67372
2.42949
0.507166
0.14077
1.24376
0.633833
0.171144
0.325218
1.43401
0.489725
0.726312
0.588516
0.949752
0.429879
0.272009
2.0511
1.09509
0.617579
0.820014
0.665692
0.757924
0.700631
0.768289
0.407274
1.42314
2.18164
0.420134
1.25724
0.812944
1.08239
0.50915
1.18448
1.05431
0.446071
1.88987
1.14518
1.87663
2.64623
1.09929
1.6691
1.61087
0.869298
0.996837
0.110292
1.10787
2.26405
0.783126
0.790033
0.118341
3.76055
0.647687
0.418012
1.78287
0.955949
0.870327
1.19341
0.769628
0.321076
0.484743
0.411142
0.492238
0.440466
1.05657
0.134336
1.21971
0.427314
2.48555
1.21639
1.16432
1.51281
2.03263
1.54525
0.626629
0.961453
1.55102
1.37225
0.395174
1.62473
0.911531
0.887533
0.127975
0.199819
1.40764
0.447493
1.38099
1.02726
3.43939
0.603608
0.381343
1.6063
1.56879
0.633532
1.39118
1.06603
0.936005
1.29065
0.510586
1.20164
1.74744
0.508261
1.56789
0.697887
0.660635
0.888242
1.76681
2.11827
0.850995
1.38977
0.452796
1.05506
1.57219
0.465495
0.656311
2.48661
2.82307
1.09646
1.56286
0.167584
0.511012
1.1781
0.335325
0.585686
0.196579
0.54745
0.64918
0.846065
0.499035
0.337435
0.786655
1.28257
0.295316
1.45525
0.675248
1.16885
0.124708
1.46775
0.376978
0.665681
0.450767
1.07188
0.802176
0.756356
0.604061
0.713129
1.23768
2.69295
0.455778
1.00229
0.779216
0.693715
0.697309
1.34208
1.01246
0.540824
0.0976044
1.13976
0.0735863
0.755813
0.685563
1.53828
0.640185
1.13409
1.1986
0.736412
0.289745
0.633946
0.245937
1.48291
0.693372
1.09419
0.217506
0.855241
1.34069
0.624038
0.53421
1.04525
0.265099
0.588722
1.09453
0.0424829
1.93304
1.93477
1.35126
0.831244
0.152204
1.32964
0.286416
0.861734
1.66939
0.318295
0.655754
0.966294
0.139564
1.12141
0.822581
1.04964
0.478897
1.0352
0.0972779
0.168469
0.554025
1.21553
0.695037
0.449837
0.65049
1.82528
1.24569
1.99147
0.868764
0.668854
0.343288
0.891702
0.737696
0.802852
0.542663
0.357793
0.448618
2.44661
0.304529
0.130717
1.8567
0.133658
0.512715
1.71729
1.91899
0.75616
0.448112
1.87711
0.259082
0.520837
0.67136
0.865714
0.309312
0.62967
0.579883
0.0611928
0.183622
0.218423
0.575464
0.682834
0.43909
0.983566
0.719948
1.44217
1.17471
0.173489
0.23399
2.21991
1.41794
0.488695
0.587966
0.233658
1.07224
0.602193
2.89316
0.494826
0.410016
0.949108
1.23733
0.256415
1.90614
1.59095
0.424729
1.09993
1.92689
1.84032
0.480249
0.832208
0.686719
0.721693
1.07289
1.90157
2.41015
0.914351
2.79466
0.124668
1.34216
1.79052
1.57238
1.59392
2.72652
0.281652
4.17329
0.623314
1.77346
0.238232
2.3167
1.08209
0.750776
1.26851
0.438877
0.841284
1.17672
0.748935
1.10609
1.26102
0.0360241
0.931196
1.7755
0.92189
2.75268
0.0825433
0.442104
1.03429
0.916569
1.25896
0.982385
0.0735413
0.162424
2.2461
0.315704
0.530517
0.498011
1.44039
0.72632
0.201616
0.319398
1.65002
1.08953
1.36891
0.281159
0.695701
0.244307
1.06505
2.02134
1.14973
0.866913
0.593949
1.14256
0.292979
0.376119
0.806954
0.117565
0.360269
1.16209
1.71766
1.34365
0.74632
0.669843
0.598262
1.03235
2.32049
0.863832
2.27864
0.665716
0.758031
1.20171
0.308909
0.556192
0.511359
1.73774
0.261038
0.783569
0.88722
1.67233
0.632157
0.273608
0.314503
0.606236
1.73754
0.654103
1.74533
0.641944
0.47756
1.69475
1.3943
1.68483
0.452677
0.268041
1.81254
0.516277
1.04124
1.21752
0.674892
2.03255
0.600066
0.950856
1.35227
0.477867
1.72895
1.08445
1.29128
1.02944
0.321069
1.69721
1.03289
0.693412
0.896649
0.869681
0.579624
0.800783
1.05377
0.470404
1.08494
1.80687
0.785673
0.804079
0.811454
2.20695
0.377491
0.0883041
1.2007
1.17773
0.0664785
0.200973
2.20043
1.30947
0.177137
0.43353
3.0035
0.93655
0.405372
0.535895
1.51573
0.958691
0.850179
0.343841
0.710662
1.00108
1.17251
3.06404
0.603863
0.507834
1.78339
0.483287
1.0116
1.95017
1.54233
1.73414
0.87896
0.0796231
0.753472
0.512841
1.40835
0.185627
0.439343
0.919598
0.960127
1.55522
1.50911
0.698458
0.368274
0.50849
0.451852
0.668813
0.745641
0.906772
0.729009
0.897661
1.47641
0.422021
0.534008
1.38871
0.219158
1.49905
0.300787
0.595284
1.13849
0.876205
0.479357
2.76366
0.527547
0.717208
0.670595
1.21117
0.316232
0.625905
0.661607
0.401206
1.209
0.522922
1.26196
1.23342
0.805932
1.76808
0.335331
0.658874
0.703875
0.770208
0.189387
3.51569
0.9466
0.214479
1.08555
0.121794
2.11315
0.206543
0.425419
0.550428
0.657775
0.768627
0.327444
1.16474
1.02778
0.987311
0.546789
1.51528
0.998892
0.415472
0.715233
0.897379
0.343187
0.419453
0.351305
1.2459
1.33009
0.452584
0.264789
0.990396
0.259855
0.780717
1.28618
1.33384
0.221558
0.758843
0.216295
0.586307
0.649395
0.316363
0.905918
1.74599
0.481495
1.27451
1.28203
0.886045
1.63977
0.753838
1.49504
1.1841
0.502533
0.279354
1.7446
1.50791
3.18268
1.73645
0.485533
0.90085
0.645704
0.614505
0.202632
0.707934
0.727653
1.31019
2.00302
1.66309
0.657787
1.10934
2.52069
0.471969
1.16546
0.54291
0.213099
0.819263
0.555129
0.13805
0.894869
2.02704
1.81245
2.11956
1.22684
0.337325
1.16821
0.27823
0.590113
1.1419
1.842
1.08374
1.63105
0.728382
0.507937
0.694997
0.683577
0.754744
0.618224
2.24763
0.285305
1.34789
0.387113
1.23383
0.709634
3.09596
0.495372
0.577299
1.43262
0.243079
0.410957
0.688351
0.554978
1.18003
0.426803
4.14374
1.0345
1.60952
0.709284
1.12225
1.9898
1.43456
0.42768
2.17009
0.608267
0.904838
2.89186
0.404856
0.43012
1.19218
0.643613
0.585193
0.480174
0.475772
1.21645
0.8291
0.657504
1.70662
0.63982
1.09852
0.193592
1.05188
1.71718
1.84796
1.13055
0.606138
0.518462
0.844687
3.54007
1.88898
0.536946
0.888213
0.252466
0.70691
1.34569
1.42168
0.977013
0.678755
0.633421
1.09953
0.798404
0.8248
1.82197
2.44029
0.740726
0.139413
1.48518
0.489916
0.373157
0.479158
1.32463
0.183934
0.581085
0.156197
0.860152
1.94775
1.20274
1.02354
1.23346
0.663627
0.892012
0.305583
0.802598
2.65514
0.461692
0.70416
1.25828
1.52198
1.19714
3.12015
0.869725
1.93851
0.223883
1.92916
2.32621
0.654523
2.44066
0.353935
0.998237
2.67945
0.782343
1.31384
1.93337
0.991378
0.302901
0.338321
1.64205
1.23738
0.886259
0.707063
0.806023
0.259533
2.68853
0.256051
1.82766
0.732692
1.46668
1.41124
4.7411
0.344937
1.05859
0.365539
0.219072
0.0853136
1.22673
1.08962
2.41328
0.396113
1.7489
0.793946
0.154396
0.919269
0.560744
0.75776
0.771953
0.546684
0.406812
0.851714
0.621525
0.755709
1.72324
0.494766
3.8933
0.89074
0.727896
1.90651
1.26813
0.487107
0.0361505
0.854049
1.35244
0.621255
0.610363
1.10229
0.61973
0.102314
0.453655
0.1026
0.384245
1.14742
0.370267
2.49513
1.17854
0.301533
0.493268
0.738851
2.49246
1.87391
0.27425
1.88694
2.40623
0.341545
1.84554
0.306074
0.849897
0.648421
1.40637
0.518539
0.560082
0.584444
2.07393
1.37196
0.476094
0.601448
2.57795
0.743244
1.95901
1.4532
1.03344
2.24798
0.409224
1.72813
2.82675
1.57968
0.185281
0.998645
0.378746
0.741204
1.62941
1.36354
0.978199
1.14955
2.25375
0.526646
0.705822
0.819946
1.77866
0.585094
0.757264
2.82675
1.82287
2.74253
0.221394
3.54873
2.0592
1.11606
0.183616
0.564684
1.84035
0.808723
0.252995
0.726857
0.227728
0.367471
0.0759898
0.686148
2.02152
1.7037
0.349508
1.69554
0.257956
0.397502
0.484712
2.84577
0.297012
0.796066
2.30209
1.45266
1.34558
1.77848
1.27368
1.53626
0.86945
0.444019
0.792774
0.837128
0.16731
0.762118
1.64571
1.32817
0.408702
0.364638
0.717383
0.441878
0.390534
2.11593
1.2762
1.80074
0.868574
0.217763
0.438883
2.67437
0.939447
3.46582
0.175927
1.54388
1.19818
0.770462
0.438172
0.66472
1.60351
1.88034
1.39702
0.639768
0.563747
0.475073
0.432838
2.11257
1.59759
1.31501
0.858753
0.507257
0.248757
2.12639
0.712526
1.1401
0.731824
1.35538
1.06393
0.403107
1.29124
0.80754
3.18902
1.04993
0.35754
0.594065
0.766899
1.0678
1.03225
0.509195
0.453893
2.94482
0.548687
0.429131
1.62801
0.81848
0.174385
0.331509
1.12583
0.67977
0.240676
0.514896
1.36074
0.740597
0.408349
1.05349
0.338547
1.07439
0.677104
1.22369
1.69097
0.470521
0.294442
0.95669
1.58418
0.901254
0.752129
0.409799
0.141154
0.397193
0.325146
1.12674
0.899554
0.477959
0.613131
0.876141
0.429492
1.38096
0.521538
0.474279
0.533986
0.579049
3.59508
1.17379
1.5498
0.894896
1.11523
0.313904
0.998187
1.46725
0.850417
1.37638
0.805664
0.812619
1.50891
2.61017
0.783594
0.216276
0.886711
0.418303
1.68605
0.451618
0.298037
1.08554
0.497765
0.617029
0.644939
0.780789
0.645485
0.660605
0.964647
1.57909
1.5388
1.20314
0.432493
0.338144
0.303781
0.954379
0.127415
0.338379
1.93617
0.657949
1.09757
1.3718
0.115092
1.31548
0.70461
0.501716
0.361454
1.67006
0.236868
3.0288
0.579556
1.51
0.473006
0.159448
0.859308
0.281513
2.25845
0.307563
1.73467
1.39702
1.24864
0.648804
0.270535
1.75133
2.15791
1.02909
1.38648
1.11046
0.230414
0.458392
0.4384
1.3137
0.835523
0.925766
0.552787
0.74964
0.715445
1.29656
0.7561
0.62116
0.372644
1.05856
0.408763
0.940814
0.161145
0.378019
0.753524
0.631743
1.01282
0.377596
1.42076
0.311119
1.0281
1.10705
1.1818
0.823593
0.650074
1.36397
0.66482
4.08292
1.70714
0.415496
1.04588
0.694317
1.12633
0.926446
1.73773
0.295454
0.511768
0.343668
0.695905
0.415415
0.270628
0.386682
1.40059
1.23654
0.511975
1.64436
1.67757
1.68498
0.930865
0.644112
0.459907
0.517987
1.77046
0.151669
0.539172
0.408131
0.629068
2.01547
0.762061
0.474647
2.72078
1.71257
1.31167
1.64598
0.650765
0.66215
1.50763
1.25791
0.797898
0.83223
0.748293
0.75729
0.970946
1.75482
2.01057
1.48571
0.951664
2.67708
0.397542
0.889687
0.919537
1.91158
0.415674
0.601158
1.27389
0.612159
0.782308
0.359481
0.976129
0.70294
1.0688
1.19939
2.26591
2.93074
2.68546
0.489307
1.12515
0.15146
1.39127
1.45344
0.57531
0.339314
1.67541
0.0130897
1.05335
0.815343
0.912278
0.634214
0.337723
0.598378
0.374369
0.154622
3.05153
1.7615
0.25623
0.669954
0.437878
0.51318
0.741576
2.56519
1.97356
0.048933
0.39232
1.62215
2.09213
2.28415
2.00483
0.740931
0.788432
0.327628
1.52088
0.378622
0.557114
0.557305
0.237453
0.247988
1.52178
0.61112
0.183616
0.225164
0.607024
1.76686
0.571257
1.93442
0.553311
0.385408
1.58454
1.09992
0.715054
0.517117
0.621043
0.0621958
1.53093
2.96847
0.490193
1.23557
1.29617
0.707383
0.812925
0.434011
1.52993
0.0731931
0.72471
1.27317
0.658187
0.589375
0.749314
1.01084
1.68045
0.663727
1.7473
1.02896
0.498699
0.115438
0.352466
0.526204
0.766035
0.258803
2.0236
0.30454
1.33823
0.188793
0.406351
0.456237
0.509117
1.19634
0.609627
0.841044
0.202009
1.37617
0.275191
1.10717
0.597248
1.62246
2.28862
0.61339
1.44468
3.44858
0.282101
0.380471
0.546151
0.621484
0.0305532
1.68807
0.428515
0.0438761
4.05972
0.805701
1.92069
0.844941
0.962461
0.728601
3.07875
1.09217
1.04037
0.697138
2.10578
0.615353
0.243322
0.952117
0.816366
1.56693
0.353261
1.66792
1.42939
1.11009
1.31692
2.00668
1.087
0.6193
0.491415
0.715344
0.331965
2.40934
0.152803
0.301755
0.571979
0.561292
0.543401
0.247835
2.38868
1.01483
1.55285
0.336543
1.58739
0.182251
1.61269
0.557446
3.2307
1.58128
0.489821
0.797197
1.94601
0.939238
1.90667
0.794896
1.28339
1.50187
0.26317
4.60524
0.720058
0.936717
2.02664
1.35782
1.43499
1.21731
1.77749
1.61547
0.587985
2.30214
1.88656
0.611575
0.469222
1.72966
0.568425
1.549
0.966732
0.924022
0.774217
0.302465
0.491879
1.34437
0.267575
1.95888
1.80403
0.330672
0.242128
0.815459
0.64757
2.554
0.655943
0.553483
0.528722
2.60185
0.139273
2.74519
1.35648
0.535801
0.735698
0.252533
1.41061
0.673963
1.46164
0.411899
0.134939
1.25795
1.03105
0.336115
1.68681
2.53909
1.13762
1.11244
1.09241
0.161519
0.653189
0.768417
0.455201
0.333646
0.37429
3.22729
1.07865
1.26414
1.57005
0.956776
0.755339
0.372642
0.853349
2.00314
0.866686
0.233409
0.772881
0.400052
1.25267
1.70733
0.848362
0.63026
4.02493
1.95952
0.378067
0.565411
0.731802
0.466227
0.402858
0.247083
1.07583
0.481392
0.481774
0.395795
0.70358
0.284301
0.98746
0.499418
0.342994
0.789129
0.510598
2.36836
0.514759
0.886199
1.50901
1.28141
0.981659
0.176602
0.690296
1.15443
2.08009
0.525898
0.901309
1.05383
2.18344
1.20378
0.681346
2.15435
0.860525
0.194642
0.44859
0.642922
1.02636
1.19964
0.0497189
1.30361
0.585726
0.504132
0.404379
1.16334
1.92652
1.9613
0.517972
0.798424
1.01898
0.371279
0.157116
0.39246
1.29136
2.57157
0.427762
0.739135
0.360734
1.859
1.96625
0.817415
1.01961
1.22467
1.52613
1.89811
0.549517
0.506196
0.20922
0.690482
0.573993
0.246786
0.671611
0.134613
2.51788
0.346603
0.639629
0.714922
0.578043
2.81178
0.812401
0.0892951
1.21624
2.08573
1.20226
0.292187
2.57245
0.387786
0.721239
1.25213
1.58269
0.963297
0.843323
1.47332
1.38993
0.600022
1.26371
1.11028
0.710855
1.12697
0.149849
1.21897
0.99012
1.23589
0.778701
0.445873
1.39383
0.897427
0.271224
0.426806
0.583257
0.926463
0.420411
1.51107
0.664786
0.322802
2.2101
0.915091
0.909974
1.02363
0.702234
0.42243
1.12807
0.875634
0.748034
0.625327
0.313314
0.396393
0.29313
0.558804
0.39933
0.209256
1.54067
0.191335
0.447404
1.49467
0.60108
0.424204
0.087071
0.600934
2.24407
1.08292
0.435077
0.542288
0.237744
2.06467
0.524391
2.22857
1.37246
1.53817
0.190623
0.806318
0.239517
0.780246
0.902784
0.32489
0.297879
0.357671
0.933395
0.157694
1.08722
0.32086
2.66401
0.582397
4.07925
1.55585
0.22647
0.983474
0.565107
0.68117
0.47394
0.506581
0.319787
0.728454
2.31874
2.42157
1.1211
0.536565
0.324479
0.525968
0.847931
1.23246
1.29285
4.22288
0.422922
0.69794
0.37822
0.84357
0.544559
1.07777
0.919372
1.23647
0.805999
0.571985
1.59534
0.40311
1.17488
2.33934
0.401396
0.699484
1.17354
1.16878
1.80118
2.09146
0.672833
0.69416
0.270989
1.4614
0.72476
1.13139
1.16217
1.04935
0.434443
0.660508
1.70787
1.30492
0.19537
0.992772
1.14395
0.957224
1.2909
0.315287
0.485399
1.07204
1.60942
1.06524
0.920215
0.0293184
1.56426
0.131323
0.95076
0.513792
0.202277
2.17528
0.241641
1.25746
3.7454
0.463108
1.06365
0.872187
1.1243
0.858293
1.31828
1.44829
0.802365
1.8996
0.939967
0.762198
0.0669161
1.27246
0.136628
1.0022
1.30797
0.167059
1.17226
1.82613
0.207849
1.88584
1.94891
0.371147
0.0716829
0.561409
0.0315996
1.07039
0.953888
0.529644
2.03066
0.274285
0.647286
1.26724
0.702689
1.09149
0.800387
0.154008
1.34173
0.755363
0.305342
0.285408
1.21051
1.16502
1.21886
1.54298
0.182485
1.05007
0.642123
0.737449
0.920012
0.190275
0.198354
1.11154
0.731777
0.60988
0.822316
0.880775
2.16159
0.569213
0.766644
0.931705
0.859558
0.645562
1.72113
0.637552
0.669551
1.57297
0.519859
1.04776
0.640193
0.635892
1.03289
0.799399
2.2867
1.11592
1.05732
1.6936
0.991822
0.118494
1.21239
0.164632
0.64702
1.32712
0.71361
0.21247
0.162364
1.41589
1.14279
1.64074
0.552245
0.347451
1.61173
0.815833
0.163264
0.313016
1.99081
0.382823
0.386791
0.352507
0.866351
2.6471
2.0254
0.156668
0.657482
3.74176
0.121653
1.08765
1.21721
1.03102
0.3841
0.740661
5.0854
2.69765
0.512155
0.642648
3.57366
1.55382
0.368457
1.44031
1.43417
0.676679
0.57916
1.72313
0.671689
0.8238
0.793324
3.24955
0.583513
1.72274
1.0531
3.50134
0.736363
0.630596
1.82119
0.896948
1.86716
1.04893
0.215965
1.51419
0.232552
0.366525
0.604344
2.39385
0.266216
0.497556
0.82788
1.27172
0.306049
0.055379
1.08598
0.42921
2.00913
1.45806
0.715256
0.634775
0.547686
0.851428
0.760301
0.22258
0.554522
0.571802
0.939751
1.06831
1.88867
0.867292
0.58257
1.86358
1.92588
1.29211
0.368714
2.299
0.321299
1.47296
1.51227
0.815851
1.379
2.26895
1.41544
0.514514
1.63443
1.50089
1.23566
0.530271
1.07055
1.19831
0.450599
0.937846
1.05319
1.41331
2.17706
1.90729
0.386652
2.74412
0.3187
1.76736
0.534034
0.760803
1.21196
0.719626
1.12885
1.82683
0.965542
0.884393
1.37997
0.402701
1.2627
2.38088
2.03782
1.68718
0.859621
0.31303
0.851521
1.16185
0.681206
1.1038
0.512229
0.507555
0.500038
2.10169
0.781273
0.539365
1.59862
0.180805
1.25053
0.347847
0.287867
1.43969
0.399717
1.66848
1.04568
0.854618
1.41659
0.377604
0.43636
0.413633
0.468958
0.888162
0.965701
1.12832
0.912618
1.86906
2.19572
0.202956
0.654004
0.942808
1.2663
0.115665
0.815262
1.93719
1.22286
0.934655
1.64949
0.912908
0.217023
0.0949143
0.151855
0.334073
0.774311
0.336139
1.4384
0.797232
0.829608
0.84228
0.664633
0.866501
0.330222
0.846737
1.03752
0.85492
2.96486
1.22445
0.282195
0.538133
0.261727
0.903698
0.584123
0.63727
2.42968
1.58228
1.94124
0.437901
0.681066
1.57083
1.16137
0.467085
0.553997
0.886451
1.04372
1.22305
0.604272
0.280457
4.76451
1.05104
0.849594
0.29165
0.632101
0.153025
0.697513
0.22717
0.7675
0.0794994
0.412055
0.782519
0.630711
0.38116
0.668369
0.266131
0.156768
2.5629
1.64699
3.27479
0.922691
1.85412
1.27337
1.59752
0.581067
0.35222
1.13126
0.377454
1.55185
0.157991
2.15311
0.550354
0.393184
0.670572
1.68335
0.202264
0.363098
0.370093
0.5516
0.086437
1.62604
0.143503
0.835082
2.19786
1.59073
0.320772
0.875735
1.30088
1.1567
0.267611
0.348589
1.1835
2.49587
1.06255
0.821769
0.389369
0.758507
1.33909
1.68096
0.258818
0.333895
0.221496
0.280791
2.30932
1.49709
0.24114
3.99622
0.915031
1.24188
0.412443
1.55757
1.14672
0.633028
0.179483
1.79653
0.378446
0.883153
0.0522286
0.521871
2.46269
1.56208
0.642894
1.47766
1.27857
0.678381
0.50871
1.42727
0.768095
1.01234
0.725527
0.973706
0.390689
0.918308
0.492745
0.759817
1.23108
0.519857
0.401463
0.716075
0.676923
0.85756
1.44395
0.49585
1.04212
1.13796
2.64947
1.79583
0.91787
1.8843
0.179316
2.55168
1.4905
0.231252
1.03108
4.59715
1.12154
0.591832
1.3961
0.187625
2.20004
0.468404
0.310757
1.14413
0.674561
0.748877
0.850779
1.09205
0.316468
0.470262
5.44909
0.748642
0.21339
0.939334
1.13373
0.433464
0.167623
0.19763
0.19119
1.24929
0.507095
1.76622
0.672946
0.517394
1.02257
0.448745
0.2198
0.851562
0.797657
0.679403
1.10195
0.87848
1.52704
0.782224
0.0992453
1.00643
1.18346
0.604425
0.517328
0.95975
0.845438
0.132061
0.499632
2.26393
1.11741
0.37008
0.0914359
0.502627
1.999
0.285543
2.23389
1.14314
0.910919
1.60371
0.244536
0.382779
1.39285
0.273958
1.41789
0.347788
0.762168
0.329881
0.121074
0.433322
0.416729
0.489066
0.352772
0.266835
2.14847
0.966656
1.90483
0.418598
1.15055
2.82204
2.60708
0.754784
0.355847
0.774867
0.438075
0.074237
0.648658
0.730639
0.272274
0.430661
1.92539
0.296367
1.11532
0.649465
0.78306
2.24285
0.796771
0.616404
1.71587
1.49596
1.02356
0.569064
0.356118
0.162642
0.550669
0.145482
0.225363
1.21764
1.48153
0.0564486
0.504026
1.42904
0.732477
0.293631
1.06208
0.894075
1.52644
0.771575
0.97631
1.81299
1.15799
1.01894
0.762436
0.900185
1.03315
2.44237
2.74149
2.93713
0.660596
0.839845
2.53331
0.267678
0.396691
0.204144
1.52935
1.34249
0.253825
0.657377
0.3448
1.28739
1.30144
0.332432
0.455884
1.30991
1.3564
1.56072
0.999515
0.128358
1.45139
1.78289
2.24314
0.790836
0.191869
1.9553
1.17499
3.47777
2.33625
0.536234
0.693429
0.570564
0.510225
1.10749
1.51072
0.402615
0.458987
1.32837
3.20722
1.12408
0.0603334
0.120196
0.602299
0.661226
0.6241
0.314712
0.900055
1.68418
0.340553
1.28764
1.74369
0.655412
3.22485
1.82547
0.429856
2.19009
0.457032
1.3173
1.59329
1.17865
0.350686
1.00806
0.450926
0.571121
1.98953
0.307126
0.263016
0.989963
1.67
0.982269
0.573341
0.302725
2.32729
0.731806
0.567406
1.98336
2.10395
0.31455
0.21323
0.156525
1.1288
0.170174
1.46422
0.592138
0.487184
0.85021
0.328677
0.20063
2.35874
0.135009
0.6075
0.934976
0.147525
1.7691
1.03823
0.892157
1.12775
0.690172
0.904246
0.0821699
0.41394
0.655984
0.395219
1.70974
0.307293
1.13865
2.72687
1.75647
0.495526
0.860621
1.0486
1.45449
1.80261
1.25891
0.317316
0.365719
0.162558
0.0966216
0.662614
0.767289
2.07022
0.345584
1.08326
1.49737
1.25724
0.339717
0.242376
1.07046
0.335424
0.307841
1.863
1.7748
1.06904
1.08222
1.26668
1.12166
0.780651
0.942149
1.12958
0.994566
0.579487
2.07374
0.528883
1.60448
2.02056
0.180314
0.677905
1.23924
1.17218
0.508289
0.556633
1.35546
0.608162
0.386611
0.344586
0.467214
0.174159
1.19718
1.0589
0.443464
1.98569
2.24911
0.275122
2.05523
0.643544
1.39077
0.761417
0.690433
0.205389
1.27561
0.19949
1.77846
1.30491
0.751507
1.45906
0.163017
0.702879
0.411657
1.11793
1.71399
0.822342
0.478704
0.891157
2.31091
0.599013
2.07334
0.213566
1.30073
1.36622
0.943651
1.06841
0.877373
0.560275
0.104124
0.707852
0.527987
1.88828
2.17252
1.00189
1.09561
0.706047
0.521517
0.641272
1.26786
0.213571
2.45486
0.322629
1.50523
1.06117
1.67511
0.305901
0.341899
1.25221
2.22665
1.53223
0.962031
0.113157
1.90838
1.68586
0.766586
0.86271
1.33918
0.600407
0.882303
0.472044
0.489159
0.837918
1.00816
0.971984
0.359289
0.353608
0.702988
0.824124
0.294522
0.124434
0.339725
0.396067
1.35308
0.828783
0.705987
0.469662
0.473987
0.30673
0.636764
1.07205
0.85675
0.108796
0.857378
0.58782
0.761889
1.22099
0.902532
1.99442
0.449305
1.08719
1.54037
0.51825
2.63272
0.62076
0.105682
0.39421
0.930373
0.0603166
0.786255
0.237597
0.216813
1.09908
0.576793
1.80179
0.754
0.70535
1.59217
1.33565
2.76896
0.63998
0.586436
0.279837
0.351578
1.00344
0.190855
0.845609
0.139784
0.488473
1.20627
1.31843
1.61704
0.418134
0.695496
0.791549
0.42178
0.457316
1.64886
1.36038
0.721987
2.05048
0.891567
0.126683
2.93596
0.467951
0.830327
0.787472
1.1321
1.38586
0.553354
0.83007
1.96568
0.816996
0.898558
1.16718
1.22754
0.619588
1.11768
2.01885
1.44419
0.897837
1.75236
1.48576
1.84675
3.08874
0.610388
0.769019
0.306281
2.10131
0.342196
0.694533
1.18473
0.941626
0.257898
0.900077
0.325529
3.62458
0.280432
1.20148
0.462769
0.551347
0.841347
0.761449
2.80659
1.18248
2.75446
0.17286
0.158419
1.05938
0.773625
0.537812
0.168097
1.98546
0.258493
0.87208
0.419998
0.411961
1.46583
0.399829
3.37529
0.320501
1.90852
0.237226
0.80087
1.19484
1.08816
0.646757
1.12303
0.456127
2.04928
1.78607
0.162898
0.745643
0.229203
0.529914
1.52032
0.304154
0.991921
1.83267
0.267725
0.668883
1.36646
0.723059
0.365814
0.420295
0.647569
1.58966
1.06184
1.41954
1.05751
1.11761
0.316454
1.22698
0.332989
1.93216
0.694758
0.653203
1.20938
1.70496
1.16864
0.826624
0.22084
0.372238
1.77041
0.600713
0.81467
0.781833
0.26451
0.802699
0.989432
0.416664
1.15212
0.482257
0.67708
2.0988
1.13907
0.691738
0.670329
1.33023
1.54855
1.65315
0.788044
0.180737
1.48258
0.80981
1.14104
0.785817
0.402339
1.31941
0.385217
1.52628
0.906072
1.69299
2.12559
0.812491
1.50249
0.320463
0.228175
1.66056
0.717477
0.0594317
0.657553
0.761523
1.29712
0.396923
2.86635
0.425517
1.36495
0.16761
0.0891875
1.13555
1.37568
1.24563
1.83043
0.248483
0.349416
1.27522
1.06943
0.589727
2.57063
1.14378
0.166454
0.422556
1.08767
2.3943
1.93333
0.62375
0.64066
0.429103
0.90453
1.22353
1.85006
2.42226
1.33809
2.14493
0.542402
1.79826
1.56092
0.57256
1.15766
1.16169
0.877837
0.480783
1.10706
0.985112
0.514506
0.235286
0.372188
1.2802
0.561806
3.63615
0.381723
0.250327
3.37404
0.675529
1.15972
0.515558
0.473321
4.61142
0.844032
0.274649
3.92982
0.765034
0.304509
0.721067
1.10774
1.56212
0.80064
2.6153
0.433307
0.708225
1.17093
0.927304
0.590949
0.689035
0.993299
2.86095
0.587955
2.1234
1.54609
0.471945
0.399177
1.38835
0.547655
0.384338
0.555292
0.992555
0.468842
0.541166
1.0449
0.425045
1.11602
0.729905
1.84688
2.05295
1.36201
0.614422
0.563845
0.407739
0.522172
1.0508
1.0654
1.37768
0.798126
0.516551
1.09444
0.658192
0.0782888
0.190069
3.01359
1.32088
1.22977
0.254519
1.59453
0.400937
0.374367
1.0127
0.863588
0.751039
1.69496
1.3473
0.825075
0.194171
2.28175
0.712418
0.727748
1.06496
0.0901506
1.77079
1.82717
1.30216
1.28693
0.702676
1.30848
1.86942
0.894006
2.79763
0.629095
1.2899
1.29016
1.79964
2.01312
0.289776
1.77437
0.445233
0.432561
0.0235988
0.418218
