-81.1481
-0.856626
0.265618
-0.0237585
0.338817
1.21225
21.5553
-0.571001
-0.517788
-2.83102
0.0730638
-0.354737
0.199484
-7.7338
1.2446
-4.26576
1.3281
1.89874
-22.4985
0.293223
0.176357
-1.73843
-1.02124
0.426249
-49.3049
-0.395061
1.6113
1.10835
0.930205
0.476979
-10.5131
-1.79869
402.113
1.58159
0.863216
-0.704394
-25.242
-3.63475
-21.9631
0.688576
-0.0720456
-0.247382
-0.262943
-1.94609
1.19063
-0.750504
0.655886
-0.0819042
-28.2579
0.579506
0.593947
-1.04349
-0.214568
-3.53471
-0.285651
0.910398
-0.826714
-77.7353
-2.09452
1.10902
-0.271343
0.0582201
-0.642092
1.59619
0.547822
14.9221
-0.806386
0.627667
-0.408995
4.31431
12.2022
0.0889222
0.559899
-3.23345
8.46945
0.453761
56.5106
3.34606
0.728172
1.94775
0.194161
-0.737445
-0.949103
-3.05498
0.621447
-0.293034
-0.362064
-0.546717
-1.18189
0.521487
-19.4851
2.29914
3.20936
-1.01491
0.653498
52.5251
-1.20865
-0.430347
3.1648
0.218917
-0.143491
-0.643259
0.855092
0.798024
1.0696
-0.588991
-23.5062
0.333341
-0.790481
-0.275554
0.742012
7.81379
3.24662
3.14066
-2.51885
2.18849
-7.85602
1.44992
-0.418316
-4.25372
-0.882457
-0.0352176
0.270433
-2.8371
6.54262
-2.65602
0.126128
21.4945
-0.859805
-0.878819
0.947209
-3.46249
-3.13906
-0.0926424
0.912474
0.569757
0.586033
-0.336762
-0.468184
-0.315569
1.35427
0.602699
1.32747
1.69403
-1.70529
-2.80379
-1.61956
-0.396227
-9.05879
-1.06534
1.47179
0.329555
11.2016
0.924571
1.86484
6.59255
-0.581008
-3.41735
-0.319977
-0.737292
0.260104
25.436
-0.0347953
-0.9398
7.05744
-2.1288
-0.954379
-1.49381
-0.0252282
0.308785
3.54152
-0.351779
1.24358
-0.532456
-0.507805
-2.35796
-2.77785
-0.857074
2.26665
-8.22809
-0.71684
0.384147
-0.0562412
7.05837
-0.803783
-0.297773
-5.86413
1.55869
2.08103
10.7314
0.928795
-0.153661
-0.800271
0.406675
-1.4093
-0.884228
-0.724613
-8.29915
0.470292
0.835309
1.42504
0.16314
9.69818
3.11746
1.7404
-17.8887
1.54832
10.9922
-1.86486
1.13497
-2.70854
1.23377
-0.705338
-14.8857
2.38943
2.90382
2.38551
13.0952
0.480756
-0.0679407
-2.2632
-7.06606
-0.712537
1.42839
0.142632
-0.686687
7.19152
0.682707
7.84581
1.22225
-2.34953
-7.49256
-0.608323
-1.4155
1.02181
0.138146
0.181273
0.22512
2.01898
-1.96894
0.850673
-9.14441
0.174393
-1.59991
2.24974
-0.259779
-1.88675
-0.829885
0.463947
-0.871842
-1.48143
-0.0450282
1.34423
-0.296982
-0.783922
-1.90202
-0.770271
0.554823
-0.447818
-0.274316
22.086
-1.46938
1.0539
0.85057
-0.364463
0.561432
-0.768905
-1.07033
-0.924852
-4.22241
0.776731
-0.353366
-3.45979
-1.16955
2.91672
-0.259571
-0.347937
-2.70603
0.416268
-3.33314
0.298311
-1.26795
-2.25333
0.741333
0.506921
-0.779669
-0.296936
-9.023
12.0038
6.25611
-5.9376
-1.17326
1.34173
-1.22817
-0.290115
2.93835
-0.0779372
2.24838
-3.37392
2.0387
-0.727671
0.168998
4.40383
0.390115
1.84413
-0.613975
-1.53973
0.00810314
1.64681
-3.40013
0.0225006
0.0793272
1.18975
1.07278
-0.0640502
-0.0649097
-0.397643
3.65031
-0.125141
-1.90268
-0.911327
0.619574
2.04053
3.19155
-1.36817
-1.82146
2.05776
10.9821
1.24964
-0.151204
-0.229787
0.407829
-2.6379
-0.15643
-75.6742
-0.0903242
-1.04859
3.12375
-0.24826
0.561387
-0.497422
1.0534
0.13749
-3.40877
-1.33842
-0.289949
2.17877
0.384644
-0.340161
3.86759
-3.93133
-0.454892
0.717767
-40.2769
-7.31452
-0.0187462
0.0665016
-0.254006
0.141586
0.689923
2.50997
3.88877
-0.123052
0.247827
-1.71767
0.308391
-0.641407
4.06022
-3.15635
1.12807
0.567506
-6.21592
38.3779
-2.10643
33.4147
1.47982
-1.86813
-5.29345
-0.633944
-6.7965
10.6419
-2.24386
1.34537
2.49423
-0.0373079
0.663758
-0.652089
1.82428
-0.402832
1.69617
2.76488
-0.749644
-1.51405
4.36272
2.51567
-1.94085
3.37646
-15.7631
-0.562509
11.1903
-0.748871
0.331392
0.684099
-0.289411
0.36555
-1.02073
-0.00448709
80.3777
1.10852
4.2362
-0.580919
-3.21344
-0.995019
6.34429
-3.47677
-2.48904
-5.25948
-0.331389
-1.03349
-1.36434
-81.9262
-0.582794
-8.1765
0.667944
0.246358
0.893807
-0.655283
-8.92116
0.0855065
5.3445
2.1285
-4.16554
0.342449
-0.162601
-7.77808
0.0305982
1.42671
-0.309477
-2.5324
-0.715015
-0.0322871
0.67719
0.6869
0.867621
-1.40772
0.789143
-15.4005
-0.811479
0.605243
-0.320021
-4.19464
-7.72834
-1.10782
-0.49203
-13.6106
0.112547
-5.31282
-0.830014
0.284206
0.394409
-15.8136
-0.519936
-0.412589
0.49086
0.398271
21.0487
-2.00271
1.00172
2.54878
3.43541
-0.211552
-1.51329
-0.50196
-0.55912
-25.7267
-1.66792
1.77796
-0.330902
5.97
-0.776168
-0.256263
1.28529
1.21114
8.49218
-1.71914
-0.221916
0.907983
-0.793209
0.347261
1.4359
17.3854
0.526516
-3.95068
1.11719
1.25345
1.05284
-0.857397
-0.192566
2.68994
-1.37856
0.267122
0.43105
0.79358
-21.6023
-0.0849756
-1.58238
-0.443246
0.080773
-0.422102
-0.896742
-0.0460313
1.54682
-1.9806
-0.382445
-0.0589377
3.29733
-4.87685
-1.05043
0.0262861
1.61016
-0.599052
-7.73834
3.81995
0.791123
-3.0626
-1.33766
1.13829
0.332691
-2.83822
-0.170395
-1.66828
-0.546552
-0.29689
-4.1433
0.461904
0.966581
-1.1291
-1.48145
1.47434
-0.843325
-0.320969
-0.657408
-0.82565
-0.606869
-1.02505
-0.7343
-0.404612
0.370698
0.579944
-1.12401
0.43214
1.66958
3.08623
0.180415
-36.1558
-1.2928
4.09863
1.63117
0.670804
10.5575
-2.50082
0.2517
-0.342251
1.85915
-0.550193
-12.3293
-1.18023
1.96922
-13.5466
2.61076
0.663199
0.997355
-4.06417
4.01273
1.26387
-3.17296
-0.163935
6.28434
-0.568625
0.179216
0.122716
-2.90501
-4.44699
-0.773574
0.0500144
6.22191
-0.140688
4.41031
0.692586
-7.00172
2.72609
0.432141
0.814726
0.265487
-0.955957
-6.76448
-25.4845
-0.514455
-1.87208
-0.945977
-3.12484
1.5441
-1.31154
-0.748906
1.01998
-3.81682
1.17104
-8.49932
5.73623
0.149331
0.676762
-41.8985
-0.0484591
-1.18766
3.50348
-600.917
-1.09106
-3.80735
-0.196887
6.77848
-0.302625
2.01073
-3.49027
1.16546
-1.46553
-1.89303
0.106313
-1.10065
-0.397047
-2.32408
-1.35084
0.267219
-0.577168
-0.415784
-0.0922553
-0.248451
-4.41093
-0.634692
-3.57642
-0.986001
0.414965
-0.39968
-0.807377
5.04535
0.498957
0.476692
-157.709
0.555807
0.531835
0.571724
-0.562209
1.13619
-0.00218442
-1.23651
-0.418105
17.0393
-208.215
2.15188
-11.5714
-0.502584
1.02293
3.56134
-1.1599
-0.368918
0.805492
-0.269955
-2.40881
-1.3922
1.04627
0.838281
2.2919
2.43292
0.48119
2.08207
-0.306344
-8.63248
1.18331
-1.47839
24.5628
-1.01162
0.646717
1.37282
-10.9835
0.100831
-0.505043
-1.04851
-3.92077
7.30608
-0.735464
3.4084
0.687682
-0.646498
3.00781
0.218373
-0.0144538
14.071
-0.39266
0.743943
1.27219
0.74278
0.271755
-0.913427
0.293487
-0.34144
-0.582794
0.445412
-0.165965
0.48661
-0.930005
0.0917271
-0.277748
-1.8885
-1.83219
1.0499
-3.3883
0.847317
0.327605
4.40897
3.78994
0.42468
-1.23362
-0.458836
-4.19352
0.234495
4.73311
-1.08879
-27.4374
0.650714
0.593061
0.318387
-0.357946
-1.56211
0.656122
0.781207
0.200159
1.29204
-1.48283
1.99111
-0.553016
5.62696
-0.45463
-0.147618
0.610591
-0.855394
0.0373784
-2.45978
-0.404527
-0.344311
-2.26881
-2.88418
1.85642
-2.40346
-0.318445
0.696271
0.85406
0.20761
1.04188
22.0494
-1.2147
-0.961461
0.518993
-0.092068
0.409438
0.845805
8.28912
0.607573
-2.12894
0.783041
2.07717
-1.47383
-0.270006
-1.0246
-2.55745
0.716238
-0.00139144
-2.55766
0.629599
-0.35913
-0.144449
-5.15931
-0.783598
-4.47332
1.1893
-0.811754
13.5542
0.883377
9.38115
-4.54749
-0.448106
1.23688
0.613808
-11.4777
0.35544
7.57069
3.56221
-1.83582
3.5524
-2.09806
3.34218
0.613917
5.53416
-0.254696
1.2307
0.977397
2.12417
1.30154
0.415911
0.0520308
-3.73933
0.299443
0.105569
0.190995
-0.356282
4.72526
-3.84533
-2.23733
-3.02568
-2.87505
-3.29488
13.0264
-0.986743
0.115099
3.33546
0.699842
-4.08411
-1.3009
0.00919946
-1.84826
-0.0922156
2.18483
0.582382
1.74585
-0.9624
-6.95655
0.231945
-6.49386
-1.0528
-0.552697
1.93728
-0.853785
-0.423929
0.388131
0.590559
2.90376
-5.30462
-0.0115597
2.82677
-0.701733
-1.13635
9.62693
-0.457318
-4.9633
-0.527813
0.476122
-0.113026
-0.26956
-2.37602
-0.183438
1.24833
0.722748
-1.29975
1.62161
0.272452
0.101148
-0.294054
-1.04923
-1.24259
17.8618
1.32617
0.610588
-0.659569
-2.23436
-1.09573
-0.0200493
-2.16597
-1.21414
0.765364
0.405384
-3.84929
-19.2977
0.146906
-138.927
-0.166373
2.81704
0.473729
-0.146722
-6.27173
-2.34089
7.14793
-9.39557
-15.9714
-1.34793
-0.97719
-5.68407
0.0887369
1.59341
-2.28462
1.01443
-1.49404
-5.88463
-0.0744635
7.23684
1.08267
-6.01179
0.198979
233.544
-3.03197
5.08377
-0.150449
-0.874785
0.488061
-0.112766
-2.1268
1.31232
-2.41668
0.370863
0.948072
0.579652
-10.4575
-0.278609
0.0284693
-0.551751
0.536442
-6.29983
0.250792
-1.15816
-0.210962
0.812992
-90.868
4.05722
-0.299797
-0.86691
-0.978828
-3.29884
-0.806029
-1.95446
0.759695
-1.1382
-3.28665
0.238536
7.53414
0.478275
-1.1158
1.62531
-34.2343
-0.504951
-0.64673
-0.916403
0.88269
-3.65961
0.382485
0.763815
0.0329628
-1.04059
-3.46763
0.475429
-183.264
0.0661951
2.32656
-1.345
0.00773259
-9.51085
-4.52006
-0.91121
0.0970069
1.4274
0.022706
-1.07463
-2.09392
-3.70585
0.510728
6.2614
-0.450705
0.579309
-88.1426
-0.0611746
-4.87649
1.15859
0.318447
1.43024
-1.8006
-1.03737
2.08452
-3.29732
-1.61947
0.0167503
0.33263
-0.153465
0.0478398
-0.976532
13.1042
0.0175586
-0.89159
0.51056
-3.95718
-4.50668
-4.81733
0.15601
0.0457446
0.243382
27.0363
0.15179
0.113418
454.934
-2.59516
-1.21622
0.107374
-0.326286
0.0479228
0.505232
-2.12488
-0.280594
12.633
-4.86045
0.903738
0.224597
0.586214
1.11392
14.255
0.0983879
0.264421
-0.303506
0.390371
3.89563
-0.26216
-0.587814
0.184124
-2.3423
-0.432168
-0.458175
-0.391255
-2.73685
0.343672
-0.411924
-0.329484
1.48639
-0.182059
0.313918
1.71711
-1.2521
2.06175
0.00567927
2.38137
0.515391
2.3862
-3.19067
0.0376935
-1.26593
-271.034
-0.00685431
-4.42274
-0.444064
-1.11906
-0.111421
1.71302
-3.89702
0.479535
2.93659
0.795709
-0.732599
-6.7602
-0.197724
0.555053
-1.78881
0.922692
-2.64204
0.770611
-22.8585
-0.364962
0.212033
0.730923
-5.21999
6.52939
-10.1688
-1.37903
1.21631
3.08756
-4.01225
-3.10463
1.1935
0.307931
0.222585
136.054
-1.67727
2.81184
2.50024
-0.681568
-0.21059
2.38199
-10.7412
3.15351
-3.41965
-0.0894591
0.667431
-0.167791
6.40546
-1.49792
14.6193
-0.0798846
-0.10572
-1.30239
-0.866625
-2.8191
-1.23679
-0.834991
1.52557
-5.63916
0.946816
-0.700902
0.686246
8.90613
0.24027
-0.480894
3.78175
-1.02384
-2.32142
0.292555
5.72684
-0.621051
1.39278
0.913771
-0.622127
5.23092
0.141345
-0.178431
-8.86945
0.306868
-0.652274
-0.609503
1.36446
-2.26634
0.32117
-0.960806
0.562476
-1.45268
0.752343
-0.669958
-0.28934
0.0893783
-2.32173
12.7508
1.83596
-0.0784106
9.44141
0.994097
-2.15987
-0.148214
-1.50979
0.10294
16.9959
2.19862
0.982813
-0.0334744
1.26514
-0.0937564
-0.922588
-1.20362
-0.455373
-1.2416
2.80616
1.814
-1.40255
1.96387
-0.111761
1.58897
-2.62147
-0.482937
0.815149
0.63059
0.402747
0.0844175
-2.12613
-2.34744
0.776264
2.69139
-0.0175814
-1.0439
2.42903
-1.50744
-7.83413
-0.988335
0.867703
1.66421
6.74117
0.0986143
-8.00937
0.550173
6.45425
-3.50118
14.4553
-0.407733
-0.967947
0.518711
0.378139
0.341217
-4.22246
1.52333
-0.101707
0.221866
-1.18568
1.39159
0.110439
-0.718527
2500.12
-2.82934
-0.388673
1.53111
-0.550475
1.45696
-0.0668304
-1.21793
1.35575
0.471022
-11.5014
-3.30731
0.748007
0.523156
-0.00255801
3.92922
-4.49527
0.0592129
-1.73061
-2.15429
-1.71846
-0.0429071
5.98923
0.0752584
-3.42406
-0.531241
0.669783
3.59633
1.03237
0.0297373
5.38317
4.01825
-1.16583
-0.0698829
0.253017
0.0708167
-1.17435
-0.61183
1.14471
-0.525124
-0.591
0.220965
1.03222
0.734611
-2.06897
1.81465
-1.9555
-0.155022
0.874331
0.24077
-1.04542
-2.18739
0.90715
62.1187
-1.45078
-0.302001
1.1378
-0.969246
0.667912
0.717817
1.8109
0.471165
0.217902
17.8169
-0.736186
0.682254
5.26412
35.3548
-0.630194
4.45785
-2.5666
1.25035
-0.166167
1.66558
-0.90355
0.55776
-0.242481
-4.3066
-1.00392
-0.782994
0.615094
-1.00994
6.29816
0.243655
-0.67595
0.580929
0.201898
-0.87095
0.594708
5.76596
-0.597568
-0.243385
-0.232578
-0.195408
-3.80985
-0.337144
1.05857
0.616918
1.0037
-0.350718
-2.26639
64.4746
2.18421
5.24956
0.973379
-1.95921
0.121642
1.06033
0.409606
0.675811
2.90379
-3.00257
23.7936
-0.459245
1.02525
-2.25065
2.05727
-0.158012
1.37614
0.279906
1.79561
0.85305
-18.738
0.374335
0.273935
-0.745577
-8.53915
1.97952
-1.43278
-0.0670586
0.140055
-0.0191138
-2.18742
-1.29178
3.30701
3.77342
0.745939
-3.38791
-0.213478
-1.92802
2.82323
0.452001
0.789271
0.442986
-0.7118
3.88977
2.62122
0.593486
3.37251
-1.45826
4.8459
1.56896
3.51324
-0.9641
-3.19835
-0.701112
0.163694
-0.166006
0.975654
1.06518
1.9208
0.522604
-9.41855
-11.5927
1.23019
-2.72
0.319703
-863.325
-0.394205
-0.561648
0.337568
1.15313
4.33387
1.85081
0.038811
-1.77594
5.26347
0.234791
-0.259083
2.38658
-6.40155
0.294207
0.04927
-10.687
-0.152666
-4.39983
0.861344
0.0613542
-0.695249
-0.604877
-1.70998
-1.36909
1.97621
65.2816
-0.509897
-0.665734
-39.1073
5.80279
-0.507873
0.619126
0.470853
5.72236
-1.75507
9.25624
0.536872
5.24148
-0.50569
-0.949448
1.0147
-0.0833451
-0.759609
19.6584
-0.511237
0.0776512
0.423468
-0.236954
0.000607347
-1.22873
-1.3078
-0.706378
0.825209
-0.778658
0.171857
1.94165
-1.44544
0.596454
-0.496903
3.18513
3.81814
-0.304587
0.742624
0.446698
-3.73887
-0.654388
0.800123
1.70375
-0.163964
-1.00003
1.49142
0.636906
-1.01728
-0.422606
0.180698
1.13957
-63.9352
-0.506291
-1.01038
0.0272338
0.530294
-0.468433
11.2418
0.0276281
1.53888
-1.58514
0.135722
2.21017
-0.754296
-0.412799
0.830998
-4.40985
-0.883941
-1.90972
0.207405
-0.349907
2.4783
0.648317
0.479564
1.20342
0.844501
-2.0628
0.563458
-0.237911
-1.68158
0.779791
1.34431
0.541001
-0.97463
-1.77929
-0.594818
-1.53932
1.80461
0.944921
0.243869
-2.05608
0.751256
-0.0203966
-0.202476
-38.9803
-4.33149
0.594682
-0.968435
2.45579
0.113572
0.841602
-1.40673
-0.880971
-0.0366095
-3.80533
-0.0201822
-0.263419
0.105649
-3.60023
-0.181986
-0.701616
0.177139
-0.214112
9.6269
-26.0104
0.336389
0.390913
6.5623
0.53522
0.946232
0.449388
9.21263
0.0707855
13.3985
1.99022
0.90521
-0.785861
0.874131
-3.54871
0.618478
0.0697939
0.28737
-1.084
1.44076
0.448521
0.69822
-0.79361
-0.348248
1.88238
1.40518
-0.913161
-0.267005
1.35422
1.35271
1.65298
-1.01634
2.33024
1.17993
-1.75511
-2.48167
0.376903
-0.686601
-16.1989
0.107095
-0.728007
-0.813399
4.5676
1.43627
-3.27927
0.26276
-4.08675
-5.18041
-0.171269
-1.71844
0.394641
-1.79684
-0.543719
0.192788
1.68465
-9.71753
0.974255
2.75838
-2.29127
6.09194
0.864578
1.92543
0.0398044
-2.60222
-0.45187
-0.579786
5.9526
0.258822
-1.56399
1.81339
-0.876274
-0.399341
-0.888422
2.13949
-0.322698
0.142131
-75.6792
1.65122
-3.04692
-1.11484
-0.529413
-1.21342
-0.952266
1.66732
-0.596406
-1.27481
1.10906
0.412557
-305.415
7.58295
-2.05477
-0.649453
-2.73383
2.66976
0.24622
-0.401957
0.807556
0.0942719
-2.78188
0.976027
-8.80684
0.616683
4.08126
-0.0932358
1.56043
-0.0491841
0.452075
-1.70942
-0.253787
1.60067
9.48385
-2.89981
6.92857
0.00743783
-4.36672
1.20109
-10.0465
1.37428
0.838111
3.06487
-5.13598
0.217764
6.74471
0.711954
-0.176077
-1.38377
1.3276
14.5612
-0.152502
-0.377959
0.703626
181.435
1.11979
-20.2126
1.03647
0.450768
-1.95311
-2.29664
0.897204
0.59683
1.16674
1.78832
21.7852
0.534519
-0.313484
-0.315604
-99.6241
-8.45806
-1.16214
0.436142
-0.174327
0.841219
-9.49118
-0.234314
-3.83742
-0.266073
-0.15583
2.79064
-1.93291
0.683594
-0.813024
-1.22538
253.857
0.71439
1.15139
-1.12966
-0.838443
-0.703085
0.0241207
0.547076
1.39647
-1.80694
-0.910001
-28.5103
-0.501631
0.728539
-0.886058
-0.485483
1.74865
-0.771495
2.54131
0.598693
-0.224608
1.38802
-1.15967
0.826907
-2.12546
-41.048
0.0997841
1.45831
-9.13637
0.41694
-5.49133
0.506152
1.01122
0.119951
1.09461
-0.445439
-7.51687
-3.46882
-0.294207
-0.979132
-8.04515
1.26937
0.102633
-0.266527
0.869583
1.22709
1.39383
-2.61372
1.42783
0.398476
-5.8913
0.5478
-1.22208
3.96432
-0.834414
4.94365
1.33271
-2.22607
0.841676
-0.729439
-0.256303
-1.15925
1.99476
21.7557
-1.93946
7.51375
0.748352
-1.06216
-1.4088
-17.6308
1.02003
2.90503
0.310882
0.261037
1.10481
0.533307
0.626594
-0.530505
2.22833
-5.11976
-0.849486
4.1785
-0.756745
0.266653
-0.0500471
3.27275
0.750371
0.143698
-0.233145
-0.34523
-1.97465
0.468923
-0.0294503
0.347156
3.70993
0.525975
1.24481
0.0580216
2.06248
-0.771268
-0.515648
3.48158
1.62399
-1.33421
77.9684
1.23824
-0.194532
2.19071
0.474376
-4.8968
0.0177527
0.571096
-1.96385
0.964017
3.49439
0.30657
0.955549
2.26249
1.99554
0.476695
-851.315
-2.1978
0.540601
-1.43446
-1.33668
-2.04795
-1.05071
1.64708
2.3578
0.370591
-0.153601
-0.856707
289.065
-0.729978
-1.2824
-0.157078
2.12042
2.94854
-8.69494
1.103
-4.32108
0.897421
-3.75196
0.0182005
0.877254
0.694062
27.8174
-0.0837366
-1.35564
1.21467
-0.87553
-0.545064
0.0775795
-21.3617
3.40287
-0.200886
-7.1157
0.767782
1.5267
1.55381
2.70526
0.601899
-0.447734
0.112666
0.0730512
0.598215
3.19199
-0.733668
0.149118
2.80843
-5.27027
-1.11159
-2.71249
0.327327
-1.14453
0.324005
-0.431082
1.58523
-1.72353
0.0708372
0.0255043
0.891475
-0.200613
0.966315
0.485495
-0.553133
-4.4788
0.703698
-6.40897
1.37784
1.8613
-4.17405
0.399382
0.074286
32.1694
-0.0439651
-1.60188
-1.71677
-7.87924
-0.517448
0.398004
-0.177442
4.99218
0.0682102
-0.0888486
-2.7518
-1.09789
0.488312
-0.330269
-0.261813
-0.137496
-2.23315
-0.638989
0.424793
-0.341502
-0.628311
-0.080182
-7.8146
-0.977472
0.492528
0.366111
-0.0952679
-6.48717
0.433799
3.03422
2.74374
-0.261254
-1.33614
3.118
-0.658333
-0.124987
1.35277
-0.101687
-0.445491
1.02905
-0.245367
6.59991
-0.0959915
-1.39054
0.110523
-0.485541
-0.666325
1.09211
-0.246886
-5.08753
0.954444
2.70572
1.46185
-0.986077
0.59426
-0.311022
0.899922
-2.35357
-1.62535
-2.3793
-3.34462
4.06892
-0.473743
-2.79807
0.311007
-0.155417
119.346
2.62835
2.18156
-1.4441
0.383431
-21.7129
-0.562854
1.1281
0.314183
-42.7347
3.21551
0.152841
0.375665
-2.05074
-0.420213
-0.258425
-1.67496
0.801893
1.18449
-2.80229
0.0896556
-18.0922
4.62049
-0.385412
0.685789
0.663236
0.645193
-10.6043
-0.0314806
-0.100737
0.068309
2.08522
0.791815
0.178226
0.543658
0.11498
-0.338787
0.402991
0.921829
-0.210961
-2.03322
0.140344
1.19219
0.44374
0.902221
4.45261
-0.625554
-3.9094
0.218423
0.13775
2.07136
-2.92806
-0.326577
1.14316
-5.0216
0.830137
-0.515093
0.204695
-4.56446
-0.725952
-0.0418673
-0.155391
1.06367
0.533689
-4.73995
6.52643
-0.246304
0.524448
-0.302774
12.6958
-2.02419
0.757488
-0.026129
0.210314
1.57451
-0.405843
-1.4594
-0.562914
5.92688
-12.0637
-1.31097
4.36908
-3.32081
0.89711
-0.469206
-0.570917
1.04345
-0.42136
2.04368
0.681999
-14.0187
-0.0136523
-6.88247
0.709735
-0.547847
-1.65368
-2.47917
0.192627
6.6823
-2.95097
0.107133
0.682572
0.713577
-0.0764122
1.07461
1.65808
-0.73666
0.321752
-7.98314
0.523137
-1.16883
-0.576747
-1.88088
5.40124
-5.28496
0.138209
2.70835
1.83526
0.210858
-2.58357
6.78253
0.197552
0.644774
-272.703
0.163082
-0.469732
1.73377
-1.24375
2.85221
1.66259
-0.655392
-0.0192472
0.709827
-1.6611
-2.86861
-0.323701
0.76912
-1.63805
1.4444
-1.03498
-0.882361
-0.0559389
-0.435947
0.3382
0.598547
0.0595898
-1.823
2.61113
-0.330011
-0.743903
0.125606
0.914221
0.266465
0.26857
0.335755
1.33992
0.148991
0.901519
-0.147293
-0.180332
-9.41542
-1.01481
-0.0269392
-0.225256
0.109663
19.4214
-0.593548
-0.0602569
-2.27887
0.606921
-0.330359
0.689312
-0.0402689
-0.788261
0.810453
-0.825314
1.23452
-0.918573
-1.12903
1.26678
0.818577
-0.472912
0.566502
-0.909622
0.206916
-5.21566
-7.89082
-0.358975
0.804015
0.0899425
-1.76338
1.80787
0.646412
-0.911861
1.21208
4.38224
-61.5441
0.16899
0.148177
4.21373
-1.16872
-8.75825
0.309882
-5.99007
-5.25772
-0.589735
2.69172
-0.572085
-19.5895
1.57052
0.690874
-0.0869733
-2.17141
0.959199
5.26408
-1.84563
-0.684232
-0.970884
-2.10313
1.33695
-0.988249
-4.41431
-0.836136
1.24312
0.0582197
-1.32727
1.46851
4.45911
-0.217577
1.81578
-0.505716
-0.832872
3.4659
4.55633
0.113014
-0.0495271
-0.188564
1.36715
38.3223
0.122373
9.27038
1.64656
0.639405
-6.20139
-0.376451
-0.689261
-0.882705
-5.32923
0.58
-0.0538235
0.993236
0.140442
-0.439523
-5.14962
0.503858
1.21524
3.01523
-0.634183
-358.168
-2.51436
-0.213295
-25.1081
-2.54633
1.67745
-3.5585
-0.278721
0.00949597
2.20285
3.04604
15.3669
5.58168
-0.127363
-0.207689
-9.72521
-0.935113
3.07394
-0.952159
1.97566
1.33973
-3.77347
0.431187
0.482335
-0.185998
-0.0276459
0.813398
-3.11067
0.789513
-0.935001
1.16588
0.422626
-14.015
1.1327
0.0351716
-1.87125
2.59238
-0.450082
0.448481
-4.2924
2.13326
-0.366883
0.272459
-1.21773
-0.0445516
-0.283892
-0.70829
2.18807
1.6093
1.94274
-0.950982
6.28979
1.5142
-0.43329
1.17081
-3.62182
-0.902503
-0.119373
-0.581064
-3.67673
-0.44918
0.185417
-0.437739
0.446058
0.467013
-0.551154
-0.0652902
-30.9603
3.40363
-0.821676
-4.59001
-6.56721
-2.42284
7.35466
4.4942
0.0656457
-1.10278
0.726056
-6.56984
0.297141
11.7329
0.122333
-2.31766
-1.55235
-0.411695
1.31429
8.51409
1.03065
0.0786971
-1.04909
-1.59115
-34.1222
-4.70945
47.9015
-0.749351
2.74782
-0.430628
-1.46024
-3.23667
-0.683663
-0.971766
-1.04312
5.78383
0.384653
1.6768
-1.61245
-0.0748134
-2.41766
-0.00340652
0.186896
-2.03115
0.146834
-0.0458836
0.735449
0.259994
5.42499
-0.404697
-1.67127
30.7812
1.00746
-1.93034
-0.89817
0.410063
18.354
0.839244
-0.210967
0.742349
-3.74509
-1.27299
-0.319525
-0.514622
0.613695
1.6477
0.896728
-3.53369
0.937131
-0.585811
0.717831
1.17816
-1.41898
0.0956611
-0.857979
0.438567
-2.39615
-1.61838
-4.99331
3.17434
-14.7268
-1.28332
0.236353
2.18503
-0.861885
-0.949992
2755.67
-4.02602
1.41653
-3.4493
0.0655319
-0.54391
-0.553089
-1.12079
0.0773537
-1.60231
1.05335
1.66759
-1.3444
-0.96725
-1.55391
-0.193507
0.123788
1.37123
-0.857166
-0.0102057
0.344117
-0.070776
-1.47086
-3.63929
-1.63973
0.803675
0.874878
-0.227528
-1.50671
0.460512
-0.981069
-2.70438
5.11384
1.42146
-3.40435
-0.238784
-0.932222
1.94594
0.449177
0.761618
-1.11641
0.12524
0.00269754
0.46858
0.698302
0.0296471
-1.17761
-1.44299
1.98433
0.326971
0.80687
-2.90434
0.6685
-6.4806
0.343956
-0.616759
-1.49131
1.18039
-136.979
0.150857
1.6874
-1.48218
0.0922795
0.0386404
2.14319
0.563646
-31.464
-1.15688
-0.547245
0.856661
2.03463
0.656098
1.79909
-0.466592
0.817956
-3.86068
5.06733
1.30532
8.69861
0.897373
1.14365
3.12099
-17.1217
1.86338
3.63416
10.5129
17.9703
6.28416
8.25512
-0.158081
20.3527
0.103257
1.3876
-0.195989
0.0532839
-0.988322
-0.341208
-1.40799
0.645201
-1.20881
-3.44584
-4.38702
0.457338
4.96385
-27.8714
-1.19531
-0.0907711
0.813222
0.170472
-0.256536
-2.79195
1.00096
0.983409
-3.53904
0.806123
-3.89678
0.0587379
2.32553
-0.343937
1.10305
-0.814134
0.27561
5.40089
17.4231
-0.781182
-7.54009
1.19807
0.315136
-0.449527
1.60766
-0.736573
-1.7223
-0.70728
-6.57708
0.491943
-0.37302
2.14713
-0.124878
1.87936
1.57924
0.554891
3.92596
-6.62661
-2.87315
2.07603
-1.35236
0.320292
-0.0209519
0.0999137
-1.01348
8.52277
2.58183
15.9589
-0.587224
-1.42266
0.712872
3.71063
0.855185
-5.32685
1.62572
0.0559183
3.0253
0.526016
-0.606385
0.254747
-1.58368
11.4307
-0.139876
-0.135227
0.540966
0.668384
0.416813
0.601087
-0.442853
-0.512741
-1.49253
-1.43073
-0.621241
-7.69287
-5.81639
0.0663164
4.63092
-0.33387
-5.14486
9.77878
0.696634
1.79953
-0.395028
0.597788
-1.60537
-0.247496
-1.06025
0.555049
-0.57878
1.54334
-24.1859
15.472
15.3261
-0.910415
-1.8817
-5.051
0.226464
3.01171
7.21719
0.672125
1.09748
-1.40492
168.521
-1.13456
-2.57703
4.63683
-0.841274
0.94574
-0.212255
3.95994
0.837043
1.33803
-0.414694
-0.305427
-1.07927
-0.736796
0.429208
34.3218
0.324695
-61.8516
1.11154
-4.55602
-8.77125
-39.5095
-0.421181
-0.706878
0.813864
-0.248895
-0.115478
20.9926
1.29808
23.9858
0.873311
-1.65119
0.194551
0.183578
-0.310341
-0.391399
-1.78028
1.17568
26.7024
-1.1928
1.27617
-0.22674
-0.284613
1.80871
-0.82162
0.564675
2.05727
0.478487
-2.26795
-0.773622
8.99843
0.710699
-0.710416
-0.181131
0.541385
-0.281685
-2.21635
0.407984
-3.69441
-0.791373
2.84237
14.1302
0.441823
-0.271144
-0.545852
-1.20274
-2.12812
-2.96112
0.499891
-0.151044
-5.25611
1.49109
0.106929
2.79029
-2.29877
-1.14916
0.0388649
0.250892
-4.13538
0.708832
-0.829925
-1.38996
-1.57095
-1.42958
-0.630327
2.26447
0.0373896
0.378804
-0.0415057
-4.20486
1.2111
-0.256032
1.81333
1.38858
26.6942
-1.05414
-0.0983585
-0.0157681
-8.00672
-0.0249054
1.65997
-2.39986
2.34799
-1.02357
-1.21944
5.37798
7.73755
0.254964
-0.113885
-0.0296054
0.47733
5.68125
-1.12085
-0.961677
0.289092
1.43019
0.127014
0.585745
0.0186166
3.55585
-1.31482
-1.40589
1.22484
-1.79173
2.07793
0.923594
-0.778131
0.524894
-3.1161
0.164528
-0.666516
-0.312415
1.59199
0.304225
-1.97688
-0.550036
-1.12564
8.60948
-0.249189
0.777981
-2.14884
-0.412297
-0.0891006
6.53918
-0.406546
-101.985
-3.52811
2.105
-3.01289
0.605912
-1.55306
-1.95802
-0.419064
1.73815
-0.102827
-0.541354
-2.53071
1.72143
-2.27254
-0.746504
1.40215
0.723235
5.31417
2.45812
-0.681513
-3.14235
-0.129409
0.0101465
-4.45555
1.27458
46.8602
15.1768
0.163398
-2.4666
-2.58458
-0.385144
0.278755
-0.963976
-0.403965
1.16541
0.631892
0.44743
0.377144
-1.23634
0.377275
-17.6352
-1.01914
-0.0784258
2.68895
1.68406
-0.63422
1.98989
-0.422233
2.5963
-0.558739
-0.276214
-1.50187
0.911565
-0.174235
-2.33472
-5.08988
0.961797
5.19765
0.780822
0.488287
0.893869
0.376166
-20.6045
-0.153903
-1.62211
-5.33503
-0.68251
-1.21084
-1.3725
-0.0627725
1.12901
-0.979891
-22.4813
-3.16872
4.32474
76.5398
-1.45413
2.1204
2.77901
1.17832
0.29219
1.29198
1.73834
0.395015
-0.0788221
0.973308
-11.1898
0.278784
-0.392046
1.90098
-0.175142
5.92102
6.25709
3.85763
0.433576
0.0504437
-0.00845931
0.883786
0.353139
-0.437365
-183.116
0.748223
1.11596
0.641033
2.61795
0.379805
0.674595
0.215536
-2.37241
0.764477
0.19398
1.31925
3.68589
0.513728
2.84553
1.10732
2.49005
-8.76998
-0.201998
14.8999
-0.383274
-0.987961
0.609863
0.755185
3.92767
-1.78828
-8.0211
-0.22981
-0.253989
-0.541197
0.156047
-3.29162
0.364979
-0.0949541
-0.280656
-6.91562
1.25164
16.8948
0.139711
-0.721439
-1.33049
-0.60078
0.100311
1.97762
1.3839
0.182237
0.814329
-0.87859
-1.94543
0.378035
0.24213
-4.66556
-0.472891
2.5272
2.87547
0.248814
2.67858
-31.5873
2.2986
5.39534
0.430257
-0.506033
0.949708
-0.983025
-3.23032
-7.82782
-1.15032
0.122798
0.611957
-1.01112
1.49071
-0.842014
-3.30193
-7.50102
1.40959
-4.80789
0.371947
-0.054048
0.278993
-1.72457
-0.350282
-3.42007
-0.937481
0.466882
55.5022
2.22623
-0.218895
-0.669114
-0.517785
-43.963
-0.531104
-3.33821
1.18559
0.0051891
-3.63878
0.87102
0.545386
-2.55965
1.03403
-0.536648
0.990415
13.498
1.33241
-0.89957
-0.631816
0.0863203
0.873048
-0.673546
0.153344
-20.8647
-23.2402
-1.35007
-0.0851655
0.95244
0.18668
-149.44
5.48972
1.67263
-5.12346
0.764696
0.353463
-0.698479
0.719559
-496.275
2.2633
0.398771
-0.696083
0.389163
-0.866689
-22.6195
-0.599001
4.83277
-2.10948
-10.9237
1.03146
2.03749
1.00609
-0.311487
-6.04715
0.912977
0.144222
-0.139027
-0.0467539
-1.12422
-0.464586
-3.78186
-0.568594
-0.166703
0.573048
49.6831
1.21506
1.79876
-1.99434
-0.0389268
-5.38461
1.08525
-75.7126
11.3862
0.96917
-0.12367
-3.11563
-0.313141
0.170412
4.40637
3.772
-1.26313
0.165225
-0.199241
0.36329
0.154458
3.3225
1.02563
17.5978
0.881898
-1.29906
0.472818
1.794
-0.389453
32.0289
1.54324
0.0618147
-0.534975
0.299817
0.626743
-1.39789
0.01425
-1.78298
0.84511
-3.08822
1.93274
-0.720734
-0.101632
0.177916
0.857123
-1.84902
2.27146
1.89296
0.866125
0.186476
-0.131989
-1.46809
0.752923
-2.359
2.24714
-2.6419
0.0697168
1.48747
-10.8757
-1.50017
-1.10665
-0.483568
35.618
0.0126514
3.21574
1.78083
-0.350168
-3.19008
3.55024
0.439548
-0.41832
-1.60687
1.72441
3.83192
1.67321
-0.0497395
-9.40086
37.2261
3.5444
-4.43389
-0.483813
0.136109
-0.149617
1.10368
-8.08903
8.78646
-3.16083
-1.09813
-0.152868
0.755782
-11.147
-1.09584
2.50096
0.394191
-5.28394
6.25606
1.39723
0.444837
-2.01223
0.196644
1.46648
2.18369
-2.95197
2.42657
-5.66691
1.07347
1.61328
0.0388929
0.0963399
-0.525724
-53.9362
4.43225
-2.29257
-6.33966
1.68015
-3.45828
0.407473
-0.400146
0.775362
-3.21387
0.448444
-0.805378
-0.60845
0.119175
2.64985
0.221758
7.70212
-0.967023
-0.426256
-1.00456
-1.42044
-0.665001
4.7273
18.9994
0.00900745
-1.44394
-0.282201
-0.178125
-2.31785
-0.343657
0.621523
-0.744578
-3.94391
0.0657696
1.18859
148.293
-1.37657
1.51938
0.89372
1.79143
3.68471
2.83532
0.080816
-0.860988
1.1608
-0.319441
-0.153248
-1.53908
0.45233
52.0206
-0.177883
0.470209
3.01046
1.89207
0.211631
-3.09995
-0.807949
-0.302395
-0.5557
3.05887
0.362259
0.930515
5.68826
0.465252
1.17687
1.59658
-7.60916
-1.92825
0.992241
1.02414
-0.214184
-0.175083
3.22703
1.38335
-0.879057
0.156161
-8.46805
-0.0510486
-1.56086
-0.0933229
-1.24442
-0.766806
0.31855
-0.878486
-0.524368
-0.181828
1.31665
22.6887
1.61089
-22.0947
1.49929
-0.157091
5.35036
-2.4946
0.240107
-1.11975
-0.00694297
0.252052
-11.1865
-1.33149
0.685374
2.84342
2.5982
2.25392
-2.31926
0.913404
-1.83124
-0.280017
2.3625
2.53119
2.22971
1.56289
-1.46784
47.2137
0.329824
-1.37581
-0.588
1.34585
-1.90755
1.16556
0.211307
-0.246064
0.554237
-1.14574
0.645193
1.68919
1.42221
0.532447
0.151716
0.0216041
-0.636249
8.37996
95.7812
0.761007
-1.39359
-1.83194
-0.271195
-0.460766
4.86668
1.49994
-0.325183
0.584685
0.222134
4.44118
-1.11836
-4.10186
0.44931
-0.408169
0.176542
13.7023
-0.548054
-0.378646
-4.70966
1.86222
-0.908933
0.0429759
-95.1537
5.52902
-21.2396
-4.41035
0.974505
-0.128767
2.16339
0.757497
-1.67822
0.149396
5.45071
-1.68311
0.122877
-0.746189
-7.87312
0.33999
-1.33867
-14.204
1.88028
-4.35902
0.693292
0.603048
-0.590553
1.62977
0.510563
-0.938122
-1.30966
0.622004
5.26171
-0.104636
2.52866
0.272564
-0.365698
0.212027
-8.38936
-0.175515
-0.0115764
3.80517
-0.828492
0.0962469
-2.08829
0.241034
-1.46724
-0.273688
-0.754171
0.815997
0.257979
1.01048
-1.35907
-1.74999
-3.01182
-3.99308
-0.487351
-3.41406
-0.365527
-0.924062
-1.20383
37.0126
-0.14496
-1.23631
-0.032494
3.10578
-0.129454
4.82549
0.242596
0.59731
1.12721
-1.30496
1.14482
0.563113
16.048
-25.7953
0.220103
11.4493
-0.964501
3.56293
0.052325
0.552392
-1.97642
1.58735
-1.4069
-1.32752
-1.5073
17.1239
-0.568798
-3.08115
2.29497
0.516461
-1.1032
-1.22829
-0.969716
-1.57682
0.427128
-0.937626
-1.50601
-0.418719
-1.1013
-0.358174
1.99168
0.545315
0.398922
0.439163
2.58605
1.96331
-1.49979
-0.264991
-0.570299
-3.29191
1.24477
-1.07929
43.1008
0.709663
1.03216
-0.13254
1.78659
0.140296
-1.99661
1.22554
-0.159909
-4.67596
0.493169
-0.021253
-1.11155
-3.39621
-0.795555
-15.0872
2.66987
8.80992
-1.69589
8.73129
-0.908667
-1.02265
-0.297889
-2.10411
-1.86448
0.46764
1.85454
-0.789527
0.859147
-0.424825
1.10888
-0.316241
-25.0876
0.111176
2.24362
0.999783
0.0727948
0.913349
19.0666
0.353611
0.427019
-1.03929
0.20925
0.809799
0.782461
0.618717
0.177421
-0.418697
1.87145
-6.56631
-4.56865
-3.36254
0.627099
0.494755
-0.410681
0.382208
-2.59693
0.783743
6.33681
0.0488891
-1.2803
-0.54736
-6.27567
0.618059
0.491121
0.552628
-2.23347
-0.756942
-0.669552
-0.0838252
-6.25783
2.57457
-2.06471
-0.496474
6.32478
1.20038
-94.7511
0.447727
0.997063
0.278478
-0.785305
-0.442719
-0.0949474
5.94817
-8.63919
-0.607968
8.23882
2.45277
2.66559
-3.29179
-7.88659
-0.176309
-0.932328
-0.660109
1.80466
-2.36924
0.608718
-29.9637
-3.22221
0.502652
-2.61315
2.38746
-1.6967
-0.158156
-4.26879
-2.08512
-1.85974
-1.39466
0.124591
-0.78181
6.4148
-0.640935
4.35045
1.10772
-0.162467
0.137507
-0.445357
-22.0963
0.866457
0.323677
-0.20818
-0.277691
-0.462605
3.46292
-11.043
0.755789
0.61222
0.355959
-1.92804
-0.340518
-0.256037
0.781405
0.0138321
-1.09234
-0.414278
-1.17864
2.54913
0.809853
0.208845
-0.400827
-2.15729
0.141093
-15.4079
1.03444
-0.578272
-0.11352
-2.53111
-5.37803
0.0361285
-1.40714
-0.109605
2.36755
0.924339
1.05354
-14.2115
-0.021307
1.47157
0.826107
0.410642
1.52279
0.525016
-0.881885
1.66668
-0.488728
-2.17355
-1.97287
-0.12823
0.571172
-2.52097
-3.14151
0.58104
-0.80437
-0.707501
6.33132
0.972177
-0.286017
-5.73484
-0.538776
-2.75963
-1.34169
1.61408
-0.503899
1.85335
-0.705945
0.862863
-1.19376
-0.251438
3.84133
-0.907579
5.01077
-2.92215
20.7757
57.3055
1.44698
2.698
-5.0031
1.9318
-0.498046
-2.47293
0.930794
-1.23156
1.79089
0.647104
-2.66522
-0.832693
-1.06301
-1.78567
4.95745
0.347609
0.937687
0.666785
35.1706
-14.669
0.605759
-0.141536
0.358253
0.223319
0.719235
-2.99649
1.31783
1.2975
0.453479
-3.61414
0.129556
4.54407
-9.41148
-0.898557
6.25922
-1.47015
0.554263
-2.6565
-1.26868
-0.579441
-2.82564
-0.237486
2.32528
16.2957
22.3708
0.791696
-6.15972
0.235557
-4.05598
-1.81945
1.12472
-0.82087
2.16635
2.28544
1.86506
4.90512
0.839182
-1.71566
-1.85425
0.47934
-1.21543
-0.00146993
-0.0410123
0.953317
4.37815
-0.252027
-1.9952
0.0811293
1.31858
4.31508
-0.0560029
-0.289775
8.42852
2.03879
-0.849296
1.81722
0.0967504
0.238284
-0.995535
-1.25405
-0.623697
-0.442845
0.819228
1.73427
0.647476
-0.214861
0.351409
7.27452
-0.752955
-0.619468
0.493758
-1.69826
-6.27667
-1.45201
-3.24761
0.441587
2.15379
0.369085
-0.925371
2.15453
0.857793
0.920562
13.4473
-3.59126
-5.00983
2.678
-1.31546
0.775716
-0.268774
11.8942
-0.421265
2.62118
1.60481
-8.71436
-39.3481
-3.68404
27.9285
1.08875
1.23695
-2.16276
6.76823
-0.694092
-4.40874
-1.51885
1.35356
-3.19619
2.58825
-17.4632
-3.27318
-13.2807
-0.739179
12.6251
2.86142
-0.630748
0.0472805
-1.79831
13.4609
2.08783
0.0817676
-4.86833
0.0795131
0.0917939
-1.34861
0.472219
0.639978
1.35707
-0.208122
0.260049
4.00613
-0.841527
0.864088
-0.0531943
-1.66367
1.26589
-0.282897
10.0825
-3.42718
-0.224695
5.52693
-289.865
-0.0805119
-0.0336894
1.89246
11.269
-0.616394
-0.207078
-3.06051
-2.5294
6.81802
1.16256
0.324339
-0.063636
0.713364
-2.37283
-0.0133641
-0.59411
0.842341
0.121622
0.145679
-0.0714245
1.45559
-1.91808
-1.01931
-0.659396
0.379981
-1.43839
-0.582109
10.2679
-1.01572
-0.966291
0.491796
0.280657
-1.32878
0.945751
8.60443
-2.54081
0.593499
0.541945
-2.28922
-12.1241
1.73362
-0.391286
0.515163
-6.61994
-0.315679
-1.62243
0.891714
0.312958
-0.286543
-11.4342
0.77136
-4.59267
0.524712
0.575572
1.11329
0.785324
0.0620927
1.88427
-0.665842
-4.84819
-0.166599
0.621869
-0.435043
0.0680458
4.5889
13.1099
0.850185
-0.00930202
0.611105
11.1772
-0.256852
1.41258
0.882227
6.40086
0.162652
0.401007
1.36834
-0.853996
0.511061
-1.03637
2.14705
-0.834283
422.819
-1.16499
-0.802887
-0.205352
0.696677
-2.89459
2.15251
-0.788847
-0.0312872
-2.47106
-1.22906
-1.3145
0.385022
44.6621
-0.339589
-1.36678
0.995719
-11.0658
-3.64094
1.49528
-1.74409
-5.53767
-0.606529
0.80787
0.641989
0.447912
-1.67691
-2.4903
-0.0509002
-0.285848
0.535616
0.755595
-0.465857
-1.2653
-2.89501
-2.32433
0.566994
2.26271
-5.37266
1.91895
-1.68957
0.197695
-2.69827
-28.5096
-1.36963
-0.874632
2.12397
14.1368
4.98138
0.790266
-0.307604
-1.3503
0.162452
0.1699
0.155404
0.214579
-1.08723
-0.158374
-1.02251
-0.207872
0.448956
7.54097
0.0758993
-1.65641
4.81949
6.30751
-0.151856
0.269209
-1.70997
0.5472
-4.05887
-1.8439
-0.396232
-1.947
-1.3504
-4.10777
3.47434
0.0652018
-7.47341
2.33863
0.319202
0.825317
-4.40074
-1.5181
0.183619
0.427181
-0.761942
0.731602
-0.478364
0.173985
0.851986
2.33303
5.13884
0.718295
2.33606
-3.01041
-26.294
4.32449
3.53447
1.11218
-0.523941
10.2166
0.213275
0.730623
1.37273
1.74473
-0.67567
-1.10701
0.277776
-1.12636
0.580876
-1.25804
-77.1407
0.0608277
23.0253
1.0013
-1.36271
-0.0819776
0.834776
0.33549
0.0042149
-0.444953
0.614268
1.74078
40.148
-2.80137
1.28907
0.805538
-4.89521
-0.413933
2.54012
-2.29847
2.17602
0.67932
-1.43121
-0.196358
0.770471
5.64717
-0.59665
-0.940248
2.1075
-0.164454
-7.73154
1.5606
0.3315
0.496427
3.04207
0.91451
-2.42598
1.1501
-4.71964
-0.00937892
0.377327
-6.18198
5.94628
-0.932261
-0.692352
-2.15137
4.20273
0.366969
0.335075
-2.03592
-1.0366
9.05915
-36.5683
1.18703
-0.53165
1.54958
9.82395
8.08311
1.93494
-0.803888
1.09439
1.74939
0.957739
2.00063
-1.36725
12.7932
-5.88879
4.22727
0.0292835
-5.19685
0.026531
-0.86295
-2.12655
2.63115
0.0912924
-3.18295
3.02078
-0.922335
0.75477
-0.856924
-4.3341
-9.20959
-1.14948
-1.3832
10.5446
3.18348
-1.36226
-0.420151
0.235712
0.00544486
6.00642
-3.05565
4.52643
0.505736
0.902456
1.45724
-0.598377
-0.424452
-1.19604
1.0458
-3.32103
0.0650065
1.128
4.42499
-4.70529
12.5524
-0.536431
0.922742
0.477988
0.268121
0.684342
2.03068
-0.993742
1.99246
1.23491
3.82707
3.81082
4.67628
1.1605
-0.55473
-0.63701
-1.57193
0.130058
-0.795282
-0.584603
5.28412
-13.928
45.4892
0.791394
-35.4631
-0.855841
0.383124
-0.634417
-0.178389
-3.76505
0.233725
-4.74096
1.5009
-2.25434
0.213029
0.0880775
-0.454697
-0.0481746
-0.982509
5.99624
3.72193
-0.632975
-2.72108
-2.24447
-1.48525
0.335944
0.625226
-0.321707
-0.43968
-0.732397
0.846772
-7.54533
1.21686
-1.50697
1.40488
-0.527463
0.0502289
1.14541
-0.315616
10.0955
8.8439
-4.81659
0.102079
-0.478637
2.54209
-2.22254
-0.158918
-2.08372
-0.658101
0.0313492
0.114018
0.226016
2.9943
-0.000429378
0.744826
3.60006
0.318639
-2.50718
-25.4038
1.56563
-6.34043
-0.223818
-2.9179
0.167198
4.10862
0.157887
-1.7486
-0.322087
-0.10352
-1.69784
0.0946229
0.422409
-0.815394
0.490909
0.970399
1.73872
0.854889
-0.523354
0.19132
9.19832
-1.51045
-0.80311
-1.99232
-1.75629
0.215074
-0.621351
0.0636723
0.74312
-0.421907
-2.41979
-0.13534
1.37222
0.440247
0.789574
2.81482
0.178692
-2.9271
-1.54105
22.9534
0.875895
0.0329274
-3.05099
-0.145815
-4.35277
-5.30028
1.08626
0.581083
-0.84997
-0.115976
0.00457418
0.396777
-1.63067
0.473341
-0.942255
-0.66956
-1.612
-0.827268
0.0422524
-0.644322
0.523567
-0.681928
0.361378
25.2591
-1.37904
-2.19861
4.72245
-1.00523
-1.46671
0.118228
0.42816
1.50068
0.0347313
0.810713
1.21922
-0.389383
0.510732
1.12385
6.58088
-0.80545
-1.00332
-0.547861
-1.22278
-12.8834
4.83356
0.340352
-0.141354
-0.0716982
0.435406
-0.0664331
-0.342357
0.0556745
0.12126
-0.139278
6.59605
-0.625013
-1.49053
-0.501071
-10.9157
1.71075
2.42971
1.03029
1.21183
-0.293523
-0.727432
-2.04527
-0.706122
-0.58136
-1.48622
5.53203
-0.137191
-1.69605
2.25555
0.855064
-15.2522
-5.86269
-1.35804
-0.0972928
-0.323352
-0.896585
0.593033
0.667116
-0.294252
-0.85898
-4.84426
3.7859
0.707251
-0.493787
-0.966138
0.322475
-0.749131
-8.28237
-0.0798339
0.379122
0.641145
-1.92234
0.272616
-1.17256
0.141654
4.23064
0.365767
5.18748
1.47689
5.38147
-4.17967
0.112515
95.144
1.42651
0.263024
-0.0993446
0.212588
0.271727
7.48368
0.272432
-2.07323
-0.358221
-0.446081
0.993149
0.712218
0.986666
0.921012
0.204009
0.337733
1.27769
-0.126225
0.164225
1.46479
0.218829
0.422533
1.17914
-0.973401
-1.81978
-0.126381
-4.46388
-0.453401
0.784699
0.425523
-0.868637
-0.206225
-0.644863
1.40691
-1.15719
-0.735426
-2.42615
-13.9997
-0.333457
0.611399
0.875698
0.17542
5.48108
0.201363
-1.3608
0.811264
0.506127
-2.31329
5.09988
-2.02808
1.00565
1.79639
-9.89012
-4.15065
-0.891025
1.41642
1.27532
1.80686
-0.287803
1.09087
-1.20348
-4.286
-0.718663
-2.10614
0.0589819
-0.738469
-3.12322
-2.17217
-3.32128
-7.56291
-4.75959
-3.09578
0.113404
1.7088
2.1498
0.11094
-0.754472
0.270637
0.243539
-0.173441
1.70769
-1.65655
-2.01694
2.15606
-2.09031
3.02877
-28.1004
1.65501
4555.62
1.81383
-5.17078
1.14844
-0.798393
3.75438
0.229275
-0.973547
-0.00849875
-0.838301
2.43762
-0.607191
-0.807737
1.21251
-2.8839
-0.269755
0.146267
1.37401
-1.59597
2.89474
-0.493853
2.86798
7.4239
-3.07672
5.69092
-0.218889
-1.58888
0.545632
0.670501
0.767498
0.646938
3.06616
1.1211
3.27073
-1.06088
-2.80741
-0.518283
-0.90889
0.255733
0.73281
-1.68005
0.200588
-3.5819
1.20941
4.48808
22.2803
-3.11481
-0.869564
0.914809
-2.39038
0.334457
1.24244
4.31677
1.03164
-0.981094
-0.891444
1.28492
-0.0368446
0.346983
2.00222
0.832854
-2.22902
2.15142
-2.69416
0.66231
0.813722
0.0213982
1.9714
2.17202
0.293603
-3.09873
-0.422071
0.694206
-0.138914
1.47418
-4.48742
-2.6541
-1.31182
3.29934
0.33762
1.92254
-0.628811
-0.15733
-1.54501
1.02934
-0.0187627
-0.0755164
0.377428
0.706221
-1.53081
-0.464395
62.09
1.08824
-0.829304
0.931281
0.19966
-2.33415
-0.0649174
-1.60679
-0.521158
-0.62088
-19.8781
-1.1397
0.146097
0.403022
-1.1216
-2.97554
1.2457
-24.3273
18.5391
-2.13688
-1.95848
24.9825
-5.33901
0.648641
1.8014
1.47563
-22.234
0.422421
0.722241
-1.99511
0.442633
-2.46996
0.475225
-1.51986
0.443389
-1.51815
3.19488
-0.512387
-0.370881
0.192555
1.21504
1.44648
-0.0521693
7.13923
-5.44828
1.46658
4.98609
-1.48731
0.652305
-1.9096
-2.75705
1.43294
4.98473
-2.40883
-1.61453
-3.00003
0.0724431
-0.266387
-1.1484
1.78408
-0.731715
-3.67811
4.22445
-0.594139
-0.198897
-2.12678
-0.612329
-1.56582
-3.06674
-0.566265
0.319416
0.184044
-0.459918
1.05221
-1.11579
0.623959
0.43491
-0.540503
0.401303
-0.758221
0.280748
0.321723
-1.43296
-0.228808
2.45657
-0.297709
-0.622395
-34.3163
0.649277
1.79132
-0.0175046
-0.584922
6.26805
2.39383
0.701937
-0.164157
-0.310765
-0.878158
1.29619
1.59958
0.0996844
0.144454
2.66201
-0.582974
3.72559
7.86835
-19.8692
-1.52596
-0.75903
4.51823
2.40571
-0.313861
-0.972335
0.511603
-0.712219
2.32797
-0.253634
3.57546
-1.42278
0.0928072
-0.306461
-0.776364
2.66807
-1.83999
1.8971
-0.781398
-1.36918
-0.224997
4.2142
2.75256
0.456751
1.22862
0.0093709
0.587017
-0.027562
-1.22271
0.870595
1.20189
1.59948
-0.459553
2.57006
0.199656
3.40237
0.164214
1.40489
0.0139911
-1.55273
-1.44467
-0.925134
-0.768915
2.00891
4.34882
1.81075
0.437876
-1.35389
0.455367
0.255686
-0.665654
-6.7803
8.50866
2.20637
5.62317
1.93951
-2.35862
1.68884
6.28039
-0.0127469
1.67579
-0.768297
-4.67676
6.0458
-8.47391
-0.645153
0.802904
-1.35905
1.49817
-0.868005
-0.235912
-3.35386
-1.5019
0.520554
-2.95257
-0.371672
0.205441
0.729409
-1.48441
-3.48341
1.02245
-0.689841
-1.17635
1.62836
1.8247
0.797171
10.1267
1.16951
-1.31448
-0.157545
24.2155
0.555547
-0.503775
0.101701
1.30628
2.80801
2.18427
1.05031
-2.00094
-0.660183
1.23963
2.64529
-0.410397
1.13678
0.576989
0.76811
-0.178208
-1.17902
-0.476979
0.66768
-2.24803
0.0889049
-27.8252
0.988773
-1.26686
-1.80863
-1.01793
11.0185
1.37542
-1.6669
0.458331
2.40797
1.38012
-0.103125
-0.289632
0.268879
-0.432827
-1.55764
-0.697732
-0.0227127
1.4539
-44.7517
0.541322
-1.83075
3.74935
-0.236614
0.75741
-169.636
-0.757048
0.127226
0.257175
44.7357
-3.15099
-5.46781
0.950058
-0.377059
-1.17171
0.19223
0.0679182
2.5152
0.679664
-0.645456
-0.192598
0.597496
-0.935329
-2.10227
0.289113
-5.05438
0.0548829
0.441055
7.34355
-1.60866
-0.439769
0.0428551
5.75869
2.175
-1.09789
-0.730484
-0.264327
0.163036
2.22075
-0.614022
-1.48988
-0.15466
0.599782
-0.702358
-0.564016
4.80762
0.407259
-2.54216
0.695868
0.341677
59.9563
-0.883772
-77.6048
-1.05723
1.31056
0.57843
-4.7289
-1.66194
0.573631
-0.9999
11.4478
-0.323745
1.12347
-0.346738
0.58962
-0.675738
0.0663441
-1.06437
-1.00323
-0.37213
-0.149391
2.34766
-6.42343
2.11859
2.33264
-2.92553
2.31718
4.91595
-0.291701
3.98587
-0.715261
-12.382
0.747193
0.00273912
0.541258
-1.2975
-3.41321
-0.523615
-5.76008
-1.73311
-0.0826446
10.7927
1.63246
-0.567788
-1.20346
0.209
3.39153
-0.118856
-0.125038
1.19134
-0.197432
4.50574
2.52976
-9.63432
0.0891044
0.333563
0.319002
1.14974
0.296215
6.3833
-0.724835
-1.88143
2.25838
2.24788
18.1732
-0.0737253
0.741192
-0.435259
0.0461904
-0.949397
-0.219051
-2.43295
-0.470183
-0.141585
-1.06324
0.762187
-1.21666
-1.43319
0.89066
0.0981642
-12.5097
-1.39102
2.38178
-1.89337
-0.756196
-346.547
6.88087
-4.39304
-0.87361
-2.37013
0.430187
-0.146767
-0.37744
0.155856
-0.668589
0.828864
0.576142
0.736206
4.19693
1.94058
-1.25825
-0.480932
-5.84657
1.39276
-2.22376
-0.0279541
0.724673
0.0465944
-0.137528
-1.2023
-3.31948
-0.97142
-3.6531
1.10336
-2.41777
3.77458
-0.131249
0.18706
0.7256
2.84885
-0.913568
0.859232
6.50187
0.445973
-9.46695
-0.249112
-3.36069
1.82779
1.17645
-0.909455
1.07889
-1.70382
-2.27763
0.27611
-0.588532
-7.70513
-0.580297
0.535364
5.10234
-1.03968
-1.70896
-1.22156
2.22661
0.318158
-1.65067
3.67665
-0.0831265
-3.02286
-1.66973
-16.0293
0.446493
2.27608
0.101793
-11.6377
1.93449
-2.37271
1.9813
4.14442
-3.5453
-1.045
0.786505
7.50949
-0.64255
0.716877
0.363434
-1.99738
0.317623
-0.184418
-0.167586
1.6511
-1.01148
1.19109
-1.10001
-1.25374
-6.85648
6.82102
-0.151065
-1.86537
2.0951
1.91001
-2.13434
-0.812909
-0.0805063
-0.361628
0.969709
5.59896
0.114095
1.39283
-0.165444
0.685846
0.355151
-21.0482
-2.73873
-0.718937
2.32385
-3.11669
-0.499306
0.20481
-2.12223
-0.986936
1.09322
-22.1956
1.01776
-0.976833
-3.86986
1.30431
-0.14321
-1.32299
0.743966
-0.0442765
-0.986172
-2.62924
-0.649682
1.87835
3.99223
2.13586
-0.462884
1.99713
-10.2628
-3.8097
1.06161
2.41676
1.91484
0.227067
1.45812
0.0698124
1.70004
0.923502
0.248391
7.18981
14.7079
-1.43975
0.274008
1.62561
-0.624378
0.281004
-1.56836
0.206705
-1.77585
-0.82229
-0.334533
0.120243
-3.2648
7.05914
-0.934925
-0.275039
-0.801632
0.260034
1.83764
-1.93101
3.54121
-0.11384
0.53202
1.83159
-2.43236
-0.502829
-1.55655
0.0940138
0.0138169
-0.0603773
1.24394
-1.06834
0.170492
-0.819157
1.0519
-1.25179
-0.227892
1.44316
-1.46078
0.387182
-0.470594
0.232914
0.153936
0.820024
-0.800876
1.69639
-0.283464
-0.1965
-0.831087
0.665718
0.246005
-0.0405179
-14.0747
0.11313
0.0539826
0.216305
1.04609
-1.75121
-0.0223332
-1.84713
1.50242
0.872482
1.51124
0.336403
3.30764
-0.68479
-1.31938
-0.139383
-0.0273288
-0.673154
3.12762
-0.245983
0.192024
-0.396022
62.1245
0.0689181
-0.347478
-0.0479136
1.61994
-1.22899
0.82431
0.937031
0.0564363
17.1867
-1.49529
-0.263013
0.294154
-0.663503
0.362959
-1.38877
1.57205
0.532122
-0.984475
0.730947
4.0757
-1.3157
-0.210421
0.053868
0.766229
1.26074
-0.0721045
4.91647
-1.48641
-0.919225
0.212065
0.136782
2.02922
0.665388
0.327526
20.6735
-0.19606
0.518368
-0.703065
1.71484
-10.2551
-0.632575
-0.147562
0.181537
-0.578783
-5.47679
-0.144638
0.586102
-0.371321
-0.627165
7.34119
-1.3974
-1.09319
0.497319
-15.0212
3.11104
1.85129
0.750678
2.54558
9.92626
0.794956
3.17627
10.8781
0.168807
-0.372274
-0.340158
-4.13839
3.21194
-3.32694
0.395567
0.206492
-28.1902
0.186198
-1.16689
0.346863
0.200799
1.28506
-1.72386
0.159769
0.0473472
-0.815693
1.80958
-0.726171
0.845836
0.0304862
0.598583
8.51924
-0.172902
-3.32407
8.14194
2.07255
0.911014
0.285581
142.847
2.04743
0.0795011
3.19695
0.767936
0.0663489
0.717738
-20.3229
8.96671
0.54016
1.37255
0.339212
-0.222954
0.375196
-0.0907027
12.5632
11.2094
1.43929
-5.72362
-0.292408
-12.0115
-1.15984
2.1741
-1.47137
0.540359
-2.57081
1.91227
-1.70016
-0.273793
-3.39989
-0.942725
2.97303
0.981126
0.0209647
0.282291
0.486236
-8.86653
0.30708
-0.575515
0.250898
27.5288
-0.3586
17.9731
-0.194654
0.343231
-4.65892
3.65012
0.665925
-0.358377
-2.3944
-1.49503
14.0985
0.731368
0.632774
3.13176
0.169186
-1.06385
0.347354
0.480469
-0.933165
-6.48308
4.03037
12.8472
-0.0267973
-0.0521645
-1.52064
0.826887
0.32207
2.79824
-0.367082
-1.44975
4.12802
-2.30559
-1.13036
-6.24236
0.0520641
2.60255
4.45963
-2.0984
1.43669
-1.91868
-9.37963
-1.26931
-1.13831
-2.73169
1.82555
-121.988
-0.476126
-0.390743
-3.18146
-2.88252
-0.77438
-0.393072
-0.788656
-1.15468
0.183521
-0.0408961
0.498654
0.454373
0.0389773
-0.825054
-0.32018
-0.278339
-0.162954
-0.193184
3.47842
0.470448
0.118758
3.01261
1.19118
-0.685671
1.82603
-0.206125
0.42519
-0.329698
-5.00026
0.385753
-0.691014
0.40821
-1.41075
-0.849992
0.553139
0.663028
14.2335
1.24186
-0.129154
-7.77685
-0.28391
-0.566292
-1.61096
-1.39758
-2.94754
-1.10995
-1.24685
0.0388949
-0.105744
-1.19728
0.136693
-3.53344
-0.938222
4.94852
-0.877872
0.91416
-2.02303
-23.4263
-1.25296
-1.9833
0.823918
-0.0446006
1.30838
0.112919
-0.45053
-3.51568
-0.952095
0.520142
-28.1319
-3.69619
-1.48528
-2.11091
0.230012
-1.48638
-0.275686
2.5439
0.470117
-0.944564
-2.5915
0.0529942
0.709156
-0.622468
-4.68232
-1.10564
0.450674
-0.32756
0.36103
0.608274
3.8867
-2.34035
1.89759
10.2648
161.902
1.49858
-0.614302
2.33246
-0.255969
0.365483
1.33137
0.836995
7.96675
4.07796
-0.240258
0.798908
1.86714
-1.37184
-0.0298622
-0.0956339
8.64184
0.194572
1.54045
-0.912813
-1.49176
-4.44326
-0.709328
0.501531
0.226372
-0.0233126
7.60212
1.17564
-7.00395
-2.22201
0.212644
5.7079
-0.607604
0.344933
-0.0174402
20.3102
-0.129059
1.06362
-0.207232
0.410359
0.161001
-6.3384
-1.03763
-3.46285
-3.07122
6.36174
0.51077
-0.683393
0.860532
0.954602
-0.916816
-1.8413
-0.0830334
0.766372
0.435283
0.703368
2.62249
-0.360798
-0.0667991
7.40331
7.49219
4.2436
0.843086
-0.62169
0.130291
-42.7631
0.197293
-0.627035
0.345821
0.242325
-0.109433
0.332514
4.83102
1.1793
0.0284236
0.0264149
0.384441
1.66705
0.359573
-0.206368
-0.963986
-2.61778
-9.57594
-2.60507
-0.466449
0.144906
2.18004
2.28262
1.16406
3.75508
5.86557
-0.0918436
-0.711148
-0.74094
3.02788
-3.12091
-0.560756
4.25452
11.5096
-0.817325
-1.13717
-0.295839
0.288877
0.133002
-0.0454021
0.248262
0.483514
-1.33811
-2.14412
0.513829
-0.431367
-1.53822
2.62055
-1.21543
1.4415
-0.114256
1.11786
2.84101
-5.63211
4.27343
-0.763428
1.5686
0.3803
0.71551
-8.19518
0.498565
2.14028
-4.61024
2.55804
-5.44169
-0.142016
0.0512173
-0.357693
3.26251
-1.69221
-0.107701
-0.557939
-3.97145
0.200185
0.288353
2.71793
1.56655
0.106089
0.0681744
-0.344832
-2.04661
0.920977
1.15832
-0.710507
4.72741
0.750767
-0.92074
0.277826
0.350975
-3.58446
0.0689413
-0.832398
4.13049
2.23148
1.49531
1.19444
-0.226372
10.3353
2.18431
5.93208
0.0491396
0.161904
-0.153753
0.811107
-1.56858
0.734799
-1.23794
-0.664346
-1.16699
2.93139
0.159496
0.430472
1.39514
2.0849
-2.13594
-195.888
0.5799
-0.414335
-2.65415
0.0718633
-2.23451
0.2897
-0.634452
-0.843175
-0.172567
-0.342967
-0.692498
-0.0866909
0.369579
-0.709349
3.35857
1.28547
-1.03139
-0.767989
-13.17
0.203406
15.6398
-0.126237
0.839384
1.09644
-0.855127
-1.49006
0.522659
0.180319
-0.911591
3.84393
-1.1788
-1.13544
-705.146
1.5034
3.0328
-2.44202
-1.37496
0.300225
-1.78028
0.268216
-1.82566
-3.38474
1.10781
-0.0267912
2.78328
-1.30121
0.393413
-0.480114
93.1036
-6.44109
3.72216
0.425411
13.7868
-2.439
-0.809364
-1.74006
2.69661
-0.297915
2.3538
16.5268
-5.9424
1.9521
-0.00511042
4.95261
1.3358
1.34556
-0.142434
0.268501
-0.0202321
-2.5495
-7.14965
-22.4608
0.758981
-0.233208
-0.354987
-1.67726
-7.95113
0.449465
0.029895
-0.284234
0.534778
0.663922
-0.938005
1.82143
0.608689
0.430973
-0.912542
-0.469008
-1.74924
-7.31217
0.566773
0.492313
-1.49347
-2.91382
-4.40359
-0.352182
0.261666
-4.38962
-0.790345
11.9572
-0.585423
-6.42053
-0.678144
0.378638
1.46643
-0.52449
-0.708472
-0.122089
0.0911823
2.79416
0.643652
-3.34965
0.944229
0.624535
-0.231208
-0.806889
-1.23708
-0.889591
-0.774605
-2.36561
-1.61336
0.522724
-0.312254
-0.522173
0.242812
-0.880747
-49.6424
10.629
-0.427343
0.603355
0.239539
0.692191
-4.77112
-2.86248
-0.437827
-0.108967
-0.415506
1.05188
-0.985294
-1.15078
6.03071
0.463495
0.568994
8.99563
1.2458
-2.72873
0.61137
1.94432
-0.731441
0.680317
0.42968
0.770789
0.608313
-0.36358
5.43716
104.494
3.42568
0.104118
-3.15098
-0.434166
0.758724
0.719894
-1.49149
-0.408352
-0.72208
-0.975223
-2.05548
5.886
-0.316398
0.529144
9.10761
-21.7991
-1.53444
-2.64897
-0.604609
0.018396
-0.698425
-1.41019
-0.729531
-1.5543
30.4175
0.151625
-0.608082
-2.49724
0.0195627
0.0525191
30.1963
-2.33744
-0.497022
3.3056
1.03286
-3.58148
-2.69545
-0.632732
-0.421727
1.30594
-1.84695
-0.250866
0.164176
-2.89834
1.70999
-0.0607387
2.95968
-0.640507
0.599422
1.10247
-1.15475
-6.28164
0.312783
7.61571
3.0559
0.151618
7.14843
-0.433973
0.548948
0.856474
0.893672
0.414336
4.75926
1.22495
-0.361723
0.212101
0.199287
-8.54372
0.718309
-1.0696
0.495864
-1.43493
-0.165599
-0.217781
0.47701
-5.54784
-7.08029
-1.84394
-0.689448
0.772962
-0.213848
0.252972
-0.493589
2.13557
1.45569
-3.12824
1.53653
-1.89421
-5.51339
-1.61262
2.30843
1.01616
0.487008
-2.56055
0.0633401
-0.129271
-0.440645
9.93771
1.67576
1.06857
-0.93046
0.833786
-0.153356
9.23032
0.47568
-1.25233
-0.092809
0.17552
0.0286342
0.921282
-0.178346
-9.41874
-4.40397
-0.59528
-0.183576
8.82588
0.436897
-0.578613
-0.377484
0.619753
-0.199623
5.8874
0.0359851
-0.995989
-0.000124892
-1.72991
0.513769
0.135708
0.523577
0.210977
-1.19548
-0.236609
-4.42408
1.11666
3.01063
0.973338
-1.53622
-0.8337
-0.00116994
2.51244
-2.34231
0.801966
0.467757
0.196521
-2.11835
-0.550418
0.573118
-0.591123
-0.0276791
-0.862026
-0.368993
-1.29587
6.45401
-0.227174
3.01152
-0.225853
0.101123
7.75901
-0.392832
-1.41601
0.286848
6.11955
2.61952
0.06139
47.6187
0.279892
0.391789
-0.655327
-0.369899
1.6984
3.88347
36.631
-1.29024
-0.973506
0.441124
-0.566177
-3.60863
-1.13545
-0.233805
-0.0752732
-222.96
0.11133
0.493101
36.9937
8.44645
-3.26685
-0.275001
-2.22804
0.22878
1.2159
-2.18297
1.41998
-4.97524
1.55565
0.584625
-1.07697
0.473204
-0.302822
0.561529
-2.99335
1.11131
-0.622159
-0.987731
4.73421
-4.31383
-0.721864
-0.217504
0.85909
0.416539
-4.44246
0.910707
0.34097
-5.59017
-0.923504
0.642031
-2.78671
0.190485
-2.69467
0.980277
-1.09921
1.04912
0.280547
-1.85082
-8.75009
111.142
-1.08125
-1.89197
3.44114
-2.1851
3.71168
-0.355928
-1.49204
0.728407
0.0951597
0.916714
0.267443
0.0816044
-1.32725
-2.87789
-0.20266
-3.22039
-5.24316
7.5649
-1.56215
-2.74613
-0.37468
-0.690943
1.35435
0.866494
0.491456
0.202318
3.91279
0.194483
10.1454
-1.47177
-1.79472
1.46639
-0.421282
-2.45874
-0.204777
-0.00318209
0.483353
0.151419
-0.415409
0.92576
3.02012
0.363583
-0.105311
-8.14384
-1.61638
-1.56713
0.555025
-1.52074
-0.75887
-0.115357
-8.70022
-0.406271
4.44277
-0.715438
2.062
-13.1479
0.26952
0.7208
-0.00558796
-0.815013
0.952498
0.629779
0.630602
-0.207449
2.38402
0.616881
-1.63617
-1.122
-2.63657
1.14918
-4.16082
0.331089
0.69833
-1.68571
0.846875
-1.61277
-0.489547
-2.47103
2.33711
-0.511819
-0.39747
-0.643537
-2.99093
13.7791
-0.738649
1.62935
1.78465
0.140068
0.322139
-6.26081
2.35314
1.49556
2.82996
-0.0958197
3.43224
0.100043
1.76083
-0.998801
0.113631
1.37071
2.39212
-2.18871
3.7891
1.33019
1.45183
1.3887
0.870636
6.09057
-3.31336
0.322004
1.11725
-1.14206
-1.63231
-0.210772
0.400866
1.3845
-1.09755
0.47226
0.413265
-0.0112218
0.642147
2.79084
-2.04722
0.884217
0.271286
-1.32754
0.842585
-2.87364
-1.17307
0.969565
-2.92729
0.834074
-0.163715
-0.0121176
0.39206
-1.17447
-0.221168
-1.80508
0.149149
7.81808
1.72471
0.161174
19.1422
-0.170673
-0.156852
-1.74662
0.297996
1.46472
-0.637937
-3.88388
3.48421
-0.296076
0.519288
3.00358
-1.28871
1.09693
-0.189498
4.88935
-53.1985
0.679907
0.188194
1.28038
5.73674
-0.307444
1.37021
2.16119
-0.00649277
-0.821925
-1.40243
8.12318
-4.72469
0.80228
2.55596
0.110447
0.261808
2.71514
-0.230213
-1.30418
-0.0678686
0.251001
-3.67817
-1.41764
-0.533162
-0.089817
3.67531
0.0767755
149.448
-1.52675
0.794462
0.45163
4.22997
2.46994
-3.51194
-61.0382
11.6764
1.58128
-6.39103
-0.0519646
0.522763
0.0895384
-6.27284
-1.11079
1.03991
-1.22572
-0.275256
55.2665
-0.441743
0.786823
1.91825
1.53518
-4.40765
7.6866
-0.502362
0.665268
0.129928
0.0574918
-3.37286
1.03228
-0.222067
-1.25029
-0.756557
-1.58547
-0.215915
-0.647381
-0.106177
0.944546
1.22011
-3.28879
3.83072
-0.415532
-1.68468
-2.29288
-2.60461
-2.04559
7.90489
-0.761283
5.09743
-3.99412
-1.62057
-2.00381
0.338307
1.14279
0.458353
0.967426
-1.22491
-0.962848
1.66646
-0.546939
-1.81334
-0.960733
-1.18084
7.94281
6.06784
0.141065
-0.495942
-1.88851
-1.00157
17.4851
-0.0679056
0.618855
-0.278994
-4.52465
-1.8227
-50.5698
-0.903451
2.26351
-0.214578
0.371567
16.9031
23.1051
-0.205894
1.92513
0.576213
-16.005
0.204476
1.01476
-0.528607
1.33244
-1.35479
5.98422
-3.46489
0.873283
-1.09859
1.23472
-0.496507
-3.37422
-22.4765
0.0834431
1.0866
-0.206021
-3.59122
-1.268
2.58717
0.953165
1.30107
-1.38432
1.30535
0.897486
4.58027
-4.41747
-0.0194774
-0.945851
-0.338092
-0.526516
0.337044
-0.65892
0.816299
0.795499
0.589238
0.571612
-4.58691
0.307329
-4.79417
-0.000207966
0.0607649
2.1135
-0.568526
-1.68274
0.696503
2.44417
-0.0589264
-1.07745
-0.52709
0.471172
-1.19237
1.22988
-0.757654
-1.78462
-0.556128
-1.11004
-0.916787
0.339457
-0.690112
17.1085
-0.211619
1.43967
-0.141391
0.244703
-0.233765
-2.35455
3.2736
0.337051
-2.23382
0.259369
1.89596
0.0697051
0.850869
-3.5715
1.6117
0.319769
-0.420207
-1.59481
0.82229
4.12
-0.841823
-1.0326
11.0024
-0.138917
2.48895
-3.89444
0.041199
1.09137
0.319178
-1.78186
5.16672
-0.848868
5.47773
-0.152489
-3.25882
-0.437834
0.946642
-4.92783
-0.423301
1.79827
2.24277
0.133276
-0.700362
-0.484684
25.8899
0.00334214
-1.97067
-0.503315
-0.122683
0.81911
0.676985
0.426203
0.046016
-1.26162
-0.0910638
0.989411
0.495195
-1.55386
3.97885
-0.432457
-23.3405
-0.685127
5.55656
-1080.07
0.11707
3.34886
0.0905509
-0.435065
-1.78169
0.720123
0.0625782
0.671658
-1.21097
1.0667
-0.0998021
0.128354
-0.136063
-2.3734
-70.845
-2.88684
2.14632
0.194077
0.0509924
1.43308
-0.236501
-0.441762
-0.257953
0.212006
-0.401408
0.361815
0.677911
-0.096452
-0.583165
-2.90869
-1.61292
0.874035
0.197988
-0.488007
0.45396
-7.11316
-1.25795
0.267342
1.02079
-5.89383
2.72485
-2.88
0.404644
1.03042
-0.539652
-1.96505
-2.67644
-0.811043
0.295954
0.443295
-3.96901
-0.179528
0.378652
0.355157
-1.35974
-0.0525891
0.266225
-1.64244
0.101324
-1.30109
9.27627
-3.61671
-1.4494
0.277553
1.54956
0.939441
1.01492
0.0415538
0.51087
-1.71639
1.54542
-3.51497
-1.60832
-0.0134022
-1.45016
-0.771117
-0.0410365
-0.618879
2.32648
-1.43642
-114.574
2.93707
0.0159514
-0.177672
-4.98961
-0.46346
1.15559
0.331665
-0.422645
-1.69558
-1.16685
1.26953
-0.311233
-1.067
0.00114823
-1.38648
-1.00206
-1.82713
-0.650548
-2.34816
-0.800453
-0.34358
-0.121865
-0.660932
2.69632
-0.118348
0.947658
-1.68304
-2.72376
-0.580768
0.483818
-4.77506
-1.53238
-5.98273
-1.60055
10.7694
-0.713572
-0.733069
0.541239
0.305503
-1.2979
0.596155
0.591244
0.0775053
0.108176
-0.619723
2.45869
-0.716918
-0.577543
0.13213
-0.666292
1.03637
2.4122
-0.422773
-63.6533
-0.00360353
0.51451
-4.65659
2.08117
1.86155
1.27286
0.531486
2.87117
-5.572
-0.0407692
-0.667381
2.14629
-3.2866
0.719019
-9.59454
0.101986
-0.563352
0.555891
-0.835556
0.864997
0.1473
0.608651
-1.70306
-2.69801
-2.6013
3.28881
-2.80804
2.87872
-2.20473
-0.063917
-0.669338
-3.21314
-3.04244
-0.865728
3.0082
0.606389
-1.42115
-0.129512
-11.784
3.04327
5.30439
-0.115102
2.88052
1.72701
0.39165
-0.851136
0.278433
-0.293129
-0.113468
-2.32411
0.271313
4.97401
-1.2675
-3.88186
-0.094968
-0.736222
-0.520817
12.1301
0.812029
-0.7333
1.40377
0.630415
0.227003
-0.574593
-0.176722
0.368423
-1.12415
-3.96824
-0.312301
0.473635
0.524865
-1.5809
-5.10705
3.5471
1.4403
-0.659211
-0.482786
-1.64482
-0.802993
-0.864953
0.720709
0.74579
0.785694
1.8275
-0.44755
0.830517
0.0749323
-0.178648
-1.46953
-0.689114
-1.16782
-0.450912
-0.194408
4.72113
0.152578
-3.28994
6.63632
1.19384
-0.551749
0.117441
-0.748668
0.375465
0.734113
0.817023
-1.78062
-0.180769
-1.43634
13.789
0.346947
-4.48004
1.72459
-0.299389
-0.98021
0.0505506
0.0393141
-2.7988
0.954273
0.340328
0.375166
-0.0700641
3.69989
1.27096
6.18199
-1.93983
1.09797
0.149733
31.9245
1.71122
1.23008
-2.72369
-0.952854
-0.984777
-3.77035
1.00293
1.38535
-1.84416
0.498117
-1.73997
7.11159
-1.4826
-0.000846458
-36.1709
0.103633
1.64694
-7.51813
3.23346
3.07782
-0.230906
-1.01098
0.752816
0.931464
-0.0271248
0.88768
4.69902
-2.50604
-3.11301
0.036158
-21.4096
0.804268
0.0971401
-6.02116
-1.29949
-0.385209
-9.09561
-0.053471
5.46662
-1.91465
-0.42389
2.41162
0.362275
-2.17397
10.4272
-0.324905
1.27266
-1.12381
-0.546927
0.276129
-5.67842
-1.80611
-0.0477492
-0.486969
1.29925
3.22362
-1.42885
1.74206
-0.136896
1.10724
-0.0313964
0.37592
0.379189
-0.835843
-0.788719
-0.38581
-2.07544
-0.388053
-0.485528
1.14109
0.450142
1.09899
5.82051
-0.209728
0.256765
0.291218
-0.628023
-0.477465
6.39564
16.3288
0.17393
-1.17527
26.1946
0.387976
-0.700058
0.541616
0.250562
0.465374
-10.512
0.667074
2.27165
-5.25469
-1.26588
2.87325
0.0898537
0.496664
-1.58371
0.0519949
-1.54792
-0.473295
0.789947
0.765183
0.984219
-1.40874
-0.169305
0.757754
-1.48645
-1.33768
-2.42117
0.390902
2.47216
0.349282
-4.03803
3.03418
-0.155196
-1.37944
-0.765995
-1.8727
1.51472
-0.289862
7.86171
0.549559
1.3606
-2.25251
3.30874
0.127443
2.36543
25.411
-2.48495
-1.43863
1.99359
1.33046
-2.14059
-0.0927135
1.82067
-0.626049
-1.108
0.164186
23.256
0.206424
-0.289667
-1.17804
0.17643
12.434
0.0871719
0.178087
-1.4755
-2.41966
0.540117
-3.47997
-0.521582
0.279926
0.414562
5.35381
-4.29123
-1.70676
0.409828
12.9963
0.736763
0.63528
-0.819308
3.28864
0.106193
1.04655
0.368116
0.074909
-0.297463
-0.207479
1.95363
-0.249668
0.703414
0.135547
-4.32776
2.63218
-5.88453
-8.19637
-0.145179
2.35819
4.7924
-0.658409
-4.64009
0.140758
-287.048
7.26516
18.4562
-0.20876
-5.10117
-0.738541
-8.55337
-24.7973
-0.918734
-0.424186
0.287699
0.543321
-3.71346
-1.07697
-0.679012
-0.238159
1.91341
-0.763822
3.17214
1.02595
-0.48111
1.11987
-16.0833
-0.0268839
1.97316
-1.12835
-0.656938
1.38019
0.03113
0.799368
0.0309782
1.36055
-0.497643
0.113618
0.300744
2.25106
-1.21537
-2.09768
-0.223247
-1.32018
2.23412
5.2062
5.39545
-1.16014
0.53118
0.581755
-0.257005
-0.202003
0.638816
18.7921
2.9234
0.401338
-0.0587091
-6.4792
1.0879
-0.7704
-1.9214
0.41142
4.13098
4.20078
0.58521
7.70143
-0.157021
0.308417
-2.90017
-1.20892
0.950784
-0.0116733
-0.403093
-0.380119
0.524961
-1.25126
0.681215
-0.258448
-0.747869
-0.881471
-5.98278
-1.22625
24.0967
-8.19896
-0.330174
-0.694664
0.814242
0.925172
-0.667538
3.85948
0.79126
0.848118
18.7715
-0.771256
10.3496
0.571373
-14.7776
-1.87948
0.70306
4.55884
-0.0819395
0.285009
-1.67784
-1.08915
1.50054
-0.167197
-1.8815
-1.9986
24.7986
-0.278252
3.25564
1.14669
-0.628425
-0.40264
3.31409
0.268407
-4.41083
0.194789
-0.754052
-2.56518
4.88727
-0.573785
1.5881
2.01234
1.51204
0.267224
-1.65294
2.94345
1.00662
-0.87383
-1.97358
-0.786361
0.0669977
-9.97434
2.15297
0.15866
1.39299
-1.31542
1.10376
1.23659
-1.88183
-1.87718
3.40539
1.67181
-8.40974
-0.0650122
0.420594
0.5116
0.756055
1.00075
-0.369946
-3.16283
-0.751402
0.835306
1.63895
3.53627
-4.2683
2.01029
0.671288
-1.0193
5.8033
-4.09968
-0.934699
-1.13725
-0.922588
-6.55793
-4.92326
0.422118
2.34932
0.71827
5.99137
-1.89165
2.20555
0.0204555
-0.430893
-0.00524862
-0.514315
-1.68517
-0.519203
-3.20627
0.738259
-1.08503
-0.753243
-1.72108
1.06291
1.1534
-1.61296
0.245374
2.24308
0.266567
-0.102796
-0.471219
-47.6539
4.17394
0.0571611
0.0914136
0.295859
1.53698
-0.065877
0.983805
-14.9575
-1.63279
0.060567
-5.27071
0.797584
-1.53992
-0.315009
0.289341
7.19367
-2.64005
0.39669
-0.804697
0.686661
1.63903
14.584
-0.103311
-0.862706
-0.599176
2.52132
-2.96396
1.40356
-0.0791664
19.906
1.07761
-0.691087
1.38038
5.88597
-8.16561
0.906214
-3.52039
-1.92287
1.36715
2.32651
-0.0547897
0.462121
-1.02968
-1.40326
4.60047
1.47156
0.781988
6.65621
0.245686
-2.03313
-4.93788
0.158598
-1.36375
237.922
0.0569363
2.1799
3.03235
1.92215
-0.43452
0.280222
1.90076
-0.322161
-3.04881
-1.71349
1.04177
-0.704761
-0.00851998
-1.46913
-0.563891
-0.0966743
-0.148868
-1.12975
-4.42533
13.6935
-0.7796
-0.453467
-4.34231
1.994
-1.25902
-0.747539
1.22557
-0.901453
-3.49027
0.740695
-0.937294
1.84079
0.841375
1.83832
0.211209
2.29247
-14.0367
0.571464
0.864321
4.76296
-0.589787
-2.4068
-2.01432
0.124464
-0.90712
3.40788
0.755087
1.34651
4.79771
20.5022
-0.133499
14.0027
0.177159
0.254028
-0.0275175
0.120553
-25.3723
1.0541
-0.0204737
-0.0939954
0.136608
2.0956
-0.551718
-3.61153
26.0496
0.447057
0.299165
-0.740463
-2.305
-0.0488574
6.63016
1.35304
1.0302
-0.579707
-46.504
-0.364914
-1.11642
-0.310453
-0.222037
1.0444
-0.772759
6.2571
1.01688
-1.10488
14.3842
-2.7077
0.978356
0.765199
0.906846
1.70372
1.02314
-1.93108
0.441835
-2.38984
-1.04555
-1.20481
-12.8629
3.6907
-0.518309
1.28135
21.9591
0.270153
-3.15825
-1.09009
-24.494
-306.373
0.412992
1.25049
0.578972
-2.22741
3.67078
2.66066
-9.89214
0.358205
6.79014
-1.35648
-1.26084
-0.602685
9.06008
-0.364277
-0.193205
1.0201
0.0743296
-0.0519016
-0.673303
1.30969
0.324017
-0.177341
-5.42542
11.5255
0.187006
1.10793
5.26489
-1.62907
-0.099733
-1.12036
0.191207
-0.808527
0.267312
-0.9913
1.45808
0.391065
-0.772265
0.565473
0.573417
-3.41629
-12.4112
-8.80622
1.11238
1.7246
-0.718385
1.5155
2.3103
3.10276
-1.67523
-1.08553
-0.554656
7.7327
1.40461
-0.0678985
-3.3608
-0.589592
0.0149908
1.57744
-0.0728048
1.54563
2.78302
0.371588
-0.237009
1.34358
-0.400211
-2.9524
-3.26505
22.2699
0.339277
0.116771
-3.75486
0.54767
-1.98251
-1.06656
0.108819
-0.212048
-1.18673
12.2095
-2.37855
-0.638187
0.243697
0.523774
-1.5082
-291.614
1.97456
1.41843
1.7901
0.231855
-1.67246
0.400244
0.940307
-0.0853108
2.83706
-0.668542
-0.767201
-0.85749
0.831523
4.82477
-0.834158
-0.354059
5.18158
-3.46987
-3.1265
-0.577271
1.03705
0.377195
2.35945
-0.805292
0.372499
1.4948
-0.806734
-0.394082
-0.148838
-1.57826
9.62633
1.6221
-0.731172
0.571087
0.0209556
7.95135
-1.2808
2.22751
19.2053
0.403436
-0.633224
-0.443111
2.33433
-20.0933
-6.52586
-1.04191
0.746186
0.563799
-2.18124
-1.77946
19.1916
0.789612
-3.40652
0.634705
-0.767075
-37.253
0.829706
0.375285
-1.11843
-1.19599
14.3432
2.59845
0.801118
-1.00256
-0.320074
-4.76112
0.162538
-2.07373
0.891298
3.59558
-0.689928
0.836539
0.607759
-0.720494
1.65196
-2.42447
-0.420714
-2.1467
2.43668
0.230442
-0.628492
-0.654278
-1.22899
14.5996
2.11806
-0.681741
2.01837
1.00288
-1.80259
-6.18711
-1.05948
-0.402689
0.0463205
-2.15483
0.802752
0.578629
0.854736
0.173232
-0.542662
0.544749
4.84669
-0.823797
1.93025
0.176453
-0.525379
-25.0492
-18.214
4.13195
1.94203
0.981518
0.0174103
2.00638
1.25713
-1.5716
1.26189
2.17307
25.416
0.504069
0.883296
0.140247
0.638545
-0.31037
1.00282
0.176693
0.0383223
-0.302575
1.44907
-2.95685
1.25403
-2.73209
2.10442
-0.470677
-1.58196
-6.38448
0.174528
0.346595
-3.26738
-0.0525486
-0.30371
0.138418
-0.679778
-0.126271
-2.65338
-0.872809
-3.09108
-480.365
2.62397
0.186605
1.21493
0.651285
0.646055
3.33537
1.12224
2.13168
0.491848
-0.625745
0.624985
-0.62183
-0.840233
-36.8639
-1.07034
0.285935
11.0167
-1.61892
4.38345
-2.32821
-9.41568
-4.12302
0.38945
-1.32408
-0.215874
-0.63682
-11.639
0.634649
0.67573
-0.412802
-5.07026
3.8023
-1.18073
-3.90992
-2.64946
1.32754
-0.0711379
-0.263605
1.87188
13.0971
-0.656334
1.87622
-1.45017
1.67332
-0.37907
-5.84433
-0.945158
2.11347
-0.413979
-1.0227
0.292025
-0.864078
-0.935874
0.904694
-2.88418
0.647115
1.39185
1.92888
-1.45588
1.99718
-1.27079
-0.865027
11.1486
-2.34407
-3.52142
-4.39352
0.55469
-1.20194
-0.473716
-1.05606
0.950975
-6.275
0.661054
4.81274
-1.44849
-4.37441
-1.52835
3.15838
-0.57362
3.08209
-0.085035
-0.364853
-4.15911
1.78039
-9.71365
-1.00768
0.966469
0.917571
-0.0107171
2.2921
-0.624404
-0.868076
0.0780922
-0.587227
-3.49908
-0.0410229
5.59016
0.952225
0.589633
0.727535
-2.20476
3.37075
-0.646395
0.660164
-0.875373
2.05968
0.646147
-0.747009
-0.239333
0.841337
5.27078
3.47099
-0.719777
0.305491
-10.0283
5.35489
3.18453
0.185047
-0.359921
0.51254
-0.692594
5.71064
1.06369
50.7908
1.43255
0.96493
1.81894
-0.398875
3.35491
-9.2826
-0.029843
0.453653
1.38995
-0.713207
0.0273462
0.34261
0.497643
10.3401
0.615869
-1.21962
-1.07773
0.113222
-5.17467
2.27525
-0.548154
0.0124879
0.181104
-0.283217
0.798387
-0.748857
-2.50435
0.784201
2.24125
0.406257
-1.94054
-11.7187
-0.0253818
-1.2704
0.350227
2.48355
-12.1411
-1.03913
-1.91798
-8.89623
-10.0727
-1.8476
0.0552293
-0.628213
-3.68659
-0.222286
33.5742
32.3495
-5.37005
1.62734
-7.80004
0.693647
-3.64016
0.74316
0.36075
3.17064
-0.0406894
4.54957
0.25639
-0.118315
-3.52601
-2.61639
-3.92723
-0.73071
0.482072
-0.401718
4.26693
-0.539182
-1.15234
-0.925392
-2.31236
-0.526156
-0.0483579
1.7423
-0.701808
0.0244326
-0.913133
0.197928
-0.71412
1.17638
-1.78022
4.83855
-1.46008
-2.78352
-0.628887
2.47128
0.884404
-0.54712
12.4094
-0.732823
-5.48286
1.12125
1.46402
3.75645
6.21149
2.23185
-0.733975
-0.119062
-0.466976
-1.03468
0.110651
-0.111323
1.87745
-1.64609
-8.34268
-0.880646
7.775
9.78166
10.9698
-0.56555
-4.90795
-0.639773
2.58783
2.46385
1.52332
-0.755607
0.972131
3.6498
-0.912758
-0.134229
-4.0603
-0.44896
0.463112
1.10655
0.643732
-0.846665
5.12886
-2.16642
-2.7155
-0.248887
-2.9499
-8.37636
-0.0414807
1.49763
0.524064
-1.04102
0.410406
5.73174
-0.793656
0.782081
-1.99697
0.597018
-0.623374
0.862603
-0.826519
5.59489
0.650071
1.30489
-4.04599
-2.22277
-4.27266
0.0730401
-6.02896
-0.332528
2.9456
4.42097
0.623739
-3.03764
-0.833225
0.0870069
-0.850805
-2.72769
-0.526748
-0.695262
0.565774
0.51221
-2.0256
3.72258
0.0423176
4.28185
-0.188215
1.00514
30.3814
-6.70881
1.93587
6.1722
-1.92813
0.119432
-0.992806
-0.642864
-9.52216
-1.66615
-0.157432
1.13629
0.225264
-8.11704
-2.43172
-0.758302
-0.0550058
-2.47236
-0.660269
-1.54202
0.371596
0.145177
-14.517
0.702799
1.20911
-0.21061
-0.650597
1.23979
-7.93078
0.64076
-9.19028
1.2038
-0.260261
-1.30023
-1.11861
4.91267
0.0893645
-1.08792
-0.676607
-4.90989
0.473058
2.55013
5.04779
1.68164
1.23009
0.877861
1.07672
-1.23158
-0.133506
5.51538
0.47605
-0.280101
0.0363021
1.16724
0.874903
-0.35926
-0.740976
0.76061
0.331901
1.56188
-0.979224
-1.36745
0.342324
-1.63152
0.213266
-0.108243
-0.383338
-1.07359
3.05993
1.03166
-0.417364
201.555
-2.39264
-755.576
-0.630274
-0.102809
0.0102002
-1.0765
-0.693546
0.36514
-3.55715
2.87549
3.43518
1.019
2.24297
16.1216
4.46425
1.56146
-0.0436005
-4.71704
-0.245117
0.48358
0.513247
0.0150851
-0.0375671
-0.228806
66.9987
1.65885
-2.78673
-4.13038
2.68897
-0.254662
-4.59836
-0.0360156
1.7625
-0.541226
-5.76542
1.06248
0.0984813
-1.77435
-0.471149
-0.0599298
-0.397396
-2.95581
3.49698
0.795117
2.35868
1.26298
136.072
-1.14444
0.781918
-0.0945127
-1.91074
0.887388
-7.25939
17.5783
0.0195388
-1.82539
-2.34404
-1.38304
0.151211
-0.856667
-0.989675
-2.51674
0.662793
0.28582
17.8394
-0.0131309
0.789961
0.659848
-0.107739
-0.518164
-2.8862
0.536913
0.856401
0.488265
-9.90875
-0.869002
0.0418447
-1.54906
-1.40171
-0.188368
5.09441
-1.62537
1.51549
-1.79165
1.3032
0.337416
-18.4444
2.65569
4.23276
-48.6475
-10.8456
-1.01582
-0.659642
-0.729362
0.462492
-11.8711
-2.72915
10.6911
-0.514128
-3.5001
-0.0440765
-0.381416
1.99924
-0.419168
-11.5486
-0.771234
-1.45318
-0.710269
0.569979
2.07635
0.978215
-0.632566
4.37812
-1.33431
-0.722418
0.0626194
-0.681573
-1.62265
3.41593
2.04428
-1.83475
1.09245
1.3419
-7.54251
-0.501144
2.15922
15.7086
0.110116
-1.44588
-0.157706
-0.179859
0.658153
-6.80562
-0.461951
-2.38166
7.28915
-0.11959
-1.33799
-24.4678
-8.93256
2.76904
-1.30153
0.954126
3.74659
0.55376
-3.3092
-0.198005
-3.80167
-0.00119972
-0.796034
-0.22586
24.8148
3.27802
3.11222
-0.107911
-5.30577
-0.713132
-0.0950898
-3.22501
32.1586
-5.70041
-0.259923
1.34942
0.525995
-0.502915
0.244802
-2.59334
-4.14508
0.774517
-0.89111
-2.61423
-5.05185
0.122402
-4.2179
1.12307
1.7812
-0.601327
-0.614434
0.685325
239.672
-0.85963
0.901989
0.0399246
-2.58577
0.850094
-0.805559
3.14372
0.507954
-0.747583
0.769666
-1.1865
0.555397
-1.09774
0.606966
-0.270561
-0.451584
-0.0131893
-0.498268
0.181032
3.19279
0.386067
-0.151142
7.39078
-0.102224
-0.0912959
-0.0894819
1.02329
0.530019
280.125
-0.341992
0.0709447
1.14155
-6.03076
0.0515123
-1.28402
0.204647
-1.49971
-0.438332
-2.17642
-0.810127
5.11129
-1.35993
-27.0611
-5.06197
0.0617484
2.11072
-0.703496
-0.169771
-0.717276
0.46933
-2.0236
0.544148
-0.0253402
0.378868
2.39384
-2.63641
-2.43436
-3.64042
0.252846
-5.84031
1.85101
-3.56056
1.90132
0.207497
-7.6856
-1.25974
3.50618
-10.9635
-2.3414
-2.80164
-0.549767
-2.60331
1.30063
0.328256
-2.43256
0.200271
3.30251
2.10252
3.57591
0.238462
-77.4553
-2.45222
-0.00128739
2.32956
-0.229924
-5.74898
1.34987
-5.03376
-1.48627
2.69367
13.9911
-0.145358
-2.07072
0.246793
0.204071
1.70564
0.726658
81.9307
0.491111
6.73127
-0.347291
1.90793
-4.48567
0.271658
8.79162
-140.15
-1.781
0.127929
0.775955
-0.914393
-4.16268
-2.36734
-1.30597
-5.40537
-0.765686
0.339104
4.65995
0.752401
6.24797
0.58035
-0.106907
28.3223
-10.9787
-1.41779
0.993487
0.230468
0.198083
1.94073
-4.05152
-1.90621
1.40954
0.623118
5.47663
0.958071
-1.24176
0.162455
-0.105188
-0.0789992
0.13025
0.469215
-5.79583
7.24588
-0.778133
-0.214947
-0.801779
12.7698
-0.352874
-0.136298
1.06768
0.369806
4.28145
0.160959
-0.533743
-0.776417
1.30231
0.111991
-0.96451
-0.620428
-0.682569
0.0629976
0.596021
1.23002
0.138733
0.939757
2.48835
-1.31232
0.803599
-1.74689
0.518377
0.935868
0.265435
-3.04917
-2.23221
2.51353
-2.06312
0.0719487
-0.314097
0.491148
-1.38282
-3.39012
0.405696
-0.879363
-2.50518
-1.90013
0.814611
-2.63279
7.2743
-0.491948
1.23588
-0.848196
-1.21573
-0.635197
0.508954
1.0194
1.56887
1.60652
11.9604
0.162235
53.4535
6.5697
-0.104923
-0.857332
0.422466
0.75733
1.89126
-0.472045
-0.054372
-0.60371
-2.69728
0.607733
0.264886
7.87204
0.284347
1.86543
-8.96303
-0.933661
-1.84465
2.05568
0.367199
-7.93892
0.624043
-23.7489
0.735593
-3.27278
0.0456769
-0.0262303
-0.0234438
-11.4592
-17.0137
1.52112
-0.164068
-3.71689
-1.74925
0.800591
-0.0796714
3.92631
1.06527
-0.243091
1.56973
6.14706
0.984435
-0.10575
-0.858789
0.363302
-0.150468
0.4724
-2.9781
1.27845
0.900119
-0.429336
0.363021
-0.625193
0.204928
-0.060095
0.404858
0.495987
-1.6113
2.08663
13.6588
-1.30658
-0.136874
-0.719361
-0.258509
3.19047
-0.0253459
-57.6954
-1.31435
-0.817788
0.723049
1.4555
-0.79561
-3.70983
-1.14322
2.19962
0.101664
-2.25791
-4.35149
0.760685
-0.816868
-4.00679
0.403009
1.04224
0.53577
-1.50991
-2.2415
1.20314
-0.224788
0.196169
-3.07343
0.622969
-8.64059
-0.474167
0.874142
0.487734
-0.448928
0.505429
0.621134
1.07274
-4.73298
1.58712
2.0758
-1.3492
0.857974
-3.13032
-0.615412
5.49161
0.440473
-0.873651
-1.33816
-1.70808
-3.1843
0.980591
-4.30093
0.232202
1.73561
2.09208
0.736916
-3.60549
4.07954
-0.249152
-0.717406
-2.33758
-0.633759
125.542
-0.121565
2.41573
1.91639
-0.972887
-0.531666
-3.4423
-0.608672
-0.0470394
-0.326386
1.68442
0.457548
-4.37647
-0.427953
1.66284
-0.227309
3.05651
-0.0868451
-0.100669
1.00253
0.585527
0.173129
0.0979377
1.60706
-2.34019
-0.557251
0.0494708
10.5659
0.597233
-0.125093
49.3213
-0.97983
-1.49465
587.975
-3.73357
-0.286555
-0.987187
-17.8031
-0.116242
0.152825
2.35707
0.61669
0.294252
-0.140993
-6.31635
-5.09338
-0.912528
1.18926
-0.142769
-6.68187
6.85312
91.3762
1.88107
-2.59866
0.94525
1.26675
-7.99749
0.76609
-0.665183
-1.45656
-2.66862
3.04052
-1.45168
-0.294392
1.99919
-0.0356424
1.40739
3.64904
2.5284
-0.756612
1.29377
-1.64391
-10.6731
8.16265
1.0752
1.43954
-1.72953
0.755279
0.0254371
-16.4299
2.03168
-0.135784
-0.120707
306.053
1.42437
-0.192316
-5.59385
-14.7543
50.7669
0.105154
-0.0971002
-0.0193534
2.61504
-8.8511
1.8031
-1.14986
-2.20519
-7.73824
1.05315
0.0813039
-2.91054
0.0156426
-1.41739
-0.615746
0.299933
-0.340612
-1.19045
-0.988927
2.13807
0.530601
-0.448609
0.534268
0.523335
-1.41409
0.769117
1.20846
1.90104
8.87424
-0.44534
1.331
1.99778
-0.563127
-18.2483
-0.68458
-68.947
1.15811
-1.90553
0.750861
-0.0670905
-1.28561
-0.506445
0.307664
-1.03121
-1.68972
0.193062
-2.74345
6.21252
-0.872165
-2.60987
-0.634287
-1.30888
-0.257023
2.3158
1.24233
-0.537661
1.413
0.153267
-1.50272
2.66931
-3.13814
-1.72421
4.59916
-0.8132
0.440535
12.7604
0.558853
-0.375487
0.00513909
-1.10227
-4.24569
-0.822679
2.25976
0.781666
-1.87871
0.637604
-0.00746413
0.0890483
0.313508
-14.0511
1.21941
-0.608485
0.890767
2.48081
-1.20539
-0.450202
0.388723
1.32526
26.8153
1.32395
1.77046
-0.362425
-0.0737319
0.492437
4.43747
-1.40075
-0.802491
-0.0642585
-1.93647
-0.0666406
-0.312347
-5.17497
0.706934
2.27069
0.191297
1.21716
0.145127
-0.534897
0.0818143
-1.10882
0.0845398
-0.518791
0.0486862
-1.31023
-0.0352426
-0.944717
-2.9813
-6.17633
2.81511
-1.15319
0.310909
36.29
2.54682
0.625538
-0.776771
0.389889
0.260182
4.17382
0.0817646
0.349525
1.61479
-0.452727
-6.409
-2.88297
-0.0842739
-0.847453
3.08655
0.329269
1.4049
-1.41473
-0.828871
0.38852
-0.0423681
1.36837
-0.0884541
1.10898
0.534478
0.273868
-0.685126
-1.11519
11.8677
4.83754
-0.292611
-2.26506
-3.92907
0.189021
1.40931
0.22341
1.02368
8.26482
0.957492
0.618114
0.478133
0.446225
0.600862
6.74477
0.680047
1.11708
8.68046
-15.8886
-0.135033
-1.05165
-1.61464
5.69222
-0.80753
-0.0916104
0.371852
0.618322
3.93425
-0.775915
-0.434019
-0.543318
-3.33919
-0.248872
8.95337
-46.9523
-6.25934
-1.00302
1.51889
2.81652
-0.848624
0.102479
-2.97194
-0.972975
-0.463299
0.203013
-0.508832
3.62616
3.30242
-3.86647
0.393301
-0.928939
5.27774
1.37172
0.328848
-0.856611
-0.393968
0.0357969
1.05277
0.61263
-0.114308
-0.302126
-2.53582
-0.473735
-4.04401
3.35533
-16.2995
-12.2331
-0.260592
-0.113731
-0.0228413
0.806151
-0.842153
1.01933
1.87723
0.870286
1.114
-5.8704
0.345238
0.335682
-0.00249399
-1.04411
-2.69184
-64.5634
36.2249
0.851032
0.837525
7.51267
5.75063
-4.96382
-0.0323483
-18.7913
-1.69292
-0.0547054
-0.111935
-4.40874
0.174315
5.97267
1.82455
0.147057
1.11188
3.9629
2.5698
0.072583
-0.01598
0.2793
-0.402848
1.1422
-0.00999204
-5.088
-0.228383
0.618326
3.63154
-0.73547
-0.19217
0.931585
40.5097
0.965203
-2.37019
0.49946
-3.73052
-1.97162
0.950005
-38.5812
-0.626327
2.64163
0.349976
0.42944
1.41183
-0.108633
3.00762
-1.14628
-1.47147
-0.49891
-5.66106
0.0942676
1.53387
-1.20254
-1.23129
-1.27054
2.64168
-1.0878
0.287036
-0.285025
0.595173
0.0951203
-1.21892
2.11882
0.130268
-0.121076
-0.303019
1.34245
0.498263
0.368433
-0.890591
-0.222199
0.560602
-0.549956
-2.86882
-0.344475
6.60769
1.90778
1.44813
1.14748
1.12075
-1.81035
2.10394
-2.09802
0.654934
-0.185957
-0.405367
-1.32085
0.723283
-0.751055
3.20395
-13.4611
-28.3189
-0.0276688
1.49291
2.35993
-0.609117
-0.856909
-1.31203
-1.60171
-5.43316
-0.127189
-1.54271
0.165659
-0.0745533
-4.57047
0.112707
-0.894258
-0.164865
-1.33893
1.48016
-0.0460935
-0.408959
1.9472
5.46166
8.32831
0.144716
1.53488
-0.593267
0.0610678
0.438352
8.50658
0.379043
-5.74834
-0.649799
-0.232454
-0.15066
-44.8391
-2.10782
-1.96702
1.71372
0.624968
-0.286234
2.34116
0.902374
0.313334
2.3401
0.0856558
1.83906
-0.221913
1.44512
-2.95487
-2.30765
357.879
174.982
1.65678
1.3131
-0.0991596
15.5845
8.09623
8.11981
40.8438
-0.373512
-0.406689
0.359551
0.190529
-20.6096
0.821835
-2.49977
1.65191
-0.93789
0.386413
0.492492
-1.59348
0.39673
-0.0286761
-0.808256
-7.86217
-0.453288
2.59294
4.57756
1.1894
-3.16978
-0.692691
0.353014
-2.10286
-0.737288
-0.3504
-15.2568
-1.6924
2.71103
0.842417
1.20886
0.725904
-0.44719
1.63814
-2.43482
-1.86051
2.4909
-0.552489
-15.4899
-1.30409
-0.19718
0.743208
-1.703
4.26475
-5.56841
0.00328514
-1.24104
-0.257286
-4.82091
0.330707
-4.13085
0.280873
0.180891
-0.629384
-2.39769
3.66776
-0.142007
-0.482365
5.7599
31.0098
0.522634
-0.0873979
6.23114
-1.18837
-1.28853
1.96974
-0.119192
2.29263
-0.362289
0.700515
-0.778212
1.39201
0.513755
15.6846
-0.316395
1.80032
0.379456
-3.73746
-3.1524
0.282756
6.47158
-0.553379
-0.0667648
-0.506748
-10.9394
-8.46289
1.10258
3.39416
0.231767
0.243914
-0.0675636
0.424603
0.499615
11.9216
-8.29245
-0.0919204
1.0361
-0.758731
1.21809
2.6819
0.421977
-0.481262
-0.637085
0.0410301
1.31851
-0.890642
0.198896
-0.240141
0.471246
1.78456
0.414504
-7.10524
1.29858
0.754299
0.137161
-0.183199
0.608404
-2.41452
-1.17113
-0.219016
-3.05781
0.221067
-7.60358
0.734463
1.33615
0.931598
4.21878
-6.29808
-0.302716
0.220693
-0.181381
1.32009
0.823906
1.12619
0.672739
-1.59554
0.202786
0.835032
2.01377
2.07143
0.209257
0.828208
0.520644
0.824347
-0.857807
0.551247
5.41298
2.55733
-0.0545566
-0.301734
-0.0575202
0.150568
3.54261
0.222973
-10.98
-0.0653706
-1.17738
0.936872
1.21599
0.500147
0.828823
-0.217219
-0.739954
0.221378
1.02354
-0.373696
2.09051
-0.731438
-1.7624
-1.89835
0.868787
-0.124767
-0.10738
0.335457
-0.98464
0.0964916
-0.194661
9.21799
-1.0493
-0.552419
-3.1151
1.13975
1.37928
-0.734444
0.534101
-1.74089
-0.139627
-0.461693
-0.486487
-0.124909
1.45724
0.0838113
-1.18317
-1.2251
1.07058
1.47824
0.622431
-0.682879
0.635104
-0.595221
-0.00335935
2.13209
31.9463
1.23428
-0.359718
-2.17263
-3.81767
-11.5645
0.618958
-1.80196
-1.73932
-3.60555
1.10302
0.868407
0.214522
-1.41381
10.225
0.532761
-0.207811
5.49918
-3.17321
-3.55034
0.198291
2.39393
157.583
0.46024
-0.302763
-0.175263
1.52348
4.70556
0.0400036
-0.248198
-0.466439
0.343758
0.250081
-0.45215
0.236945
-0.0309631
-0.751291
2.46037
-0.963274
-0.840434
0.0884319
7.5
-4.2392
0.0171926
-1.03159
0.125967
-0.425579
0.131552
0.373539
-0.396091
2.6441
-0.890052
-0.100866
-0.860785
-1.18659
-0.118382
0.862463
1.08695
0.0506415
3.73319
1.71703
-1.70597
-4.87486
1.06067
-15.665
1.12519
-0.135744
-0.191235
-0.914567
-22.2146
-5.5304
-0.258391
0.913704
-0.214885
0.181812
0.768127
-3.15899
-2.48505
0.170891
0.796937
0.887596
13.9741
0.974984
-2.70165
-0.0174069
-1.51799
-0.399427
0.869003
-0.197998
-3.51123
-0.592861
2.38663
1.00031
0.672116
0.639958
14.5714
0.531863
0.381512
0.743885
1.27581
-0.220348
1.71726
-0.265071
0.283475
-2.39845
-0.543868
-1.21768
-0.248405
-0.232628
0.304404
-1.13661
-2.13219
-11.3016
1.03828
3.21672
0.929186
0.186284
-0.66218
4.21313
-0.666495
-1.18805
0.913983
-0.0786404
0.160433
0.52473
24.176
-0.648038
0.333324
3.85252
-0.608995
-0.486251
2.27556
-2.15691
0.0555251
1.13652
0.0656345
-2.08269
-1.74492
1.88165
0.338422
-0.00877041
-0.211265
0.595928
0.93702
12.8499
0.080029
-2.32806
-0.539218
-10.4646
0.399567
-1.56301
-1.65115
0.207157
9.28356
-1.63985
-0.177976
0.767555
0.124131
-0.356164
0.408098
-0.702106
-0.978267
0.903821
0.341779
-2.55931
11.7102
4.15118
0.383463
3.90638
-41.7797
-3.46122
-0.0146073
2.87857
-0.234739
-3.2857
1.15071
0.565848
-1.60816
-0.783365
-1.21864
-2.67672
-1.03957
-17.6331
-0.085712
0.499721
0.348265
9.60838
1.73619
-3.14842
2.75118
1.77546
12.6134
-0.239834
2.05686
-0.29319
-0.89069
0.533567
0.515233
-2.89144
-23.0705
-0.0905685
1.1678
0.294982
2.53068
-480.99
-1.19237
0.410239
-0.379739
-5.06083
-4.61869
5.3397
-0.207589
0.000682813
48.9851
0.32026
-3.57136
-0.44972
0.150973
-0.368376
0.803133
-0.808362
-0.544207
-0.70782
-1.08029
-0.178126
-1.84236
1.59523
-0.074726
0.348254
-5.49095
-0.420339
0.181796
0.79744
-0.252351
-1.24291
7.21347
2.99773
0.344469
0.343902
-130.771
-0.435493
-0.927383
0.89334
0.576332
-2.30071
0.771214
2.58752
-3.2546
6.25277
-1.56911
0.81981
-20.6533
2.8654
0.220969
-5.41152
-1.70293
-0.181551
-14.1095
-2.93817
-2.03597
1.84351
-56.3294
2.57017
1.05149
0.481763
1.06277
-1.72162
-0.457608
0.605401
-0.290134
-2.0895
0.131233
3.10958
1.52241
-0.47839
0.469044
-0.0128145
0.11123
-2.98086
39.6162
0.738941
-4.01501
0.582207
-0.0618681
-1.43277
0.376464
-1.03972
0.267233
-0.95706
-2.53977
0.548909
-0.0712096
10.3771
2.91913
1.17685
0.621123
0.367862
-0.323716
-3.32685
1.89281
-3.36336
0.575786
-1.70528
-0.350963
-14.299
0.74205
-0.588991
-0.588292
-0.594049
-1.42765
-1.6869
-6.16709
4.14694
0.284699
0.838871
-2.31568
0.827584
-1.71757
1.94589
0.0639934
0.61572
-1.1755
-8.10738
0.0946622
-0.952815
-0.810798
-0.607824
7.6639
0.406382
1.10297
1.01289
5.29959
0.664047
-19.8937
-5.26859
-1.74137
-0.822468
-2.53583
0.455295
-0.751789
6.2793
4.55184
-0.0199713
-0.133245
0.0190778
-0.391075
-0.144592
1.01816
0.582916
0.0329078
1.57053
0.201588
14.8716
0.883894
-2.46005
1.69238
1.34898
-0.762045
-1.05729
-0.0725035
0.322789
-1.01661
1.17907
-0.133786
-0.241021
2.84022
-2.42154
-3.13772
-1.10534
26.1534
53.7118
9.51569
4.07451
0.845987
0.235617
1.13506
0.528199
-0.522354
1.46894
0.317206
1.94029
-0.359164
-2.96276
3.06424
1.87324
0.867641
-5.27705
1.23302
0.366577
-1.84562
4.96106
0.60515
0.549661
11.8124
-0.0559904
-0.944273
1.20066
0.717534
8.49188
-2.92184
-2.38471
2.38158
-2.34941
-1.52568
4.17076
-3.85978
-13.5948
0.588226
1.31338
0.292619
2.80425
23.5026
-0.591781
-0.505207
0.230375
0.50073
-0.00143479
0.331097
-3.49592
4.10709
-1.62375
-65.1849
-1.75929
-1.17433
-2.70196
31.3169
-0.431401
-2.33353
0.864945
0.921778
2.40102
-0.110083
0.927855
-12.5595
1.15553
-0.165952
0.454444
-0.154956
-1.01291
-0.290833
-7.0792
0.449271
2.55407
0.249626
-23.1276
0.336292
-2.23364
0.871839
-1.41117
-1.92031
-3.31416
0.105914
0.384074
5.98815
0.166245
-0.588816
-1.25819
-0.255173
-0.0156099
1.42206
-1.30787
0.798437
1.01314
0.750094
-3.23101
2.41196
-0.918013
-0.61792
-0.0705094
-0.309434
-5.71876
22.9656
1.25385
-0.244473
2.84443
-9.12237
0.649545
-1.68722
2.69391
0.26601
0.053978
0.818897
0.0718437
-0.219018
-0.475383
-6.34761
-1.45471
1.05015
0.0144137
-24.8066
-0.239238
-2.32491
0.885546
1.15673
5.29121
0.112406
-0.191293
0.926731
-0.0871864
-0.314509
3.62116
3.59749
-0.161536
-1.12667
0.141366
-4.11456
-0.247019
-20.6332
1.30188
-0.844622
-2.8951
5.29277
1.92899
-0.0241865
-0.200432
3.46079
1.03035
4.33334
1.2781
-0.963587
-1.56887
-0.354566
-0.828456
0.045626
-0.00202189
1.23778
0.731199
-17.0275
5.50179
-0.550633
-0.465877
1.16922
-0.769515
0.84618
-2.10725
1.91756
0.695646
2.98361
-2.65117
0.656454
-0.856393
-1.11254
-0.0282169
-0.833415
-0.637708
-0.0299994
0.0152246
1.1242
-2.93777
-9.08805
-2.9245
4.4505
0.449887
0.0530862
-0.14267
-0.65814
0.101434
-0.953614
-1.77884
-0.741568
0.643122
0.899062
-3.3606
0.803395
-1.44437
-0.131735
2.43528
-1.27363
-0.0556527
0.370795
0.27484
0.40144
2.53903
0.540707
-248.342
-0.473964
0.166794
-0.997214
-2.49589
-0.903318
-134.129
-2.91176
-1.41977
3.82031
-0.367661
0.341692
2.20332
16.7703
-0.968353
9.07912
-0.245843
1.22055
-0.668808
0.017284
-2.66741
0.421016
0.128564
0.923779
1.71203
-3.25884
-0.580689
1.04198
2.67898
-0.0513374
0.704364
3.66009
-5.25798
13.4133
-2.13928
-1.25209
-0.345617
-6.06579
-0.399893
0.374761
2.23895
4.7136
0.830798
-0.167276
-0.477513
1.1422
-0.156321
-1.84789
-1.93853
0.431326
-0.19956
1.99481
-1.62637
5.90477
-81.8721
-0.319931
-3.07269
0.301067
4.15132
-0.122522
-0.280601
2.50493
4.22782
0.763679
0.925547
3.30419
-0.679685
2.68801
8.31924
-1.69899
-1.85103
0.0662541
-0.94312
-61.5878
0.328919
-20.4501
9.0085
0.207207
-0.252803
2.66728
-15.2903
0.539102
-1.73192
-6.96818
-0.22074
-31.628
0.796239
0.276928
1.33124
8.48448
0.23061
-0.722488
-0.247201
0.298915
2.88095
22.9956
1.87828
0.141778
-2.27709
-6.7075
-0.478859
0.425504
7.3544
0.167185
-0.16531
0.629113
1.22922
-0.717906
0.351709
2.06769
3.37788
-0.368449
-0.161125
-0.594406
4.01629
-0.997196
-0.755123
-1.58679
-0.098731
3.81603
8.92596
-1.3746
0.561396
-0.0691339
-0.0179671
11.8577
0.428646
0.81573
-0.950076
0.294322
-67.236
0.391838
0.787974
0.810834
1.03226
-0.748292
2.86312
1.26319
0.308566
4.02937
-0.811497
1.30868
-0.797907
-1.85105
-1.1343
-0.550706
1.2829
-1.97163
-0.966086
-1.50351
17.2002
0.00657357
1.66439
3.70594
-1.13776
-0.31202
-1.5545
-0.146839
-0.119708
-0.298158
-0.493579
-28.7365
-0.473332
4.66104
-0.733558
-2.53551
-0.161261
-1.80134
22.9572
0.354718
-3.74011
2.00076
10.7513
-0.658028
0.0606785
0.378039
0.611424
-0.0298673
-4.91083
-2.4762
-0.857647
3.07252
1.51655
0.785953
-0.253054
-17.0758
-2.65115
1.33064
0.153604
2.97209
-0.708196
-0.733841
-0.0221162
-1.68628
0.638217
-9.42384
-0.0803046
0.235011
0.152603
-0.279681
-0.55261
4.18804
-0.255941
1.6595
0.2427
-1.69487
-0.869973
-0.141614
-1.84958
-1.12234
-3.16174
-0.474341
-3.28906
-0.62366
-1.66799
0.588044
1.16478
0.571006
0.0857802
0.680269
0.616682
-1.39341
-0.246701
0.745521
-2.72771
-0.62899
3.35257
-0.696707
1.60229
-2.24232
-0.339251
-0.16685
-27.4091
5.19167
4.81598
-0.999918
-1.00851
3.89519
0.197155
-0.783204
-9.88995
-6.28933
-0.721889
-0.111485
-1.87179
0.450694
-1.50363
-0.390052
-2.63283
0.616383
2.01873
-2.07499
0.318122
2.56158
-0.166543
-0.0473634
-0.130499
0.123306
-0.384564
-0.512817
-1.79398
-0.577058
3.76061
-0.872822
0.0544368
0.417814
15.461
-1.04046
0.243425
5.07056
1.53112
5.26308
1.52853
2.98363
0.256217
-0.0960184
1.80956
1.82107
-1.45986
-0.00748214
0.680073
1.03632
-0.0706021
-0.614284
-0.0714965
1.32266
20.1457
2.52358
-2.97486
0.653818
-2.35281
-0.274828
-0.904389
-0.792214
14.1904
0.658653
0.0177772
0.236115
1.09151
-6.60987
0.750505
0.0858679
0.854253
0.449403
-0.0390808
-6.01006
-0.100975
2.21742
3.74983
3.68383
0.582321
-0.719756
-225.565
-0.650597
-0.598327
-0.0294182
-0.527777
-5.28559
-1.06695
-0.0712779
0.932933
-2.1261
2.89159
-3.86851
1.10148
-13.9091
-2.50325
-3.37096
0.98969
0.0284709
0.992145
3.04517
-0.937025
0.0013421
0.229223
1.03258
3.45167
4.76441
-0.211162
-0.185258
-0.963553
27.6705
-1.59756
-0.535583
0.517211
1.11582
2.16454
-3.42898
-0.122451
0.667318
1.2903
2.88082
0.748853
-1.70618
2.10884
-3.5324
-29.9112
-0.349184
-2.67188
18.4704
-0.942067
-0.573074
3.4253
1.42165
0.580987
5.02517
-0.72108
0.687226
-0.661216
-0.150792
-4.85408
-1.89733
-1.83427
-0.498657
-0.661753
-0.6038
2.13342
-0.290043
0.0114316
0.242415
234.66
254.592
0.583654
0.556675
0.836531
8.81436
-0.925761
-0.759805
18.6484
2.46595
-8.73945
1.27885
-2.65528
-0.0792379
-4.28361
0.997683
-0.200854
-0.356041
2.42939
-1.55152
1.01794
-1.08873
10.6784
0.134543
-7.56667
-0.565996
2.35141
-0.375269
-0.150483
-0.603608
0.716267
-0.178449
-0.242916
13.3386
-0.603697
-1.33318
-1.17186
-4.05336
-0.0519848
-1.20615
0.585443
1.3712
-6.33686
1.10322
4.34803
-0.232833
-0.525681
0.666041
2.19975
0.0628565
1.04821
-2.27981
-206.626
-0.823782
-0.172903
0.363665
-5.09343
-1.96967
-0.41992
-1.57106
-21.9995
-12.6781
-2.92274
-0.14512
11.3967
0.234584
-0.410891
-0.486813
0.117399
1.03141
0.726996
2.13785
1.28317
-1.04529
-3.96883
0.0128308
0.755853
0.177152
-1.27811
-0.515321
-2.26202
-0.0466504
-0.404906
-0.962537
-4.11769
0.355643
2.2713
-0.980058
-0.353775
0.766041
1.14053
-3.87441
0.698457
0.41761
-0.106022
-0.566985
0.39384
0.336566
-4.08391
3.35406
-1.17692
-1.23484
54.1039
-4.75367
-0.259593
-0.228581
19.8586
0.561723
0.439283
-11.451
-9.32069
2.37328
-0.171453
0.115042
0.589609
5.37852
0.533511
2.28313
0.54456
-3.64617
-2.96328
0.747722
1.60298
-1.12878
1.00101
1.66111
-3.31403
1.23817
-1.66863
2.09299
-0.392109
-0.929966
0.317238
-0.136246
-0.656496
3.81439
0.712395
-0.285538
-11.6313
-0.96662
-5.89595
0.941565
-0.231116
-1.22357
-0.522114
-1.20466
1.54448
0.168567
1.53378
-0.287915
0.493819
-0.972136
0.278007
0.405112
6.15205
1.69137
-0.0563666
2.53048
-2.21609
-3.78696
8.60532
0.419717
-0.608495
0.81476
-0.509533
0.183513
0.706141
0.823087
-0.824776
0.217567
-0.261192
0.335559
-2.49192
-0.728499
11.9314
-2.48443
-0.804626
-0.489704
0.734828
8.05101
-2.61919
-4.28286
-1.43374
-25.8337
1.02973
-0.0238209
6.18695
-0.211585
0.0496591
-3.50162
0.768299
-1.58529
0.397663
-0.0876233
-0.419581
0.330343
0.0337284
0.200071
0.444464
-0.27873
0.53496
-0.284836
-1.3212
-0.414505
-15.0918
1.49921
0.578025
-0.201044
-0.837887
-31.6366
-0.474472
-1.54485
2.7887
3.55795
0.158924
-1.42336
-0.258123
0.098241
1.44207
-13.3903
0.223145
0.934246
0.0140219
0.439532
1.65197
1.21657
-0.698737
0.451944
-0.950368
-0.972784
0.819968
2.52119
0.858987
1.24948
-1.15026
-1.31113
-3.09717
-0.194462
0.271354
8.57462
-0.785509
-0.621508
-20.1993
0.526413
-0.17607
-0.42939
-2.41223
0.163536
-14.9923
0.14282
0.197605
-1.45002
-0.0889802
-0.848814
0.317517
-0.306458
1.06917
2.76231
-1.21812
-1.84276
-2.3288
2.01
2.78548
-0.764054
1.47238
-0.312078
8.34541
0.56392
-1.69675
-0.0260868
-0.442405
-0.0425291
