0.256262
2.71545
-0.518902
0.335345
-0.410989
0.880573
1.01563
-1.46396
-1.93739
1.0152
-0.293164
-0.293321
-21.3628
-1.01392
0.79928
-3.00124
1.36502
0.514018
0.827998
-0.269709
1.69089
-0.00941818
0.0906216
21.3511
5.39658
2.34815
-3.20833
-22.5579
0.54794
-1.24357
-0.189996
0.257886
-4.83379
-39.2696
0.6709
0.76076
-1.07592
-5.70534
-1.33833
-0.693347
0.484229
-0.650391
-0.524401
-0.424422
-1.49029
3.18047
5.89918
-2.8853
-0.301107
2.00455
-0.140466
-1.20587
12.4643
-0.12522
-0.121663
-12.8552
-0.221624
-0.692671
3.0312
1.02414
9.34838
-0.844162
-0.0292961
-114.001
0.127482
-5.89028
0.475296
0.729154
0.0894442
0.179318
3.36845
1.02089
0.151694
-0.524263
-0.698121
-0.0754265
-0.231649
-3.72446
-0.39786
1.56237
1.96993
-0.0703294
6.80921
-1.71524
-0.669068
2.53166
-5.02665
-0.934707
1.21628
0.185442
1.83738
1.87021
-0.100487
-0.0382654
-1.38886
-16.9025
0.0529956
0.26386
1.92933
0.879008
-0.177049
0.145718
2.8094
1.28659
1.39753
-0.775686
-0.82624
2.55219
-0.303659
-0.705866
-0.623973
-0.307149
0.28534
0.17394
3.8343
-0.0147586
-0.323795
-0.423363
8.94237
0.508528
-0.359195
-0.454955
0.866771
181.451
-1.55135
-1.19065
-1.00992
-3.44916
3.93067
3.57055
-0.534937
0.53187
-52.3546
-1.92614
-0.359046
-1.18537
-1.52473
-1.31105
-1.72547
-0.161601
-0.471588
-5.04951
-15.0989
1.35004
-2.3329
-0.0595317
-0.355132
-2.35659
-2.8771
-17.9179
-2.74595
-1.80828
-11.3073
1.42697
2.5386
-15.0911
3.25459
0.201835
0.0787816
-0.16659
0.331565
-0.402503
0.228732
-5.64533
-2.64399
0.517632
-10.1518
-0.473109
-4.12403
-0.337614
0.406081
2.15716
6.94143
-10.7817
0.138053
-0.717172
-2.65667
1.33389
1.29047
0.75315
-0.0391746
-0.870534
-0.241753
-2.14635
-16.0114
-1.42617
-1.23484
0.581902
-0.300831
41.8413
-358.111
1.31505
-0.88907
-1.86278
2.2025
0.959045
-2.1132
-0.193183
2.14613
-0.223225
2.9131
-1.32569
-0.573114
-10.8581
0.150436
-1.06042
1.02314
-2.76375
0.0755443
-0.232618
-4.19185
0.731598
0.340763
-1.3649
1.63717
0.622377
0.889292
-0.58448
1.79157
0.78076
4.90933
1.40106
0.228491
-1.1517
-1.84452
-7.86194
0.0568936
0.3373
-0.7487
-0.588244
-0.303691
-0.0539393
0.320237
0.83261
-0.588929
4.58997
-1.96846
-1.21113
-11.0437
0.818185
-0.0947893
0.432862
-0.728449
5.56541
1.25276
-2.91234
-7.24722
-0.535953
-0.0592808
1.52846
1.61794
1.64126
-2.34442
-6.76081
0.0577805
0.484089
-0.218821
0.327485
-1.47932
0.227363
-1.20817
0.637514
-0.21854
-0.518278
1.4312
-2.12676
-9.25166
-0.0975572
-2.11883
0.772651
0.314422
-0.313675
-0.573524
-0.339624
2.37146
0.641689
-4.5965
-0.423553
1.42904
-1.56681
-3.24239
-1.09782
-0.667342
-0.0146911
0.534912
-0.188333
1.31868
0.62792
-1.87761
-0.232595
-1.75074
1.5907
5.63347
-1.09749
-0.295606
0.454584
-148.457
-0.377936
-0.0773575
4.32102
0.649891
-0.630974
0.652554
-0.724323
-1.64579
-0.618911
-1.2515
-0.11391
0.653594
-0.156146
7.20318
-3.05357
0.900884
-1.26497
-0.987818
-1.65625
-3.78193
7.27539
1.36422
-1.85256
0.483112
0.189559
2.0202
-0.213456
-1.68931
-0.671002
1.91546
8.28136
-0.0711027
0.686062
1.01098
-0.532758
-0.118494
0.161703
21.6303
3.05871
0.999987
0.773385
0.0751531
-0.129665
2.41774
-0.00860174
-1.59846
2.56432
0.428653
0.0557493
1.76487
0.253885
-5.24373
0.442833
-5.21096
-2.34443
-2.72723
0.020957
3.18292
1.01584
0.736397
6.24583
0.0826702
-4.16294
42.8155
-7.72982
0.130267
-0.00031672
109.795
-0.98374
0.65635
-0.961176
-3.40021
-0.0796466
-1.99243
0.253745
-0.359659
-8.4803
-2.27437
19.6546
0.315449
-0.0818489
-0.69819
1.07022
35.699
0.889325
-2.97324
-1.73812
-1.05395
22.9973
-0.548541
0.411398
2.23017
-0.823647
-1.27075
-0.625558
-0.69316
-0.279946
-32.9235
5.79112
-3.14142
4.0244
-0.73467
6.1872
0.0123425
-0.202185
1.39756
1.04914
0.470607
1.63389
0.564684
-0.0225267
8.4302
4.76199
1.14031
0.0881479
-0.827959
1.00694
0.0573696
3.00247
3.38741
-2.23351
9.15736
-0.929685
-4.9332
-0.374373
0.563573
5.97301
0.355037
7.83055
1.24173
5.73553
3.46519
1.06183
1.22281
-2.7879
-30.2743
-1.17525
5.47929
-2.09818
-2.73997
-0.101499
-0.959302
1.3804
0.275285
-0.336731
-0.435671
2.84827
1.65207
0.39831
-4.92926
0.783536
-1.07857
-0.0465684
3.11341
1.74961
1.14599
-0.531861
3.15419
-1.06895
4.63543
3.02871
0.104861
0.156138
-0.283739
0.593859
4.70985
-1.47798
6.21531
3.91277
-4.46905
1.49075
-0.537027
-2.38349
0.378238
0.676565
-4.2005
-0.608361
3.85712
14.0302
0.12016
-2.41965
0.341288
27.0029
-80.4943
0.539808
0.141019
1.02827
38.4543
0.0392615
0.111352
-0.620496
0.205086
1.06858
-0.808637
0.231627
2.00497
-0.192842
2.75186
-1.00674
0.790881
0.263845
5.54312
-1.95483
-1.40295
-3.18938
6.93149
-0.429318
-1.75689
-0.55595
-1.27811
0.265327
-2.03191
1.47182
1.6433
3.64725
0.0823008
4.8476
2.25941
0.526565
0.734268
0.0264387
-0.00992074
-0.51292
0.43701
0.59377
-0.658562
-4.58171
-0.396092
-0.506958
-0.345847
5.02278
-0.0873003
-0.397536
-0.685541
-16.6522
-2.06712
-0.269177
0.119336
-1.00636
-0.44437
-0.423403
-2.4107
0.301269
0.164908
1.19387
-1.82438
-0.00617376
-2.24054
0.683725
-1.11204
-1.33934
0.078085
-1.62818
-0.748197
2.12706
8.98501
-0.057104
1.17528
-1.75346
0.917052
-2.47684
17.4111
0.789564
-0.541121
6.60761
1.68309
0.696196
6.02459
1.49796
0.703517
-0.661447
7.56065
-0.427535
-1.23757
-0.639961
-1.91194
-2.96878
0.36247
-0.533527
0.111696
-0.0361685
0.593398
-3.82529
-13.5677
-6.14621
0.152851
-0.715075
-0.0183468
-1.37324
-1.80271
0.305284
-1.55785
0.0700008
0.868154
0.271777
1.33945
0.552223
-0.507906
6.11581
-6.00715
-1.38141
7.8986
3.17311
2.40846
3.46043
-0.571535
-0.35282
-0.166599
5.34966
-2.23766
1.29581
-1.96186
0.272376
-0.655304
-0.87036
-0.839428
133.236
0.15105
0.544007
-0.851955
0.166501
1.28438
-1.48868
8.66334
1.09601
0.00287013
0.357637
-0.407931
-0.160068
-39.1252
-0.343673
-0.966708
-0.194119
-9.81023
0.680797
-3.58127
-0.734203
1.53562
1.1461
2.61031
-3.4546
-3.90702
1.19102
2.26788
-6.20433
-8.74207
0.0291667
1.35257
-1.21218
-4.87173
0.145399
-72.7939
-0.436302
-0.253609
-13.8113
-0.80864
-0.149856
-0.272751
-1.0896
-0.616232
2.53597
1.25127
0.328711
-8.01369
-13.8234
-2.08655
0.25777
0.604831
2.11391
4.30429
0.424237
-30.0234
0.329011
-1.40223
-6.98735
0.451527
-4.25755
4.07747
-0.961658
-1.49261
-1.4387
0.0472188
-0.659609
-2.45415
0.919713
-0.292132
-9.4186
-0.857801
73.0282
-0.259395
0.146589
-0.73005
75.1422
0.827707
-0.605546
1.50676
-1.6711
-0.739157
2.18591
-11.9762
-0.403457
0.320974
0.547439
4.45494
-1.21432
2.04424
-1.02283
-1.24662
0.0978953
1.87947
-0.00922974
-2.85464
0.189161
1.46777
-0.863709
-0.233775
16.6656
-7.82724
-8.95807
-5.1866
2.78776
0.481625
-0.541766
1.24768
-2.10928
0.194982
0.627189
0.138261
-0.441515
2.28168
-0.560119
0.643815
0.566004
2.32934
-0.754984
42.8276
1.82124
-0.550319
-1.81287
1.69956
-1.61012
1.21335
-0.579974
1.14227
1.30901
-9.29004
3.76718
-5.01218
2.14199
0.234998
-1.7678
1.23581
0.159834
-0.399484
1.00063
0.486647
-0.693755
0.202932
0.940973
-2.50591
-0.538427
2.40362
-0.269751
-2.55063
-22.1638
-0.661669
0.318553
0.0286318
0.227761
-0.0493479
0.223662
0.172736
-0.284552
-0.184532
5.62258
-0.410373
1.53983
2.26701
2.58391
-15.2477
1.10989
-0.772211
0.543182
-3.37815
0.608629
-0.0739703
-40.9235
-12.3932
1.29403
-0.626391
-1.96979
-4.41766
2.64679
-8.42967
14.9201
1.01409
-0.818359
-0.4817
0.888719
-0.976363
0.605973
-1.11208
0.5869
1.76264
0.240134
-0.398281
-0.715925
2.73876
-0.988442
-1.1766
0.580615
0.0250722
-0.942712
-9.09255
0.58632
0.832074
-1.44257
0.0767787
-0.0426184
0.478708
-0.159928
0.39017
2.46055
1.19225
-9.37761
1.14639
2.06148
-4.95409
-0.444534
-0.632937
-1.66909
-7.38769
-13.748
1.66575
-0.548421
0.156759
1.13526
1.07226
-2.52271
-0.353481
2.02306
4.979
-0.897506
-0.424625
0.126891
0.540911
0.916336
-0.0534474
0.170996
0.98356
-2.42132
-0.90053
0.369237
-0.174658
-0.248786
1.20291
0.183856
0.274964
1.55517
-3.07866
0.712085
-1.68243
1.01996
0.522283
0.576403
-0.783135
-0.414438
-0.758807
0.119635
0.123894
0.590392
3.62156
-0.434992
15.7487
0.640051
-1.31822
-0.366594
0.829253
-1.07945
0.735509
0.147649
1.75708
-0.68928
3.55257
2.97983
0.244563
-4.83177
2.23389
0.149652
-1.87025
0.0399132
-1.00266
1.09879
-0.436477
-0.0472217
1.08922
0.580256
-0.122792
-2.23565
-1.1175
-0.509712
4.63802
0.1726
0.678289
-0.382891
0.133527
-2.24632
1.81716
3.50872
0.301221
1.13216
-1.01998
-0.17772
-1.85563
-0.886382
-0.710619
-0.159062
2.16745
2.57169
0.386728
-0.636743
1.02849
0.794654
-0.366003
-30.0142
23.5977
0.126905
-1.71781
-295.615
9.23969
-14.0718
-2.63378
0.569771
4.34406
-1.95796
-5.47002
6.39094
17.7791
3.18465
-0.190941
-19.8642
-0.829344
-0.243819
-0.942049
-0.599426
-1.62413
-3.76937
-1.04154
0.78336
3.81938
-4.78678
-127.141
-0.705843
-1.18684
0.222911
1.12965
0.985322
0.339924
-0.0580341
-0.91074
2.51434
-4.5992
5.24292
0.805149
0.721238
-1.02757
-6.09693
-1.06424
-0.744822
-0.243206
3.49505
1.10194
-0.904728
0.701252
1.1175
1.5782
-0.386608
-0.655892
0.529631
-3.17893
-1.22206
-0.169651
-9.72961
-1.38296
2.74683
-1.16246
-1.793
0.421906
-0.423234
0.209903
10.5776
-0.0824887
-0.180749
1.98006
-2.35665
1.70919
-0.540379
-0.855443
-2.41967
-2.64942
0.633677
-0.206906
-3.43992
-6.06571
-0.68978
-0.299882
2.46761
0.798476
-1.42379
-0.871457
9.78945
-1.286
-2.16057
1.12016
1.5024
0.981583
-0.792437
0.065755
-0.352103
-6.37295
5.45043
0.527923
1.0103
-0.468535
-0.679319
-0.540696
-0.84625
0.0288423
-1.05301
0.308052
0.277399
5.31426
-0.53558
-0.385971
1.64013
4.12427
-0.18083
1.2521
-0.155908
1.10193
1.1295
0.748738
-0.810523
0.990789
0.858034
0.167346
2.28463
0.141347
0.893578
0.287415
5.90982
-0.0706749
-9.60518
0.725989
-0.306287
2.36227
2.56469
-1.55221
-1.31831
0.328321
-0.622693
3.67389
0.00552004
-4.01766
-0.845385
0.70627
-1.67454
0.108545
0.0309644
-3.21891
-1.86092
2.55578
4.98862
0.751993
5.19657
0.515111
0.954241
1.57307
0.159977
-0.253712
-0.281292
3.35097
0.125528
2.7335
6.32349
-1.9684
-1.36417
0.107787
-1.368
-0.782589
0.0334785
-2.06667
0.394442
-1.655
-1.33331
-0.84314
-3.73901
1.17308
0.275299
-1.11452
1.68316
0.954029
-0.31806
4.19834
-9.84625
27.46
0.343674
-1.41762
2.03801
0.857751
-0.482083
-0.265557
-1.26469
0.563325
6.49522
-0.720735
1.25257
4.3695
5.45901
0.543932
0.839313
-0.331103
5.91412
-0.185714
-0.55767
-0.0556811
-0.915763
0.244672
1.60527
-2.12817
1.68017
93.8048
3.03893
0.211117
6.09706
0.00655957
1.16712
-1.86229
-2.25137
0.257011
1.33842
-1.53286
0.789621
0.682875
-0.224657
0.230737
4.73421
-3.81926
0.135704
-0.0297955
-0.467527
-0.232423
-0.110659
-0.865623
-7.1807
0.745026
0.266652
-0.892132
-1.38188
-0.497159
9.73262
-8.23558
-0.551639
-0.184653
1.96439
-0.702636
1.52374
0.748432
-1.23347
-13.2767
2.5437
0.556792
40.5974
-0.337873
0.093445
-0.973734
-3.52518
-0.899072
-1.99831
-1.82239
4.47979
0.125695
0.789531
-0.142279
0.714185
-2.45303
3.57492
-2.0879
0.312675
5.39066
8.48054
-0.892492
2.19292
-0.376423
-0.79023
-0.943645
-0.584096
0.926235
1.55925
0.238928
1.62893
1.28555
-2.2756
1.42319
-14.9492
0.741729
-8.55333
-0.181238
-0.500485
1.35975
-0.907164
-0.832065
0.94036
1.47099
-0.445801
2.47832
-0.35223
0.395681
0.449698
0.918726
0.834087
-3.58253
0.208325
-0.118417
0.620904
2.14759
0.324047
14.6164
0.38166
0.38527
1.00213
1.01088
0.382552
0.553756
-2.16034
1.13467
0.126176
0.131025
2.08036
-1.38903
-10.2206
-1.06831
-0.971826
-3.48154
-0.739577
6.27915
-1.35937
2.67121
1.04248
-0.515453
-0.0357689
-1.47527
-3.70569
7.72827
-0.445809
25.1996
-0.544781
-0.818364
-0.129011
-0.0793646
-0.444123
-15.6088
0.0919314
-2.57202
0.753568
8.23782
0.969547
-1.61107
-1.25605
-0.155518
-0.667794
0.179012
-5.76277
-0.892254
-0.131146
-12.1217
-1.16477
-0.390435
1.08343
21.0862
-0.874001
-0.240144
8.0897
4.13589
-0.25168
-1.00265
1.09074
-4.68179
-0.747897
1.61371
-0.462197
-3.80715
2.93723
-0.50074
-0.514102
1.21137
-0.723296
0.75653
2.19039
0.562643
-1.59099
-0.977476
1.35779
-3.16202
0.219189
-0.375864
0.433911
-0.0764406
-1.08579
-0.106287
-0.933803
-0.421151
-7.60345
-8.34248
0.663103
-0.789902
0.00992274
0.614283
-7.40263
0.450757
-1.25879
-3.07056
-0.256605
-0.205231
0.362026
1.98008
1.85338
61.5901
-0.550877
-1.82291
0.187028
0.586169
-0.0528492
-284.038
-0.477576
0.553021
-0.394179
1.88625
-0.223887
-1.58277
2.36537
-0.573926
2.1223
-4.49248
-0.751416
4.15827
0.698651
2.86675
-0.641557
0.0445146
0.0875803
-0.441159
0.338231
6.36988
-0.705621
0.733643
0.356001
-1.52375
1.89943
5.79877
-2.36865
0.917551
0.513497
0.997223
-0.253044
6.03999
-0.623488
0.789795
-1.83505
-1.82409
0.0194332
2.2927
0.66146
3.3703
-1.20957
5.79143
0.44629
0.0350567
-0.89769
1.77947
-0.0632218
3.83578
0.361483
-3.59497
-1.60592
-0.209594
1.49866
-1.51709
-0.559918
-2.46262
-0.988908
-0.664729
-0.165187
0.562162
0.932973
-1.02288
0.455131
-10.8908
-1.35564
-3.25957
3.44118
-14.5204
0.313293
0.715305
-1.10691
0.645628
-0.814858
0.677039
-2.51203
0.158376
-1.50519
-0.306237
0.280004
0.792454
-0.900411
-1.76559
2.01899
-7.03474
5.98492
5.57788
-0.113216
0.428361
-0.546159
3.4142
2.60383
0.267104
4.67998
-1.37142
-1.98517
-15.4833
0.598127
0.304566
12.2766
-2.06237
-0.842314
-3.44779
0.701306
-2.64376
0.827774
-3.83796
0.808724
-4.68405
-0.186608
-0.0638071
0.386524
0.0859337
-0.473967
1.12785
-1.10759
-1.60304
1.76754
1.68656
0.169606
1.54003
1.55765
-9.9473
0.102804
-0.125056
1.43814
-0.795806
10.8416
-0.546536
-2.40903
2.11559
0.35031
0.346401
-0.119621
0.886475
-0.346169
2.81293
-0.290301
0.431893
2.72398
1.04973
-4.68464
-0.426336
9.59164
1.26459
0.138664
2.71332
0.197761
-0.917401
-0.556759
0.682561
-1.87745
2.42928
-3.51403
1.81154
-6.004
-0.133521
3.96496
49.7984
0.00230234
1.88799
0.0332793
1.59023
-1.01684
3.68158
-0.311474
-0.459541
0.0436052
1.12391
-0.0238854
-0.365844
0.621162
1.04474
-0.141745
0.122905
1.35463
-0.386486
0.525152
1.72985
4.15695
0.970864
0.0285771
-3.55383
-9.22393
-0.0688967
-4.80573
0.686324
-0.168273
1.31931
1.01968
-0.535188
0.396529
-1.23601
-0.531691
0.128922
11.1259
-1.51463
1.05311
2.096
-0.0671655
2.47617
136.919
1.19445
-22.8597
5.43025
-0.175372
-1.16717
-0.494229
-2.96175
0.387011
1.92289
1.47191
20.703
1.56193
0.602254
5.01904
-1.11481
0.887066
0.945502
0.811256
-1.09509
0.802191
0.145521
-1.26899
0.376848
-1.9229
-2.92088
0.746897
0.183597
2.13183
0.497379
-5.11292
-0.972082
54.9498
3.77313
-0.668776
1.6802
-39.3189
-1.18188
-0.9925
1.09293
0.759722
-0.866187
1.67599
0.73085
-0.805846
-2.50449
1.01472
0.388225
-0.00395361
-2.49858
0.0396373
1.60019
3.55677
-1.21095
5.30416
2.31744
-0.0524185
0.696171
-25.5991
2.5035
-0.184314
-0.278074
-0.164436
-1.62441
-0.17088
-0.334151
3.65404
-6.17887
0.780592
-0.686661
-1.52578
0.816157
-2.37176
1.43082
-1.21974
7.79949
0.219285
-0.100702
-0.139183
1.35734
3.2614
7.32682
-0.384105
0.0118599
0.048976
-0.902299
-0.410802
-0.168985
0.00383877
-3.48261
-0.236206
-0.402675
0.712949
-0.628251
-0.0779767
0.876509
0.640074
-1.98083
-1.06457
-0.676198
1.04649
-2.40674
2.12588
-0.133431
3.64075
-4.54972
0.513753
-0.0920135
-6.75612
0.519177
-0.296576
6.98266
0.256739
-21.9717
-0.47835
1.62408
0.0996774
-1.90693
-0.948889
-9.18118
-4.864
-2.90578
-0.423079
-0.487946
-8.34596
6.9433
0.958982
-0.183434
-18.0263
0.364961
6.28831
0.385769
0.376975
-1.73918
-0.162367
1.32344
5.4555
0.424753
-0.334548
-3.15271
0.205077
0.821821
-0.552338
1.38725
0.537919
4.00183
-1.28935
0.0262406
-0.624934
-0.132929
9.65059
0.179866
-0.331284
-1.24056
1.27054
3.33886
-3.7879
-0.0267148
0.933278
-0.537635
0.271539
-160.001
-1.09198
0.721916
0.322997
-0.71512
-0.100915
0.0607658
4.6421
1.41377
0.169004
37.5156
0.611139
-0.76211
-0.518052
0.648199
-5.66944
-0.563464
2.02179
-0.610128
0.00422153
-0.9637
-2.03343
4.35462
7.2764
-5.09182
0.906819
5.08028
-1.25199
-0.332073
0.359892
1.5989
0.888625
0.748639
3.9114
1.26245
11.6299
-8.86756
-0.0457403
-0.11194
0.887438
1.22733
-2.94418
0.29542
0.724665
-0.72136
0.85108
-1.04513
0.838502
-2.89602
2.94233
0.165456
-0.204442
1.40206
1.25151
2.68923
-0.631141
1.32076
-8.60694
-0.756619
1.44656
-1.61737
4.26385
0.657987
0.738277
0.264808
0.757891
-1.49232
-1.83161
5.04267
4.27596
0.234825
-1.11315
-0.103286
-0.753874
-7.47096
-0.860825
-1.09258
3.47753
-1.41547
94.605
-1.65253
0.610008
-0.288614
-0.432918
0.309872
-2.26025
0.0899847
-1.2105
-2.49756
-0.336706
-0.09016
0.246835
-0.253331
0.270116
-1.7717
2.14067
-0.788353
-0.86219
-0.601821
-0.213765
11.2635
-0.382678
-4.27028
-0.105998
-0.823899
-5.35099
-0.542682
-0.204115
22.8192
-4.36802
-1.52218
-1.93532
1.02166
0.704478
-7.02125
1.1391
0.601942
-0.791367
-3.94301
1.36088
-0.438137
-0.741633
0.365703
-16.5761
0.275945
5.83395
-0.292032
0.665537
0.458019
-0.128192
-78.6053
-14.7564
39.2291
-3.1972
-0.556392
19.1313
0.481781
0.421301
9.65049e-05
0.526936
1.35846
14.1752
-6.35842
0.902392
-13.5395
2.30831
-0.399122
-4.34114
0.9487
30.7719
2.65932
-1.29403
1.00407
0.308234
-5.01309
21.629
1.77599
-0.441134
-1.54789
0.350802
-2.78024
0.947717
-0.814663
0.656895
1.91581
0.215353
0.779153
1.01755
-0.273628
0.979037
0.556593
-1.08368
-3.31562
-10.7204
0.492754
2.24629
0.797408
0.426637
0.572674
1.23017
-5.36069
-0.772412
-0.487967
-1.64679
0.0504687
-0.322411
6.02618
2.16173
-0.317027
-0.347294
-0.14048
1.95411
0.279058
1.21733
-13.8807
-1.99124
11.1325
0.648281
-14.8355
4.08366
-1.2808
-1.49492
0.22301
3.9863
-0.321071
2.11776
-1.01892
0.9514
0.885027
0.802809
20.3385
0.15805
-1.22924
2.48603
-0.654548
-2.06688
-1.10015
-0.0360962
0.110916
-5.96861
-3.73144
-0.826807
0.0632798
-10.0586
2.83855
-2.58866
0.54048
0.467208
-0.0802876
2.21925
-169.021
-1.1631
2.70017
-4.02245
2.13685
-3.37507
2.73175
0.0780939
-4.53269
0.359204
0.0358657
-1.70138
1.30026
-1.29795
-0.243757
2.50161
0.0670707
-0.354897
-5.19534
3.98674
-0.634446
1.18242
1.61531
-13.255
5.83194
-1.06252
0.655886
-0.0709571
-0.346888
-0.18706
-0.402632
0.281181
0.423136
0.752689
1.12651
-1.86302
0.696117
-2.25457
-1.76689
-7.35784
0.423886
0.398848
1.01527
-3.61558
-0.110448
0.582474
-1.40129
-1.18418
-5.61862
0.459528
-0.0730603
15.8093
-1.50089
-0.448964
2.15507
0.0143128
-1.29343
160.135
-2.54541
-21.9262
-0.468409
9.83032
-0.280221
-1.89872
2.33299
-0.916276
8.67372
0.26319
-1.11418
0.197654
-5.18956
-0.541946
1.24432
-1.4606
-1.94081
-0.244209
-7.06649
-1.97904
1.56463
-1.98251
0.517856
1743.64
-0.570862
-0.731005
-0.823163
1.41125
-0.132027
-0.0593963
0.189851
3.56804
-0.85706
-0.0177778
-0.172985
-2.10161
-0.265686
0.337285
-0.562098
2.87516
4.72829
-0.232166
-0.960901
-4.67493
-0.895913
3.50879
-0.164816
-1.03011
-0.913614
0.335547
-1.10034
0.437796
-47.5437
-6.53798
-1.40685
-1.66993
1.00298
1.23372
1.11141
-10.9348
1.43655
-2.53743
-0.757244
-9.44664
-1.10744
-0.554879
0.0366044
0.134756
-0.974534
4.51706
0.00965709
-12.6739
-0.905201
-0.482712
4.97296
2.24526
-1.28781
0.91133
-57.4653
-0.384141
0.556653
2.24283
3.33945
-0.649158
-0.0574037
-0.360259
0.874218
1.47132
-6.02412
0.668834
1.37067
-0.255088
-46.4615
-1.45509
-0.24205
0.0280826
-1.03381
0.523178
0.331484
3.91468
-1.23465
-1.55769
0.29441
-5.52884
-3.80051
-4.94739
-1.30636
4.33894
-2.12385
-0.191611
-3.91421
6.4888
0.234918
-0.914164
2.89685
-0.24949
-0.211072
-60.7021
-3.07745
-2.83534
1.6085
1.29562
0.520275
-0.858726
2.66771
-1.46946
-1.27597
0.367482
1.76924
3.42537
-3.79154
-2.93504
0.0451926
0.0271146
-0.548694
1.43867
1.68712
-6.58133
-0.106595
0.936532
1.39296
-3.25145
0.667144
1.24052
1.3166
-1.13085
4.73909
-0.704386
-4.54677
-1.84981
-1.96218
-1.33967
0.512158
-5.22987
-101.393
-2.04894
-5.19922
-0.298015
2.57111
-0.0451041
-0.815387
0.180904
-0.7567
1.18779
0.989258
-1.64203
-0.110018
-0.182834
0.146943
-0.11875
1.16169
-1.22805
-1.87562
-0.411751
-0.774184
60.947
-0.0336435
1.09222
0.388591
0.567399
0.513058
0.757757
-0.626369
-3.36059
-0.443154
17.9305
1.03473
-12.243
-0.00809329
0.243517
-3.40447
-0.322003
-2.06849
0.282491
2.76266
0.353837
6.77266
2.83004
-0.626746
12.2212
0.395228
0.63054
0.827521
0.482338
-1.21852
0.175676
-9.84169
-0.93705
5.70681
1.28888
5.59451
10.8334
0.22233
0.40471
-8.94003
-0.200339
-0.432711
1.50191
-0.0493445
1.06109
6.54383
-1.27306
0.499063
-2.76584
-0.108155
-0.191961
-10.9149
-4.237
-1.46237
-5.65836
-1.1955
1.31116
-0.306453
2.8751
0.0347507
-0.229989
0.25549
0.574537
-1.30182
0.402318
-0.899112
-1.5239
4.40016
-0.583434
-3.7576
2.30311
1.44113
0.777004
2.12716
0.252522
-8.41386
371.597
-0.549581
0.453397
3.52056
0.995418
-1.77353
4.62541
-2.4487
14.4739
-0.371747
-1.63849
0.0350905
-0.119687
-11.057
-0.255845
0.153002
1.08147
3.63509
0.0863838
1.5144
3.7405
-0.199905
0.64686
0.251497
5.09748
-0.129214
-1.32136
5.126
4.61697
0.438438
-8.44507
1.13673
-0.833627
0.61093
-0.0463298
1.57589
0.969446
2.66874
2.89766
-3.51892
-0.555475
1.60006
-1.01487
-0.967103
5.13445
1.02198
-2.22266
0.08479
44.1611
1.82759
0.434173
0.811695
-0.0862774
1.68636
8.67596
0.999225
1.91488
1.12129
0.686752
-4.09897
1.135
-0.235079
-0.235855
-130.005
0.682346
-10.6101
0.70283
-1.02969
-1.04711
0.451574
-0.351683
-0.978798
0.192836
6.29143
-0.0778833
-1.59741
-8.95306
1.96185
-0.00909239
0.0101369
-0.3122
1.61212
-1.01143
-1.29317
-0.0751289
1.93972
8.5799
0.537159
0.888022
0.855531
14.2718
-0.0300453
1.54953
-0.559011
-0.802345
-2.21298
-1.59951
3.97776
-0.370932
-41.4874
0.427427
-0.728872
-1.22025
-0.890525
-0.486368
1.1093
-16.8197
-5.24637
-1.68263
8.96281
4.80995
-0.113684
0.464786
-0.623853
-1.21305
-1.1498
0.708786
0.163915
0.221607
1.02474
0.794031
1.21085
-1.45405
-5.03069
0.69537
-3.37482
-1.55768
-42.8171
4.82331
-1.14769
-5.91537
-0.134485
-9.26373
0.15063
-0.307129
11.3496
-0.00806632
-0.580341
-1.43262
-1.53007
0.102216
45.985
-1.2288
-0.462975
-0.186858
0.700852
0.694535
-1.89246
-6.37807
-23.9381
0.174271
0.109329
-10.4321
-0.885131
-1.06452
0.509061
-2.36918
0.962798
-1.45175
-1.59308
1.63272
0.72346
-0.729287
-1.3408
0.516096
0.175733
0.149641
22.8017
0.243675
0.152545
4.17338
-0.5338
1.59055
-0.715877
-2.94154
-0.282403
-0.0656907
-0.0384153
-25.8689
2.60862
-0.454212
-2.26364
1.29684
-0.366737
2.0357
5.03849
0.0161353
0.199747
-2.85365
0.362399
-1.20227
0.691881
-1.57193
0.127712
1.05538
8.45005
-1.19329
-0.79223
-0.839927
-1.55541
1.36716
24.6904
-5.83637
-0.890997
-3.75101
-1.45966
-0.741268
-1.52049
0.228334
0.0577522
-3.25346
0.802344
-0.995032
-1.96088
-0.132883
0.343749
0.137165
0.102105
-0.823839
-0.73978
3.231
0.166607
0.0177672
1.1612
3.34255
-0.03481
8.97895
0.128343
0.79627
0.64304
1.0277
-0.0438681
-0.713202
-1.76469
0.767512
0.697193
0.32369
1.38824
-1.26249
-0.67427
-7.21683
-2.91953
-0.737761
0.381876
-5.21502
-12.9443
-0.0620899
-0.82711
1.00102
6.40043
0.873642
-6.76158
0.164752
0.0378611
-27.5997
0.341212
-1.04506
-1.54608
-8.33635
-2.20458
-0.287462
-6.99421
2.39716
0.0467435
0.00229942
-3.31651
-5.22628
-0.620162
-1.08491
-0.76749
0.559146
-0.193867
0.685597
0.897036
0.438312
0.942178
0.419702
-0.781567
3.42028
0.681841
-0.335486
0.547279
-0.663636
1.23825
-1.86895
-0.0298051
-0.350549
-1.21639
-0.0188703
1.6894
3.34377
0.535349
-0.674653
0.69941
-2.01501
-0.923282
-3.45039
-0.0170798
-7.29709
-1.82388
-2.29387
-0.619704
1.30772
-0.658816
-0.964616
2.84885
0.179268
-0.859459
-1.54148
1.53398
-0.770482
-0.425108
0.0472719
1.36365
3.47732
-3.04463
10.0572
-0.486401
-0.619577
-0.838956
-0.529197
0.5673
-1.85903
-17.1424
2.82775
1.02773
-21.9386
3.14054
0.988829
0.948031
0.241165
-14.0616
-0.923275
-5.37861
0.807149
0.0692571
-0.460882
1.56759
0.36336
2.68993
1.91241
0.537549
0.519292
2.3782
0.429101
7.18806
-0.405838
0.282276
-0.9449
-1.63291
-1.6028
1.24726
0.737236
8.86971
-2.49084
-1.30511
-1.48949
0.0115702
1.61078
2.15332
-1.7838
0.929799
3.82131
-0.279727
-1.03755
-37.0975
2.71925
-3.9027
-3.6932
1.16729
-0.365014
2.17747
0.926761
-1.81749
1.07474
0.464028
0.725642
0.223066
10.4665
-7.70959
-0.451892
5.63085
-0.250322
-12.493
1.73861
-1.01329
-2.02878
289.627
-1.11807
0.973717
0.681565
3.27912
-1.0273
0.0173128
-1.18318
-11.3859
-0.582647
-1.19579
2.54678
0.801556
1.63031
1.69146
-1.28673
2.95519
-1.65365
1.98775
0.115796
-1.469
1.25808
8.79261
-1.02279
0.335393
-1.18092
-4.26266
0.368236
0.998532
-3.29061
2.8758
0.964212
-6.23087
-0.566857
19.0575
5.89307
1.19173
-0.211019
0.192752
0.525385
-1.21633
19.1941
-1.38978
-3.02436
2.71084
0.121434
1.17371
0.0253141
0.54863
0.193998
0.851951
-1.48154
0.0219746
-0.245728
-0.520943
-0.659014
2.03402
1.89694
0.080141
-4.07684
-0.0659767
1.87258
2.6303
0.158255
-5.51987
1.00836
-0.98108
-9.70306
-14.8155
0.201372
-0.0898547
4.552
0.845263
1.2443
0.517377
-0.722154
0.017509
2.24283
-0.140474
0.0897302
25.2079
1.022
3.88864
-1.09778
2.11178
-6.50921
5.52176
-0.835382
-2.41633
0.259512
-6.9927
6.2398
0.666825
-8.67824
-0.351538
-0.0785991
-0.460539
-1.49535
-225.418
2.96732
-2.74185
-1.01399
-0.366696
26.8863
-1.31129
2.30797
-2.80081
2.80401
4.53579
0.103819
0.831892
-0.236449
1.86548
0.257446
-0.759597
-0.31367
-0.613602
-2.47661
-8.40275
-0.807607
-4.01496
-1.6138
1.00577
0.486919
-0.570008
-0.0587058
0.524418
-0.89007
-0.301119
-1.85399
-0.955334
1.3357
0.899616
-0.0400717
1.77731
0.395194
0.308631
1.48762
2.09667
-0.0921712
0.585329
0.629444
0.557857
-0.248475
-1.0918
3.10386
-1.48132
38.3472
0.00699767
-1.03659
-0.349687
-1.4227
0.569167
-0.154284
-0.101748
0.150606
0.642002
1.4321
-10.4154
-0.301645
-3.19757
0.251135
-10.2107
0.988703
0.760124
-0.671094
-0.415235
0.577496
0.0390852
-0.50521
-1.47298
-1.79293
0.744053
-2.34733
0.772039
3.41822
1.12495
-0.801613
5.65567
-1.35871
-0.384477
-1.07341
0.382003
-0.885504
-0.569288
1.73494
-0.649855
1.02219
-0.589
-6.15715
1.57089
-0.748836
37.9769
0.432036
1.33123
2.29609
0.17009
-53.8876
0.593539
22.4056
0.754801
-1.90602
1.25784
0.662257
-0.777586
-1.76607
-1.05255
-1.11632
0.295001
-1.41028
-0.196514
-0.0225777
0.0593099
0.866057
-0.590245
-1.59228
-0.296675
-2.45529
2.48643
-3.62617
-0.42065
0.268267
2.58376
0.756459
-0.905592
-0.00239366
0.377489
-4.95309
2.83779
0.439633
-1.9462
2.87815
1.18089
2.42193
-0.350014
-0.374383
-0.0891041
1.06206
0.111079
0.40157
-1.385
0.65161
-3.14971
1.94696
-0.62406
3.55355
0.09649
0.293018
0.0462897
1.4279
0.71928
-0.536174
1.20065
0.514231
0.596403
-2.75349
0.630057
0.0155484
-0.46946
0.610106
-0.189013
-0.745399
-1.48177
-1.66775
-133.071
1.0536
0.189037
0.307716
-0.314348
0.693086
-0.234447
3.683
-0.239748
1.90114
0.55482
-0.951695
5.8274
1.6625
-0.111408
-5.96592
0.164489
-0.284809
-0.501167
-0.722518
1.40598
-0.453653
-0.634549
-0.560357
-3.91559
-2.07086
0.329308
1.27879
0.0959488
0.0477723
-0.168815
-0.779238
0.457786
0.131018
-0.517668
0.848274
-0.76295
-295.711
0.683099
0.666236
5.0224
2.24846
8.40478
2.93263
0.945507
0.0494409
-2.1876
-0.112058
0.043114
-0.504433
-1.0567
-0.999147
0.299897
-3.0225
0.507175
-4.98633
2.02263
-5.51304
-0.942122
4.77165
0.949343
-0.270676
-0.627328
-16.7372
-20.8935
-5.70743
2.5563
-0.285421
34.4205
-1.74229
10.8385
0.280452
14.0345
-3.14737
-0.882739
2.24387
-0.605076
-0.835024
1.6934
-1.51992
-0.584319
-2.61545
-1.27071
-0.630092
5.01981
4.48007
0.107783
-6.24353
-3.15999
-0.23635
0.641836
-0.124065
-2.99975
0.341936
1.36893
-0.125006
-1.73493
0.748668
-0.0107732
0.00235551
0.350926
-0.206225
2.00526
-0.250652
-4.05529
0.692647
7.42387
0.621196
0.136143
1.40827
0.550968
-0.705474
-0.806361
1.71673
-1.04001
0.150265
0.810093
0.263582
1.82389
0.925519
-1.62714
-0.628951
0.628291
-5.78683
0.620372
-212.855
0.280431
11.6068
-0.522642
0.662574
0.635635
3.47472
-0.0689815
29.3365
-0.76567
-0.0471157
-1.99712
-0.566692
4.31388
0.99262
-9.89735
0.685869
-1.5905
3.62076
0.204587
1.59163
-0.760041
-0.52758
84.7936
1.00087
-1.25836
0.233523
-0.564881
-0.717315
1.05395
-0.203669
-0.572858
0.461317
2.36454
-1.97424
0.536571
0.0112634
1.04894
-0.92897
0.119533
-6.49078
-0.508782
-0.969253
-2.65731
-0.364499
-1.02484
-0.0910842
2.95665
-0.649103
-0.412531
1.06116
0.419958
-0.512667
1.99344
1.17469
13.2387
1.48601
-0.776421
-0.47931
0.502216
0.368195
1.79755
-0.127655
7.0146
0.165819
-1.34374
2.33647
-0.600144
0.233028
-1.49695
-0.135021
0.556763
0.594761
-0.0398554
-0.103252
-2.87119
-2.1818
-9.61729
-1.26787
1.07267
-2.06326
0.406143
-0.24621
-0.460609
-2.13864
-0.584514
-0.941893
-0.301638
-4.00335
-0.584988
-0.293889
16.0953
1.11299
0.362735
-3.4589
0.431343
-4.59243
-3.66641
-1.1595
-0.800164
-2.72923
-0.359241
-5.0786
-2.59506
0.887222
-0.26021
1.6289
-0.974996
-0.477471
0.774082
-5.92185
0.751919
0.212302
0.745792
5.83761
2.84252
-0.623114
-3.1453
0.0367526
0.243626
-6.21792
1.10105
0.102161
0.0562578
1.08531
-0.687752
-6.93854
0.224657
-1.53622
0.824801
-0.252274
-0.536933
0.705589
0.512745
9.44855
-0.527811
6.13079
-1.10523
-0.54778
0.572859
-0.22867
1.19939
1.3555
-0.1063
1.6712
-0.272551
0.8056
-0.388735
0.694826
-13.5496
0.574633
-0.613176
-2.22886
-1.52183
-46.2255
0.884916
-2.71205
0.158144
-0.0529122
0.497095
1.26745
3.07148
0.903156
-3.30902
2.3428
1.54539
0.563394
-3.7658
0.520164
-21.7839
0.634884
-1.15383
-4.11338
6.11819
2.41762
-1.44562
0.0248791
0.346342
0.408857
11.1545
-0.40207
0.251744
0.528182
-0.869134
-0.491333
-0.193726
2.25852
-4.25187
0.677698
0.587361
0.29611
0.859435
10.3644
5.16731
-1.02981
-1.48855
38.0893
0.0167426
1.11076
-0.389965
-1.52138
0.577302
2.39568
-0.472931
1.4395
0.0277243
0.0241172
-1.61796
4.08876
-2.1762
-0.606167
-5.79093
-0.746382
0.10573
0.084431
0.150765
-0.222497
0.203844
-7.60093
0.451452
-0.634663
5.47164
0.144076
2.63363
-3.94333
0.887588
0.532359
2.65778
-0.476582
2.27559
2.65684
1.23127
-0.618797
1.72808
0.373733
1.97161
0.581389
-4.38287
-1.47506
0.374001
-4.11572
172.469
0.132924
3.26053
1.53156
-16.5146
-3.99813
8.1913
3.23675
-3.11688
-1.64438
-0.179675
-0.673449
-13.2988
-0.919551
-0.819395
3.49179
-0.0319983
-0.433036
8.99528
1.25756
-0.418355
0.234359
-1.89486
9.85598
0.749795
0.877415
-1.17047
2.61345
0.272169
1.19231
0.343712
-63.8899
-0.0314227
-1.90634
4.54424
89.4163
0.294139
-1.00387
6.14806
1.04234
-39.0281
-1.77408
1.29951
3.14643
-0.0421797
0.770775
-0.16213
-1.28125
-0.293669
-1.27741
11.9185
-4.3168
-0.645282
2.9905
-0.573978
-0.777864
3.48519
1.41641
0.746862
-1.01221
-0.441893
1.32933
160.75
-0.715267
-0.313826
0.718593
-0.0136282
-0.323695
-0.346736
1.13215
-1.82743
-4.09915
-100.074
-0.264584
-2.20132
-1.51568
-0.153623
-4.85025
-2.11498
1.2647
1.01469
0.608533
-0.345176
1.11587
0.56537
-1.26517
-6.16644
0.677731
-1.19784
0.520833
0.215047
-1.76418
0.138323
1.71547
4.67685
-13.6957
0.293532
-4.59187
2.99613
2.52014
-0.248142
0.54388
19.1483
2.35822
-1.83337
7.26037
-0.775501
-2.3077
-0.722038
0.876308
-2.6292
0.0369543
0.0489742
0.669271
3.92881
5.08948
9.83081
-0.0816043
1.20191
0.110458
0.33354
0.992385
6.21721
0.393244
-4.97263
0.285859
1.04081
0.156222
-2.80922
-9.13161
1.43261
2.78971
-19.6838
-0.237593
-3.67658
-0.701988
0.297588
-0.327486
-143.765
-0.995208
0.432971
-1.85956
-0.750539
2.15308
0.43378
0.212438
-1.35941
-1.14516
-0.415951
-0.424475
-0.0665595
-15.7029
-8.27149
-0.637964
-0.0937762
-0.607351
0.246686
0.378007
-15.5003
1.11315
7.69676
1.13251
-0.151793
-4.44145
0.431566
0.73664
-0.864684
3.0973
-1.73248
-0.389691
-0.615625
-2.85003
-1.2344
-0.509689
0.550869
-27.5467
1.00793
-1.15846
-0.0881652
-0.277059
1.63315
-2.08749
11.4365
-0.948015
-0.0327332
-0.833414
0.0795639
-0.797741
-1.21808
-9.25734
1.23117
-0.673766
0.604898
-5.24305
-0.331594
0.00809903
-0.116616
1.31764
-2.1959
0.29069
-0.275235
-3.78071
1.18301
3.3531
3.89636
-23.0999
-9.85529
-0.513352
-1.22734
-0.234178
9.62085
0.0135194
-0.418611
-1.25237
1.62164
3.89932
-0.61966
-0.12368
-0.238417
-5.98769
-0.417694
-2.3704
-1.12436
-0.316951
-1.14321
-0.554962
-1.33729
-0.0977289
7.17579
13.2645
0.524736
-1.80486
0.0887604
2.96729
-1.06842
2.04009
-0.591827
0.450023
0.472504
-0.212148
0.204631
1.11426
-0.508063
-1.0583
0.116722
0.328797
-0.108359
0.318361
0.384279
5.32479
7.50131
0.0507289
0.664249
-0.630844
-0.0398437
0.246489
1.7638
-8.86128
-4.67908
-20.124
-19.0038
1.0232
1.30688
0.369169
4.27821
1.06452
0.25604
-3.31815
21.2549
-1.56172
2.23592
0.174385
0.622468
-0.10837
1.10067
-96.3514
-2.77679
-0.698433
0.732269
0.188131
2.12232
1.10423
1.38541
-0.477593
-13.6915
61.4348
1.6032
-0.103151
-1.37118
2.82077
1.55137
-0.470591
0.854384
5.54663
0.600953
0.7124
-1.30211
4.1095
2.45832
0.2463
0.185683
1.4471
-0.976391
0.632914
-1.55182
0.00363437
-1.05429
-0.430812
0.780525
-0.00379302
-0.668196
0.629136
2.71736
-31.8867
-60.5928
0.71329
-0.494469
-1.50035
0.331999
6.70024
0.583495
6.31194
-16.962
0.410454
-0.173501
-0.329131
-15.8049
-0.0915538
0.327777
0.64723
0.601232
1.36413
-0.482759
6.98845
1.12606
0.270169
-2.64673
0.471835
-4.56747
-0.0503269
-6.74746
0.198003
0.229529
-0.126125
3.5434
0.220762
-3.00412
1.15622
1.43401
-1.17389
-4.01523
-1.31267
-1.20897
-1.79859
5.74327
-3.12905
0.858597
0.767859
-0.673292
0.280022
0.297723
5.99461
10.0098
-1.65536
1.03783
-1.78718
2.31466
-3.28267
-0.70485
0.911055
-0.583318
7.95167
-1.8643
-1.7733
-1.37007
1.06591
-0.797487
-0.133851
0.346581
-0.510408
-0.488254
-2.91875
-14.3879
-1.56811
-0.373578
-29.6425
0.0361448
-1.02621
35.5884
-0.421781
-0.367786
4.65035
6.91178
-1.43534
-1.95377
0.00719723
0.0785637
0.257667
-0.0413416
-0.575372
0.83827
0.489766
-0.39377
-0.681277
-1.03332
0.232667
-4.52493
-2.9106
2.21555
-61.316
15.751
-6.82429
2.24505
-5.98058
-0.530377
0.250841
0.247811
0.253108
6.39384
0.449258
-1.08082
2.40531
-0.254805
-0.283537
0.967017
-0.008019
-0.286104
-0.551338
-0.5056
2.13614
-0.440395
2.77252
0.857097
-5.31722
0.209614
-13.5169
-0.043365
1.63969
0.0046394
-0.68151
6.93746
2.83768
0.144459
1.012
2.511
0.777362
-1.22717
16.1643
-0.219953
0.250415
0.522669
1.00715
4.96533
113.176
-2.79808
-0.645728
-1.99973
0.441209
0.836337
0.34762
0.296965
-0.271861
0.557196
1.1894
-1.46103
-0.0743053
13.6342
-0.531871
-4.01629
2.80521
1.14079
0.306005
2.78425
-0.522885
4.85702
2.50778
9.66683
-0.718725
10.9468
-0.25214
-3.00279
0.645587
-0.708629
0.544877
-3.16906
-0.406151
12.4671
-3.92384
-4.11104
1.48058
-0.0630272
-0.856666
0.40131
-0.511021
3.82546
0.296824
-29.6418
0.331499
2.1721
0.309096
0.290044
-1.31434
-0.670911
0.107852
-0.0664707
-1.18112
1.15828
1.15165
1.16554
-1.94517
-0.0442905
7.60237
4.64463
-11.8283
1.17615
0.654743
-0.179144
-0.0522749
-0.721241
-4.61211
0.293935
1.16223
-2.44051
-0.315936
-0.386246
-0.0128411
-0.109207
-2.32379
0.285199
1.77321
-1.03976
0.922012
-1.37987
0.586563
4.53021
1.07109
-0.289027
0.50312
-0.675849
0.604981
0.950725
-3.49698
0.454852
0.367687
1.84563
0.194013
4.7225
-0.123715
-2.44695
-0.456937
-0.403934
-3.13879
0.13577
0.275134
-3.12122
-1.19962
-0.856382
-6.28605
2.6753
-1.26096
1.01827
1.78746
3.2901
1.46173
5.03614
-21.8707
-1.76078
0.294716
-0.38872
-0.428207
-1.93501
0.436506
1.30666
-0.0904748
-0.190221
0.733316
-0.890089
0.787956
-0.025856
4.8387
0.912343
1.688
-1.03611
-1.00514
0.668377
0.383579
1.11325
0.905938
-0.315881
8.04204
2.09686
1.22425
-1.05008
1.00307
0.212326
0.24397
4.25942
1.02086
-0.882892
1.13939
-0.325066
-0.760957
0.0369761
7.73766
1.68962
-4.06838
7.71825
1.09769
-0.555406
-0.126399
-3.47121
-3.2697
-0.0764991
0.961661
-0.716516
-0.14268
-0.171738
0.407345
-0.512988
-0.177947
-1.81848
-0.810714
-0.187622
0.682728
7.54181
-3.75751
-0.636457
-1.59456
-5.61102
-21.2619
0.416049
0.208738
-0.73523
-0.557969
-0.590886
-0.143711
-4.49895
-0.657919
1.15897
2.20163
1.11717
-0.00262031
8.28271
-1.06796
-97.0958
-2.24942
1.24697
1.52212
-2.95309
-8.32252
-0.513743
5.35986
0.575217
2.94953
-1.59294
-1.07286
-0.633476
-2.36803
-0.53655
0.123158
0.319778
-11.0099
-0.337656
0.396543
0.485255
0.244857
-0.249307
-2.66399
-1.10662
1.02905
3.01903
0.995581
0.397187
-0.370971
-1.51579
0.0313773
2.90648
1.2701
0.521156
-0.293356
5.5864
-6.78576
-4.43837
0.700227
-0.328998
-0.935061
-2.05412
0.0258543
0.544773
-0.391157
0.280141
-0.135148
0.027003
0.305993
-2.54283
-1.9873
-4.43616
-0.235067
-1.24982
7.854
0.747137
-8.10318
1.60137
-1.06091
0.845368
1.31822
1.76582
0.109055
-0.122623
-1.12423
1.12946
3.82008
1.46131
-0.842308
0.264453
1.0444
-5.51745
-0.0707259
2.47659
0.318238
-1.73528
0.135853
-0.3932
-0.16895
-10.123
0.927906
-1.37892
0.06831
0.159799
-1.11517
1.28712
0.306792
1.07721
1.06316
-2.58314
-0.336374
-1.11336
0.816528
-2.68179
7.5481
-0.885737
0.943981
-29.3927
0.767912
0.604507
250.86
0.114617
0.340048
-0.691659
-1.31471
1.06763
0.0516064
9.18836
0.298093
-1.85688
-0.613099
-22.7199
0.370667
-8.4633
0.796965
0.48381
-0.999427
-0.336295
-0.696791
1.12878
1.60295
-1.69454
-0.381268
-12.7575
-0.3972
-3.48019
-0.443717
-0.745919
-3.39867
0.69135
5.36262
-0.598206
-1.69079
2.30386
-0.445264
0.0526143
0.351542
13.9711
-0.831798
0.122126
2.29276
-0.456114
1.7686
-1.71494
-2.05759
-0.32018
-2.7344
-0.160915
2.35952
0.0562523
0.979864
3.63023
0.535851
-0.410762
-0.405965
6.29748
-0.657137
0.40593
1.18914
-0.48691
1.7041
1.52018
-1.77224
-0.682061
-0.070838
0.942698
-1.02419
0.368744
-1.26884
2.31569
-0.167808
-0.65149
-0.503271
-5.01105
0.28882
4.83444
-33.7144
1.84823
-3.75689
-2.10854
0.330613
-8.91725
12.3051
-0.0604881
-1.80752
-2.452
1.58003
29.4711
-1.97325
0.115732
0.680506
0.782551
0.970309
-1.35921
0.814218
-0.642939
-0.295329
1.30494
8.33435
-0.544427
-0.380005
-0.888313
-2.77474
-0.968342
0.616268
2.13287
0.740368
-0.471824
4.42608
1.03211
0.465569
0.903752
-1.32533
-3.59984
-2.45014
5.48059
-3.09859
0.0915179
-5.3012
0.217759
0.0231475
1.94605
-2.38463
0.560685
0.0874677
-7.47906
0.167122
2.46026
-2.36358
-0.125296
0.206237
1.01484
-0.185701
0.492526
-0.1485
5.44131
-27.71
-0.905928
2.56932
0.513564
0.0579597
0.451888
-8.02755
5.35313
0.435675
-0.563276
-73.3652
1.06439
0.0426744
4.42101
0.23183
0.600299
0.982042
0.986318
1.59879
-7.52363
-3.54862
-2.25285
-0.181211
0.0525367
-4.31796
1.71649
-0.731159
1.25105
-0.920988
2.03057
-0.481562
0.872006
1.72412
-3.03688
-1.13755
0.697344
0.229512
0.753316
2.97559
-1.28758
-0.474157
2.92247
-1.09596
11.2745
1.20019
-0.240883
-4.20907
0.841496
-0.413449
0.287091
2.83133
-0.454295
-5.23616
-2.87993
0.216245
-0.551637
-0.378754
-0.544709
-0.0771275
0.515875
-2.76503
-18.1364
-0.240865
26.0049
0.950158
0.0787727
-11.9824
-8.81176
1.12391
-0.970949
2.92295
11.0163
0.801391
0.421351
-0.0164716
0.765434
0.682776
-2.44445
0.580668
1.65303
0.460487
1.01536
0.576555
-1.37499
1.5868
-2.25028
0.072534
-8.64338
-1.12854
0.133833
-0.211537
2.9342
0.1318
8.50361
-0.0619943
1.81788
-8.4993
-0.886675
0.920652
-0.530829
-2.23645
-3.6942
-0.281599
4.41427
0.791622
0.135429
1.14578
3.30612
-0.920261
-1.72158
-5.33903
0.523272
-0.0882583
-0.987346
0.308736
-1.52258
-0.583386
-3.20173
3.4297
-0.120369
8.1832
-0.392069
8.24569
0.428012
-0.489545
-2.11618
-0.854062
-0.14384
-20.4507
-0.767193
-0.833869
-1.80695
-0.225345
-0.396482
-0.789451
2.68807
4.61327
0.849145
-0.126135
1.11244
-4.0133
-0.218414
-0.0446263
-1.29218
-2.55923
0.153794
0.329646
-0.445293
-3.06772
-0.512717
-0.218345
-0.201179
0.962517
8.63203
-0.531828
-1.64183
-0.746496
0.219216
-15.777
-0.871834
0.236724
-36.6108
-15.1881
-1.82553
-1.74239
-1.72939
0.0752887
0.596674
0.343288
-1.14705
-0.231561
0.595649
0.653051
-5.28524
0.31246
0.10246
2.0148
-0.856703
-1.1208
-0.173015
-0.369049
0.5189
8.87135
2.65163
1.26253
42.7097
-0.302209
0.185118
-0.0957333
-0.981849
0.761009
-0.807946
0.899615
2.05528
5.32076
-4.91693
3.92381
0.0768944
-0.209581
-1.7566
0.929312
0.417806
-5.79012
0.865986
1.72479
-0.0526472
-0.624997
0.232376
-0.533211
-3.43125
-3.14013
-1.28317
-0.620587
0.869843
0.0198886
-0.616948
0.940308
3.03628
0.046492
19.1144
-1.21936
1.3955
3.25398
-1.05938
-0.583771
-10.4379
0.765777
1.4911
-0.442139
-0.204319
0.278959
-2.44395
-1.69387
0.669286
-2.68156
-0.29991
-0.95259
-17.0095
-0.275814
-2.09477
1.14766
-0.689785
2.04572
-0.0801251
-1.2506
-1.35709
1.55326
-1.71356
0.9002
2.11718
0.683483
-0.280207
-4.65479
-0.585772
16.448
-2.54086
6.17294
0.0116246
-2.0555
8.43104
-1.6574
7.23956
0.950036
2.25155
0.77438
0.49609
-0.658345
1.60424
0.611447
0.514164
2.43634
-0.729175
1.03671
-1.95884
-0.396634
4.56512e-05
-4.39764
-2.46352
-1.70168
1.10788
-0.594803
-0.287239
-0.654701
3.01134
23.2382
3.16869
21.4223
-1.17375
6.10884
0.00358456
-8.94307
-0.793497
0.826347
-19.3813
1.48772
-1.17275
-1.74266
-0.613192
2.63168
1.07851
0.596752
3.41801
0.343211
-0.652782
0.821221
-0.161444
-1.31262
1.70772
1.15194
0.04417
-1.64893
1.27051
-1.27621
-118.103
1.53079
0.966938
-2.11405
2.0829
6.61349
-0.905756
1.11746
-6.88185
-0.157379
0.30289
-0.233993
-2.19293
-3.49645
-0.0975996
-0.139458
-0.991567
-0.886562
-18.03
0.533804
0.535493
-0.755578
-2.80681
-0.133478
-3.79811
-0.218385
-1.89605
0.227353
0.143928
3.14124
-165.138
0.0992383
-0.946037
0.716752
2.32639
-2.63775
-0.703352
0.503843
0.907761
-13.596
-1.14871
-1.16323
5.30769
-0.321476
-0.381106
23.3336
-0.582646
0.0213615
-0.0616322
0.56893
2.93163
0.60161
-0.751951
4.01681
-1.47427
1.35088
0.702175
-0.109544
-3.82743
0.484814
-0.999714
-378.261
0.326139
-10.396
0.146881
-1.89088
-0.231616
-0.459131
-18.8755
3.19068
0.343652
-1.50465
19.4276
-3.92685
-0.908999
1.52298
0.839942
-0.585118
-1.60878
0.160036
0.4674
-0.56093
-0.0619789
11.228
0.0869528
0.0746226
-0.357095
0.37141
0.0463312
7.26141
-0.970905
1.14707
-0.156548
0.0285666
0.059626
-0.00169317
-1.35486
-9.71565
-1.65107
0.172281
-2.97054
-0.507694
0.160803
0.294004
-0.971079
-0.0855041
1.25842
1.21101
-0.715754
0.640499
3.31552
0.797713
-1.08948
-3.95217
0.338691
0.164715
-2.49519
5.76719
51.5927
-0.47176
0.00373871
0.395333
-0.231199
0.226302
27.9108
-1.36979
0.893263
0.847662
-0.667205
-4.78747
1.07565
1.9778
-3.44926
-1.91068
1.16419
2.99199
0.0725975
2.60106
-1.12888
-0.532005
-0.149185
2.47116
-1.12081
0.636566
1.05798
2.79577
0.483277
-4.726
-1.79282
-1.771
1.20025
0.0943399
1.12973
0.378253
-0.91017
0.947726
-0.446151
0.910719
-0.56601
-1.29276
-0.89887
0.261302
-0.31429
1.25543
0.41327
0.369294
-4.45346
-1.48726
1.23314
-0.417535
1.19994
-0.386306
-1.09768
3.02526
0.592971
0.640743
-4.90711
0.0608803
-0.107848
-0.209917
1.04167
-0.297231
-0.221058
-0.010168
1.54019
-0.976955
0.051088
0.104692
3.15486
4.56291
0.342638
-0.180711
7.18388
27.2149
-0.585656
-0.661134
-0.9695
-0.00434954
-12.9604
0.446172
0.472185
-2.83572
74.8562
-0.371431
0.958834
-18.3193
0.0656689
-0.121782
0.418398
1.92185
-0.948702
-5.61498
-0.214655
0.851426
0.0759034
-1.79877
-0.23734
-0.942705
-1.30315
-6.07918
-0.342157
0.248495
-1.03711
0.115692
6.15306
-0.905892
-4.01225
-1.25824
-0.119341
2.69251
-9.55163
0.710059
0.473466
0.781572
-3.74944
-0.664012
0.0442738
-7.92638
0.776421
1.17091
1.25247
1.29243
-0.677468
-3.8632
-1.63604
-1.83933
-2.14
-2.58737
1.94855
0.986413
-0.0659072
0.425222
-1.11776
35.0022
0.547345
8.24757
-0.53901
-0.278562
0.0441986
-0.821667
0.100175
-3.11016
-5.18573
-1.71916
-0.50515
-0.575347
1.22224
13.4303
1.47144
1.35241
0.5163
1.23954
-1.71046
0.0868483
-6.14987
0.198414
5.31131
0.328992
1.00394
1.04464
-0.952073
-14.4578
-0.668458
-0.52973
-2.52781
6.61452
-5.98058
2.66549
0.953272
5.45386
0.291481
0.406132
-0.836088
0.0729002
-0.211397
-0.349285
0.969806
1.61478
-0.280853
3.78833
4.66947
-0.889805
-0.0945996
-0.150248
-11.0244
-10.0671
18.4042
-0.228244
-0.675965
1.89765
2.16057
-8.16929
-93.6933
0.0187863
-1.19921
-1.16931
235.452
1.22468
-5.52648
8.9189
-1.79684
0.226668
-1.85458
-0.178939
-1.27322
-10.912
1.29148
-1.19339
0.423352
0.153353
-0.253812
-0.500204
13.1587
-3.6585
-1.81574
-0.0513787
-5.762
-1.63545
-1.17889
0.47372
-1.45588
-1.93022
-2.85541
-0.227578
-0.697085
-0.228412
28.4561
-0.725189
-0.608283
0.142612
0.0882546
-1.0128
-1.11486
0.0929367
-0.601289
-0.799675
-0.288186
-5.16558
-0.881402
-0.293911
1.97523
0.766087
-1.17353
-0.2474
-1.36846
1.5719
2.30825
-4.28374
-1.43661
0.245624
-0.0960113
0.632049
-0.437138
219.771
-13.0835
0.46248
-8.04082
-0.0236814
-0.676115
-0.0489261
1.1682
-2.73511
4.36375
-0.720236
-1.16534
-0.187491
1.36964
-0.567898
-0.119596
-0.767272
0.704645
0.678428
-0.438469
-0.249305
1.1601
4.21243
-7.12348
0.891646
-7.16684
-0.571576
-0.131049
0.570587
-0.593408
7.21101
0.986401
-0.974093
1.34241
0.0969024
-10.6359
5.92457
0.9416
-13.6419
-0.92588
0.805
0.563407
-0.0222147
0.444392
1.55661
-0.0178309
0.574747
-3.11946
1.87792
2.10847
12.0673
-10.6524
-0.401528
9.69217
-0.301401
-4.43327
-1.21949
-1.34313
-0.31373
-5.93179
-3.16104
86.6324
-1.77607
-1.49935
-0.549068
-163.269
1.39311
-5.47483
0.651522
-1.05715
0.073231
-0.49797
0.228736
2.22389
-0.593598
-26.3837
-1.60044
0.657438
0.672393
0.835121
0.273859
-0.626106
4.78381
1.3191
0.389462
-9.09351
0.232833
-0.255902
1.13028
0.092927
0.0920498
-0.289677
-3.64594
1.41459
-0.070773
1.22059
-0.818874
-0.313901
0.811096
0.109351
-3.01565
0.312404
-0.343168
-1.02331
-0.0113841
1.54216
1.75036
-0.569336
0.647134
-7.52963
-6.3469
2.51916
-0.0101373
-0.0986312
-2.55961
-13.1077
2.56181
0.913274
-4.80769
-0.997155
0.939969
0.919959
0.895302
-3.5684
-1.14976
-0.510138
-1.20495
2.12744
1.4048
-0.378155
-1.6869
-1.86171
0.599673
1.42567
-3.22926
0.000641597
-0.606455
1.28903
-0.168423
-0.380908
-0.590528
1.12496
3.24437
-1.05865
0.440304
0.314511
-0.547548
1.8196
2.55515
-0.0385112
-0.584559
1.75471
0.269957
-1.78304
-1.03371
-3.62867
-1.20558
1.16472
-0.125867
1.45376
11.958
-0.434957
-927.282
-6.36394
-8.04567
-5.39145
0.185042
-0.854232
-0.393037
2.95009
-3.11043
-3.16547
0.718054
1.66805
-1.14688
1.42702
-0.53373
-2.01316
0.707707
0.289572
0.0652021
-4.50745
0.599484
0.0679601
-25.2756
-6.26431
-0.0191296
-2.48913
1.66793
-0.755038
-0.713282
-3.33393
-0.9226
1.09302
-0.746978
0.206061
2.31416
-2.52558
-3.81889
-252.031
0.393596
-0.0406913
-0.314429
-4.36793
-0.0291824
2.17253
-0.142587
-0.490818
-1.5647
0.25754
-11.4022
2.3504
-1.18212
4.03645
1.30049
0.0265867
3.17176
0.0449301
-2.90978
-0.0169455
-1.15089
-1.30475
-2.91289
-0.232757
0.92039
1.01655
-0.694564
0.397559
-8.45805
0.2364
-14.1881
0.286416
0.684795
-1.4447
0.777726
-1.38735
0.302999
8.16345
0.569242
-2.77046
0.220682
-5.13048
-0.357918
0.314501
-0.0169619
0.861759
0.0188465
-16.44
-0.680694
3.91296
11.1717
-2.78118
1.91121
-1.90012
1.16841
0.148985
0.140961
-1.8472
-24.6038
-3.64317
0.0411212
-0.355001
2.2786
0.186398
0.00291994
14.0261
-127.347
-0.417442
-0.847861
-3.792
-0.766927
-84.1714
7.11248
-3.32765
0.717922
1.95616
-0.279666
1.49663
-1.24796
-2.21229
0.221118
-0.235299
-1.27592
-2.11024
-0.227096
-2.32543
0.781359
1.72104
1.72961
-0.573635
-0.510388
0.1543
-0.0647294
0.729657
0.70673
0.379834
-33.1268
2.73263
2.14975
-0.420381
1.68502
-0.185573
2.38307
19.3513
-1.45772
0.308454
-1.85993
-0.825305
2.60783
0.860989
-0.938414
15.0116
-2.04102
0.916054
0.281298
-1.25385
-0.546238
0.171074
0.197576
0.491963
-0.0209273
3.5617
-2.15608
1.67014
0.0806577
-0.221729
-1.29871
4.13421
4.42549
4.4801
-4.76584
3.19737
-0.570589
-2.42231
1.02686
0.0518177
-0.791896
0.426707
1.35136
2.43827
0.0611443
-0.784109
0.530369
1.82941
0.572071
-0.128554
-1.82746
0.292836
1.1329
-0.0506121
0.00740901
1.99528
2.13801
0.189916
-1.38979
1.1256
0.329062
-5.27724
-0.12326
1.15692
-5.12089
-2.30008
-4.60322
-0.423314
0.566941
0.620474
0.468811
-1.09589
0.476594
-6.46112
-0.139867
1.31279
16.4661
9.95652
1.28882
-0.363984
-4.72408
0.349475
1.93799
0.646168
-0.497363
0.109355
-11.339
0.963778
-2.59468
-2.12049
-1.38247
-0.852661
-3.35763
0.985362
1.52357
-2.64506
-0.93135
0.614875
-0.981226
-1.28458
-1.50009
-269.317
1.4168
2.02851
0.916576
-0.806132
-0.423598
-2.0452
-0.490767
0.839917
-1.67486
-57.8907
0.564518
25.7945
-0.567805
1.62851
3.49156
0.253791
-0.604863
0.561291
-0.760892
0.0843731
-0.350373
0.465358
-1.40146
2.36055
1.43149
-0.91593
0.397974
-243.733
-0.243822
-8.39457
-3.56838
-13.139
0.461606
0.824689
0.618544
-1.2922
1.55483
-0.342808
0.633468
-135.483
1.38125
0.541796
0.737396
-8.63258
-0.404401
0.407265
0.858113
-3.76784
3.64671
2.14983
-5.57626
-1.16937
2.28189
1.6188
5.04534
-0.924918
0.133488
2.28937
1.1506
-0.860725
3.30871
7.8217
-0.775892
191.116
1.27272
1.05621
-1.25455
2.41031
0.183315
0.199241
-1.78911
-0.552098
-0.398477
0.509519
24.1684
32.404
3.00241
-2.37705
-0.946266
-0.155884
-1.2185
-1.12451
-3.34603
0.33296
3.07449
-0.25536
-4.82711
-0.32947
2.2915
0.524456
-1.57452
1.34244
-4.52764
0.813027
3.32289
0.382833
1.13011
-0.386249
0.401422
-0.709018
0.724792
-0.394829
3.65712
9.56521
-0.109147
0.21977
-0.624837
-3.33814
-1.47426
0.371603
-0.478154
-6.87633
151.148
-0.917383
0.328205
1.34975
-3.5529
-0.171634
-3.04889
2.38229
0.783361
-0.0612699
1.01068
-2.64257
0.467694
-0.857906
0.0697001
5.67196
-1.86955
0.734119
-0.327959
-0.413997
-1.82548
15.5415
-0.376953
0.973652
-1.29279
1.4157
-0.0345951
0.528029
5.24723
3.73415
-0.323268
0.625634
0.307454
-0.0364208
-16.1132
-1.15024
2.31774
-0.204397
1.75947
450.177
2.89178
-0.46226
33.2275
0.486239
-1.76317
1.16379
0.488591
-0.915487
1.31713
-3.63364
6.93959
-0.29864
-0.145579
-0.265961
-25.7118
5.75405
0.470849
1.36738
-0.676628
-0.210469
0.692804
2.79105
1.85036
4.37612
3.99881
2.80042
0.910507
-0.428669
-0.517979
1.20852
3.74616
-211.338
0.0102148
0.349784
0.229236
1.14354
-0.884298
-2.14926
1.56816
-1.4921
-0.0210442
-0.496055
0.242759
0.777329
-0.696197
1.18673
-1.04506
-1.02433
-1.42557
-4.77438
0.885262
-0.204434
0.329624
1.23732
1.59398
0.11663
2.97167
1.08269
0.873743
-2.6581
-3.64798
-1.27864
1.13245
0.761546
4.51822
-2.30264
0.2759
-3.34332
1.52745
-0.621482
1.05765
-1.21532
-0.517024
-0.0842537
0.680656
-0.0369182
-2.60595
-6.31836
1.02331
0.885985
-0.487674
21.5561
1.47035
109.681
-2.19896
-1.54114
0.696682
0.644255
21.4165
1.20249
-0.585476
0.746052
4.6072
-0.32104
0.00913206
6.15625
2.84868
0.902055
-3.54597
-0.628076
0.719101
1.69075
-4.21415
-6.92484
1.42667
0.383924
1.36236
-35.7078
16.1395
2.00527
0.404085
2.08338
-1.54604
-1.00286
1.05783
0.719615
0.867336
0.180525
0.789443
-1.39102
6.49577
1.04099
-5.46778
0.380713
-1.1833
-8.05189
-1.23723
-130.232
-0.95569
1.7126
-1.65849
0.966668
0.653013
0.274765
0.194247
-1.37439
-0.0734407
-3.46206
1.75841
5.58
-0.625293
-0.482243
-1.45842
0.818375
-1.67644
-0.192505
-1.55162
0.257902
-0.622587
0.0341821
-12.1115
14.8677
2.11852
-0.893926
0.944082
2.5028
2.04471
-0.491928
-0.0364482
3.14965
-3.28499
3.99328
-0.0874984
0.242193
0.393976
-0.386164
-0.0580292
-1.80012
-8.54877
4.7989
0.526346
3.64537
0.286309
10.0718
-0.0579644
1.86911
-24.0836
-5.14229
2.16233
-2.53145
-0.64495
0.818242
0.185704
-4.17955
-2.5752
0.232697
-2.11244
-0.54805
-1.24829
0.196438
0.0140264
0.0451862
2.01473
-1.07107
39.8321
0.299942
-0.0735005
0.75351
-16.5483
9.14039
24.244
-3.01936
0.796387
4.83717
0.798255
-0.0371361
0.723323
1.18639
4.43266
1.1733
0.578274
1.9638
-21.8942
0.110376
-0.102898
-0.0914029
0.32405
1.75319
-0.145344
-1.64553
-0.541314
-3.23528
-4.26152
1.23384
-16.4618
-0.0880216
-0.04857
0.282055
0.460575
-0.0412975
-1.40947
-1.36568
0.259644
-0.027432
-0.396847
-1.4203
-1.78862
8.90137
1.80158
0.205555
-0.112907
-0.285205
-0.315686
-0.934461
-3.68093
1.42384
-2.26581
-3.19273
1.34313
3.66966
4.19008
-1.30676
0.861162
-0.726068
2.54679
-1.17314
0.248269
0.536277
-2.28304
-0.744025
-0.655042
-0.0469132
-0.604442
24.1543
1.52165
-0.467179
0.803952
4.14545
-0.976513
1.5314
-0.126734
0.290742
-0.250615
0.396182
-3.03746
-0.512222
-0.292209
0.138437
-1.85557
3.20165
0.165228
2.1297
-0.306507
26.9139
0.119563
4.00777
1.43331
-2.13733
4.04442
4.25939
-3.80583
-5.39474
0.297003
4.57075
0.474577
-4.29866
1.38702
-2.64721
0.76317
0.196765
-0.141115
-0.616357
-0.168457
-25.0122
0.492171
-3.86674
1.97278
-0.303004
-0.267158
2.18812
3.40854
0.338496
-0.03044
-2.3954
-0.0527589
-1.57215
0.132724
-0.0878199
-0.0735356
-4.72322
1.48742
2.50698
0.606957
0.665625
-1.72788
40.5066
-4.01493
-15.7455
-1.66544
-4.3631
-3.20815
0.0784396
2.39941
0.296072
-0.409487
1.10027
1.56777
-0.774474
1.54478
-0.0700975
-4.33304
1.98287
0.361369
536.115
-1.06251
-13.1176
-1.39137
-0.258783
0.177027
-0.601757
1.04124
-3.12344
2.42825
-0.659463
0.287015
2.74188
-33.1169
-1.23993
-0.435726
-2.31621
-5.8681
0.186669
-5.08823
-3.5023
0.942964
-2.26178
0.646761
1.1766
0.847758
-1.01655
0.332626
-3.84354
0.215839
-31.5879
-0.450512
0.337467
0.511834
-0.701329
-25.8194
0.758643
0.00110125
-5.87051
-16.265
-1.66773
-1.60888
0.569321
-0.171294
-1.08629
-7.00598
0.944687
6.75494
-3.31814
0.0184257
0.207714
0.0409433
-1.17198
5.00201
0.460368
-0.129117
-0.824416
-1.09427
1.43294
-0.431692
-0.33953
2.1888
-0.270671
0.216006
0.277131
3.5903
-1.04085
8.52642
5.43286
-1.90117
-1.13438
5.96371
-0.199042
-16.0678
-1.73232
-0.510151
0.527197
1.19049
-0.509864
4.58124
0.830511
0.178441
1.50505
0.647504
0.260102
-0.489334
-6.98861
0.478313
0.75479
-0.19238
-19.374
3.29738
1.47397
0.0176003
-1.10061
13.4656
0.881135
-0.447582
-1.26564
7.20455
0.084321
9.54034
0.545334
-0.267643
-0.0379099
0.286315
-1.69822
-7.57579
1.50045
-4.11451
2.03505
-1.72776
-2.07787
-0.814844
-2.37365
-2.73881
-6.52974
6.18828
-1.13182
-3.4939
-0.795342
0.62001
-3.9476
-1.21358
-2.99104
0.207307
4.5375
-0.277402
0.294906
-1.98035
-7.60043
-26.9454
1.95978
2.58608
-2.82569
0.829667
1.16768
2.63607
0.692023
-7.17361
2.3816
-0.000439502
-0.404543
-0.894669
-0.687949
1.26239
7.08904
-2.41331
-0.462296
0.47813
10.8103
0.493929
-0.0859969
-0.557745
-5.89327
-1.77374
0.113517
0.166354
-0.431633
3.64491
1.51169
-4.25766
-3.59061
-1.01593
-2.87269
2.45937
0.742824
-0.339324
0.267711
1.15292
1.85327
0.249753
0.0364831
2.20212
0.832728
0.343296
-1.68053
-1.98411
-1.41807
0.437597
-2.85417
0.216976
0.305807
0.456335
0.127501
-0.0226754
-0.303697
0.643577
-0.401734
-6.27665
-0.169108
-0.0947832
-3.78896
2.05009
-0.876825
0.622801
3.46746
-0.187721
-0.238011
-0.320254
0.121089
-0.0641409
-1.28519
-222.354
0.0317065
0.800789
2.30984
-0.553452
-0.121747
-0.0315836
0.422621
6.96012
-0.203676
-1.17337
1.65643
4.32023
-0.259105
-0.459977
-0.752197
-1.80863
-0.095041
-1.89961
-1.34408
-0.574309
1.59821
0.695512
2.13169
-2.85111
-1.87349
2.04353
-0.274066
1.56337
31.7765
0.345395
0.851606
1.28976
-0.505478
-1.12181
-1.09878
1.97766
0.21686
-0.0783959
-1.06847
0.0165866
-1.49724
0.0774901
-1.99355
39.2081
-0.160084
0.167841
-0.242268
0.592561
-0.391789
10.2564
-1.16355
3.70682
-2.864
-3.12775
-0.340266
0.768526
1.6172
-5.7478
-0.0689299
0.781036
-0.0536067
-0.719107
-13.5108
0.203149
-3.59994
-6.62386
-1.95547
-2.74285
4.31063
-0.115486
-1.10877
-6.18981
-3.06553
0.156745
0.522201
0.515151
0.510891
-4.49954
4.66667
2.77949
-0.0197199
1.29607
0.84916
-0.643168
-0.499555
-0.353546
0.244702
-0.927296
0.186101
-0.293042
0.495746
10.7176
0.347922
3.9694
15.5898
-0.215038
-0.245656
1.32105
-3.49338
-0.011408
0.202092
-5.71058
-0.338444
0.698724
0.120698
0.741603
-0.442347
-0.0978991
-0.299287
-0.632238
7.88678
0.814397
1.37503
-0.564679
-199.782
-1.98863
5.01027
-1.1704
9.75071
-1.0546
50.8298
-0.561809
0.358832
0.46268
-1.69038
0.304627
-0.8285
-0.380744
-21.1036
-0.0741394
0.636514
1.95883
0.587649
6.26552
0.377629
0.899347
11.4951
0.822986
-3.76942
1.15385
4.71142
-0.250723
-0.219895
0.925141
-1.08472
-0.926581
0.111312
-8.84683
-3.63896
-0.248717
0.265689
2.61421
-0.258877
0.0206836
1.44523
-1.64249
6.66922
0.67082
-2.86042
-1.29308
-0.497847
-0.53251
-10.4988
-2.82241
-1.10682
-0.232127
5.13381
13.1607
0.19909
-1.37029
0.672125
0.148649
-3.00613
-0.30147
-0.076861
1.7387
-4.04959
5.68692
-0.777155
-1.64181
23.4
-8.24634
-0.0207498
2.64847
2.07561
0.533331
0.903501
1.2042
1.6667
-0.184111
0.0360626
1.71864
1.9467
4.5626
0.51454
-2.34831
-0.686697
-0.00688657
-0.182016
-0.257309
3.24354
0.68402
1.77278
-0.706061
0.375131
0.336256
-1.69953
-0.861007
-1.7342
-0.370553
-0.867227
1.37462
0.118638
3.99124
0.803405
2.06265
-0.468236
-0.231012
0.074831
51.2582
28061.9
0.202497
2.07254
2.03944
-0.467748
2.14983
-0.104924
0.21007
-0.462366
-0.491416
2.28248
-0.95953
1.00938
16.4885
1.03227
0.157211
-1.09757
-2.05296
6.40426
-0.0770932
0.549318
1.40593
0.537956
4.62792
-1.10543
-0.861438
-2.72074
-0.232262
-4.59858
0.599079
0.0379835
-0.492808
0.674998
0.871203
0.040021
-0.345417
-4.53977
-1.39404
0.659166
2.5699
-5.31697
-0.219499
0.769283
0.471945
0.0589611
0.148178
0.303599
1.5953
-1.77287
1.19455
0.154813
3.90842
-1.99411
0.146941
1.38417
-0.266189
-1.80657
0.121194
0.664549
6.3772
1.24835
0.658238
-0.28055
1.29495
0.981887
0.300856
-0.301841
-3.07794
1.98322
0.817664
0.258218
-1.18437
-0.0122236
1.62517
-0.291904
1.3698
-0.927717
-0.846325
0.342011
-2.39437
0.771228
0.149214
-0.352779
0.440545
1.00254
-0.471233
-3.62768
3.01135
-59.1321
0.483992
-0.126271
0.213406
-0.107287
-0.0715894
2.00759
-1.41609
-0.784255
-0.305303
-1.46057
-0.296366
-4.1872
0.990505
0.918012
-0.0475479
0.54906
1.06678
0.944455
0.319951
0.279785
-0.916928
-24.6874
12.7031
-1.55611
0.294612
-0.388955
8.15406
0.915568
-0.223982
-0.403884
-0.304145
1.16803
-0.308475
-0.457095
2.25329
0.617429
0.120005
-7.81514
-0.780875
-0.632783
1.19576
-6.48917
-0.225219
6.61335
0.294443
-5.32337
0.306508
-1.22753
-0.405959
-13.4268
0.286748
-0.243235
5.05644
-0.395382
2.18936
-6.47604
-5.11515
-2.17005
-13.4416
-0.898775
0.932289
0.983671
2.04526
3.06993
-1.22746
4.24649
1.72175
5.54278
-0.0525586
0.75184
4.63527
0.245422
0.326856
0.827603
-1.32802
-0.843367
1.07492
-1.43079
0.218878
-0.936257
0.19578
0.314705
1.018
1.42072
7.16321
0.179822
2.07874
1.26332
1.76769
16.8493
-1.14616
-4.80864
-0.654319
5.15464
-0.619752
-117.084
0.207986
-0.143294
-1.44393
-0.628892
0.301294
-1.69483
-1.69991
-0.589687
0.717753
-1.43175
-1.88031
-0.600304
1.17012
1.13268
13.9848
-1.38811
0.476037
0.490735
3.41641
-7.79582
-0.534265
-1.8436
2.86729
-198.615
-1.5517
-1.06529
2.33757
-2.10988
2.25378
-0.0538794
4.75631
0.172451
-1.14057
-2.12505
-2.74405
-3.30569
-0.722831
0.329505
1.54139
0.445743
-3.12026
0.424187
4.34416
-3.13897
4.32445
-1.2791
0.44613
-3.02449
0.0936664
-19.9413
-0.27122
-6.99003
-4.0909
-0.725506
23.0139
1.9976
5.0703
3.12212
0.328037
-1.41972
-0.53015
-0.234009
-1.59921
0.429386
-0.805382
-7.84857
3.53357
-0.212369
-0.816575
-0.343959
4.04652
4.09755
1.24747
1.24241
-2.06064
-0.751527
-0.268406
-2.18437
0.0293904
0.282147
-1.01556
-4.13693
0.803227
0.161656
-0.809264
0.885262
-0.760413
-5.02201
0.322017
0.476083
2.24444
-2.56983
-18.7817
-0.292682
1.91045
0.991781
-2.84055
2.39461
-0.103038
0.0767557
-0.784548
0.634321
1.38771
0.882869
0.76023
-1.09767
0.805897
2.94456
0.104373
0.206826
0.624602
-0.307058
-0.372167
-1.25436
0.0587925
0.566163
0.54534
-2.56617
-1.84172
-15.126
0.0490905
1.67754
-4.82558
-0.490604
-0.586553
0.105591
-0.755586
-0.358701
-0.26914
0.48664
0.603226
-0.643922
-0.0424527
-24.9007
2.3215
-2.49427
8.65396
0.986574
-5.98823
-1.19701
0.862138
0.480553
-1.31848
-1.74958
0.0287933
-2.62565
0.512838
1.78814
-1.17112
-0.107642
7.35696
4.37578
-3.30189
16.9868
0.625532
-2.80829
0.359951
0.593708
-3.1806
-1.33287
-0.26394
0.532632
1.0629
1.13921
2.42608
1.17013
-16.0974
1.25324
1.37124
0.654812
-0.210882
2.36986
0.564181
1.27373
1.92499
-7.9111
-0.47009
0.943028
0.558784
-0.0834287
0.538116
2.62036
-0.415723
1.79485
-0.109415
-2.71472
-0.112134
0.0522937
1.44668
2.17632
0.286884
0.984632
-2.52345
0.0907566
-0.359205
-4.14139
0.199726
0.573212
6.16928
0.253038
0.508365
-0.96341
-3.00526
-1.71597
2.4717
1.22852
-0.960709
-1.38448
4.01092
2.51719
0.150794
0.191114
-0.477796
4.79232
509.605
5.17787
-0.452341
-0.0791719
-1.34048
-0.896258
-2.19636
1.62735
-2.6459
1.18062
0.658185
-0.427461
-3.90293
-0.821207
-1.81923
-2.75004
0.0705439
1.19729
19.5749
1.59063
3.52146
-0.820556
-9.39802
-0.382606
-0.122809
2.13507
1.07756
-0.773256
0.297514
0.0581566
-5.51293
-0.100045
0.360329
0.96656
23.147
0.469504
1.65487
0.0927773
0.0593803
-0.872885
2.38551
-0.963821
-5.01213
0.360501
-2.85418
-17.3948
-3.24159
-1.30732
-0.264516
0.895575
-2.51459
2.68062
-0.326095
1.1116
-1.11953
-0.325661
9.55222
0.358532
-0.945538
-1.38324
1.66895
-1.73578
2.51614
9.00512
-0.101699
0.541515
-0.312528
-0.549488
1.14874
0.946246
-2.94399
-1.37602
-0.157459
-0.294671
1.66688
-6.87175
-0.30823
-4.08137
-0.500393
5.79555
-0.809642
-2.19453
1.76746
547.46
3.93407
0.70712
-10.8699
-0.25237
3.76905
0.373837
-0.333109
-0.784345
2.50179
-2.42674
-0.119558
-0.161681
-1.0986
-0.410091
0.330811
4.43226
-0.587481
-0.366154
0.854332
1.52277
-0.205544
0.35058
1.3576
-0.786463
0.269877
0.101562
1.98603
0.125333
-0.362723
1.84737
-0.144623
-0.195578
-4.5113
-0.723343
1.65909
-1.35749
2.12273
-0.297563
-0.0860141
-1.31162
0.272779
0.210623
1.99112
-2.19955
0.30551
0.844976
-2.15166
89.4113
-1.99468
0.509988
-0.0502352
-0.661432
-0.257716
-0.532466
0.284002
-0.0180291
-0.563482
1.08842
-0.283808
4.94437
-2.69851
0.212495
0.482817
-0.296086
-0.592441
0.266237
0.840636
0.0968179
-0.528353
0.0696992
0.542206
48.8969
38.7118
0.910864
10.256
1.70834
-0.677879
0.111597
-2.67748
-1.46206
0.278165
1.47909
-0.469704
0.90264
0.871583
1.14606
0.150767
-2.18106
-1.08509
-1.03189
1.01267
0.130723
1.84092
3.51791
-0.566389
0.203659
-0.442264
-0.37097
0.502583
-1.11142
-0.618999
-0.672455
-3.94646
11.2504
0.425233
-0.608761
1.39319
0.313548
1.99403
-0.981223
2.26622
0.341702
0.0791624
-2.71549
-0.448797
2.09833
3.05992
1.22792
-0.634405
12.0908
2.74819
0.637639
-0.160683
0.277351
-2.6836
-0.693631
-1.43471
-0.371981
0.586596
1.64927
-51.3543
0.183859
1.31676
8.38106
9.31165
-2.02226
-0.210385
-7.56148
6.15203
1.67372
3.16244
0.154311
0.402806
0.762949
-0.106067
1.22928
1.89909
-0.793475
0.105001
0.808644
1.28078
0.323888
0.982356
-17.1218
-0.226655
-0.900071
0.0211722
17.2061
0.0840575
-1.13208
0.752416
2.63659
0.0427078
1.15047
-4.2992
-0.108269
-0.347252
0.480051
-2.60566
0.2035
0.0713571
-0.996462
0.376401
-0.331467
-1.86244
4.66194
1.92876
-0.111473
-1.62713
0.312433
0.499261
0.599077
-1.53803
-4.62047
-1.72076
4.09707
0.447768
0.280818
-1.03986
0.809454
-1.76953
-0.585942
0.62604
2.05936
20.4239
-0.600827
0.896664
2.06188
1.85596
-0.426565
-0.067847
1.02271
9.70195
-0.252472
-2.60546
0.359147
-2.27473
0.12792
-0.0780708
0.336113
-2.40146
-0.0967713
1.91354
2.32494
-0.705773
0.818185
0.717386
-0.853753
2.82908
-1.3563
0.756932
-5.10139
0.26064
0.430061
1.27542
0.380562
-0.66685
-49.1822
17.1279
1.11335
1.99606
0.626563
0.144803
1.19895
-3.01333
-0.57251
-1.6534
-2.88447
0.933456
-0.639468
1.97503
1.64441
-1.54896
33.7165
0.0884203
-2.54324
-0.0151465
-1.78945
0.504905
-0.25083
2.77869
-3.84543
-2.64605
-53.3209
-1.87043
36.5595
4.84077
-0.333333
-44.969
-0.522127
0.320756
-10.2309
5.36745
-0.221438
2.30166
62.3459
-0.0680141
-0.949321
-0.385562
-5.64723
0.308213
0.678426
4.89132
3.07054
0.136401
1.63746
2.77842
0.692939
0.484354
5.24806
4.97409
0.684497
36.06
0.594796
0.11685
1.52135
-1.88136
-0.244363
-1.88825
2.69861
-1.75412
46.9977
7.37326
-1.10342
-67.3883
-0.228206
0.0816159
-0.19846
-0.0807536
-7.4943
0.126063
1.46863
-0.242434
-184.896
3.07144
-6.8134
-0.784504
0.132888
12.5223
-0.18278
7.59366
0.0945387
-0.760872
0.253953
0.725183
-822.318
2.83519
0.425934
-5.82847
-0.668118
-1.89438
0.865763
-0.327421
-0.0510555
-2.93233
-0.245084
-0.00250975
0.733313
-2.51742
-0.122059
1.86499
-24.0544
1.11835
12.3391
0.341627
6.83217
-0.846235
-0.238129
-0.878637
-1.94604
-1.02187
-3.95832
-0.208774
-0.446718
0.766909
2.13088
-6.1741
-15.5901
-1.71642
-2.4699
0.62819
0.43117
-1.24017
-1.0535
-1.26821
-0.500073
0.298285
0.562239
0.0487163
0.272616
-0.828123
-30.6404
-0.831405
0.433504
3.15476
0.687399
0.0845528
-0.0954539
-1.15943
-9.35393
1.87692
1.65159
2.34439
25.8557
1.00738
-27.9006
0.334969
1.5018
4.10134
5.94995
-2.88759
-0.108176
0.4187
-1.76429
-0.677687
-0.8218
0.960263
-0.128139
1.50889
-0.555285
-1.36344
-0.95242
0.689986
1.27018
-8.4069
-0.619243
1.28297
1.09235
1.0626
6.82908
-0.983683
0.41269
-0.797448
-2.08149
-1.48905
-0.281915
0.0894652
-0.290632
0.567011
-1.40058
-8.26304
0.371679
-12.8194
0.312102
72.5909
1.83191
0.323271
0.595558
-5.89577
-0.653667
1.4047
0.315531
0.415481
-0.0162452
-0.326251
0.557907
-0.796542
1.7131
3.62751
1.82183
6.6184
-0.364701
2.65105
-0.577463
122.5
-47.5052
-6.46816
52.9088
-30.6226
1.09677
0.543394
-0.356429
3.25658
4.24785
-0.357022
21.0319
-0.927767
9.11075
-0.524374
-2.5205
-7.951
-3.80097
-1.80952
-0.30964
-0.368736
-1.6931
-0.296027
-0.253109
-0.222947
-2.88455
4.20386
2.12393
0.21806
8.9419
-1.32607
-0.0753491
-14.2883
-3.38378
-1.08999
0.00425351
1.22437
0.280043
-0.167642
3.06848
-7.85884
0.0834521
-0.92063
0.739047
0.672115
0.0222688
0.555076
0.526447
-0.724305
-1.05926
-4.44347
-0.765543
-7.07384
-0.633175
1.11234
0.19714
-0.836443
12.7716
2.5127
-0.526347
1.11194
12.2892
-0.785598
4.50794
-3.08294
-4.61796
-0.662599
-0.423365
2.17861
-4.52392
0.94893
11.4335
0.095903
0.218388
-0.516698
-5.29699
-13.6354
0.257477
0.0108413
1.02923
-2.55406
-1.34545
-0.373144
-4.80364
-1.0261
-1.19136
0.305319
-0.022763
0.919207
0.0833824
0.539484
2.53161
0.416596
-2.19919
0.657829
0.422659
-6.03379
19.6074
-0.403132
1.16202
0.999023
-1.40399
-1.15421
0.742167
0.916096
-1.16429
0.589238
2.38311
2.72342
0.770441
1.55657
-1.23033
0.563952
0.3474
-1.36739
1.33618
5.35899
0.366603
-3.96815
1.0519
2.97712
-4.49743
-0.774301
-2.46225
-0.0781124
-0.318601
0.298434
1.40082
-0.0447582
0.379239
-0.209251
-0.375635
-2.35484
0.762726
-0.505591
-0.271816
-0.363222
0.418286
-0.762313
-1.86925
0.361371
0.0550047
1.94116
-4.98089
-0.58322
2.73099
0.148192
-0.235437
-5.07615
-0.0285426
-0.188128
-22.5751
-0.667356
-1.53879
-1.14502
-0.456197
1.77257
-1.11933
0.0216324
0.301401
-2.84837
0.302548
-1.51375
0.126743
-0.197427
-1.04105
1.84154
-1.96338
2.43907
-0.83819
-0.486146
-2.02609
-3.5842
7.73351
-6.21769
0.797617
-0.0202476
3.01756
-0.0367301
-0.398556
-3.48311
-1.5708
-3.9309
0.510652
1.12945
0.597171
-0.504972
1.41452
-5.8388
0.266006
-1.01166
-3.41996
-0.34589
-0.219731
-2.76467
-0.407702
-4.03077
0.780815
-4.43996
-0.204224
0.979777
-0.550509
-1.30462
-5.85449
0.840444
-0.281403
-0.44064
0.0327575
0.849111
-0.179544
9.30239
-0.418422
0.473962
-17.148
3.34146
-1.76973
0.397703
-2.80266
1.69768
-2.06923
0.786908
0.786264
0.0445769
-15.1403
1.66638
0.231715
-2.4571
1.67997
0.9928
-0.642862
-4.42263
-6.47519
-1.84137
0.274821
-0.387228
1.19361
-2.84812
-0.827381
0.202933
0.650699
-0.402365
-1.25176
-0.577107
-0.193082
-0.381683
-3.40092
-0.199423
0.343409
-0.497543
1.78333
0.16766
6.62297
-0.39578
-1.00107
-9.69264
0.887869
0.122283
-0.219221
-2.23916
-3.25589
0.661463
0.362523
0.0968419
6.48201
3.74447
-0.625318
-2.30471
0.808156
-0.111727
-0.84683
0.34722
0.459191
2.01067
1.8789
0.146521
-0.337033
-0.259801
-0.768004
0.952676
-1.3623
-5.48391
0.217117
0.250414
-27.1071
0.0892996
-102.488
-0.317534
-0.485614
1.31519
-1.25938
1.2163
-0.322984
1.33113
-0.71538
0.321168
1.91047
-0.561335
-6.6258
1.42585
0.726843
-0.495397
-1.81494
1.5502
-0.0576639
-6.5854
24.8838
-0.744869
1.26446
-2.15235
0.686178
0.473941
0.09028
0.293641
-1.59943
-1.26308
-0.686642
0.0934058
1.68002
-0.275431
-2.05578
1.86848
1.88866
-2.05868
-1.73739
-0.033538
0.0106677
-0.414159
-1.54728
-0.587403
-0.785597
0.706007
0.283006
-3.32602
0.761921
-0.468199
-0.394516
4.38898
5.14037
27.1877
0.637251
0.891298
1.01178
0.737099
-0.355341
0.536465
-0.441248
3.05125
-2314
8.25674
1.30985
-0.423041
-3.12747
0.463174
-0.420375
-0.104847
-0.211225
2.08484
1.13904
-0.300064
1.69954
-0.819365
0.488508
-0.317693
4.0615
0.297803
-11.2279
0.266443
-1.58484
0.41134
0.0194615
-0.98259
0.152863
-0.616111
1.3124
1.16073
0.495699
0.249101
0.493517
0.444163
-4.37415
0.340492
0.690398
0.400125
-8.53995
0.197513
0.774088
-0.849401
0.10815
0.454072
0.846701
0.381709
-0.919928
-0.756497
61.6182
-0.481043
0.23284
0.577112
-0.507069
-6.87694
0.158671
-0.391469
-0.759244
6.79626
-3.12654
0.447375
5.89777
1.01759
-9.891
-3.7103
0.514466
14.8196
0.252282
-0.238319
-0.721532
-0.290987
-4.98662
2.72971
-1.8271
-2.05656
2.086
-2.54181
-0.464119
-6.41534
0.993728
0.482861
-1.36674
225.967
-2.58531
1.16964
-0.283628
0.325763
109.936
-0.482855
-2.35059
13.2933
-0.146735
-4.23864
1.22893
-3.08393
0.773246
5.51653
-18.6511
0.354864
1.01408
1.45028
1.4274
-0.813915
0.129113
0.969676
1.03071
0.896516
-0.673405
-0.460517
-0.641376
-0.693318
-0.686711
-2.47971
-0.125933
0.468751
-1.17985
5.75426
0.361263
0.353669
2.30757
3.92382
1.32767
-0.446058
-2.38227
1.34886
0.418237
-0.621635
0.521133
1.28506
-0.201636
-0.644378
-2.08661
-17.7653
0.491653
6.91331
-0.851728
-0.246517
0.388569
-0.305338
3.08557
0.633063
0.748657
0.525542
2.66798
2.38302
0.133784
-0.212847
2.13509
0.780424
-3.85669
-0.253732
2.95802
-2.46542
-16.636
0.680836
-2.26901
-0.118361
0.914453
-0.958274
0.774883
0.200978
-0.490563
-1.13127
-18.5213
1.77895
-0.681895
-0.465066
0.867508
-1.01021
0.6042
10.3425
0.920009
-0.469954
-0.704961
0.421903
1.56013
-0.247253
5.63527
0.487807
0.131184
0.755904
0.629871
-1.87351
0.653761
0.230213
-5.40578
-0.323441
1.05908
0.304547
1.24166
-0.853077
-0.025156
11.4681
4.90156
0.442705
-0.624517
-0.462526
-0.929209
0.637924
1.41886
0.59945
1.08646
1.26906
0.61574
-4.56741
-0.540238
3.40179
0.503289
-1.49855
-0.459508
4.89582
0.279268
25.8678
-0.350433
3.36789
0.126842
-0.0638321
1.45182
-0.263911
0.170279
0.593202
-1.19715
3.43506
8.78595
-2.91251
0.699414
8.82018
-1.44936
-58.9047
-0.127495
0.934879
0.420276
4.33173
0.340595
0.229357
-1.72347
-0.0216824
-0.408431
-12.098
0.0802484
-0.13832
-2.46121
0.624808
0.147792
1.67962
1.24951
-0.965016
-0.481363
0.16111
-1.84405
-17.3156
-1.09907
5.92646
-4.01715
0.69603
5.25633
-0.12367
2.0185
-1.58886
-1.3082
18.4915
-4.34196
1.64054
-0.0657626
0.95415
0.532622
5.43566
-0.322601
0.105948
0.529382
0.143122
-1.25229
15.8251
5.93216
2.30844
-5177.65
-3.19191
-5.09607
1.17843
-0.831034
0.667343
-0.213687
-2.87568
5.15348
0.596133
-0.584203
-1.05207
-0.271986
-5.48869
0.919681
0.0604312
-5.2919
0.670367
0.606605
-0.534832
-0.51916
-1.15438
-0.0729201
-0.528873
-0.0194424
-7.63058
0.687452
0.529104
-16.9426
-6.02199
0.267284
0.0772299
-0.493098
2.0905
0.649793
1.33404
-8.43517
28.1035
-0.871333
2.59676
-0.0275468
0.912787
-0.887582
2.49525
-0.51645
-0.142374
-0.112848
-4.06607
0.822415
1.14115
1.82659
9.26241
1.90322
-0.747551
4.83386
-3.3228
2.86597
-2.64921
2.32635
1.00937
-0.587425
-0.916849
0.199676
-0.209449
-2.10864
-1.7983
-1.2656
1.41944
1.12279
0.249856
-6.25401
2.33319
3.04522
5.64439
3.90143
-1.02216
0.355938
0.468909
-1.55014
1.49686
1.36096
-1.05579
-3.05905
-0.334741
-0.820457
-1.14036
1.13686
0.588018
-0.112541
-0.354435
1.2665
-2.81796
-3.56865
0.119951
20.6594
2.12917
-13.3084
0.18764
-17.388
6.95617
-1.17434
-0.832061
-1.02839
0.171469
-1.15544
0.0776139
0.775886
-0.833293
0.602143
443
0.35682
1.45108
6.13201
1.57004
0.256129
-2.34248
10.3012
2.3818
4.80775
-2.82687
-2.77499
-0.568453
-3.74012
-0.306851
-1.70829
2.167
0.960865
-0.0331309
-0.426452
-1.91111
5.42839
0.147142
-0.0856112
-0.818506
1.98065
-0.0440949
-0.969628
-106.268
-2.95195
3.00411
-0.258076
-0.00850927
-1.52327
0.612077
-3.78783
1.83597
-0.698449
1.75024
-1.08411
-0.916736
-0.511099
-0.67588
0.14521
2.88495
3.85766
2.31874
-0.11861
-0.286785
0.417098
-1.70069
0.284789
2.01138
0.185313
-1.25301
-120.584
0.131084
5.14121
2.14831
-6.211
-0.383171
-0.538134
-0.672456
2.06866
0.624106
2.6328
-0.573103
0.5861
-0.745029
8.29237
0.633844
-0.749216
0.769821
0.329115
0.0820692
-0.87582
0.568818
-0.9645
-1.15457
2.28683
0.0335793
-0.87227
-0.195285
-0.419761
-0.282438
0.929558
-0.573523
19.5123
1.30463
-2.41682
-8.95938
2.14869
0.741481
0.153655
3.79757
28.7729
-2.69762
0.896047
1.75483
0.564459
0.339995
-0.797773
-3.59211
-0.19308
0.113687
-0.768212
-0.807178
-1.63841
-0.567115
-20.5114
-0.265415
-0.280472
-4.67073
4.70385
-1.3196
0.925106
-2.54521
0.392533
0.432658
1.88626
-1.29601
-1.53604
-0.400275
-1.58955
-0.0276501
-0.0820755
0.793101
7.11674
-4.64007
1.05221
2.88297
1.04242
-1.02863
-1.05678
0.314543
0.358226
1.71677
-1.67464
-0.132146
-0.538998
-3.20215
0.6998
0.153175
-13.9019
0.408883
-0.154519
0.149109
0.389693
-0.501272
9.0143
0.884918
0.277523
0.0625615
0.630326
-2.90704
1.47028
2.4584
-1.17323
-0.766748
-0.161332
0.319892
-16.051
-0.202059
0.409715
-0.168518
0.735539
0.683623
-0.0532421
2.14247
-0.407326
-0.0242009
-5.18816
-3.01819
9.50352
-0.692559
4.76353
-0.321188
-2.95861
1.10593
0.384479
-1.35809
-9.7924
-0.475994
-1.26753
-1.37869
-2.87619
0.891829
0.896522
-66.9874
-0.620732
2.79625
-0.207991
-0.327586
0.878113
0.625688
0.957188
-0.20349
-0.548621
1.45982
0.274735
-0.259755
-0.900082
83.3881
-6.75948
0.2428
-1.48584
-2.57994
-0.486595
0.89466
-0.0697726
0.00334842
2.132
-13.5322
-7.57912
2.96525
1.21714
-0.0652403
0.240433
-1.00306
0.244573
1.35326
-1.02904
3.19906
-1.4821
-2.43439
0.798625
6.12982
0.876276
-1.10347
0.05613
0.451189
-0.539978
2.30671
1.63193
1.81499
-0.262684
0.285795
-0.490424
17.5214
4.62033
-4.189
0.326243
0.6998
1.18048
0.623443
-0.867998
-2.72159
-8.46334
1.0038
-0.277201
0.0548449
-19.3519
0.723367
-0.687135
0.622939
-1.33437
1.5984
-10.9551
4.64857
0.749603
-5.79819
2.45857
1.74459
-0.157448
0.711241
8.30011
-0.35104
13.1283
0.544531
0.106176
-0.347329
-1.81108
0.471835
0.096752
-5.47375
11.34
0.255827
0.768726
1.90734
1.4248
1.38956
-0.707061
-1.12311
0.242362
-4.06526
-1.87331
0.592657
-3.99537
1.27965
9.28812
-2.44632
-0.353745
0.128691
-1.65377
0.608909
-21.8068
5.88629
0.46344
-1.48367
-0.0310814
-12.1751
6.21611
1.56235
-0.952985
0.444388
-3.54066
-0.569529
4.16454
0.470679
-0.102736
-2.83072
-6.0427
0.2496
-0.160176
-2.04998
-0.158975
-0.658897
-3.81786
-0.442899
7.5199
0.30565
1.07085
-2.22913
0.0606726
-2.46048
1.98974
-1.89282
-1.30984
7.6259
1.95463
0.359663
-9.09125
0.28969
-0.149698
-3.56609
-0.152363
0.242798
1.18002
-0.544698
-0.1686
-1.37561
-9.91597
-0.83398
2.87943
0.184721
1.06163
-0.53103
2.58749
1.14564
0.0500486
-0.207719
-0.303222
-0.0482133
0.593434
-1.02174
15.8451
-0.0198421
-4.72575
-0.0282092
0.0697739
-2.05335
-0.368581
0.383665
17.8667
1.1697
-2.16592
0.573547
6.46136
-3.12475
1.06906
-1.15946
-0.340083
-0.762973
-0.448701
0.0724375
-0.911909
2.93548
-15.6442
-30.7958
-4.67615
0.190187
-0.0337503
1.671
0.937408
2.55712
0.0152113
-0.0429896
-7.31713
0.75586
0.0309589
-4.57671
1.23662
-0.881292
-0.399986
1.43293
0.0330366
-0.519718
1.39143
0.888606
2.49752
1.71627
-1.25898
0.725514
-10.2101
5.68373
-5.18418
1.84153
5.32112
3.71981
1.25645
-0.717919
-0.339015
0.230825
-0.732421
-11.4413
1.13806
-2.11748
-0.218095
0.322725
16.6894
-1.71724
0.395221
1.59604
-1.51111
0.66132
-0.57992
-3.49188
-0.271217
0.310774
-0.697533
-0.642233
0.717209
-11.5302
-0.340998
-2.42279
0.0984171
-0.251488
0.269517
6.90656
-0.301452
-1.05176
1.1341
3.37441
18.9973
-1.26579
-3.62284
-0.672354
-0.878392
0.381125
0.985779
-0.657969
5.17655
7.7556
-2.26023
-0.00983851
-1.11697
3.24669
0.852361
-1.80456
9.38644
1.74889
0.88502
0.703326
-0.505839
0.634115
0.288933
0.953586
-0.534982
-0.642008
0.407178
5.33161
-9.12724
0.332274
0.677612
-0.285261
-3.11549
3.62681
-2.35009
2.90394
1.85184
0.262956
-1.26773
-0.428277
-0.390087
-25.2437
2.76447
-0.31317
2.93531
0.91425
-0.47017
1.64927
-0.607633
0.0380065
18.96
-7.07727
21.5984
-5.08324
0.0240798
-3.23037
1.37042
-14.9806
-1.253
-1.97421
-0.711542
1.82284
-0.530534
-0.213725
1.08646
3.95522
-4.20711
1.41319
-6.50402
-0.080478
2.22432
2.0965
-0.769973
18.227
0.286453
-112.896
-0.053744
-1.46622
-0.522513
-1.14047
0.297031
0.483607
-3.5698
-0.0872947
-0.196249
0.217694
-4.75733
0.687876
3.53878
-1.20343
7.07616
-1.96207
-1.5976
1.06871
0.771219
-0.691899
1.02818
1.86972
0.969095
-1.57416
-0.814197
-3.05178
-36.4841
0.626122
0.559679
-16.6051
-4.76158
1.0301
-0.0740207
14.789
-1.70825
-1.28265
0.538711
-0.540936
-0.0602555
-1.47797
-0.360466
1.53853
-0.283974
0.21703
-1.6582
-3.37215
0.8151
0.0316768
0.0800071
-0.384255
2.45561
-0.138594
-0.578156
-8.41321
-0.012983
0.459883
-1.06938
1.8575
2.08287
0.752927
0.333976
0.427073
0.380753
-1.16652
0.104214
1.93071
0.420532
1.43216
0.44517
-3.56292
0.53708
7.01436
-0.654876
-0.138431
-3.05884
0.20208
0.112179
-0.422303
-0.282693
1.20307
3.44219
0.222185
-1.99525
-0.874366
1.8529
-0.850886
1.38995
-9.85757
4.31067
-2.20486
2.0683
-3.96058
-1.69468
2.84336
0.414047
-0.50329
0.573427
-2.5309
3.97501
-0.347516
-0.6434
1.16
-0.459553
-2.89708
-0.708992
-4.88374
0.641598
-0.91018
-1.55952
-1.03292
-0.226947
-3.089
-1.30999
0.169749
-1.89389
4.44157
-0.0424194
0.207407
-0.676988
0.207763
1.34019
1.13161
-1.2277
39.138
-0.860035
2.3027
-8.97505
-0.173281
-6.63964
0.341341
-0.628236
0.750953
-0.779401
1.94938
-1.9227
-5.83119
-0.600832
-1.13784
-0.44204
-46.2176
12.5014
-2.27302
10.4713
0.613899
-0.973264
-2.24815
0.734984
-5.27603
2.38965
0.786278
-0.493749
-1.35465
2.37187
-0.886354
12.6659
-5.72164
-2.64286
0.688626
2.80604
1.73387
-1.17616
0.0263466
-1.2428
1.3244
-3.35175
4.77426
7.40848
1.80978
-7.258
-0.451183
-0.000914465
-0.341707
1.18466
4.53404
6.56745
3.11094
1.16395
-1.32104
-0.210615
-0.502116
204.521
-0.883713
-1.63838
0.518348
-1.93826
-2.06722
1.73532
0.419066
2.51013
4.29642
-1.00269
0.942333
-1.45023
-1.05069
1.04135
-0.874976
-0.717036
0.056352
0.218157
5.47292
1.67285
-0.890564
-0.852364
-6.6481
-3.35126
0.112621
1.03066
-0.529733
-3.8218
0.00868437
2.4196
-2.66884
-0.27642
0.668179
-2.9808
0.443025
-0.192507
0.0108118
-8.08854
0.391787
-4.58759
-0.488059
1.53246
-2.59765
-0.027187
1.35521
-0.818829
-3.75076
1.27929
0.605815
0.0488121
-31.3836
6.00515
-0.172122
-0.940644
-1.97633
-0.0761514
-3.26844
0.452244
-0.34523
1.31793
0.462295
6.65092
3.73891
0.0740211
0.709089
0.347216
-0.502352
34.9613
-0.328431
0.594116
-2.02253
1.40486
-0.34998
0.0563431
1.02492
1.62571
0.951294
-0.362346
-2.27654
0.375783
-0.392861
7.85755
-3.50306
1.3562
-23.4561
-1.66454
-0.253025
-0.334203
15.4738
0.525306
1.20598
-1.02612
-2.20073
0.422423
-0.972263
-1.39229
2.9313
0.385049
0.0451737
0.460235
-3.44259
0.0109324
-0.188498
-3.4878
2.17214
1.69804
8.70984
0.238335
-0.586106
-0.611363
3.82885
-1.45157
0.522856
4.06262
0.233454
-2.34001
-1.59877
0.0414232
-0.621554
-0.891991
4.35594
-1.14811
-0.758619
0.553394
-0.123968
6.04173
-0.679018
-0.242969
1.4841
1.44269
3.11991
-2.94711
-1.1185
-1.57124
-0.653359
-1.30396
4.12624
-0.400705
-36.9869
1.89266
-0.115882
-3.63314
0.295572
-50.9731
-4.42748
2.28222
0.248094
2.08678
-0.00369629
-0.15449
0.0729497
2.29315
-0.203423
2.01581
-1.4415
1.50585
0.546243
-0.421822
-0.10489
-0.905767
-1.01641
-0.805191
-1.20106
11.137
0.426271
-0.579178
0.813895
-2.35248
2.29149
-0.0467768
-13.851
8.10847
4.19894
0.0967781
-3.35668
1.6008
0.16285
1.13848
5.42155
-2.27901
9.16522
4.57689
0.410939
-2.90275
-0.151469
3.08535
1.26228
-4.94266
0.32643
-0.973686
6.88516
-0.0853579
0.603282
0.526953
-5.22446
-0.362901
-4.19709
-0.206502
1.87981
-1.43797
0.209589
0.0644605
-0.535632
3.33618
-0.282591
1.83826
-0.620202
-13.1733
1.96458
0.823613
2.06128
29.7256
-4.94256
0.538644
-0.909285
-0.207406
-1.18972
2.89779
0.902944
0.717416
-0.0373111
-9.72853
1.2436
-1.09024
-12.0394
-0.59361
1.48682
19.8122
-1.17185
3.2889
0.448967
0.144631
-1.33562
1.08031
2.88837
-0.139429
2.54373
0.6758
-0.215579
-0.174145
-0.276666
0.11611
-12.5125
0.185132
-2.22909
0.00873294
-0.367629
-2.07884
2.91241
5.71185
4.07042
-0.289771
1.04925
-0.206768
-0.322473
0.741966
1.11982
-0.233168
2.23863
1.8221
-1.51742
-2.81924
-0.584321
13.7234
0.573896
617.689
-0.438638
-3.39767
-2.63365
0.92687
-0.0328797
0.159756
0.6511
-1.34456
0.42784
1.51078
6.87715
-0.787871
3.45924
0.097115
-0.530439
-2.76977
-0.195004
1.24333
-1.94271
-1.08037
3.34849
-2.00804
5.0584
0.281625
-0.478108
-0.942981
-0.158842
28.5231
-2.407
-0.572616
14.2894
1.12656
-0.288938
-0.915959
-0.0969668
-1.9884
-1.10293
3.33824
-2.07523
9.41753
6.3094
-0.35733
-0.33461
-0.138519
-0.616042
43.9422
-0.947315
0.232748
0.215579
1.96678
-173.827
0.885161
-0.231565
88.885
-2.00563
-0.588256
-2.3088
0.623132
0.730893
1.02945
0.561461
-0.212051
-0.128243
-7.39465
-0.372362
0.385882
-0.979548
0.239381
-0.159515
-0.063613
0.879681
2.45924
6.60804
-0.146635
-4.02886
0.524036
1.96731
-2.21104
-6.43066
-0.100123
-1.21754
4.84451
0.77681
-0.288127
0.850805
0.582395
0.0717896
-14.9324
1.24747
-1.28561
-0.876095
-2.86758
0.633651
-1.87918
-1.76134
0.619421
-1.78854
0.0684076
0.0784214
0.329388
-0.152067
-3.42405
-10.1142
-1.29657
-1.71073
0.344127
0.201121
-3.76779
-2.20886
1.40044
7.2306
0.671487
10.8645
-0.0270928
-1.49839
0.528442
0.95562
0.508519
-99.0288
-1.53066
0.450112
-0.375187
-0.877081
0.450422
1.33146
1.19817
5.94267
1.7318
-3.60918
2.19997
1.44385
-0.708431
1.42269
112.979
0.62628
-0.473947
-0.145292
-1.29848
-12.6675
0.363521
0.138751
0.453352
-2.83378
-1.46792
-0.409736
1.66033
-1.94494
0.395712
0.681105
0.930301
-4.5918
0.137449
-1.11644
-0.0992108
-0.646496
0.0528752
0.467482
-0.177612
-1.87869
-7.89705
3.21032
2.8344
-0.802275
-1.37089
0.753277
2.36171
-1.5761
0.460592
-0.294596
-0.396166
0.194689
-0.775206
-1.05272
3.89064
-0.0781362
-0.425414
12.6683
-0.441885
-2.43616
0.568018
-0.391754
-0.242442
0.0306241
8.72984
0.936573
2.7588
-2.46436
-1.47057
-1.01348
-2.06167
-0.643775
-2.07603
1.6942
0.22239
-0.900166
-1.92883
-0.0853886
0.789063
-3.48135
-0.00805294
1.31538
3.70745
-0.385533
0.477107
-2.92829
-0.223788
0.830128
-1.0255
1.22342
-0.70063
-0.495169
2.17477
-8.81163
1.26683
2.26272
-0.375536
0.308895
1.46546
-1.88265
1.30992
-1.30674
-0.170498
-0.923677
7.33138
1.58658
-2.80896
0.435667
-1.08676
-0.623403
-0.717665
0.300009
0.305433
1.18542
0.376874
4.17903
0.326157
0.444922
-14.5363
0.348748
0.996438
-0.00873814
-0.137525
-1.07295
-2.14774
1.78569
0.0807476
3.85702
2.22285
35.1944
-0.692277
-1.04809
0.0962253
-0.270833
0.235934
105.411
0.860571
-2.49888
6.04299
-4.43309
0.991564
-0.566263
0.55313
-1.10803
1.97035
0.209743
1.59079
-0.65165
-0.449975
-14.9186
-0.332195
-2.12722
0.745623
1.58591
-0.667311
-0.680424
0.467265
-1.89258
0.0477428
5.16264
-0.332256
1.05339
-0.0214154
1.03947
0.126468
0.501061
-0.365068
-0.350837
0.0221608
-109.287
-0.196003
-0.539973
10.6232
-1.9351
-0.0828115
0.831944
-2.21869
-1.0965
1.01695
1.93066
-3.42393
1.19332
-0.670105
0.171033
0.103314
3.85427
-0.108842
0.331277
0.42959
-0.427398
0.0357886
95.2319
0.803856
0.482373
3.77424
-0.0137403
-0.524678
1.99537
-7.79834
-13.2897
8.83726
-9.33688
0.647411
-8.94196
7.39815
0.0545335
-8.93291
0.662655
-1.26432
-2.33282
-0.70304
-0.0644538
-24.8371
-0.669643
8.89864
-1.28618
-0.84144
0.547442
1.28039
-0.0451866
-11.3757
0.293077
0.979925
0.437142
-0.996083
-3.60365
0.674986
0.415205
-0.579625
0.490871
-2.65627
-8.49564
0.64099
2.61577
-0.107129
0.223738
-0.571522
0.00214579
-0.505723
1.75832
77.2754
-0.976557
0.379453
1.7908
1.07509
-1.24101
-0.847602
-4.99923
41.2606
0.496915
0.189675
0.481067
-0.799632
2.13105
1.13373
-0.108842
1.08949
8.59984
-0.1238
-8.23194
-2.64345
-1.41361
0.692577
-14.575
2.52484
-1.91141
1.4313
0.284399
-0.315588
-0.0539057
1.51807
-0.0216886
-1.4265
-0.129792
-5.62605
1.00045
-18.9238
0.319684
0.760836
-0.23159
0.679547
7.25055
0.105994
1.76411
-0.319036
0.507116
1.34934
-0.214214
-0.466543
-1.21746
1.84037
-1.73882
-1.49714
-2.31271
2.36914
0.134041
0.916832
-0.368545
-0.736115
-0.972051
0.258813
0.412448
-1.95808
1.38917
0.380045
-0.366625
-0.0715692
0.373155
-0.000615704
1.34972
-0.808612
-0.57977
-1.65241
2.35696
-4.99887
-0.363819
-1.25037
0.576808
0.215772
0.691806
0.449781
4.23013
-0.302073
0.995023
1.07123
-0.435768
1.04946
-5.20387
-10.6567
2.19724
-0.389054
0.284035
-0.570578
1.59793
6.00466
0.597825
-2.94152
0.662451
-0.304718
-3.91422
1.07989
5.38805
-1.00548
0.707551
0.282802
2.92449
-1.12499
-1.01987
-4.79433
-0.513943
-1.46359
-0.388828
-0.349013
10.5449
-4.03614
0.14243
-0.0468585
-5.49677
3.14819
1.48697
-2.85072
1.30797
2.05069
5.10742
-0.768728
-0.0410592
-0.737475
-0.22312
-3.03222
4.69353
-3.55121
0.0591796
-0.207466
-5.9842
0.384116
1.00404
1.86853
-1.95273
13.9488
-11.6428
-0.146927
1.41669
0.387671
-93.5979
1.53109
1.72827
-14.4466
0.987
2.33118
-0.780896
0.760587
30.5751
3.92207
-2.24845
-0.4477
1.29247
-1.15111
3.68206
-1.08862
0.876733
0.581516
0.544922
0.587704
0.122585
-1.44571
6.70147
-1.03308
0.345874
0.442962
-1.0696
-0.362951
0.670273
0.993297
1.08515
1.60571
1.03846
0.643505
1.45676
-1.01374
2.28881
0.259627
19.7979
1.22285
9.20512
1.6996
-1.41355
1.29188
0.255208
-0.46218
0.331489
-1.20728
0.251385
0.530101
2.11212
-0.622614
4.61064
0.106565
-0.0443136
1.36509
4.50484
-0.0827586
0.630743
-0.0243309
1.09947
-1.50116
0.121416
-0.335899
1.40541
0.0509728
1.36034
-1.98173
-0.409292
-0.577929
0.0158921
0.880711
-7.38033
0.34246
1.62925
-3.28271
-5.13746
-13.5372
0.760059
0.338941
-0.747459
-1.07717
0.898533
-1.13002
1.17729
1.80607
0.0813908
3.6091
-1.11893
1.26911
-2.0413
1.77132
-1.46229
-1.12035
-2.13407
2.13705
-0.0497418
0.339235
2.1163
-0.00205522
2.09283
56.9866
-16.8102
0.82996
0.48915
0.147707
0.296095
2.98258
-0.683725
-17.8159
-0.275323
0.854479
2.62327
0.260899
-2.66205
0.235334
-5.52136
-0.372754
10.7328
4.54352
-0.0398559
-15.3253
-0.392211
0.12709
-0.803261
-77.0434
-0.0235584
0.236689
-0.628337
-0.355013
0.879405
0.434195
-0.611615
-1.49939
-0.127023
0.121013
-1.1768
-2.62856
-3.65859
0.422903
-0.650017
-0.234979
3.92939
-4.90334
1.20704
-5.22902
0.246425
-1.24755
-7.98999
0.969473
-1.02675
1.09825
-130.201
1.5971
-0.000243819
0.418824
3.07424
0.357269
3.17924
-1.77465
-0.539943
3.72545
-0.23923
10.1098
0.942104
-9.30107
-104.957
3.96106
-1.67454
0.620514
-0.940797
0.777138
-3.25936
10.5335
30.0984
-2.02462
0.158511
-4.04765
0.603365
-1.65645
0.0801984
0.719317
0.921231
0.298747
0.839626
0.580631
5.26909
1.71069
-0.273554
1.4438
4.91217
-3.23636
0.261431
0.300342
0.970198
-0.536494
-1.48992
0.191981
0.830684
-2.21739
-0.160917
-3.49764
-0.224991
0.00187167
-0.22458
-7.44652
-6.40699
-0.196832
0.302938
0.554998
-1.38038
-0.955726
-0.870076
14.5271
1.90346
-0.244016
-1.17674
-0.809974
1.37549
-0.852118
5.14157
1.67237
-0.765525
1.37853
0.253752
-0.0361778
-0.160026
1.44023
1.56474
1.14044
-0.577045
0.484062
-1.47032
-0.693533
-4.17953
0.978265
-0.752249
0.404291
-0.113308
-1.48782
1.23981
3.27388
-1.57222
-5.18716
1.9939
-0.180385
0.505283
0.0862599
0.151189
-0.0402808
-0.732966
-0.753313
0.0614222
0.513704
-2.17973
1.72591
-9.3883
-0.442222
-1.41598
6.8191
6.60147
-0.62509
2.05249
2.96652
0.0862325
0.883971
0.26078
-0.0297708
1.84241
1.30887
0.714329
-0.919824
-2.44825
1.5228
0.195506
0.288323
0.381906
-0.288525
-2.18643
0.0390226
0.33608
1.10265
2.08371
-5.60304
-0.904717
-1.01105
-1.7028
-4.98673
-2.19855
2.32968
0.149818
-4.02258
-0.243058
1.10636
1.11185
-0.495216
-0.633502
-0.531836
0.777577
-0.496837
-4.17719
0.533191
5.21675
0.147109
-23.1471
1.23609
0.277667
0.897376
5.62142
-0.311967
-1.52711
3.18466
-3.92131
2.82508
4.91684
27.1402
1.98113
-3.44188
0.773749
0.521878
-2.08855
0.137124
5.27307
-1.90173
1.38287
5.14847
1.6389
-0.51681
0.235333
-1.53052
-0.0223013
0.775231
0.74072
1.45088
-2.89129
-1.28581
2.11653
-0.19832
-0.497279
11.4217
-0.926535
0.0500597
0.245391
-0.280477
2.00552
0.270513
1.2476
-0.322336
0.0234354
2.56195
-1.36161
1.04056
-0.593916
-2.92095
0.99299
0.514699
0.330594
-2.90911
1.81003
-1.79419
-6.37298
1.21986
-0.492884
-1.71829
2.35334
-2.44469
-36.19
36.1829
-0.952152
0.0904665
0.521147
1.40452
0.21097
1.61263
-1.00795
-0.332068
1.04456
-0.707443
1.75172
-0.00110674
5.0294
0.689091
4.89969
-2.74689
-0.454026
-0.0509279
0.00250935
-0.814086
-0.0226129
2.18167
0.749299
-4.30079
-10.9374
-25.3729
-1.87597
3.17376
2.00069
1.25702
0.0562441
-0.135598
5.14576
-0.949709
0.0499485
0.459021
-0.807646
-2.58467
-0.814683
20.0489
0.290412
1.22183
-5.47813
-34.5356
3.89231
-0.530851
-0.26855
0.0132425
-3.02651
0.335095
4.71561
-0.451307
-1.46554
-0.714926
0.188675
-0.153334
9.04574
-0.430997
0.297595
2.19696
0.16608
-1.63768
1.09426
0.77198
1.04462
-5.13949
0.00607303
2.41848
0.655318
0.242025
0.778265
0.24321
-0.516612
0.315422
-0.280714
0.113749
-2.15257
0.96687
-1.08082
-0.227567
-0.0251184
-0.380515
9.1532
3.35182
1.54609
9.30044
33.5536
1.615
-0.437743
2.56944
1.43107
-4.37944
-0.49253
3.83944
-0.0945332
5.45617
-1.26275
-3.34717
0.64947
1.08552
0.813717
1.41714
-1.61151
-12.567
0.735061
0.466593
0.692174
0.596045
1.93235
1.9863
-1.3058
-0.0195226
1.68296
0.315939
3.35333
-0.304335
-0.825571
-0.046723
0.0569095
-1.53959
1.56518
-9.94489
-0.535734
-0.984889
-0.141985
-0.307961
1.34437
0.870352
-4.10112
3.11826
-0.928459
-5.29817
0.653928
2.82325
4.55309
-4.35434
-1.31273
3.92468
0.45803
-5.95002
1.41374
5.39892
0.257902
39.6434
3.47093
0.141039
-5.14743
-0.36363
-0.623589
-1.76086
-5.16265
-0.973053
1.00542
1.19986
-0.816193
7.24394
2.1078
-0.487174
2.18034
-0.373802
1.73724
0.222657
-1.41709
-0.551629
-2.5278
0.0420403
1.47277
-88.3903
0.472802
-0.147344
-0.234959
0.180524
-0.69714
-0.560978
0.489385
-0.194077
0.196864
-1.18155
2.21995
-1.78378
0.641247
5.46803
-0.096217
-1.09824
18.4065
-0.217015
0.529718
-2.05337
0.348779
-0.170073
-0.706777
-0.774259
0.339399
1.72389
-0.974916
-0.0250203
-2.58498
0.2049
-7.31372
-0.357746
0.0610751
0.248442
2.04788
-0.199685
0.33154
0.264939
-1.99386
-1.58451
0.447164
-8.83901
0.713782
1.44034
2.56934
16.8422
0.403256
0.898898
-3.75457
3.96411
2.7623
1.43208
-0.966491
0.568123
0.376598
0.189718
0.180808
2.2876
-1.37497
3.1655
0.462647
0.220297
0.506216
-0.181942
44.6558
1.18803
2.20258
-0.823075
-0.0789057
1.2558
-2.75321
5.08921
6.98772
7.78023
-0.840758
27.658
-0.744016
0.957845
-0.113152
-0.521736
-1.24437
1.03104
1.03741
1.1173
0.544039
-0.42664
0.0988215
-1.295
-0.129034
0.785569
-0.443051
20.3121
-8.47068
-3.27425
0.325931
-0.0627163
-2.80578
-1.39314
-4.4485
2.56143
0.807977
-1.99532
-1.33446
0.875421
0.727045
-184.243
-0.325763
-3.18216
-1.11897
0.880389
-2.15972
0.272611
0.631066
-5.91498
1.70523
0.178766
2.85564
-0.112404
2.31186
-8.75957
-0.233634
-5.26971
0.0258985
0.0255796
-0.587909
-4.08941
-0.316689
0.970468
-0.0200737
-2.72812
1.28381
4.25249
-1.20177
-3.97237
1.3674
0.756547
-0.150486
-3.23825
-1.87475
-3.39203
0.711965
3.41237
0.929126
0.351388
1.85385
0.881097
8.63359
0.0161606
-1.57615
1.41788
2.01561
-0.656983
-0.0915015
-2.69653
9.98838
-0.0769438
-1.48702
2.32915
3.5053
0.636812
-0.200639
-0.19168
0.616932
0.0386595
-0.919551
0.0834946
2.05956
0.0791824
2.70507
-0.856916
-0.836986
0.0828254
2.81136
0.387727
-0.645523
0.333149
-0.333227
-0.880007
1.03327
0.622389
-7.11771
0.173958
-0.561635
20.7859
-0.740879
-0.138412
-0.212306
0.329943
0.10289
0.28532
-0.234491
0.705809
-0.433759
2.45117
5.07466
-3.60241
-1.06838
-0.33645
-0.154007
-1.0801
0.153024
-2.20732
0.328098
1.26334
-0.742602
-0.70027
0.392785
-0.820772
0.540618
-1.52746
-0.541121
1.74939
1.46303
0.914343
-2.54612
0.777691
1.28735
0.344294
-3.46446
