-0.78915
0.290259
-0.0155973
3.06061
0.480767
7.86739
1.59801
-0.157367
2.31611
-0.345267
1.65753
-0.730496
-0.905075
0.253595
1.94751
0.765416
0.250528
6.12642
0.322901
-0.273757
1.10836
1.80993
-0.334567
-1.46729
-0.150387
-1.28902
-0.431241
-5.9302
0.796818
-0.0806094
-0.111143
-0.983242
8.11613
-0.105322
-3.61895
-3.09847
-0.14252
-1.27004
1.23712
-0.11595
3.9432
0.545164
0.183402
0.646299
0.527908
-1.82586
0.0188981
-2.4925
0.894176
2.49674
10.8225
0.154565
-1.56653
0.595792
1.0452
0.807615
-1.00439
2.59504
-11.091
-0.846079
2.21687
-1.76478
-2.13144
1.28866
1.02068
-1.56154
2.50945
0.924827
13.3557
-0.876675
0.756976
3.29547
-0.230061
3.77648
1.25175
-0.292007
-0.567399
0.340621
0.513593
-3.20319
0.00175961
-0.48664
0.549256
1.27721
3.79584
-1.16676
-10.6731
-0.893952
1.15975
-0.637876
-7.9798
-1.11346
0.00613245
0.506817
-1.58139
0.359339
0.54712
-0.328299
1.91071
-3.67624
-0.0669259
4.03334
-1.48989
-21.7831
-16.8418
-1.8449
-0.454828
2.30634
-0.884272
4.27201
1.024
7.77717
-2.72423
3.13548
-0.937172
1.17145
10.3278
0.421563
-4.07775
-1.92117
1.27249
2.286
-1.47057
-0.25018
1.44202
-0.0285471
-7.55035
0.16419
0.603323
3.84671
0.118556
-1.10766
1.38117
0.931634
2.53079
-3.58069
0.171486
6.36742
-1.4829
-0.354063
0.266626
-0.116159
0.877586
0.361276
-0.253151
-0.41869
2.39576
0.0641128
1.29107
11.9381
-3.96978
-1.40863
0.655718
-34.5784
0.244419
1.6078
0.411141
9.85797
5.15703
8.12375
19.3021
0.912348
1.17202
-0.314718
-1.05348
-0.58658
1.06912
-4.67402
0.612615
-2.22819
2.52192
9.72247
-0.0894766
-0.0725837
0.356585
-0.0039354
0.388313
-1.23446
-3.11271
52.3192
-15.0887
-1.19029
3.74154
0.152579
-1.70047
-3.06149
-1.31786
1.20894
1.47468
-1.53935
-1.07068
1.07707
-0.160371
-1.13204
-1.52932
0.176484
-0.473581
0.385683
2.32301
-0.610633
2.41212
-0.362055
0.165685
-6.59021
-0.997268
0.0570387
4.06176
0.140144
0.781727
-0.520325
-0.507783
0.0922893
0.344502
0.272836
0.0434507
-1.55207
9.95628
0.0664276
-1.48194
-0.131948
-1.09806
-0.224909
-3.92913
13.6894
-0.545393
0.000212061
0.184052
-0.538293
0.549545
-3.36531
0.0344391
0.435535
-3.29769
0.673291
0.600307
-0.293559
0.1673
0.132046
1.31884
-76.7402
1.24882
0.598948
0.0656608
-6.15813
-0.685832
-0.237925
-2.21535
-3.25977
0.193334
-1.49474
0.0144223
2.28701
-0.225897
1.46195
-1.48107
0.684728
-0.468704
1.51357
-5.4164
-0.449978
-1.44751
-2.81812
3.06511
-0.633887
1.76219
0.446015
141.12
-3.55462
0.624571
1.23797
0.924838
-0.803811
-10.9179
-1.08942
11.9848
-2.45942
0.439532
0.607115
0.517899
-1.41268
4.73207
-0.135165
-0.440664
-0.109105
2.55348
-2.6505
4.1386
-0.119686
4.64944
-1.31551
-0.976893
1.0411
-8.59953
-1.73956
-0.77511
0.567409
1.48172
0.606204
0.352103
-0.375019
-3.60486
-0.344837
-1.53677
0.717149
0.131754
-30.7882
2.37191
1.5074
-2.35461
0.927325
1.11458
3.00228
-0.475136
-0.282707
-1.66884
-0.676122
17.7859
9.96184
0.0450665
-1.64264
1.13795
-1.35825
50.3687
-3.70945
0.695856
-1.32762
0.161549
-0.23404
-3.05727
-1.3164
-22.0942
6.50655
-7.02812
1.69085
0.709524
-1.73393
3.3396
-0.71784
1.98942
-0.373155
-2.69142
4.67587
-1.40052
-0.342732
-1.42309
0.0907995
-16.1376
1.50383
0.395146
-1.25867
0.0489552
-0.554938
0.798447
0.59139
-2.61473
0.235732
-0.433418
3.57779
-1.32229
0.395921
1.88087
0.208094
-0.458626
3.97563
-0.256444
-117.15
3.61736
2.2826
0.148505
1.44002
-26.3302
1.4382
1.20482
-0.288646
1.58078
0.490344
0.791178
0.864334
1.85227
-9.35989
-0.255755
0.233474
-0.05889
1.82723
1.87006
1.5571
56.4118
0.523578
-1.74566
-9.68383
4.90565
-0.141799
-0.147938
2.55788
0.817361
-2.10714
0.386371
-1.50185
-1.41218
1.72688
1.83619
-0.773042
-0.912474
-4.43553
0.739047
0.328574
1.2245
-7.76005
5.65956
1.41528
-3.00937
0.203936
0.465428
0.176018
1.80063
-2.35338
2.16076
-0.66043
3.72607
1.53287
-1.86183
0.65089
0.126325
-0.0354562
-0.534807
1.78987
-0.211569
-0.15825
0.601889
0.656477
17.2452
-0.0725567
-11.023
3.14544
-159.485
-0.493594
1.00696
-1.80645
0.200195
1.19491
0.16608
-0.984199
-3.82455
11.6643
0.715121
0.422357
14.5359
1.94294
1.04488
0.129076
-0.706238
1.40359
-0.402266
0.674798
-0.472512
8.65301
-1.40449
-0.723072
0.364859
-7.58255
-0.0348297
-1.00643
2.11041
-3.42393
2.43829
-2.4982
-2.78839
17.2901
-0.350859
-0.226854
-40.4426
3.95872
0.872968
-0.136575
1.0564
1.63227
-0.414385
0.462342
0.170345
4.64159
0.893552
22.1394
1.09826
-2.78473
0.742902
3.43451
-1.79308
-0.530626
0.944189
1.75254
0.48478
2.79209
-1.17356
-0.923437
-0.518811
-0.910873
-2.47774
-0.554148
-0.67508
-1.23892
-0.330087
-0.359552
-0.655871
-1.80881
-2.77424
-0.843137
-0.883887
-0.88214
0.46798
0.0155791
50.8325
-2.60293
-0.280503
1.07627
16.4046
1.47027
0.411311
0.285025
-0.0442596
-5.945
-5.69916
-2.99601
1.85897
-0.996985
1.65383
0.629471
-0.368965
-0.895464
0.705538
-4.48385
1.96345
2.28527
6.01729
-2.00957
24.9202
-0.887366
0.846721
-24.1114
6.83469
-1.38307
-2.22657
-1.86901
-1.18523
3.86682
-0.607582
-0.926258
-0.212239
0.726603
4.37765
0.7182
-0.167597
-0.357842
-0.321195
-2.05896
-1.86905
-1.17724
0.804891
0.806161
0.136081
-0.46371
0.757185
1.35843
0.0281271
0.873015
-2.36173
3.05485
0.948638
-1.00384
6.24349
1.01763
27.2541
13.6521
-0.673391
0.883797
0.310983
-5.62023
0.520048
5.98465
9.31065
1.1001
-0.849388
-0.713076
-60.0089
0.566573
0.231495
0.132231
9.795
-0.319261
0.380738
-0.66935
3.71156
-4.36355
-1.29428
-0.141254
8.30243
1.50444
1.75541
-0.219313
-0.381881
-1.55504
0.0355192
-3.03895
0.348834
0.92077
-1.2868
-9.43293
-7.94119
-0.714651
-0.980207
-0.914887
-1.59565
8.88532
0.600206
3.96869
0.688616
0.00735661
1.15336
-0.0999417
19.033
0.223639
0.115762
-0.560739
1.13903
-0.350578
0.959066
0.103659
-0.111358
-0.189504
-4.14231
-2.87545
0.473252
1.08743
-0.0352468
-0.750987
3.22266
-0.969864
2.76026
-0.957978
-0.289509
1.40541
10.0816
0.723505
0.55131
-0.564683
1.8467
3.19081
1.36988
-0.434073
-23.6874
0.374346
-1.32132
-0.0215295
3.13051
0.197562
2.25292
5.95174
0.475458
1.6309
2.54827
-2.58527
0.541171
-0.428949
6.88444
0.136148
-0.496731
0.716164
-1.15038
-0.373276
0.00924384
6.12463
-5.57179
1.62276
-1.44914
8.98225
-5.11207
-0.235927
0.00321465
1.46604
-10.6416
-0.85941
-8.44097
-308.163
55.216
1.07507
1.62584
-0.374123
0.0290876
-3.65265
-2.6289
1.43078
-7.32005
-0.975009
-0.761519
1.08985
-1.08775
2.03075
-11.672
0.632476
-1.90347
-4.0355
-11.3724
-1.02472
0.318966
6.62705
0.813226
-0.655759
52.5302
-10.0724
0.0771162
1.39492
0.349857
0.595878
1.09773
0.625169
-1.33139
0.789613
0.112772
-0.622871
-0.718662
4.57051
-2.60146
0.46984
-0.156071
0.693327
-3.66366
-0.207216
0.282399
-0.189122
9.65309
2.46759
-6.14842
5.76435
0.464946
-0.449459
3.5821
0.931006
2.05638
-585.557
1.16418
-0.886692
-19.6446
-7.55097
1.9227
0.200259
-0.92828
-0.738478
-0.233347
-0.249253
7.21953
-1.04809
0.384951
-0.407949
8.82656
1.61337
-0.712547
-5.00897
-0.239228
-1.65371
10.5986
1.18395
-0.882737
1.83506
-1.14096
-0.224912
0.87959
-0.517954
-0.565843
1.27254
1.72717
1.94054
259.121
8.46899
-0.855375
-3.29115
-1.45422
1.31234
-1.10036
0.252019
-0.746601
1.09275
-0.258423
-0.417559
1.17428
-22.2002
1.00875
-0.124035
2.29068
6.24626
-0.810434
5.09604
1.94371
-3.5588
1.39343
-5.26732
0.599561
0.0391547
0.284997
-4.88077
-4.68074
-0.75749
-0.149609
17.9764
7.46201
-0.511226
0.545089
-0.551173
0.727694
0.10825
-6.8677
0.504188
2.98979
0.134086
0.136524
-5.02069
4.8131
-13.8643
0.080212
-1.66918
-1.44211
2.77134
2.91022
3.23577
1.28225
-5.50491
-0.497378
-0.426828
-0.46825
-29.3415
0.797651
-0.0665405
1.31484
-18.5891
-8.04909
0.589749
2.55891
-2.79308
-0.507223
-0.329745
-55.6753
13.8884
-0.976724
-0.876139
-0.96593
0.693284
-1.01322
-0.793759
0.684041
51.5393
-1.0783
0.445436
-2.20615
-1.53807
1.96517
-33.3263
-18.3367
-1.05817
1.50065
1.04984
-1.59248
-0.197572
1.27293
-1.70805
0.0598752
0.792928
0.510537
-0.701742
-11.9547
0.783138
-18.2391
0.179706
0.878459
-1.31856
0.614726
6.84065
3.36467
0.174361
4.18055
4.58905
-0.359602
0.745975
-0.0915876
1.01721
1.00315
0.0853136
0.260565
-26.5936
5.30501
-1.75675
-0.431309
0.0543378
-0.311058
-0.206534
-0.785294
-3.00803
0.36012
-198.182
0.202006
0.082379
0.307935
-3.73542
-0.422828
-1.35572
-0.481039
-0.82954
12.4841
5.46134
0.209784
-1.26124
1.02554
1.62243
-1.94275
1.74383
4.84974
-0.0813753
319.192
-0.10386
-1.03668
-5.51173
0.431879
-2.42305
0.925871
1.64352
1.28222
1.16983
1.04169
0.615672
-7.12013
0.637808
-8.34016
-0.127566
-0.0285856
0.322701
0.448068
-0.873152
0.246764
-0.0133958
1.139
-3.2894
2.12177
3.50616
-1.75639
0.060997
0.325725
0.44288
0.959978
-1.21999
1.3567
0.608053
-68.4733
1.00026
-0.933566
0.637185
-0.3346
0.624763
-1.17955
4.65546
0.788669
-48.0237
2.4842
-0.0288296
-0.517419
-2.95803
3.52128
-0.358745
2.55614
0.723303
-4.0873
2.18384
-0.864716
0.453785
-1.65201
0.106855
-0.148786
1.96887
-0.662224
0.0743425
-0.141744
7.1045
-0.308366
-8.74312
0.812528
0.91793
0.0628791
1.89306
2.33758
-1.30155
22.9081
-1.12987
-1.24614
-0.0450237
3.89481
-0.636568
-3.43467
1.83852
1.19398
11.4186
-0.673287
2.52254
1.39709
1.07104
-0.197804
1.41989
0.190888
-1.83173
0.128526
-1.10998
13.1508
0.55623
2.95538
3.37118
-2.12868
0.24134
-48.6543
1.30064
9.53887
9.98179
-19.0283
-0.312737
0.251839
0.16027
-4.22812
0.277132
0.386028
2.02385
1.09576
-3.59218
67.2547
-1.41533
-0.349466
-2.23082
0.637479
1.32621
0.5031
-0.424303
0.992337
0.650505
2.67851
0.888179
-1.04201
-0.220532
1.00684
2.82046
-0.185356
-1.5758
0.971422
-0.269273
-0.468495
-0.656197
-0.544436
-1.50336
-1.95885
0.387811
0.763185
4.53571
-1.91635
0.623131
0.428251
-4.99932
0.175666
0.0536036
3.84027
-1.51705
1.35543
1.9446
3.85382
-6.40561
-1.11254
0.048611
0.135768
2.39642
-0.614568
2.78991
4.44615
-0.814163
-0.932764
-1.80081
4.5576
5.52351
5.90666
-0.536886
-0.529645
2.89534
0.0162515
2.03568
0.517986
0.390607
1.02695
1.49444
1.64496
0.811982
-0.0884391
0.280534
7.37249
0.48225
-7.63455
-0.56467
0.408178
1.17537
-0.166427
-0.556327
-0.448886
-1.06668
-0.901887
-1.77097
0.753562
0.409454
1.28386
0.427859
8.26659
-2.02244
0.743789
0.594283
2.6101
-2.35048
0.707571
1.42626
0.812746
1.42407
-1.28974
0.763729
1.259
1.08347
0.165259
-1.78232
0.726428
-0.023234
-1.33194
0.466046
0.958687
2.82613
-10.6555
5.85369
-0.446222
1.27977
6.95939
1.16215
0.433481
2.12052
0.0733512
0.656675
-0.689212
-0.45789
0.163534
0.956776
0.179142
85.8586
-1.33831
-2.30903
1.28937
0.144685
0.330984
0.599841
3.09227
2.09497
-72.0498
-0.558999
-1.26874
0.310889
0.158084
0.973494
0.489676
-1.43634
-1.70821
-2.00546
-1.22686
8.0995
1.61543
4.17352
-1.22217
-1.32208
0.573716
-0.181423
0.280158
-2.465
0.0686484
-1.4428
-2.58578
0.897774
0.756491
-1.68966
-0.783653
2.85426
-1.03691
1.01298
-0.0983834
3.76353
2.5766
-3.30262
-3.98976
-1.40084
1.70543
-3.5276
-0.41229
2.30656
-8.44908
0.93937
3.25094
0.0817384
-0.838741
0.872346
-0.297522
0.514732
2.16878
2.14782
-9.89808
-0.833295
2.68184
2.98576
3.41587
0.735134
-0.241794
-3.75495
-0.924567
-0.986164
1.77486
-5.60934
4.02581
0.166174
-0.458041
-1.67599
5.6397
-0.196415
1.23107
0.211224
-0.0485558
-0.62588
-0.6574
0.184687
0.0860163
-1.42005
1.62075
-0.424652
1.3227
-3.39031
-0.857787
-0.318321
-0.463923
0.535193
-1.00195
0.866679
-0.628207
1.23813
-4.7189
0.150346
-2.05556
178.684
1.63958
0.0733321
-0.641411
0.512002
2.22964
-0.921826
8.82031
2.52001
-4.867
1.17546
-0.438511
2.27086
1.28595
0.276481
-1.02537
29.8699
3.60846
-1.0642
0.448615
-3.17231
22.9231
0.0193433
-6.7016
-1.36676
0.326084
105.724
-0.875418
-2.03113
-0.519631
-7.76433
-2.03291
-0.530676
14.8892
-2.16994
-2.84337
-3.75904
449.698
0.0766375
-2.12713
-9.72133
0.586792
-0.242344
-2.15148
-0.602444
-5.97398
-2.05048
-0.386868
-0.456516
-0.00421254
11.4023
0.433197
-0.654328
1.00613
2.85137
14.384
0.466139
-0.616192
0.33741
0.767001
-0.350199
-3.05787
0.648084
-0.699786
-0.0774814
-1.71019
0.280902
-1.60971
0.142412
-0.500383
-0.300837
0.196712
2.93645
1.29293
6.16371
-26.0362
-0.0292577
-0.85177
-1.99127
0.566419
-3.33584
-0.758626
-0.087456
-0.0636109
0.00476827
-4.43366
0.611175
0.08298
0.482373
-1.5932
2.22753
-2.06327
-2.94858
11.5537
0.528587
-1.51704
4.56717
-0.438209
-0.431002
-1.76084
0.105883
-2.62728
1.48159
0.148449
0.00222564
-1.89591
-0.61877
-1.14641
-0.093512
-4.3468
-0.220315
0.389176
3.49234
1.02257
2.13698
-1.33024
-1.52546
0.366321
-0.735847
-30.9461
0.0283174
-1.16271
-5.65097
-1.37309
0.999214
0.749761
-1.5397
-1.27529
-0.959021
2.11955
-0.529039
-6.5916
-0.152349
0.133172
0.185354
0.616543
-0.101623
1.45
-4.69864
-0.0474398
4.85022
-0.158682
-2.06532
-2.63928
3.60156
1.07367
-0.42463
-0.984044
9.93518
7.61165
-0.727522
0.171535
-0.564028
0.894546
0.425502
-1.48307
43.5133
-215.174
-3.07685
0.584047
3.11918
0.497552
0.849287
-43.1786
1.97593
-1.05953
-1.51228
0.873238
0.207143
-0.433434
-0.190096
3.11974
-1.14776
1.89067
-1.2069
-5.22217
0.784974
-13.4718
-1.38611
-0.447075
-0.128124
0.726367
2.67341
-0.516338
0.829331
-15.3482
-2.09142
0.752533
-0.429972
18.2677
9.73008
-0.560385
-0.38733
-3.51836
0.052313
0.191186
1.39451
-0.683676
-5.26353
0.0549549
-0.833467
0.967486
1.90292
0.00935658
-0.451546
-1.04204
3.74377
-1.12291
-0.514637
-1.56827
-0.831517
-1.09441
1.76476
2.04746
-0.585313
-0.690447
6.12005
-0.768996
2.53877
-0.976064
-0.454052
-1.18288
1.18641
1.27392
0.742559
0.897595
-0.276575
10.6206
-0.314925
-0.728664
1.45578
0.398135
-0.357546
-0.751394
-0.265722
-1.13004
3.80689
-0.367855
-0.261569
-0.881537
11.5114
0.417588
-10.2036
3.73345
-7.71767
0.445075
-1.39504
-2.3602
0.763956
-0.327956
-1.75978
2.81505
1.88792
-0.396859
-1.22713
-0.662577
-10.5483
-0.423163
-2.48562
4.48688
-0.269647
-13.9554
-4.00917
-27.7264
0.197666
-0.0798351
1.42518
-0.0894119
1.22507
-4.36876
0.0553214
1.51871
-0.902783
-8.75929
-9.98978
-12.615
0.377288
0.0880851
-0.415466
0.932992
-0.736752
0.302707
-0.465908
2.96983
3.33527
-0.32726
0.0410797
0.054521
0.417834
-0.717523
-2.20828
0.0568331
-7.7829
-1.50668
0.344719
0.285671
4.30399
4.19779
-1.8134
-2.62104
1.58689
0.0567438
-0.461952
1.27387
0.459823
0.372521
0.477389
0.749891
-1.864
1.00799
5.01146
-1.79659
-0.495749
-1.21555
0.289021
-0.118642
-3.7026
-0.63974
1.70585
0.146534
-7.21059
1.29148
8.64976
-0.238189
1.53107
2.32289
0.383256
0.334841
0.697367
-9.82147
-0.677943
-2.21202
-0.321895
1.88845
-0.851681
1.69215
-1.79031
-8.4539
0.23994
-0.439776
-0.253262
-590.786
1.67383
1.03926
-4.29373
-0.407745
-2.53731
-0.286678
5.54674
0.498141
-0.921978
12.6027
0.244458
1.0999
1.32622
-0.121832
0.544159
1.78877
0.116354
19.5055
1.00456
5.20147
-2.27249
0.652759
1.40349
0.38255
0.485224
2.49871
-0.765736
-2.33821
-0.278905
-1.28146
-6.94704
0.198666
-0.476459
2.38561
7.09148
0.146251
-0.102865
4.74365
-4.5254
-0.573969
-0.42867
-0.571375
8.70239
0.753841
0.358948
-0.602569
-9.46519
0.636024
-10.2357
0.201789
-0.802014
-10.6361
-2.54405
0.86736
0.0652309
-0.066756
2.46022
3.13456
-0.664111
-1.18716
-4.61223
0.000839408
3.54808
1.01664
0.0787274
3.2526
-6.72497
-1.69787
-1.50897
-0.498032
-0.238945
-0.607977
-0.677594
-0.748119
-0.47314
0.98396
0.948949
0.58274
-0.968915
1.40543
-0.483524
-1.37725
-0.30865
2.16723
-2.01811
-1.48601
-0.192047
2.64921
-0.197148
1.16253
0.218733
-0.960421
-1.53531
0.454161
-2.06781
0.68696
-1.88367
0.869027
0.690982
-1.42605
-0.501758
3.35338
-3.0725
0.757367
0.0541907
-0.0258092
0.172
221.396
2.452
-0.348184
4.07264
-1.05078
-7.66503
1.36109
1.15147
0.232663
-0.234641
0.404033
3.05182
3.17132
5.44326
-0.700758
-0.215106
0.199165
-0.0269891
20.0068
0.853169
-0.269584
2.25444
0.162151
1.34527
0.262831
0.96164
0.205046
-0.202736
-0.249964
10.4255
1409.22
-0.13499
-4.7555
0.0135327
-0.848441
-0.0233153
-0.639956
2.49676
-1.13143
-1.04543
0.901633
0.571556
-0.28787
0.46574
-2.80871
-0.598509
-0.266874
-6.47034
-0.402032
-2.97512
-0.0380451
1.12793
-0.603428
1.96335
-1.80656
0.29789
1.12321
0.833454
1.93518
0.133481
0.315457
-17.8552
-0.118967
1.75519
1.31617
1.47783
1.58316
11.2505
-2.292
-1.02642
-1.91853
0.0375512
0.616944
-0.292741
-0.0515409
0.414243
0.226664
-3.10131
-0.114554
1.59819
-5.01238
1.03093
-6.77074
-0.303144
11.6971
-0.100637
0.19402
3.74465
-3.18183
1.33516
0.727431
-1.50726
-0.218261
1.25208
2.15903
-0.684126
-1.29899
-17.4934
-0.299232
1.05816
2.50471
0.937621
0.850159
1.13911
-0.868592
0.296423
0.191274
1.08727
3.59487
0.442852
0.764529
0.588087
-12.3777
41.3288
0.601262
-0.680956
-1.71065
0.641366
-21.6494
112.046
-1.35512
2.96542
-0.48311
-4.16295
0.655901
-2.11923
5.48742
0.358161
0.662123
-1.68916
0.770281
0.352657
-11.027
-2.20933
-1.21389
-0.436249
-1.579
-0.876786
3.71733
-0.0280265
-0.0902597
0.19864
5.18684
-11.1913
-0.439409
-0.706868
-0.265156
2.02412
-0.154367
-0.776672
-0.0507851
0.937763
-0.464541
-0.567591
-0.983215
0.0364971
0.983813
-1.0932
-0.82766
-3.47555
-0.663907
-0.468757
-0.394979
0.867713
-0.683684
0.561162
0.136533
-0.0420759
0.139215
0.209705
0.610399
-0.972182
0.0845301
-1.13386
-1.02573
0.414248
-1.11197
-1.38477
-4.0169
3.28519
2.36221
55.6629
-0.105375
0.101311
1.4037
-0.116706
6.05541
-0.189855
-0.739037
0.406407
670.532
-0.0211993
-0.0776938
-0.29388
-13.8663
-22.3642
0.148326
0.346172
0.481793
1.48176
-1.74417
1.25977
0.382583
2.26489
0.454424
-1.31502
4.47714
92.6966
2.25035
-1.14226
0.576386
-1.00799
-2.43155
-0.819028
-1.11005
0.156856
14.0215
-15.6379
-4.03593
2.33791
0.13474
4.60074
-2.05369
25.6198
0.490391
17.7829
-0.250884
-0.265531
-0.562681
-1.20075
1.55391
-1.17337
-2.39792
1.05946
0.0634996
1.03072
-8.54003
2.68025
0.241735
1.16724
-0.351654
7.28492
0.568078
0.462766
-139.531
-2.37146
-0.120408
0.225337
1.2861
-1.47666
-0.615555
0.678918
-6.42064
-2.4109
0.677134
-0.174983
-0.36672
-1.84013
-5.66462
-0.200572
0.151966
12.2967
4.41385
-0.00379295
2.37409
-0.517748
-15.2655
-4.14965
-1.96916
-2.02678
-0.926711
0.850644
-0.762779
2.30874
-7.60657
-0.0272541
-1.32301
0.0587293
-0.884766
-0.725026
1.30284
-0.56623
-0.263804
1.91651
-1.87667
-0.636256
-1.31408
27.6292
0.242157
-0.190129
2.55646
1.02934
0.572458
-3.02421
0.0167058
74.4582
1.15353
-1.68842
46.1514
0.88795
-1.90359
-3.86195
4.39147
0.137375
0.343579
-1.06367
-5.96711
-1.28275
-0.0852537
1.38864
0.490474
-1.36348
-0.568125
-0.16489
-1.92536
4.74607
12.3892
-1.57791
-1.60158
1.32539
1.47334
-1.29332
-0.356326
103.423
10.1696
-0.035519
0.999474
-0.400722
-2.6597
0.0277032
-0.129241
-0.951782
0.555631
1.43296
2.64276
-0.268357
1.67658
4.25387
1.44457
-2.16907
-6.33985
1.8348
-0.830725
1.72513
0.673443
-0.880066
-0.216427
-2.13633
13.0808
2.55135
6.5053
-1.96453
-5.10329
0.434006
5.55357
0.441124
0.1444
2.29489
-0.176703
-0.593437
0.269415
-0.26117
-17.2014
0.316907
-0.101899
-0.584937
-0.0929132
-0.594621
0.119995
-2.4122
0.362391
-2.12815
-0.00109467
-30.6722
1.30684
0.708421
-2.81269
-2.23254
-0.559407
0.286574
-1.78895
0.483977
-0.480973
1.1508
0.0435386
71.0605
-0.443515
924.111
-2.09173
-0.52689
1.00491
-0.858185
-1.45303
-10.9319
1.40005
1.03688
-0.349025
0.0131792
2.20959
-2.13873
0.78735
-4.89767
-3.81135
1.73747
1.8833
42.1356
-0.47095
0.293342
2.53764
-0.0579028
-1.23214
-4.64595
1.64151
1.75829
8.00825
-0.385869
0.407339
0.0603653
1.81802
-0.0909683
1.92726
-1.13824
3.57856
-2.61246
0.583533
-7.73814
6.52111
-0.55312
-1.29807
-13.8038
-7.47289
-0.306732
1.16164
0.484955
-7.69485
-0.202034
-7.0606
-0.299088
0.944792
-0.0773158
-0.665597
-3.58892
1.37358
-2.40526
2.83072
0.501854
10.1002
0.126243
-0.372109
0.238518
-8.20275
0.977165
0.390472
-1.36283
2.07352
14.464
-0.666753
-0.256934
0.37927
14.9777
0.506387
0.0730169
2.51067
12.2773
-0.56422
-14.7688
-1.63136
-0.982269
1.50057
-0.950865
0.720831
1.798
0.717568
10.2794
-0.574432
0.210315
1.95434
-0.549932
1.2585
0.884701
1.60098
-0.407608
0.204545
-0.825524
0.446999
1.31505
0.661919
6.18605
-0.675985
-0.80354
-0.0694418
0.446929
0.027364
0.886655
-0.302334
-0.611942
0.578389
-2.07163
-0.0917645
1.32221
1.09955
-1.42323
1.62425
0.242529
-1.13937
-43.0948
0.989012
-0.648976
-0.898743
-6.09061
-1.22459
0.815889
0.548455
-2.73175
0.470515
1.87579
-0.0311577
-1.50214
-3.8782
1.86555
0.0198914
29.5627
1.41994
1.20287
1.6544
0.671709
-1.27468
0.604013
2.04102
-1.22124
-0.232233
0.092318
3.34481
0.339149
1.04101
-0.408834
2.57975
-1.04637
1.7503
0.649856
2.89853
-1.45499
-0.637377
-1.99064
-1.05443
0.0284245
-3.7557
-1.22629
-1.12946
-0.553179
0.288079
8.87742
0.465749
-0.31273
-22.88
-0.0748335
-1.84766
-6.46678
33.0259
1.6586
0.708904
-2.08275
-8.39463
-0.871211
-0.129583
0.0396333
1.38272
0.383007
-0.962824
2.57062
-0.132245
23.4225
-0.50821
-0.358129
2.98931
-0.273029
0.457289
2.15561
0.152938
-19.0079
-1.27882
-0.254866
1.64278
2.44065
-8.131
-0.374819
1.14195
-0.61281
4.21828
-0.180699
-1.03554
1.48753
-0.800266
2.17268
0.146637
-1.42264
-34.229
-0.651233
5.97682
1.06114
-0.415295
45.8503
1.25802
0.25796
-0.335025
-11.3084
0.540173
1.22108
8.44921
-0.0311985
-6.45034
0.512117
1.38845
0.253868
0.184808
-1.52022
1.26477
-0.148639
0.349155
-0.722725
2.25697
3.63544
-2.30821
-1.07374
-0.64037
0.681198
14.9575
-0.0529701
-22.9292
-0.606283
-0.795494
-0.901789
-0.155831
3.02391
0.14186
-0.960576
1.36766
-0.59646
-118.908
1.06023
3.96295
0.514789
0.976005
-0.273195
3.9802
-14.1852
0.720525
-0.604601
-0.588279
0.489542
-5.34123
-0.0864137
0.183776
-0.236806
-0.146785
-0.176164
-2.73283
0.184411
-0.173642
0.37713
0.410677
-2.15584
1.59534
-25.754
0.356384
-0.933347
-0.745328
-11.6401
1.12591
-11.1258
-0.0769695
0.980592
0.139381
2.91181
-20.8705
0.807259
-0.264858
-0.256093
-1.43358
-0.461312
0.206351
0.271438
-0.566369
0.340387
-11.7914
-0.203737
1.52657
-0.397144
-0.623948
-1.19144
-1.22479
-0.835016
2.01501
1.5504
0.660552
-1.2809
0.226897
2.27054
0.937889
-0.749642
295.693
0.363864
2.02813
4.16523
-2.00089
2.15192
1.24349
-0.230787
-0.890765
0.424405
1.47282
1.22394
-0.427952
0.896437
0.0215423
0.4708
-0.137763
0.14582
3.18667
-0.945739
-0.360647
-0.286378
0.259838
3.9905
-3.89774
3.46193
0.987574
1.92451
-0.718837
-2.83322
-8.23962
-0.315392
-0.832538
-2.63665
2.86856
-0.29142
0.00419636
0.0972225
-2.01483
-0.388876
0.441537
0.876689
1.57362
-0.651366
0.399776
1.81767
-1.27347
-4.49104
9.46619
-1.22743
4.68703
9.91393
0.63826
3.7999
-0.144571
4.64921
2.63511
-0.878216
0.417742
0.39078
0.37813
-2.04278
-1.74301
0.210483
0.723926
0.0404886
0.798348
0.564764
-1.32005
3.45138
-1.02964
37.8666
0.8714
-0.322148
0.272487
1.03745
0.454384
0.294849
3.0168
-1.5721
-0.0410281
0.189297
-1.07064
-1.14072
-0.512213
0.468707
1.30117
-0.147512
-1.17226
0.769918
-3.32136
-0.392008
0.957411
1.25645
-0.834123
-1.45743
-0.188538
0.530084
1.89854
-1.75806
-0.807275
-1.66732
-0.212473
-48.5446
0.164203
0.310626
-8.26786
1.19578
-2.74811
-0.164903
0.249663
-1.49107
0.798677
-1.50924
-27.407
0.0730955
3.27748
0.188914
0.997426
1.67887
5.75722
-0.11931
2.64962
-2.84541
2.18276
-6.83526
-2.71232
0.238385
-1.98623
1.30592
3.36604
-0.580393
12.887
-1.10218
0.752472
-0.3178
-0.224474
0.152708
-4.70263
1.23155
0.00277294
0.652351
-2.75296
-0.975397
-1.87165
-2.03049
-1.53932
1.14126
-0.00753862
0.626739
0.448457
0.662102
0.408092
-0.0525535
3.24965
-0.508011
0.286356
-0.300154
-0.326961
17.7276
2.92579
0.548357
6.56703
0.796576
1.02627
1.28448
-0.312205
-0.324338
-0.298355
-3.16815
1.26729
0.901399
2.1627
0.388128
-32.5453
-0.387043
-0.948589
3.78045
-0.110338
1.14102
3.11358
2.69963
0.382591
0.495579
1.00848
0.158971
1.64407
-1.26334
-0.260676
1.14676
-0.672923
-2.59773
0.864638
-2.1323
-0.188472
-0.241703
0.148097
1.15774
-1.39664
0.410754
-0.0757879
-0.578727
0.864572
-35.369
-1.80577
-7.94477
1.12591
-1.35541
0.403724
-0.0532192
0.0885492
-0.339059
-1.18269
1.27214
-1.18005
0.599923
-0.973091
-1.40854
-3.28433
1.6933
-1.96132
-2.67538
4.18866
9.22842
1.34765
-0.04007
2.62078
1.93552
-1.73498
-0.801076
-0.562564
-0.377777
0.431452
0.19369
2.98525
-0.929241
-8.00049
1.74793
0.809073
0.436016
-0.706957
-0.118375
-0.561408
0.149002
-0.650874
-0.131407
0.344335
-7.20925
-0.533748
-0.120245
-0.603132
-0.493993
-1.00603
1.61837
0.786649
-11.1246
-3.71303
-2.28187
-2.5687
0.312945
7.24822
6.2053
-1.61923
-3.00183
1.10703
0.283502
1.12822
-0.809658
-7.19117
1.36459
-0.355563
-0.25458
-1.343
-0.608801
0.43224
2.22474
3.0896
-1.78965
0.222741
11.9248
0.766054
-0.117731
-2.64886
-0.159021
-1.51855
0.991086
-6.40774
4.70517
0.71552
-7.19595
-1.09022
0.84648
0.489825
0.8446
13.3363
2.05786
-0.265648
-0.598836
-2.01474
2.51186
-0.666372
0.525552
-0.18899
0.287474
0.113688
0.601646
0.144931
-1.35586
-0.324653
-65.9633
-0.342731
1.90461
-8.6308
1.23229
-1.25133
-0.730944
0.860201
4.3196
1.04372
-0.220191
1.13747
0.631039
-1.74473
-1.37881
-0.285405
-1.9381
13.5073
-4.33828
-0.641187
0.878361
4.97695
1.0026
0.867344
-0.962668
-7.23284
0.887394
-0.35771
0.256914
-0.312193
1.89641
-0.0303255
0.109288
-0.274605
-3.11463
2.60837
0.661795
-1.99848
-2.78518
-1.46179
-13.2867
0.536632
1.16803
4.64704
-0.0483288
2.90783
0.4821
-1.78416
-4.91542
0.948035
-0.544805
1.50032
-16.7945
1.58177
-0.389111
0.0682787
135.262
2.0924
-1.25772
-0.408309
-12.0289
0.420843
0.0191243
-0.495919
-0.779886
-0.409466
0.878526
2.18112
-2.02448
-1.44092
-2.21966
0.584255
-0.15643
-1.87504
-0.0597295
-0.410415
16.9231
-0.522146
-0.687511
-15.8404
0.821708
1.21542
-0.434817
-3.35898
-0.875614
1.57505
5.38484
-0.491871
-0.296996
-0.0366277
-0.965941
-0.497335
-0.399151
1.54569
-5.21097
0.498366
-0.792653
0.229863
-0.194297
-1.51847
0.725307
1.20891
-1.3898
-1.44892
-1.44747
1.99592
-0.0778678
0.0104126
-0.276389
3.25702
-0.5729
-16.4949
-0.344776
-0.182554
-5.03402
-0.86555
-0.755443
1.10274
-1.52588
1.84281
6.01287
-0.0639122
2.66368
-1.02419
7.34019
14.5471
-6.14866
-1.53539
-0.116335
0.962759
-0.300119
0.0750378
-2.54435
-0.835718
0.887474
2.54592
-0.621838
-1.76723
0.388644
-1.79613
12.2803
0.266596
-1.00738
-16.96
-0.254363
-3.90549
0.950817
-0.68283
1.78512
0.554324
-0.4442
0.158441
92.8818
1.74229
1.28186
6.51507
0.553156
2.64444
5.98197
-0.634773
-5.76974
1.08866
0.731672
-1.19443
3.21979
-1.48623
-0.681231
-9.13449
-1.23516
19.4013
0.379374
-0.113188
0.28591
1.87593
0.883924
1.58171
0.557885
-0.0269807
-0.0134398
0.94539
-2.52544
5.96837
-1.74729
-0.155372
-7.66265
-6.25116
-9.80807
-0.622331
0.616829
0.339801
-1.84172
-5.43844
4.14931
-3.78163
-0.656081
1.73605
0.307503
0.873206
0.770139
-1.4032
-0.136183
-0.493464
-0.669065
-1.41694
-0.807242
-4.34533
0.431845
0.00509914
-0.189758
0.452821
0.547278
-0.837912
0.624446
0.561436
0.350451
1.77251
-5.87576
0.668206
0.603762
-1.02274
-1.04436
-1.79017
1.47951
2.07054
1.78535
7.55698
1.89991
-210.949
3.28429
1.58098
-0.132372
-1.63551
-0.194671
-1.70773
-0.441527
1.4314
-2.60908
0.662212
-1.01563
7.21132
3.31689
0.380852
-0.216826
-1.20776
0.101084
0.0200199
-53.4141
0.704553
-4.68241
-0.156102
-0.990577
1.3934
0.00409398
-0.470543
-0.830759
-1.876
0.615481
-0.146459
1.35234
0.587616
0.629116
-0.0777361
3.31365
-16.4454
0.579993
2.903
-0.66481
25.8408
0.619668
3.36119
2.32091
0.504312
2.0789
5.62341
0.41045
0.795567
0.630696
1.32142
3.27626
0.158749
5.94548
1.39973
-1.72814
0.0254328
-0.324329
0.935143
-0.0726033
0.353177
0.33902
-1.29809
0.0687622
0.43489
0.53543
0.241527
1.3531
10.8415
1.00628
-0.637283
63.4905
1.83511
-1.82272
-1.64105
0.208547
0.251525
49.4627
-4.35994
0.118809
1.87871
3.01634
-0.651359
-9.44084
1.03403
-0.478526
-3.21627
4.75223
0.533343
0.646946
0.702206
3.16816
-12.9745
-1.59061
23.7366
1.29924
-0.271577
-4.01882
-5.58051
-0.520535
-0.470496
-3.40361
-0.622865
-0.335101
0.41162
-30.7238
-1.37866
-1.12836
-0.144523
0.432063
-1.38142
16.8684
0.199926
2.54997
-3.23059
-0.942584
-0.958492
4.13004
-1.12377
-0.618856
0.861708
5.14241
0.916127
-0.166701
-10.5165
-0.323224
37.4994
-159.647
0.0325838
-3.41403
-0.0411861
1.76956
-0.0805485
-0.910205
0.583849
1.94686
-3.48616
-2.21487
0.670789
3.29932
-3.84553
1.88057
-0.48426
-0.274408
-0.153632
0.644569
-8.22716
0.201704
1.48429
0.283209
1.78767
-0.371713
2.91103
0.871923
2.98574
7.37969
-0.221665
0.802131
8.60148
-23.5135
3.63851
28.8384
-6.76397
0.74764
-0.386316
-2.86345
1.59809
0.378289
-0.314158
0.66079
0.682013
-0.549191
7.16367
-4.04699
1.03629
-1.13396
-0.622409
-0.0365855
-0.0338369
-27.4264
0.582892
-1.83141
12.7237
-0.469841
0.397854
1.16856
-0.749209
0.171745
-0.781176
7.48906
-7.59484
0.389995
-9.20356
-0.906468
3.21222
-1.88242
0.834936
-0.0566288
1.31325
2.26507
0.546445
-0.273999
0.374086
1.51334
-4.05242
-1.6756
-0.252636
-1.79171
0.531556
0.768516
0.635998
0.936686
0.775431
-4.78408
-0.457382
-0.139573
-0.615968
-1.13493
1.79158
0.807383
0.799652
-1.04774
-0.299675
0.493004
3.48843
-0.0342435
31.4163
-0.882282
-0.181506
1.04072
83.8398
-7.581
9.85894
0.31734
2.45193
-1.15772
8.35169
2.15685
-3.45615
1.74065
2.24355
-0.377034
-3.78905
5.54824
-5.50877
-0.753852
-2.25491
0.102037
-1.98137
-39.5198
-4.02435
-2.68898
-0.459046
1.36671
0.695388
0.717603
1.25568
325.736
-1.65709
0.412312
0.0710962
8.55555
-2.09218
0.236043
-2.16037
0.0912902
-1.26146
-0.210672
2.47925
0.766247
-0.379742
-0.20646
-0.261729
4.15047
0.512666
2.47601
-2.30547
0.0950067
-3.15927
0.508666
1.44683
-1.46748
-1.24368
-1.35429
0.488762
1.00985
-1.65951
0.0621143
-441.545
-0.249975
1.69274
-0.255566
0.43021
0.558952
-2.04002
-14.1374
5.51792
0.277019
0.422683
1.92223
-0.818332
-0.0867716
-0.9137
0.0983883
1.08942
-1.98174
12.3953
2.21132
-1.62803
-0.0356069
0.170956
0.0220983
0.057551
0.00125932
-0.97078
0.25648
0.500468
1.91421
0.810443
320.161
-1.10105
-38.4878
1.56196
-2.55838
1.03048
-0.00584075
-5.21001
0.232349
11.3404
2.21752
41.8344
-0.77029
-0.0881878
5.5839
0.965801
-42.6442
-2.45644
0.573326
-0.644757
-0.695959
-1.00352
-0.172705
0.329263
1.07949
-13.6061
1.94781
-0.729514
-3.37255
1.12768
-2.4427
0.0948972
1.40352
-4.05778
1.27298
1.87434
0.269628
1.42222
-0.159717
-7.92678
3.99861
-4.57558
-0.372021
-0.713583
-2.6257
-0.152101
-1.32449
2.82094
-2.03903
-2.99096
0.199355
0.208844
0.766532
0.580151
7.9865
23.9667
-1.09629
0.702224
6.36777
-67.4371
0.735211
-5.41116
0.0976405
0.532767
0.489132
4.81001
0.15455
-1.15404
0.912362
-1.93175
1.18714
-0.658176
0.159529
-0.496352
2.32323
0.22611
0.225924
-126.361
-0.496414
-3.35323
1.69345
-2.0495
-0.265648
-4.89727
0.769282
3.39914
1.33912
-0.0848404
63.5698
0.864188
-40.3459
-1.6417
-2.58244
-0.878437
-0.0353683
-0.961593
-1.52927
-0.835554
0.44192
-4.36686
0.759132
-1.99842
0.571157
-1.38582
-0.424555
1.75162
-3.73521
-0.416948
-0.212781
9.62346
0.507776
0.307128
2.92504
1.51076
0.43598
-0.465602
-2.56562
26.012
-9.68436
0.881829
-0.608511
-0.281407
-0.093951
0.0164641
-1.64171
0.444362
-0.339617
0.575945
0.193952
-1.19814
0.167859
1.64619
0.0369828
0.313215
0.187414
-2.55912
1.146
0.340114
1.02022
-6.1774
2.97971
0.979244
-2.26408
-0.614505
0.302302
4.06322
-3.88495
1.88843
8.88619
-0.824779
-0.396528
0.996046
0.262321
0.0275815
2.09238
-0.0500629
12.9207
-0.63597
-3.78612
-1.20344
0.19004
-0.20215
-0.20968
-1.00728
-1.20566
-1.45427
-1.39872
0.560173
-15.6856
0.387131
-5.40852
0.136089
0.809713
-47.6578
0.567278
11.5031
-1.31433
-0.0286639
-3.3863
-0.826841
0.142713
1.54375
0.630465
1.23203
3.78654
0.652673
0.555271
-0.23002
1.32066
0.463715
-1.31253
2.02362
-0.289921
-0.295615
-0.890325
1.11418
0.472422
3.43639
-0.542911
0.54156
-3.99658
-5.04074
0.645207
2.7186
0.367258
0.303667
-0.231193
-0.482696
1.25941
0.116138
0.898709
-1.03942
-0.0271901
-9.87344
0.346884
1.42
3.44067
-5.68113
-0.698725
0.621472
0.864096
4.35947
0.333854
-0.080595
-1.22762
-14.4141
59.0414
-1.07587
0.0263833
-0.438534
-1.40456
-0.889032
1.18339
-0.670873
-0.179323
-0.473392
4.37379
0.56873
2.23677
-5.25052
-13.4796
0.792682
-0.224149
-0.127285
1.757
14.0182
0.214338
-0.0140745
-5.92107
1.46429
-1.4586
4.68324
-2.69535
-1.69428
0.193042
-2.73073
-11.4286
-0.044343
-0.334321
-2.86035
-1.49934
-2.06848
0.10259
-2.60141
-0.374199
-0.112473
-0.0292799
-0.959754
0.177547
-13.0969
-4.44852
-0.567077
-0.950965
1.15283
2.97071
-10.7773
-3.52532
55.4711
1.27756
1.01338
-2.0381
3.38407
1.36572
0.990563
0.746002
-0.71351
-4.54806
1.78323
0.0758465
0.300732
1.64285
8.2879
2.36712
-6.6733
-0.0154179
-0.228684
0.201419
-0.10136
-4.3247
-0.544821
-2.89583
0.621868
0.358465
-0.758224
0.378084
2.29396
-0.349508
0.203765
-0.617039
1.94282
0.341868
0.82159
0.162363
2.67897
2.29805
-1.78551
0.307841
-0.951463
27.0476
-0.131015
-0.480364
-0.650388
0.905934
-0.0316977
-0.692189
-0.433387
-2.57602
-1.35714
0.656225
1.71475
2.40549
4.05909
-0.527887
0.281678
1.45548
-0.499291
-0.840369
0.724123
-0.739008
-1.26953
-0.857532
-0.610361
5.23095
-0.535023
-0.497141
0.852618
0.517517
-0.0439279
3.60762
0.717358
-1.59633
23.3273
-2.79984
0.948098
-7.87331
1.70303
-280.051
-4.04299
0.0797077
-0.320493
0.194988
4.15017
4.46665
0.305961
2.77749
0.515392
-0.0975793
11.5867
2.77378
-0.0737571
-116.527
0.288584
-0.23405
-0.801261
20.194
-0.138951
-0.395197
1.58107
-1.18661
-1.0978
-0.899304
-0.0925483
0.210554
2.44452
2.68976
-0.576789
-0.699194
-0.597863
8.39945
12.3596
1.72694
-1.69539
0.109636
2.057
-3.21795
0.369759
-1.91259
2.53891
-8.19208
0.532144
-3.24632
0.943453
-2.28973
0.330789
-2.22661
-1.58586
-4.62625
-0.430654
-2.45369
-8.90868
2.39713
-1.26349
5.48961
1.14111
-1.78423
-7.30497
0.164418
0.130714
0.925697
0.634466
4.71114
1.65429
0.953038
-4.44411
7.81094
5.84763
-2.9266
4.55714
0.175879
1.32905
-1.19293
-1.18724
-1.3323
-48.013
-4.50184
-1.66886
0.889104
-10.6093
0.866038
-26.9559
0.098333
1.74712
0.235399
0.941118
2.40316
-18.9738
-14.4957
0.504522
0.264764
0.92682
-38.7475
-0.0445605
-2.17599
-0.174575
1.71399
-0.51355
-4.83373
1.21869
-1.54516
2.50552
26.9164
-11.587
-7.9626
-0.457029
-143.504
-1.02689
1.64672
2.15284
0.539015
2.27565
10.378
0.203747
0.685571
0.0227847
-0.0189345
-9.48754
-0.471913
-0.212474
-2.00321
0.560644
0.209631
-0.0155204
2.94587
-1.4106
0.0902338
0.863946
0.133557
-1.2211
-1.35847
2.03038
-1.06366
-0.0344147
0.123784
-2.09648
-0.585646
-0.129949
0.61919
-1.32886
-1.3205
-0.34958
0.287641
0.444311
0.881167
0.484022
-0.356787
-0.0691513
0.372514
0.893471
0.116677
-0.510218
-0.539227
-1.39361
-0.607123
-1.41637
0.981255
-0.135909
0.179907
0.567663
2.08621
-1.69981
-0.0894361
1.30227
0.437179
-0.0829785
-0.0849502
0.53506
0.746814
0.625073
2.84114
0.199583
-0.686976
-4.60795
0.257003
0.103207
0.0832272
64.2753
0.200948
0.727837
-0.374466
0.239972
0.403673
-1.32169
-41.2075
0.394217
0.655733
16.8764
1.0488
2.00761
-0.217868
-0.682894
0.645332
-0.715985
0.919179
-1.74589
-0.0477015
1.96741
-0.0934113
-0.806009
4.30185
-0.519763
32.7468
3.69995
-0.542705
-3.5624
-1.30979
2.23306
-0.688473
0.781875
0.37681
-2.17174
-0.0587171
-1.18272
3.10178
-0.87369
2.55343
-0.242674
1.97429
-9.09573
-4.16589
-6.22701
3.16411
0.727068
3.53087
0.653879
-19.7933
2.89257
0.344299
-1.25242
-2.41268
-0.398278
1.13994
0.311086
-0.629356
0.361833
1.08573
1.10158
0.872306
-0.703589
-0.000926856
12.9321
0.459157
-0.594364
0.314266
-1.10465
-0.0652498
-4.30665
0.86236
3.0004
-0.163637
-1.36211
0.82928
-0.551307
0.127126
1.00066
-1.36399
0.875165
-0.92342
-1.1754
5.66554
0.554997
0.722074
0.319921
-0.773901
-0.881426
0.788258
-0.320417
0.905767
0.501133
-1.05572
0.462774
-1.05428
-0.598485
-0.00102384
-6.96043
-0.555813
-1.57309
1.32142
0.109739
8.97849
0.131594
-1.64328
5.52167
-0.585854
0.226195
0.0947812
-3.20418
-0.238274
0.318661
0.0715322
-0.705885
0.472226
-0.487118
-2.2174
1.13445
0.181836
-2.42737
-4.61458
6.48883
3.07672
0.0725384
2.10551
12.752
1.62525
-0.133679
1.656
-13.8668
-1.66626
3.9012
2.4475
1.71317
-0.989512
-0.843735
-3.54455
0.428318
0.852304
-0.0160436
11.076
3.4142
1.80271
0.435288
-0.0655463
-0.555608
0.442287
1.00751
-0.608303
12.9731
1.73438
-0.795989
-3.07794
-1.74209
-0.0448697
-0.57179
2.63938
-0.282588
-0.63628
0.0368074
2.08578
1.30094
-0.172961
-20.2048
-0.395332
6.10157
-240.098
-0.263854
0.113329
-1.76222
-0.827706
-0.00561661
0.65623
0.567073
4.27476
1.29283
-0.406241
-0.586634
1.83918
-0.137392
0.492088
1.85335
-1.44692
35.3832
-1.42297
-0.460205
0.808414
40.5453
-279.464
-1.83934
-0.307793
4.88161
-1.50976
0.267993
-0.0596495
-0.733402
-0.47048
6.61761
2.01834
-0.250591
0.775357
6.75449
-2.08053
0.923651
0.0893676
2.35579
7.08779
-2.11015
-0.57968
-0.277323
4.00925
1.00914
0.891541
-6.66317
0.272614
0.308608
-0.286892
-0.836283
0.174109
-3.92427
-0.117297
-2.47285
-0.376162
1.71837
-0.365464
-0.589212
0.925761
0.271428
1.51271
15.0955
-3.526
-0.286619
1.73358
-1.40317
-1.01059
0.601099
-1.21098
1.15942
-1.26008
-0.543303
-13.1379
1.07122
0.279002
1.0022
0.101848
-10.6488
-0.513247
2.0987
0.356542
3.43762
1.07184
-0.119602
-0.730739
8.02612
-0.291311
1.8873
0.091955
0.976796
-7.14589
0.114195
16.4648
4.18657
18.1282
-0.0978913
22.2404
0.0953515
-1.73101
131.442
0.582171
33.5074
6.69911
-1.70711
1.10535
-3.48849
-0.0107759
-1.25035
0.345265
3.76848
-1.70021
0.00426911
0.80566
-1.43698
-0.875165
1.31659
0.0751039
0.280672
2.56135
0.207632
0.166665
-0.0193937
3.14771
0.61721
-0.344885
2.05662
-2.58284
0.76715
0.178547
34.8392
1.10774
11.5764
1.48622
-2.07411
-14.8156
-5.37922
9.27325
0.956819
0.86607
-22.8828
0.641044
0.559478
-0.0768897
-8.60034
-2.49514
0.0567668
2.99832
3.76315
-0.497321
-2.0725
-4.72645
-0.116956
0.176614
-0.189014
2.10771
0.141224
0.720291
-2.54955
0.41745
-2.65058
-0.579385
-0.600701
0.720124
-1.96975
9.33205
-0.246243
-1.43536
0.61241
8.99853
-0.434487
1.38072
-1.10483
-0.0750066
-0.367455
-0.764974
2.3962
-1.31452
-4.16358
-0.515891
-1.65545
-0.221366
-0.230773
2.89443
-0.547712
5.6752
156.115
6.69531
-31.2258
-1.2211
-1.64162
-0.371912
-1.78277
-1.1926
0.484668
0.74756
0.0015218
0.624601
-2.26915
-1.42439
-0.000591264
-0.942618
-1.64557
-0.779478
4.94191
1.13352
5.90104
0.0918227
0.710489
-37.6052
-7.09324
0.217749
0.303539
-5.11705
1.2938
7.22155
-0.680401
-0.0844673
0.151943
-1.16678
0.853039
-0.787486
-2.29337
-1.73913
-1.33942
0.33503
-0.420118
0.92532
5.46621
-3.61015
-1.60353
-0.252328
-0.167032
-2.8513
1.09355
37.0992
0.198608
0.929989
0.67446
0.830953
-2.69994
-31.5923
0.385695
-0.330493
-40.0871
-0.150128
-0.0516872
0.719521
-0.758711
-1.74466
7.00969
-0.68974
0.882185
-0.561234
136.082
0.739186
0.441006
-0.667506
0.322423
3.55591
-0.93392
1.31981
0.0992168
-0.48531
0.00384336
0.0492576
0.264148
0.610959
28.6173
0.140257
-0.180257
-1.30769
0.261937
-4.30179
1.98346
0.183887
-8.85042
8.42653
-0.076291
1.46741
-6.5204
-2.5172
-1.77631
-4.25544
-1.28268
0.933342
0.479504
0.924709
1.54677
-0.901915
0.733533
-0.884621
-0.216452
-1.03648
0.510503
0.633838
-0.410692
0.365751
3.80902
-0.357162
-1.12808
-1.51905
0.758662
1.11151
0.356722
-0.0182355
-0.442405
5.69553
23.5879
-0.481169
0.867643
1.41227
0.798906
-1.39847
2.5661
-0.452342
-0.335927
-0.294534
-0.115975
36.252
1.54216
0.769348
-0.531022
-0.471036
-0.534727
0.355361
2.02639
-4.10008
-1.36752
-0.33638
0.043435
-0.463082
1.31352
0.327333
-6.84685
0.647561
-1.19741
-1.35245
2.45759
-0.955863
0.519452
-4.10939
4.22985
1.3824
2.64389
0.289969
-0.496787
1.26993
0.374835
-1.73695
1.14518
-3.69145
2.10099
-3.12914
1.38182
0.528868
3.57333
-1.60181
0.58505
0.903799
-1.14443
2.60467
0.993099
-0.206806
0.586212
-8.8905
0.785911
-0.885091
0.771596
-3.76683
0.153869
4.91437
-114.442
0.0076765
0.646509
-0.00622599
-1.37074
-0.855198
-1.28583
0.248172
-0.0518543
2.01185
2.61997
-0.311014
0.314697
0.418306
0.348888
1.14198
0.344716
-0.917676
-2.3858
0.137626
0.207816
0.37459
-0.270099
-2.82434
31.8892
0.562877
-0.124269
1.7105
0.491342
-0.211009
-1.29664
-0.234897
1.16745
-1.02776
-1.47686
-0.540634
-0.0978766
-0.504465
-0.265504
0.109319
-0.892375
-1.29521
4.29295
3.74933
-2.06022
-0.454131
0.193727
0.0576795
-0.510177
0.359661
-10.3245
28.8123
4.22918
0.204719
-3.90323
-2.373
-0.624243
-0.113755
0.28848
-4.061
-1.60004
0.200962
-0.391601
1.06877
8.60671
-0.230815
-0.556629
2.84711
-0.705044
-0.951572
-0.738311
-10.0448
-0.435145
0.0193323
-0.499671
4.20944
2.33296
-6.2015
-6.21699
1.11439
1.99155
-0.692552
-1.58595
0.910828
-0.279025
-0.233999
-14.0174
0.509147
0.363485
-0.455889
-1.55446
10.2869
0.304508
0.0282844
-1.86566
-0.126896
-1.28251
16.0094
-0.725363
-0.393031
-0.754103
2.40426
0.497837
-3.49757
11.1189
5.11858
-1.79275
1.14446
27.5535
0.0152494
0.833567
-2.18058
-0.687059
-1.21842
0.15148
3.47098
-0.644322
-0.825694
1.1797
23.5397
1.16344
0.431043
0.206094
-10.7543
-1.81434
3.03904
3.27221
1.05631
-3.31928
5.90783
0.209041
-0.102734
0.661095
0.0210281
4.76994
0.067326
1.73948
1.1636
1.88815
-0.0572306
2.8741
0.613408
-0.0755979
0.0107672
0.0548803
3.55611
-0.195592
-3.62011
5.58419
0.468782
-1.07297
3.19493
5.68646
0.0682326
12.1781
-3.82117
-1.11062
5.16046
1.59735
-1.99652
-0.703075
1.33474
-0.173115
-1.4579
0.322257
1.01649
0.274564
-1.84973
-1.11302
-0.940832
-12.1384
-0.453233
-0.749546
-0.624942
1.53491
-0.598008
-0.36613
-2.99416
0.270817
5.77439
-0.135993
2.75733
-0.398992
0.00741482
-0.465527
-1.32345
-0.209815
-0.184358
0.49382
0.121243
-0.705824
-1.08181
0.961393
0.925886
-9.39726
-2.61005
1.07583
-0.980289
-0.487646
-2.40312
-6.16524
-0.787653
1.62199
0.144124
-2.71714
-0.58121
0.0447752
1.44977
1.95021
0.308648
-1.22951
0.541935
1.05188
-3.06574
0.0801909
0.580138
3.32719
4.0014
1.92287
0.182589
-0.445786
0.201662
-1.6508
5.43316
-0.0248554
-5.63249
0.434848
0.601935
1.1102
-0.614029
1.26343
-1.28743
-20.5861
1.54769
3.94781
-0.149038
-2.08411
0.571392
0.41042
1.83059
-1.90267
0.98287
-3.1278
5.20937
-0.410158
-1.14058
-1.05928
-3.74851
-0.744192
-0.28983
-0.761382
-3.63027
-0.221387
-1.15655
0.851333
19.8362
0.718379
-0.199629
0.418266
0.687606
2.05502
-0.0800944
1.00489
-0.810165
-3.71555
-5.54869
-0.537022
-1.02604
0.023907
4.70179
1.65122
1.5754
0.280909
-0.229464
0.0178727
1.49646
-0.365703
0.722345
1.24412
1.60668
3.48613
0.310678
0.121973
-0.251549
-1.99855
0.360641
0.385708
0.819524
-0.488121
-0.646307
1.89943
-2.10756
-1.17375
1.37072
-4.0089
1.38059
15.6703
-0.324809
6.6344
-1.47517
2.33566
0.378375
-2.69667
-1.06297
0.212811
-0.0226671
-1.52205
-5.22681
-0.461548
-0.447552
-1.83321
0.024152
-0.802614
0.100848
1.08605
0.594737
0.255712
-0.651317
0.323887
-0.833237
15.1859
-1.13158
-0.48574
-6.48559
1.974
-0.901953
-0.866859
-0.429873
2.45094
-2.42771
0.504967
12.5065
-0.226332
3.1092
1.38578
-2.31371
-2.01771
1.06476
-0.926535
-0.406263
-0.629421
2.22029
0.958113
-9.04703
-1.0994
0.321637
-0.0370272
-4.75954
-0.754122
-0.953772
-4.47081
-7.68188
-1.54349
-1.72145
0.891124
0.422528
1.91737
2.46665
-0.655947
-0.341006
-1.14183
1.87137
-0.805829
17.6094
0.609331
-1.67952
2.76974
-0.726292
3.69254
0.0010854
-2.65947
-1.25594
0.898278
-0.540099
0.0365711
2.47754
0.488717
8.5966
0.843932
1.68754
-0.356538
0.24186
-0.0860932
-0.289244
-1.90495
5.53432
1.2336
0.294253
-0.563154
0.803955
0.150536
1.18739
1.01461
0.832436
-0.798431
-0.0197687
4.75954
-2.87145
0.993744
-0.269125
-0.73277
-0.219947
-1.33401
-0.643755
0.0728731
0.210691
1.80816
6.94779
2.82519
-0.767509
-0.638463
-0.0531556
1.37997
0.695833
0.0984254
4.21244
-13.2249
0.218758
0.973541
0.589969
2.01565
2.41357
0.497834
0.728817
0.167278
-0.200487
38.0944
1.94159
0.64669
-0.206807
-2.03539
2.75638
-0.996575
-1.21723
2.41551
10.02
-2.76206
-0.24115
2.83853
-4.5909
4.24895
0.863904
0.111578
0.319512
2.08633
0.00611284
-0.646634
0.669012
-2.079
0.448395
4.41114
-0.652901
-0.921911
-0.863574
0.656995
-0.0600831
-0.312286
3.8371
0.718193
0.13599
0.414347
-0.700787
0.336927
0.276308
-0.494703
-0.0291341
-3.0089
3.36951
-0.104914
1.41822
0.343001
3.79115
195.233
-2.5925
1.52741
189.314
-1.9769
0.621013
-1.89063
-2.96731
-1.02614
0.720402
1.66471
0.359701
-1.28948
-0.522735
-0.871189
-0.0441671
-1.67539
1.62654
-0.271544
-0.841559
0.174951
-0.73157
-2.96154
-0.46556
-0.671423
-0.501166
-1.26061
10.6467
-1.38837
1.99136
-1.03949
0.625603
-10.2359
0.0213245
1.17252
-0.326869
0.437768
-2.29006
-0.466757
6.98659
0.0768528
0.665004
0.695558
-0.477623
-3.54859
0.42619
1.26952
-2.40262
-0.363718
1.25949
-0.564336
6.00738
26.4646
-4.38193
-2.62991
-0.286862
1.83799
-0.278094
0.204985
-0.329362
0.530805
0.386302
0.170112
-1.96956
0.489625
2.57492
-0.321409
0.00613214
-12.3498
0.316965
1.60023
1.2432
0.29257
-0.755185
0.212121
-0.368052
0.0928397
-1.30114
0.720425
3.5672
15.4378
-0.284063
-21.0109
0.263901
0.205441
0.426899
9.86347
-0.181186
8.70248
-0.61263
-1.62123
2.24613
-5.52123
-3.73994
-0.0171461
-0.0577447
1.68657
-1.61065
-0.128201
0.0757159
-0.0491335
-0.519672
-0.300907
0.33862
-0.53629
-0.323376
1.13661
-8.78613
-0.230624
-3.91247
8.05578
0.312287
-2.3981
-7.46121
-0.954271
-1.17349
-1.1337
-1.10881
0.166955
0.590584
0.692697
1.54317
-0.574371
-1.49287
0.504874
0.234332
0.196133
-0.118766
-0.918006
0.109803
-2.58316
-1.555
0.0969859
-8.39475
-1.25673
3.9711
0.88968
-0.0298038
2.21751
1.76511
-0.0886013
-0.465868
0.0210311
-0.470899
-0.771508
-0.883233
0.835626
1.07083
-1.50619
6.24223
-0.440215
0.405247
-2.4183
-0.993821
-1.97469
0.852585
2.45647
0.146192
0.687486
-0.392843
-0.812424
1.69122
1.1675
-2.64912
-0.863063
0.704085
0.535151
-3.45549
-0.270774
-3.76503
-4.92584
-0.339834
-1.27585
-0.28985
1.59878
-3.20656
-0.377963
-1.28606
-1.13488
0.688786
0.387313
1.48367
2.90353
1.23479
4.02587
0.621095
-4.03308
-0.0276516
0.286662
1.14061
1.03616
-0.128833
-0.00657744
-0.173809
-2.96157
1.03908
2.85106
1.70463
-0.38728
12.275
-0.592914
-1.75114
-2.8451
-0.0781965
0.488592
1.4989
0.341815
0.989108
-3.78359
0.119685
1.30486
2.00332
-1.49538
0.445794
-0.687253
-8.11725
-1.36897
-0.330793
-0.319241
6.45556
-0.958464
2.64778
0.45906
2.04166
-5.29412
-0.689608
-0.699794
0.502591
-0.318914
0.673968
-10.2862
5.44225
-2.17523
0.473505
0.338913
-0.962197
-0.60698
-0.944074
0.0376538
0.837627
-0.800598
-0.866243
-0.56018
-4.19618
-0.661925
-0.160167
0.0982562
7.06175
1.46746
-6.92782
0.612983
0.0363585
-1.17591
-0.563233
2.957
-1.10637
0.229636
-1.53415
0.233174
-1.33361
0.636745
0.413696
1.61821
-1.66965
0.294026
1.19757
1.62577
1.46152
-97.5055
-0.718019
39.2515
-0.436263
0.924316
-0.590955
-1.7907
1.33221
-1.2693
0.267563
0.375798
2.31764
-21.1052
-1.85751
-2.43375
0.786734
13.9358
0.766944
-15.1199
3.55575
0.532884
-1.13669
1.09637
3.72441
1.23019
0.406271
56.4422
-0.821928
1.27182
0.607982
8.6993
1.02625
1.13683
69.449
-1.3529
0.127375
1.25909
1.63621
-3.79053
0.366593
0.811594
-0.490628
-0.12425
1.47239
0.255936
-0.89264
-23.7709
-2.80544
-0.201687
-0.245515
-0.923133
0.232163
-1.83212
1.38839
-0.762226
-101.746
0.0544555
5.18575
-6.22935
-0.839973
-0.623134
0.807414
2.11
-2.55452
1.0088
-0.254245
-19.8402
-1.29793
-0.767464
-2.16379
-0.721101
1.22314
2.35065
-0.26356
2.53639
-1.19089
-1.05964
0.0203208
10.9681
2.02699
-0.844306
1.77772
-5.40603
0.13541
-20.9536
0.0693857
-1.21779
0.0333293
-0.715637
2.61048
2.43267
1.67823
-0.546945
-4.86802
-1.65379
-0.362627
-0.71271
-3.41986
-2.83205
-1.76097
0.655627
0.890251
26.0592
0.575253
-0.736364
0.886195
21.7127
0.101352
0.279269
0.719643
-0.852541
10.7923
-0.908275
0.762774
-8.27279
0.528213
1.01149
0.350703
0.198869
2.01613
-0.762134
0.876177
0.565762
1.99814
-0.0335817
-2.29947
-9.4398
1.05498
0.947903
-1.07385
-2.22129
1.18143
-1.62949
0.908574
0.20352
-2.52022
-0.584597
-1.8285
3.72706
0.0543849
-0.580532
16.1836
-3.0258
-0.623621
0.422628
-5.9922
0.401512
0.573204
0.495084
-0.165
1.57142
1.39871
1.22318
1.05654
0.685748
-0.238603
1.11169
-4.45101
-2.16822
0.21955
0.3065
39.0123
52.5696
1.68552
-2.88405
-0.845978
0.745553
1.68051
5.09698
0.793276
3.43441
0.0123215
51.4501
3.79317
0.888623
-0.824665
-0.213503
-0.368555
-1.4284
-0.9742
0.0959221
-0.156948
0.691257
3.7831
2.43061
-0.181847
4.17223
-18.1079
-0.878815
-0.813148
-0.658363
6.29932
-0.413946
-0.242322
-1.642
-0.23069
-0.131963
0.261062
-7.00609
0.284797
-0.329375
-0.268372
0.707555
-0.38633
7.55062
-2.20856
0.829467
-3.77278
-35.8345
-0.52642
2.46211
0.270869
-1.04392
-2.19552
-10.3448
-0.232669
-0.186298
0.990844
-0.10669
-7.8325
1.85943
3.71273
0.165001
0.519526
2.48295
-0.0146665
-1.49824
10.4991
0.00323122
1.59416
0.356027
0.0932274
1.12204
1.44023
-1.07924
-0.174801
7.17527
-0.158086
-10.4347
2.77146
-0.427176
0.646947
2.43086
-0.188301
0.893836
-0.00991998
17.9084
0.158851
-0.60003
0.271825
1.67901
0.826851
0.384045
-0.381272
-0.0632725
-4.04808
-100.752
2.29667
-3.45934
-1.4346
0.305823
0.873174
4.6599
-0.763249
-2.75853
-4.3235
1.39956
-7.98515
4.45054
0.0531133
-2.55332
0.121624
0.660651
0.56304
-0.258399
4.84343
1.41004
0.360218
-0.482914
-0.903803
2.16285
-0.411032
-5.49063
-0.786249
-0.133901
2.66822
-0.64333
-0.00705169
-3.14709
0.391841
-3.59393
-0.757022
-2.16961
7.71054
3.58811
-2.11017
0.0139332
1.55953
-0.432915
-6.27575
-0.722773
14.9805
37.6089
23.3357
0.977406
1.69117
-0.801288
1.21728
0.0643868
0.0314898
-1.38717
0.0921711
0.381994
1.16209
0.614847
-0.0177769
-0.69686
5.10416
-0.808652
-0.0572827
1.65086
1.4809
-1.17359
-2.91776
0.572396
-1.18891
-0.465517
-12.7618
1.60739
-0.100053
-0.404979
-1.45119
0.454907
-2.38593
-1.24189
-0.143939
-0.0574712
-1.86421
3.27276
-2.11816
-1.00644
-0.643379
0.230812
4.35843
-0.159333
-0.00921326
-0.0763236
-0.191647
-0.263144
3.58719
-0.12893
0.013367
0.195013
12.7981
-1.68935
-0.466547
-3.20148
-1.7532
-0.912223
0.284638
-0.787157
-0.749152
1.379
-2.31966
0.779833
-4.86445
2.89266
-0.910005
-0.0537014
0.265578
-4.65513
-7.94473
-0.493525
0.43243
0.176719
1.29433
1.63501
-0.695913
-2.09209
0.870013
0.00598062
0.268737
-2.46322
1.0518
-0.742681
-0.140422
-4.39502
-16.5823
-2.41834
-34.2295
1.10496
-2.50638
1.34281
-3.4337
0.214905
-0.274378
11.9526
-0.368633
0.321284
-0.419883
0.17408
4.51939
-1.46935
-0.479257
0.135138
-1.79753
-0.161142
0.901708
-0.33637
-2.71321
0.76783
5.16667
1.04348
0.616214
0.118369
-1.83111
-3.5064
0.489347
0.0260351
0.543042
1.09926
7.11648
1.94124
-0.137637
-14.8815
-0.130176
-0.66038
-1.03068
-0.308584
-0.465272
-0.886923
0.31471
-0.768761
-1.30437
-1.41601
-0.392412
2.0607
0.518426
-1.4615
0.546099
2.33939
-1.24917
2.05112
-0.245074
1.44603
-0.213231
-1.34603
0.149371
-21.1329
-3.03123
0.0922
5.83774
-7.51582
-0.558115
0.910021
1.5351
-0.797813
1.02614
-0.0922076
-7.44407
1.19688
0.374173
-4.78172
0.118897
0.607149
-0.773793
7.99818
4.64076
-0.679199
-12.5192
23.3597
-1.42189
-2.02735
0.619744
-7.74799
-0.275063
0.119886
-1.53485
0.221159
-3.81091
0.561481
0.156707
1.14142
-1.6254
1.70923
0.125502
61.4735
0.314215
-1.30084
0.472845
0.658977
1.98338
-0.638579
-0.575993
-1.46831
-1.37087
0.690056
23.8541
-0.489391
-4.55671
-1.53679
1.44946
-2.02059
0.261426
0.799146
1.67541
-0.107924
-0.115341
1.62385
3.81304
-1.32188
1.72627
-2.22104
1.07597
0.576872
2.40171
1.92179
0.574549
-0.452427
-2.92349
-2.36421
-0.768787
0.275882
0.186012
1.05416
12.728
0.565425
-0.686767
40.6671
-0.0317007
2.3189
-0.516537
7.31301
1.43365
-2.16511
-248.038
-0.498696
3.419
2.50678
-1.44043
-1.75877
2.40397
-0.187053
0.218711
0.262954
-0.61454
0.930654
-0.0566435
1.19789
12.3597
-0.83129
-1.09704
-0.771583
-1.2225
2.37943
4.64786
1.29025
-0.085631
-4.80366
-0.678448
0.132173
-1.30316
1.66254
0.587847
2.9481
-7.60345
1.88551
-0.476974
-4.36112
1.7589
-1.23978
-0.420741
-1.30249
-2.31182
-0.150052
0.914589
-0.940261
-0.788702
14.7203
-3.13585
0.238831
-4.97765
-2.72749
-3.20626
1.65746
0.906996
1.04576
-0.0525466
4.08406
8.64622
-1.11144
-3.60516
-0.611954
16.1562
-1.61705
0.62807
-0.78429
5.44426
-7.80861
-0.00480843
-0.514356
-2.88522
-4.31378
-0.658512
-1.52719
-1.3516
1.64382
0.464227
-2.86668
0.692625
-0.67358
-0.714431
2.48203
1.55381
-2.35469
0.253042
-0.0466037
-6.24165
0.827985
-2.08615
0.910881
-22.4216
4.24128
-0.521282
-5.48268
0.59982
2.4591
1.00521
-0.615232
1.31132
-4.4685
2.46665
0.430763
1.83116
-19.143
0.274003
-1.15902
0.549042
0.227101
1.45992
1.91166
35.5781
-2.00113
-7.43624
0.349336
-2.63101
-2.0028
2.35856
-1.98951
-125.87
0.410323
1.0854
0.0591552
-0.465828
-0.170335
0.881553
4.10469
-1.85212
2.32769
0.118387
0.430013
-0.182217
0.964608
0.60569
-2.94909
6.11062
0.910969
-7.06108
0.31699
0.898376
0.322417
0.246103
0.373422
-0.562763
-16.5363
0.303759
0.656497
-0.79731
3.90308
4.11428
-2.46435
-0.279346
-1.99047
-0.185
-0.572765
-1.90539
-1.19997
0.285225
-0.537916
0.647027
0.446931
-3.59494
-0.185425
-0.867768
-0.17583
-0.52906
1.04537
-0.224304
-19.2698
-1.35924
1.5047
5.51717
0.561577
1.71257
-2.96991
1.12646
-0.70921
0.289281
3.88697
-0.588227
-1.28655
1.89871
-1.38646
-3.57896
0.211543
0.543846
-0.141949
0.763965
-0.512585
-0.0687543
1.00795
0.362447
-0.642514
0.0992247
-0.183401
-0.267839
-0.194284
0.452885
0.680863
1.51229
0.220276
2.75657
0.559401
0.887541
1.02904
17.2851
-1.04187
-0.867836
-9.97592
-2.51238
-10.165
3.18478
0.300387
-0.917004
-0.0437344
-0.208569
2.08011
-1.07454
-1.26758
1.10124
-2.93382
-0.557077
-0.276893
0.160166
-0.0645461
-0.495927
-1.13366
-1.03017
-0.297032
-16.3759
0.823728
0.86061
0.616637
-0.936362
-2.3672
-3.11034
9.9422
-2.8806
-0.355965
0.851509
1.23581
3.2646
1.6382
-7.73302
8.09186
0.382853
-15.4143
0.915772
-1.91578
-2.2362
-1.05631
-0.910153
-0.314704
-0.442066
-0.956154
2.30373
-0.364343
-1.29038
-0.16771
-2.9814
-1.53679
0.321851
-1.04115
0.285443
0.65948
-2.85954
-1.36019
-0.962371
1.57502
-0.692186
-6.04981
0.836727
0.582071
0.0988186
0.0645368
0.552197
0.958551
-0.343628
-1.99985
-10.4224
0.0696933
-12.5729
-2.51366
0.383179
-1.14147
0.312361
0.847422
0.282228
4.60245
-0.565921
0.163679
-0.695819
0.708394
-0.18365
-0.361751
-0.144504
-0.556704
-0.0140387
0.353072
-0.856876
-9.99299
-0.992594
-2.4394
-0.767342
-0.359232
1.1015
-1.22937
1.45277
1.74268
-0.592865
0.616852
0.480442
-3.48895
0.967768
-0.271696
-0.0450057
-13.1418
-1.90808
0.525385
0.523789
-3.29227
0.0516618
-1.0649
-0.328798
-2.21243
-0.444671
-0.231735
12.6379
4.37431
0.852041
-0.286698
1.01412
1.16255
3.44894
0.55643
-0.0441226
-0.307763
4.84138
0.0688278
0.581301
-1.1152
0.0780425
1.44153
-0.547237
-0.0344374
0.0570764
-2.60339
-3.6005
-8.88238
-1.14098
-1.49296
0.348544
-10.7189
0.416525
0.0522495
0.560337
-0.639608
-1.67192
-0.119448
-0.00382202
-0.712429
0.336597
0.103713
-0.049883
-0.433595
-0.0107107
-1.7054
2.07958
-1.90812
-0.392361
-0.662888
-0.599987
-0.346695
0.104904
1.76943
-2.36481
0.554677
-11.4432
-0.0716093
15.398
0.419378
0.886166
0.689294
0.391483
0.829888
0.942092
-0.281576
2.7676
-0.847045
-0.676494
-0.339366
-0.705237
0.705326
-6.45143
-1.7689
-2.11861
-0.122229
0.302028
-0.29096
1.5602
-0.360467
14.0752
0.566306
-0.692642
-0.774876
-0.392173
0.429893
0.565183
12.0952
-0.746481
-1.00484
-0.390776
0.144372
0.465038
0.775837
3.88166
-1.23381
1.59931
-0.498148
-0.290319
-8.11396
-21.9763
-1.74031
9.14283
-0.33551
-59.9651
-4.27345
6.71995
0.451557
-0.0641363
0.982618
2.64189
0.289179
0.857876
3.14698
1.74538
-1.52175
0.110269
2.30717
-0.609957
0.671444
-0.365946
-0.641695
15.3532
-1.80645
-6.09976
4.83204
0.348242
-0.106617
9.95117
-1.67452
-0.403706
0.488618
2.04706
-0.965751
1.92636
-0.931883
0.641978
1.55634
-0.29025
0.0297443
0.515788
-243.747
1.36232
-0.166036
-0.269656
1.68456
2.77844
-2.62461
1.53661
-3.75789
2.86613
1.05449
5.08447
0.921645
-0.97797
0.512298
4.6858
-1.31043
1.75109
0.870669
-1.09628
1.17127
-0.657132
-0.505702
1.05757
-0.0726449
0.946732
-6.63711
-2.73347
1.97875
7.54145
-0.810171
0.122778
1.74476
0.11613
-0.126768
-0.466125
-3.72219
-90.1197
-3.48881
-0.940116
-0.225147
2.36572
9.2075
-0.0313188
-1.88257
-0.682338
-1.84791
0.150687
0.110403
-0.353117
0.235848
-9.5698
-0.138103
3.55765
-5.15991
-0.125156
-10.7414
0.409791
0.320574
-9.74646
0.0771673
0.782239
0.964131
-0.269868
0.538435
-1.35114
0.296131
-1.39293
0.504496
1.46091
20.7444
3.76388
-0.842936
-0.151073
-0.363272
0.568195
0.516794
-1.2434
3.23353
0.313795
-2.19148
0.529915
-0.0851376
-3.60329
2.01838
-3.36491
7.70004
-0.302595
1.69941
0.178478
2.03515
-3.65203
83.9335
-1.68917
0.934715
0.0301042
-5.23543
1.36122
-9.93828
1.08793
0.052237
-0.477061
-1.63289
0.352106
0.128998
-3.4791
-1.25796
-2.07608
8.06617
1.97735
-0.897193
-6.57258
0.0257961
4.5131
9.29471
10.0745
0.192592
-0.637013
-0.480363
-2.99726
-2.53104
0.789257
0.738293
-0.57784
-10.2089
5.85877
-2.90041
-0.727993
1.10712
2.53288
-9.48819
-8.97827
-0.0177893
-1.44211
1.95606
0.365583
1.38146
0.883305
2.36459
-0.086408
-3.08855
-0.945857
1.5082
0.548566
0.0523279
-1.61538
-0.252756
-1.31151
-0.381797
-1.53443
1.0349
3.24192
-0.565993
0.133829
0.559945
-2.93431
0.738173
-0.0134095
-5.0075
-17.3668
-2.79832
-3.08189
1.80202
-1.97817
-1.79975
-1.65973
-5.68638
-0.675434
-1.47385
0.576372
0.0806121
0.689492
-0.344516
0.0296208
-0.727661
-1.3674
0.0324603
-2.83647
-0.395071
7.421
-1.00485
-1.14752
-2.86755
-0.949398
-0.881998
-4.88314
-0.290729
-1.95018
36.2727
2.1409
-4.8546
-0.543353
-9.22991
0.410715
0.690326
-0.0616115
12.7606
-5.0742
-0.173532
1.17122
-5.36285
-18.0125
2.40094
1.18839
3.16338
-4.49655
0.426697
-0.441646
-0.131092
0.65941
-0.0409749
-1.03093
1.03607
-7.77273
-0.725203
-0.396697
-0.0394172
-0.74991
-2.25994
-2.33421
-0.805383
-0.261333
-2.66159
-0.837575
0.403329
-0.189333
5.11085
1.38755
0.0754436
2.42675
0.930265
-0.770529
-0.288461
2.00693
-0.665332
3.32377
-1.09395
0.640061
1.1212
-0.351065
-2.72811
23.6002
-81.7816
1.24213
-0.400796
0.337685
1.96665
-0.373351
-11.1527
1.46888
0.851568
-0.319071
1.13315
0.460667
0.121016
-0.986073
-2.196
0.141192
-1.32922
0.0117177
4.48673
16.2487
2.82844
1.81457
-2.7331
5.38451
-0.273255
0.156437
1.20912
0.976552
0.447729
-0.501695
-1.504
-0.132392
3.60842
-0.469736
-0.627394
3.05541
1.36221
2.27916
-0.403125
-0.210194
1.52941
-1.8157
0.900995
1.84476
-1.19384
-0.38461
0.305355
-30.1972
0.61013
2.95985
-0.32449
7.18427
17.4834
0.0533007
2.39203
-2.15025
1.03303
-0.436094
-0.656802
-1.20429
4.34481
-1.72834
0.234833
0.17317
0.35393
1.25818
-20.4543
1.16684
1.64735
3.4287
0.782758
-4.36459
0.460517
2.21495
1.00017
21.5741
-0.696215
7.61979
2.19337
5.55304
-0.201496
0.220076
4.06856
-1.26952
1.35659
3.09693
-25.7024
-0.319509
-4.58062
6.83506
-10.2285
-20.5905
5.39122
-0.727099
0.212846
1.04259
-1.81885
-0.227296
-0.897255
-5.04662
0.253341
0.160523
-0.282301
0.560557
0.847982
-38.4985
1.17925
-0.225168
-0.525009
-2.951
-0.836864
-0.655664
4.77867
1.68413
-2.52848
-0.446212
-2.02601
-0.4629
12.4743
-0.18629
0.966003
-0.464848
5.73978
3.29672
-0.640404
-2.01492
-2.49447
12.0462
-1.53384
-0.706736
-5.6178
8.37309
-1.38299
0.719946
2.21973
-0.854266
-0.159238
-1.40853
-2.12971
0.900712
4.29186
0.502488
1.20346
0.655746
-0.0376372
-1.29399
-1.08729
-0.413577
2.19921
-0.618751
0.487458
-61.8564
0.541854
-0.0361032
0.802253
6.27304
1.20326
-2.43741
-2.31981
-0.59678
-0.816804
0.964251
15.2978
0.623427
-4.25422
-0.0553855
0.0621266
-0.593543
-0.313959
0.168956
-0.227291
-0.16384
0.979195
-1.55066
0.264025
1.35271
3.47603
-7.69162
-0.768436
-0.231269
0.151996
-0.12181
-0.25976
1.30843
-0.57005
-0.95678
2.00925
-0.296049
1.41936
-0.152239
0.842951
-0.605172
-4.15884
0.446826
-0.529281
-0.676198
1.2692
-5.99133
-1.1345
7.36625
0.308763
-0.183799
-0.835722
3.99565
-1.91345
-0.654431
-0.458573
-4.44273
-1.30903
-2.94128
-0.449433
0.304416
25.6085
2.00569
-5.27629
-99.2109
-0.142034
0.408699
-0.570889
-1.53763
-0.811858
0.440894
0.316117
-0.307625
1.58053
-1.22926
3.66462
-18.4339
-0.753089
1.6603
2.24187
-0.0355551
0.0174435
0.0320171
-5.66911
-2.78579
-1.98746
-2.39749
11.2219
7.96352
-0.468111
-0.536245
-6.96643
-1.11306
-0.656173
-4.49002
-0.659844
0.0660033
0.67679
-0.300176
0.365834
1.03364
-2.61882
0.399704
-0.463642
2.24538
0.377374
-0.0729808
-0.750539
-0.270759
-0.762911
-1.54265
-1.36117
-3.96378
8.45302
-6.10404
-0.178967
-0.345774
1.93581
1.42782
0.573061
-1.27591
-1.37042
0.528605
-26.7386
-1.86886
2.19676
-1.22794
-0.650261
0.857552
2.41798
5.15191
-19.3307
0.435422
1.26823
0.717383
3.41569
-1.40268
-1.52859
-3.96442
11.5742
-0.951645
1.51452
0.291289
-4.52982
-0.125564
2.14857
0.689394
4.11735
-0.285512
-0.300149
0.00965707
2.30259
35.3974
-0.453127
0.971576
1.19926
0.166158
0.927557
3.8117
1.0303
5.37398
0.0806695
0.0965905
0.228045
-0.72576
2.78751
-10.5358
1.50575
1.08846
-0.942106
2.84391
-56.8346
-0.493644
-11.8712
-1.41835
1.33852
1.74416
0.80955
-0.351109
-1.84988
2.71252
-0.318529
-0.473787
-0.135538
3.14508
-0.555659
-5.22921
0.252949
0.574269
-3.35314
-1.06216
1.54931
0.0530086
0.616594
1.09407
-1.45011
0.730096
0.387679
4.49878
0.975401
2.95037
0.114206
-3.96551
-0.479456
1.05602
-1.04649
1.9337
3.34951
2.79778
-6.13694
1.16411
-0.920976
-0.0641998
0.617147
0.931823
0.178534
2.61131
0.281306
1.21377
-0.327367
-1.08508
-2.42724
0.232254
3.46379
0.118123
-4.82818
0.332246
-0.767092
-1.49061
-1.26778
1.50194
3.90923
-0.496875
-1.18241
0.986916
2.57826
-1.27075
-2.08156
0.230405
-2.78889
8.50501
0.40378
1.08666
58.1795
0.421748
0.496371
0.543009
2.48594
36.9357
1.1277
2.89288
-1.75605
0.712955
1.18843
-0.177033
-1.99933
-1.67441
0.525042
-0.649889
1.22216
-20.1337
-0.397703
1.86061
0.176892
-1.6967
-1.61874
-1.47714
7.03935
1.83729
-1.316
-0.0511728
0.118908
-0.662122
-0.06451
0.179919
1.55488
-0.290508
-4.41493
-0.296381
0.224177
-5.09533
-8.5612
-0.582293
-4.50833
-2.45226
-1.92501
-0.776839
0.379678
0.501904
-0.0659223
-1.05963
-0.0851858
-0.623158
0.537396
-0.820521
-0.441648
2.65815
0.374833
0.593362
1.03635
-2.60155
-0.467997
-1.90028
-0.798492
0.183267
2.2167
3.33385
2.6666
-0.272553
-0.860757
-0.429967
0.292342
-0.949498
-0.237043
-1.56815
-5.49183
6.25497
0.448378
-1.82346
-0.285419
2.2972
1.85125
-0.552482
2.3904
0.423571
1.00394
0.07907
-3.92744
-1.80537
-0.232212
1.43087
-1.40861
-4.51827
1.66986
-0.264616
-1.3417
-1.28198
5.66655
0.879566
3.3907
0.36157
1.77965
-9.67908
0.354578
0.00594416
-0.611309
7.75622
-0.156023
-0.199881
0.85269
-0.411178
-0.142501
0.523011
1.77624
0.322196
-0.36797
1.72349
1.66282
1.87494
7.62319
1.14582
-4.7075
-0.00671043
0.00328311
1.08574
-1.38893
0.412805
12.0837
-0.402374
-0.413494
-11.9207
4.34958
-1.16798
0.993254
-1.42544
-0.234889
1.23222
-8.2293
10.9077
0.86894
3.14065
0.293851
-2.25925
-4.35
0.367075
-1.30577
-1.0564
3.36946
0.903292
1.14772
1.47973
-0.410515
24.3892
-15.47
-0.169689
-0.22304
-11.7237
0.738152
-0.547353
-0.149719
0.227869
0.787429
-2.20195
21.3496
0.478952
-21.601
-0.417702
4.27722
-0.483306
-0.233449
0.844526
-0.166313
0.721424
-0.629852
-7.29619
-0.495651
0.549198
0.165075
1.01173
1.50073
-8.0665
-0.325502
-0.230258
-0.362551
-0.579675
2.48832
-1.1353
-1.86214
-0.176301
0.723291
-0.0311985
-0.750342
0.547283
0.502237
-0.747459
0.675916
-0.764173
0.873083
-0.310026
0.128051
1.58652
0.477292
-0.262232
-0.61391
9.48478
2.85755
0.43905
-0.788517
-1.8545
1.94264
0.908852
-0.48423
2.94034
0.462971
6.22621
-0.516396
0.911011
14.8987
7.03514
1.28681
0.322642
-0.407546
5.8225
1.89186
6.7846
-3.47916
0.107596
0.654671
0.196947
0.343719
-1.13751
-1.06089
-4.02306
5.2041
0.044755
-0.153257
-2.37751
2.00306
1.12551
0.562873
0.661207
-0.587778
0.26948
-0.12379
4.02312
0.552592
-0.33478
0.0792661
-6.57863
0.486246
-0.0651171
0.140162
0.262844
0.547738
0.202599
-0.706689
-0.247587
-4.6117
2.40478
-21.1863
0.749916
12.9226
2.89213
-5.37116
-1.62589
0.276582
-0.486699
0.587224
-2.05958
0.752035
-5.68352
1.00253
-0.139421
0.680681
12.6263
3.23778
1.02378
28.7532
1.16799
1.1177
8.54296
-175.79
-1.36403
0.202565
1.00281
-0.593033
0.557426
-1.6894
-7.0762
-0.0237949
2.20399
-0.367162
1.08811
-1.08103
0.866061
-2.42869
-8.35686
1.86476
2.45213
-3.61403
0.130989
-21.1473
-1.9661
1.0065
-0.518698
0.390116
-1.58258
3.49139
-3.52586
0.159893
11.8233
-1.62716
-0.715954
-0.358693
-0.245641
-0.373065
1.01769
-0.47701
5.96353
6.57817
-0.791484
0.877014
-0.246658
-0.566374
-0.00857635
1.17429
0.848373
-1.1401
-4.41085
-6.8472
-0.428343
0.981559
-1.6169
-1.22813
-7.91352
-12.9006
0.275472
0.652931
-1.40052
-2.22813
-1.02853
0.728931
-0.411876
1.37686
0.701561
-0.50199
-0.813388
-4.89954
1.40991
-0.164579
2.63364
-1.86713
0.840367
-13.112
-31.7478
-0.843001
-0.636617
-0.577961
-2.51784
3.56163
0.534643
1.07098
-0.565879
-0.161403
1.14003
-2.08696
-0.92293
-3.55856
-7.16303
0.147402
0.780483
-7.37901
-1.10529
-1.34551
-1.89367
-0.437454
0.448558
-1.28337
-0.971992
4.26763
-1.20073
1.25478
0.0426108
0.15495
1.19359
1.0588
-2.66943
-0.0826153
-1.05581
2.00862
-1.76002
-4.25137
0.0810554
-9.73035
-0.382439
0.752714
-1.35101
-1.0227
-4.72075
-0.383209
-1.49291
0.0141263
2.09464
0.746917
-0.626486
-1.62441
-0.90415
-10.2545
3.93261
-1.0817
-1.17362
86.5577
-1.20636
-44.573
0.773125
0.665242
0.375879
0.135338
-5.07298
2.78468
1.61837
1.15657
-3.76111
-3.03117
-16.4937
0.812516
-1.17425
2.11053
0.169952
0.189826
0.0636797
1.7252
0.482443
-0.391683
1.66063
9.09839
-2.56219
28.8727
-2.16581
-2.3345
-0.047656
-0.32517
-2.26997
-6.3956
9.21429
-0.427397
2.76598
0.86914
-2.11636
-2.1233
-1.99809
6.06765
-2.16125
1.26429
-1.05593
0.113392
-1.16785
3.0715
0.828815
-0.530189
3.57552
-0.551262
0.217325
-1.99595
-0.31388
0.972284
-0.87244
-9.85643
-1.76855
-2.20716
-5.83257
35.2374
0.305957
0.719621
-1.54573
-0.601486
2.51228
-1.99494
-1.75363
0.0308911
-1.82877
-1.09747
-3.77236
-1.57673
0.894856
-4.952
0.0104438
-1.02521
-68.6143
-0.328478
-42.2701
-3.14077
5.63433
-0.196705
-11.2077
4.32728
0.576212
-0.0975461
0.136519
-0.159514
-12.8246
-6.00651
-1.09645
0.997537
-0.174687
-3.47365
0.444035
2.99067
-1.28866
-1.26792
5.05465
3.29942
0.499254
-9.93206
1.09482
1.23104
0.355869
4.30233
1.21312
-2.22909
2.94063
-0.483135
0.686063
-2.66021
-1.35601
-0.39869
0.120478
0.074436
-0.696365
0.391035
0.994251
-0.0737285
3.06133
3.43783
0.369497
-1.56228
-2.28737
35.79
-2.06694
0.535799
2.06811
2.06041
5.59908
-0.147896
-1.72706
0.676898
-0.437131
-4.56373
-1.32657
-193.224
1.21935
-0.455647
3.22589
3.64546
-2.7846
-1.87752
-1.23774
-2.00896
-0.177596
0.62853
13.0949
0.659203
0.419174
2.15777
0.880176
-0.483737
-0.736846
0.225871
-91.4833
-0.393115
0.742406
38.9921
-0.151802
1.4045
0.935715
-0.996099
-0.287227
0.303909
1.05803
1.5079
-0.365076
1.47573
6.76124
-2.77393
-1.62674
13.4748
0.580776
0.345416
-0.615981
0.658274
0.458762
5.25595
1.85015
-1.96501
-1.08017
-17.7284
1.58529
-1.13911
0.995434
0.320519
-0.305854
-0.0876442
-2.41482
-3.79174
0.744708
-0.187719
0.454617
-2.1785
2.52368
-0.105285
-1.23391
0.0193877
-0.157745
1.85138
0.400095
1.73884
0.150315
-5.77275
-1.05577
-0.081801
-0.891245
-2.83821
-0.579298
1.91412
7.54156
-0.390331
-0.0382751
0.300184
10.4942
-1.19456
0.441473
-0.982438
1.33615
18.2451
-2.80589
1.99106
41.569
-0.929218
-4.08775
-2.16809
0.694918
-0.692541
-0.0183096
-0.0206562
-2.61399
-4.1306
-0.631641
-3.91184
31.6737
-1.32532
0.529494
0.14957
0.149096
0.393612
1.36984
2.71384
-0.931633
2.45511
-0.12848
-0.188514
-3.06221
0.0473257
-0.411485
1.07629
-1.00067
20.4152
2.50279
0.232242
-1.14932
0.0405927
-0.123862
-1.51483
0.102458
-1.64899
-1.52786
-12.344
0.192972
8.66915
-0.603982
1.34708
4.0878
-6.35548
-1.17674
0.683746
0.0830517
-1.99443
-12.1989
-1.09283
-1.28057
1.70347
0.222935
34.4431
-0.298229
-0.439811
-0.247299
0.168326
-0.508668
-0.536886
-0.368872
-2.7048
8.87696
-5.17951
-0.277219
-2.57485
0.810648
1.35034
-0.275761
-1.37711
-0.231914
2.5456
-0.399409
-1.53789
-0.244434
2.42004
-0.422815
-0.738125
-0.694908
0.669991
-0.540704
-0.967378
-5.74738
-6.78106
0.154231
-21.5596
-38.3817
0.59376
-1.59454
-1.09889
-0.150667
0.944812
-3.38121
1.75815
1.14135
-0.116564
0.000610851
5.42961
-0.281647
-9.15994
2.05606
1.38479
2.1488
-9.89888
0.319384
-5.65895
-0.700287
1.71879
-0.643883
2.64194
-0.511225
-0.494153
14.4791
1.21014
0.87521
-1.59693
-1.10224
1.31195
-3.07986
-0.141404
0.510426
0.326632
-0.553381
-0.793815
-0.732407
-2.03109
2.17906
-0.972599
-0.384762
-0.398828
12.6178
-1.88419
-5.31963
-7.57196
0.144408
1.56435
0.340696
0.9242
-3.30533
-1.29849
1.6619
1.82922
2.1454
-2.02642
0.230594
-1.70093
-0.356046
-0.66954
-1.44614
0.622259
0.427238
-0.42352
1.26802
0.532062
-0.969864
0.776435
-3.69522
0.658159
28.248
-0.187223
-0.223201
0.630675
-0.251107
8.89786
-2.92829
-1.3562
0.987948
0.593957
1.62532
-0.0734929
2.35938
1.3355
-6.86169
-0.64059
4.73718
-0.239899
0.410811
-2.27073
0.282062
2.62821
-1.92053
-5.61434
-0.117774
-2.42528
0.0381675
0.596867
-0.617542
-2.01973
1.18075
-1.61357
0.239733
-1.30959
1.08522
0.768511
-7.5324
1.07969
0.247241
-1.74674
-0.416387
-0.576698
169.415
-0.386007
-14.6513
-0.575788
-0.355077
-0.829273
-0.173694
-3.06335
2.84204
-0.590934
-6.25717
4.50325
-0.892215
0.794976
-4.08743
2.15375
-0.165194
-0.951239
-0.505871
0.000840583
-21.072
3.62128
-2.30561
1.73991
1.02129
-0.662477
-2.20787
-2.13219
2.09001
2.02122
-10.5765
0.406293
2.50636
2.74413
1.72542
-5.98649
0.0706681
0.651772
0.806976
0.0849077
0.923493
1.00071
-2.30063
0.616692
-1.44359
0.292549
0.934681
0.123095
-0.538106
-0.112536
-68.8699
-0.318939
-0.401371
3.27629
3.30695
1.62037
8.6519
7.13715
2.64875
0.356528
0.936628
0.196896
-3.48231
0.450947
-2.29847
0.918112
-35.6198
-0.777093
-0.408561
1.69452
4.14099
-2.67196
-0.289562
1.98545
2.14011
-0.129587
17.3521
5.32048
-1.24925
-1.10581
-1.48676
3.04982
-0.381374
0.96524
0.258954
0.550755
1.54561
-1.03566
0.101183
0.393222
-0.455111
-4.37029
-0.472823
-1.47413
1.14497
-0.257384
-0.269001
-0.048174
-6.60192
-1.39506
-0.842302
1.88429
-0.831212
0.48992
-0.79289
-0.0406788
0.526951
36.4393
1.45978
2.76325
9.50398
-0.239217
-9.5377
2.44689
9.80818
1.4819
-1.06697
0.418475
0.375564
-0.854106
-46.2514
73.0667
0.60541
-2.51997
-0.145613
-0.422383
-1.14681
-2.61547
0.668207
0.132188
0.0234138
0.125158
-2.715
-0.651539
6.2982
-0.688033
-6.97141
0.315304
0.446658
6.8089
0.0234618
-0.371854
2.34383
-1.12117
-0.0248907
0.272357
5.78449
21.2263
-1.23931
-0.845758
-0.621164
10.4195
0.396542
5.08735
-1.26104
-1.59154
4.73068
0.0354506
0.446758
0.145186
0.56802
0.832498
-1.90113
0.207783
0.266269
-3.78259
1.03599
-0.197732
1.31914
0.62373
0.304702
4.34158
4.44878
0.19549
-0.183337
0.37424
6.40442
-0.837293
4.74001
-6.70202
0.0673684
1.86715
4.73942
-1.14894
-27.3826
-1.45349
-3.48792
-0.0761264
1.19192
0.71576
-0.794424
-0.883167
0.0435511
-0.639271
53.0348
14.8556
0.0666754
-1.78994
0.364957
9.64502
-2.1978
-16.1796
0.322052
0.572156
-2.38875
-0.0842194
0.176802
0.108814
-0.108608
-0.020541
-4.30479
-5.33036
1.3496
0.730025
-0.499582
15.2646
-0.340565
-0.340537
0.489837
2.08646
-1.0023
0.135902
0.810266
-2.92648
0.834597
0.819953
-1.50347
27.0234
-0.823637
1.80214
0.89171
0.294004
-1.47022
0.859364
-1.29758
0.679658
-0.519603
-0.925843
0.684189
-3.84059
-0.47439
-0.784483
0.0199578
1.7158
-0.457051
-0.343551
0.355108
0.239733
-1.6492
-0.475148
-2.16424
-0.212476
-0.216281
3.09676
1.4172
-3.00711
-1.8286
0.0463497
1.8592
-0.177712
-1.42489
2.74308
0.30107
0.474579
0.148622
-0.00825017
-0.542437
-1.07611
2.19208
0.716708
0.609795
0.15731
0.0304021
0.0114149
-1.02091
17.9494
1.82377
-0.617466
-0.631616
-0.344068
43.1854
0.364239
0.11577
-5.45486
-3.69752
-0.0326817
3.1123
22.1629
-0.510751
-1.77641
0.739627
-5.20555
-2.86606
8.21841
0.520433
0.592696
-1.61838
-1.42631
1.11833
0.111589
0.347984
-2.38753
4.58565
-0.0355636
-0.556565
-6.28492
-0.26004
0.22889
-0.56848
-4.66281
-0.256394
0.553089
-1.00818
-1.16885
-0.126174
0.51153
1.52886
-0.269978
8.50349
-6.13626
4.04789
-1.90856
0.722707
0.85537
10.6566
-2.88907
1.65518
0.998554
-0.840935
-1.65278
-1.09173
-0.303923
0.432491
1.52305
-1.00208
0.747059
-0.0346632
-1.2278
2.80359
-0.572678
-1.32582
-0.470917
-2.26335
-0.105297
-9.06804
3.578
-1.04253
-0.506688
0.275253
0.299347
0.67689
0.0909578
-0.874542
0.753359
-0.313761
2.90717
0.0581016
-0.167891
0.860277
-0.0774565
-4.07142
-0.355174
-1.10285
-1.18607
-0.353114
0.717706
-7.18221
-1.1619
-1.33064
-46.1579
-0.805674
-0.029735
-0.369858
0.819423
-1.23596
-25.695
0.113755
-0.335895
-2.11692
0.0224374
0.0550374
-5.56779
0.600858
-0.317726
-0.331321
26.0812
-0.503597
-4.26024
-51.4295
-38.2846
0.49981
0.662317
0.215906
-0.765706
-0.389084
-1.4753
2.07384
0.0552934
-2.19951
-1.09645
-0.318853
-0.0394656
-0.437585
-2.06134
-0.743957
0.797291
-0.120957
-5.74692
2.25889
-6.22732
0.539091
0.0152653
-8.4022
-1.50339
0.154539
0.690426
8.42024
2.15681
-0.953821
-0.386747
-16.012
0.659726
-0.605692
2.87128
-1.38395
-0.134222
-0.146135
7.93266
-0.26402
-0.453165
-8.90134
6.48867
-0.216794
-1.61908
1.82667
-0.899431
-0.722721
2.90891
-0.183195
0.211587
-0.472525
1.56555
-16.6579
-0.231256
-0.58324
1.5613
-1.73694
-1.36091
0.0560347
-1.99854
-2.91402
-1.27994
-0.47373
-0.44176
-0.172237
-0.257112
0.0216607
-8.20777
-7.86164
0.305394
0.464444
0.391217
0.912172
-0.0581543
0.158272
-0.188701
-0.0583264
-0.87146
1.06997
-0.495927
0.0968348
0.3441
-0.783739
-0.303308
1.12769
0.179038
-2.44676
-0.955145
1.0132
0.81325
6.12758
-0.276182
-2.40329
7.05747
28.0987
-1.33276
3.08605
-0.987467
0.685673
7.1714
1.77798
1.95617
1.53903
-0.797519
-38.1569
0.436507
-4.62356
4.22992
0.735602
-1.73028
0.474759
6.27213
-1.72259
-0.331225
-6.25595
0.940108
0.00540983
0.742243
1.14391
-1.47312
-3.33805
0.620671
-3.11531
-0.764457
0.531676
1.85103
-5.27798
-11.2581
1.61477
0.326682
-2.11681
2.42904
0.21936
1.44607
-0.441899
0.901583
-1.23728
0.605936
-1.29632
-63.05
-0.104599
-0.734736
0.694234
-1.64219
-0.361883
0.43359
1.23238
0.773005
0.867269
-0.388711
0.672022
-0.0137974
0.826349
-0.753157
0.322733
-0.67407
2.5467
1.84653
-147.937
3.62338
-0.438302
-1.64617
3.01908
7.63623
0.147628
1.78135
-11.6487
1.65518
0.415959
-3.77037
0.538378
-0.994795
0.339909
0.633373
-1.31229
0.570484
0.38344
6.36387
-0.22243
-1.64218
2.32229
1.51333
-3.88775
7.02866
-2.91521
-1.9812
2.70929
-0.942201
-0.124837
0.558117
0.67049
3.10258
-1.01173
-1.80052
-4.02383
-0.389703
2.0728
2.91934
2.44329
-0.123911
-1.14187
-1.17004
1.3614
4.79543
-0.0105118
3.27739
-0.569067
-0.425296
0.701821
0.655188
-0.970996
-1.00392
-0.323368
1.14156
-78.7177
2.0694
2.16204
-1.13386
-0.24418
-4.61985
-9.2602
1.70181
0.562887
1.94906
-9.64738
4.39675
-1.21086
0.450601
-1.54018
-1.83639
-1.52988
-0.0290255
-3.98061
-21.996
0.553915
0.143635
-1.89185
0.519791
19.6965
-0.439335
-1.38991
1.0729
1.31344
2.18373
-3.2608
-0.988409
0.990256
0.010461
7.12993
-0.158396
-2.95824
-1.23465
0.37378
2.23364
-0.154452
-0.138161
-1.31982
-0.246741
0.31881
0.286277
-0.926576
480.852
-4.23007
-4.89083
-2.47327
0.0786899
0.158362
-0.572977
0.612969
1.09421
-0.841327
-0.673652
31.0873
1.91293
-0.95103
0.282185
-0.204062
141.471
0.102179
0.379837
3.91011
0.365423
2.20606
0.575968
2.05742
0.0880737
4.2587
-0.274603
15.1299
-0.781679
-0.100201
-0.554404
10.6057
-0.78852
-51.8754
-0.518351
0.168586
0.216099
-0.411019
2.56079
-3.9424
4.1619
0.29704
0.165887
-8.91803
0.693441
-0.372218
0.948951
-2.11312
1.84013
0.080888
0.450307
-3.63329
1.81573
-0.0408611
-0.674913
-1.22034
-1.81046
1.05511
0.829841
2.10514
0.710142
-0.931539
1.58003
-7.04841
-8.68783
-3.64556
0.527579
0.55545
-1.1576
0.634226
0.663409
0.114804
3.72934
-1.83159
2.88098
-0.0533462
0.704282
0.887213
1.14082
1.59564
2.88307
-1.48199
4.08852
1.46073
-0.0819586
0.302292
7.23464
688.662
-2.58985
4.17514
-2.30018
16.7175
2.53378
0.857354
-1.3929
-0.195127
-0.391274
-1.53248
10.2339
-1.39638
-0.483487
-0.492964
1.22963
10.4913
-0.11484
-1.06344
62.1608
42.4546
0.553442
-0.334706
2.99363
1.23242
0.204396
4.77977
2.24093
0.815138
-0.255491
1.82263
1.5724
-0.943854
-0.867054
-0.736821
1.11776
-1.43031
-0.369155
-28.2151
-10.7044
-0.705692
2.86383
2.77466
2.32857
-1.04019
-7.80259
-5.50841
-0.414832
-7.28118
0.5595
2.33158
-0.232233
-0.599625
1.28028
-1.15092
-7.08034
5.92747
-0.256984
-2.87661
2.22952
7.4159
9.31472
-0.697381
0.175016
0.411524
0.398459
-0.745929
2.40201
3.27815
-8.23318
0.731478
-1.36789
0.377059
-1.13434
-0.878385
2.07657
0.286053
-32.4207
-0.616169
-0.00055592
0.108062
124.183
-1.61537
-0.40619
-1.32089
2.14632
-0.223341
-8.8364
3.64429
2.49875
-0.808523
-1.06567
-0.163181
-5.93286
-4.13651
1.38093
13.0514
7.68871
0.366975
0.801837
0.650984
0.320511
1.258
0.458558
-0.276059
-2.43924
-0.124032
-5.02727
0.382295
-13.3493
-0.417862
0.781273
-3.63841
5.55175
-0.964293
91.0573
-0.316423
0.48554
0.511174
-4.81673
-1.80618
0.933777
3.04298
-19.0797
-1.93777
-20.4764
-18.5614
-1.00848
-17.0934
0.539478
-48.8456
0.420092
0.386118
-1.81609
0.284312
1.24039
0.744495
0.739029
-4.57834
-0.401796
0.714087
-1.27867
0.359023
1.26089
-0.537606
-1.93084
0.464119
-0.31319
-2.64698
-8.2602e-05
-0.0233491
-0.182151
-0.478114
0.142171
-1.54468
0.422536
-0.552589
1.16631
1.0542
-1.05053
0.914223
0.0501835
-1.63765
-1.23156
-0.206669
-1.10057
0.413632
2.26257
7.51589
-1.97985
-0.316559
10.7108
-3.36455
-0.424136
1.53093
-0.127094
-0.0762255
-1.15109
-0.684061
-0.591113
0.281049
-1.26432
-0.0559203
0.369989
1.76798
1.2725
-0.240617
-0.00790704
2.44524
-0.0117344
2.03358
2.80881
0.843464
0.746919
0.637847
0.795207
-0.392463
0.184533
-0.247677
3.94812
-0.849356
0.700528
0.0599461
-1.43291
-0.479654
-1.05542
-6.30113
-1.63633
-4.03904
-3.66074
-0.703786
-0.258027
25.1593
-14.8118
-0.0736683
-0.170575
-1.63589
5.69373
0.177156
0.119871
0.0261878
0.782867
-1.91303
0.79966
-0.296024
1.29233
9.42431
-0.129677
1.92439
0.341109
-0.858903
0.291514
-1.76496
6.41974
-3.43163
3.3964
-0.898767
0.782566
-1.12716
2.18836
-0.155948
2.93335
2.54387
-1.67752
0.145796
2.1993
0.0609107
1.4221
4.26469
-0.51108
-6.16964
0.102838
-1.86647
2.8694
-0.489336
1.43158
-1.91471
2.0327
-0.23879
0.170357
1.11841
1.5079
5.21948
0.776158
6.62887
0.239866
-3.39292
-1.45417
-1.11998
-17.5563
-0.255917
0.994635
-0.840948
0.393541
-1.01755
0.104511
6.57934
1.77521
-2.10993
-0.392369
-0.0738307
3.24886
-1.90855
-0.238405
-1.18941
-0.00430201
1.12171
0.0626363
-1.08743
0.669751
0.163829
0.515145
1.09821
0.0808184
-0.742968
0.528354
1.8543
-0.869706
-0.685164
-0.166877
-1.0851
2.68775
1.38449
-1.70336
0.578461
-2.46783
2.44743
-2.02686
-65.8717
2.10274
-2.95982
1.45848
-10.6459
0.416146
-0.267336
0.0197094
3.04504
-0.0971831
-0.942914
0.660345
0.84282
-3.96358
-1.87249
3.03178
-5.35636
0.43576
4.55248
-0.120786
0.29191
-2.23341
0.590909
3.79969
-0.834092
0.461394
-0.507632
-0.242598
0.293734
2.53037
-0.393865
-1.12354
0.0838617
0.164915
0.302487
-6.30276
0.917961
-15.879
0.220081
-0.0190613
-0.0335406
-1.43774
-0.326143
-0.543157
-1.28172
-1.54002
0.526183
-12.9081
-2.28562
4.28261
0.625525
0.877671
1.57114
-0.668221
-0.358361
0.297247
-0.659102
-0.967892
-1.2914
0.515649
0.724287
-0.903567
7.61679
-2.25218
0.0962166
-0.591354
2.04349
-5.84018
5.86834
-0.688316
0.710523
0.0600494
0.90755
4.48694
1.43231
47.1516
-0.103409
19.555
-0.244397
0.256301
-1.97568
-1.47367
-2.97648
-0.791787
10.2749
-10.5424
5.6961
0.0289534
0.819172
-0.271554
0.977784
0.818068
0.063893
-0.230016
-0.275316
0.00514466
0.49971
0.714729
-0.858185
0.672108
0.318523
-0.0835096
0.996727
-68.7576
-1.98672
0.690551
0.623547
-0.33825
5.38783
1.6992
-1.11185
-0.624829
-2.05128
6.72159
4.7657
0.467588
2.37971
4.21415
2.03053
-0.103914
-1.031
-0.0735268
-0.658818
-2.10343
-7.83564
0.993217
0.978384
-2.26098
1.4802
1.07866
3.21345
5.87027
0.944186
-1.9206
-0.453049
-0.175116
-0.471145
0.297924
0.0860203
2.14428
-1.74859
-4.28671
0.939448
1.01318
6.69337
-2367.85
-0.21174
-1.52846
12.6225
0.922347
-0.732704
-2.45699
0.00374885
-0.229263
0.7706
-10.8767
0.596628
2.89311
-0.70481
-0.161433
-1.38915
7.12412
-0.200296
-0.239439
-1.4956
-0.468029
-27.4323
-3.75383
-0.114727
0.49775
-2.77711
-3.75601
-9.7383
1.1526
-5.26135
1.33792
3.44911
0.213354
0.823454
-1.33717
-1.69344
-0.644235
0.141388
-0.00970434
4.15363
1.41323
-0.656269
-6.5823
0.311402
-0.176823
0.0621373
0.452341
-0.212132
9.84894
0.408312
-3.91454
-0.712391
-6.26442
-0.133158
-0.0410799
-0.400321
-6.8023
0.138782
-0.0231359
8.80738
0.0178117
-0.308926
0.459361
-0.696381
-0.971656
-10.8144
0.431533
-0.792063
38.9293
-1.40219
2.32527
-0.865532
0.168838
6.90973
-0.290209
0.0018679
-2.64826
-1.34474
-0.267007
-7.72865
2.76421
-2.26153
-1.01648
4.0453
0.0341398
0.171647
-12.9688
-1.25131
2.52704
0.428495
-2.23209
6.87565
-1.00047
1.31669
0.718214
0.314973
0.526626
4.64785
0.247468
-1.3965
-1.04491
-0.882556
-3.54588
0.382524
2.40856
-0.243974
2.69346
0.660732
0.193538
-0.265769
-0.026765
-1.75192
0.216435
2.15832
6.22795
-0.300398
0.322291
-0.548502
-1.09702
0.488717
-0.608094
-0.472265
-5.05563
0.000447775
-0.481711
1.69552
1.12044
-0.418884
0.645148
-0.0505097
0.556949
0.19903
0.944183
-4.10409
-1.01047
1.85255
-29.8402
0.900765
1.88132
0.205603
1.11584
3.53759
0.343594
0.132611
-1.66943
0.680127
-0.119505
1.63173
1.46767
-0.0886
-2.99633
-0.782257
-0.720156
0.446962
-0.903692
-0.271856
0.367779
0.180643
-0.831563
-3.42096
0.419826
-0.608643
-3.86673
-1.33131
0.736742
5.29298
1.45122
0.575424
-166.822
-8.90254
-0.7096
0.125469
-11.6429
-2.12985
-0.823468
0.88776
10.1975
0.61563
-1.7521
-0.862257
-1.60207
9.3809
-1.18779
-3.01585
0.229116
-1.87031
-2.63844
0.0759922
-0.402839
-0.432418
0.903485
0.158918
3.17644
0.908439
-0.0892269
-2.44248
0.28477
0.885947
-4.57242
-1.98869
-0.310499
-0.98358
-14.6473
-0.901202
0.0102197
1.70662
-1.46888
0.341251
-0.66651
0.730423
0.548952
-0.597799
-15.1611
-0.88453
2.38979
1.15386
-0.618008
0.119118
-0.595177
-1.07158
1.65042
-22.0554
-0.838519
-2.01317
0.0766276
0.36605
0.14416
-2.24421
-2.13707
-1.2973
-4.32784
0.836031
9.06374
-0.332202
0.324625
-0.743114
-0.406713
-1.96212
-1.57191
-3.26638
1.84907
0.194018
-1.76955
0.427473
0.0500346
0.48551
17.5087
-2.3582
-1.39895
0.287723
-0.0960489
-13.8974
-0.969813
0.479974
-0.246655
2.24699
-0.831603
-0.254992
-0.0306939
-2.1027
0.955597
-1.3335
2.83674
0.856418
-0.927771
0.30119
0.368166
-2.91116
0.269846
-0.285563
5.50533
-1.40315
2.76486
-0.00190287
-1.61029
0.296987
-2.78569
2.41289
22.393
0.141365
1.20535
1.48819
7.50067
0.892811
-0.0368829
5.84705
3.79636
-6.63965
0.400926
-4.5093
-1.96773
-5.77965
-2.13404
0.350595
-0.630076
-0.167808
-0.72112
1.21333
1.05891
0.00664232
-2.24775
-0.414349
-0.570465
-1.09403
-3.00721
-1.50369
-0.24955
-0.90656
1.12642
-0.729323
0.329763
-0.418519
0.182911
-3.82915
0.375399
1.85563
-0.437193
-0.47726
1.11911
2.90523
-0.874406
0.932261
13.1759
-0.628194
-0.111281
-1.59216
7.86586
0.59987
-4.01941
-2.29347
-7.28309
-0.246372
-20.8595
-2.9031
-0.516026
-0.390652
-0.862515
-2.01019
-5.34109
-0.687651
-4.93191
-1.91283
-0.0540085
-0.448322
-0.566741
0.0930523
0.836344
0.192302
-0.592299
-0.613692
-0.319133
1.0287
0.0869656
0.525452
1.02754
-2.91092
0.416019
-1.51018
0.740498
0.945539
-3.22036
-2.02808
10.9971
-2.86225
0.69487
-0.303801
0.857051
-0.219732
-0.378152
0.421309
-1.6884
-2.919
-3.5227
-1.06258
1.23356
-2.81169
-2.73893
0.39131
0.366324
1.49612
-5.60629
0.496241
28.3316
-1.97968
-0.775571
1.40823
-2.99287
-3.40781
-23.1807
2.08483
0.408884
-2.61647
1.98588
-0.136804
1.16575
0.52347
-1.54926
1.56928
-1.16563
1.86801
2.11995
3.57512
0.0732621
-20.1995
-1.24007
3.92032
0.371289
-0.0877601
-0.286358
-0.279737
1.17488
-2.47958
-1.12653
2.84335
3.1965
0.200473
1.31432
0.333402
0.957201
4.08757
0.175889
0.523685
-0.961029
-0.148025
-0.857891
-0.643333
0.542435
9.00701
0.794802
-1.36618
0.121363
-9.5631
-11.935
-3.33995
0.337384
1.03467
0.696824
-0.259326
-0.330155
-5.32556
-3.42668
-6.9778
-0.00972271
-0.44498
-0.440255
2.55101
-0.557178
53.2177
-6.27731
0.00541914
0.151782
-0.815136
-3.2248
-0.462519
-0.833843
-1.54217
-2.2827
1.3422
-4.37658
-4.49979
20.7153
2.1735
1.90514
3.9989
1.33414
-0.945052
4.00854
3.37024
-4.65025
-0.13687
-2.20683
0.575548
0.294796
-0.405934
-32.903
-0.260657
0.876779
-1.0949
-4.84251
-0.958373
-29.5515
0.131946
-0.473674
0.269008
-2.52854
-23.6406
0.294811
0.327461
-0.352035
0.524786
-2787.02
1.69294
64.4822
-0.802021
-9.14165
0.993981
0.133146
-1.75439
0.313443
0.235197
-0.166394
-1.39996
0.142138
1.00908
0.563954
2.08624
-1.59754
0.585718
-0.5929
-54.8874
-0.529946
-6.73967
-0.241106
1.99508
0.258691
-0.633199
1.47419
0.37647
1.33522
-0.121838
0.17056
4.43504
-0.804427
-9.89721
-0.0953433
-0.322395
0.166975
-2.16783
-1.30993
-0.640177
-1.32757
-2.03175
0.354451
0.063845
-2.40824
3.41246
0.141762
0.237339
0.728809
-0.220942
-11.4435
-0.460794
26.1758
1.07981
-0.252516
-3.20721
0.138884
-10.0504
-0.193248
0.748282
-4.42998
-3.63682
4.28602
-1.27326
7.84416
2.06992
2.23863
-0.156937
3.84548
-0.255611
0.337373
0.0855056
3.68192
-1.16945
4.13521
0.355546
-2.98404
-0.492414
0.336653
0.00105332
1.78118
-1.11246
0.730361
-0.4639
0.184244
-3.80826
1.34975
2.15115
0.503738
3.311
-3.14862
0.877961
-0.159026
10.6449
2.63527
0.364032
0.397536
0.92178
10.2957
-0.307764
2.50459
-1.18989
4.67457
2.5916
2.61332
0.569149
-2.09675
2.14968
-0.816462
-0.281749
-0.190613
5.15371
0.552668
27.5411
0.0230509
1.1986
0.88007
-0.714454
-20.9538
60.134
-0.859142
-15.0884
1.07098
-1.07461
-0.0242999
3.45771
-4.56909
-0.246704
1.45105
0.308708
-4.48092
8.06888
-1.29675
-0.715925
0.0588193
-1.40114
4.52969
0.973506
21.741
-2.45733
1.30917
-15.8948
-0.150023
-1.81717
1.69604
-6.3715
-1.0986
-24.7703
1.29958
-0.209212
3.69257
2.58921
-0.104268
-1.32529
0.666852
3.09863
-0.484291
0.417081
0.192053
-0.0297523
-0.253947
-0.11218
0.896769
-2.9302
-1.70109
0.507961
0.97029
2.52145
-0.0295215
-0.032784
0.339192
-1.09487
0.912302
-1.13704
2.12951
-1.10343
2.77627
-2.02237
0.908074
-4.99185
-0.742348
-6.04955
-2.17493
0.627096
-0.32492
0.154751
-1.86597
-0.551446
-0.881019
2.97848
-30.4247
-0.940524
-1.96419
-0.025839
-2.01581
-1.00486
0.340971
1.85626
-1.29322
-0.936472
1.69594
-3.06011
1.94697
3.43997
0.877834
0.859476
-1.47772
-5.09815
-3.50716
-1.32771
-0.191417
0.230733
2.25223
3.29976
-1.01413
-0.0888396
0.345474
0.0961851
0.133749
1.30288
-0.326978
-1.30148
0.879144
0.0983795
4.87694
-0.609646
-4.9798
5.06358
0.70646
0.55772
-3.69199
-0.473018
0.147333
0.132918
-0.362317
3.77363
-0.50173
-0.518956
-1.20837
0.309101
0.853715
-5.71787
11.618
5.62936
-2.15289
-0.771023
0.288562
-0.299053
19.3227
1.29178
0.82512
0.2639
-2.61541
3.11414
0.944176
3.31216
-0.159639
2.65299
-0.634759
-2.49654
-0.484591
8.33825
0.683085
-3.04168
-0.580507
-1.02794
0.567465
0.334086
-0.0546143
0.385737
-0.347045
-0.927942
-19.1414
-35.1809
1.76477
0.088645
2.13361
-1.69797
1.7074
0.97325
0.251405
0.0870328
1.47167
-0.246866
0.56672
1.68655
1.31404
4.54691
0.322181
0.0381963
6.44078
-116.166
-0.827124
1.39244
-0.805298
12.2832
-15.1084
6.64307
0.591171
0.799661
0.132614
-0.82983
0.64049
0.239291
-0.0315218
-0.565081
-1.47035
2.44902
-2.09582
-5.3766
-1.09853
2.30807
-2.19886
0.109921
-0.927261
0.0947552
-1.19059
0.0972912
-0.576002
4.47686
-5.65821
0.0192225
2.55791
-0.141258
0.453605
1.71281
-6.52563
-2.19988
3.03831
0.670968
0.266519
0.194989
0.434853
1.92489
3.57906
5.75481
2.94396
0.368333
0.814227
-4.43438
1.87328
0.590368
0.433816
-1.06918
-0.229209
2.18198
-0.898162
0.195449
-0.436675
3.00881
-0.174199
0.133746
1.43006
-7.40966
-1.2927
-38.4586
-0.289132
5.23684
-0.714573
8.45549
-0.747579
2.30865
-1.2124
-0.0597266
0.209884
-1.8796
0.221046
0.667281
0.499035
6.80913
0.228346
-2.58957
-2.41205
-0.685631
-3.02031
-0.789703
-0.488504
-2.48797
0.0378945
-0.413119
5.37658
-0.460581
0.935316
6.05453
0.863113
-0.0818747
-4.18826
-0.310724
-0.315329
-1.89582
3.80537
-6.96596
-0.169448
0.148372
-0.586546
0.458976
1.54818
3.97933
-10.6667
-1.22139
1.2266
-2.22673
-0.284226
-0.266538
-2.29913
-9.84565
-0.370445
-0.919057
1.55398
-0.29619
-0.896066
0.355402
-0.741681
0.278329
-1.2458
1.29953
-1.52714
-26.1086
-2.79156
0.859758
2.15904
1.42589
6.06133
0.436281
0.421913
1.15655
0.911114
-2.30119
-0.545756
-0.654364
-0.784314
-0.141548
-0.165909
0.279977
0.0837512
-0.721442
1.72478
0.202144
21.5532
-13.6447
-0.449458
2.41649
1.48464
-4.0882
10.3719
0.541677
-4.0968
1.37495
0.535132
1.33957
-0.0606924
-3.22561
1.1875
5.49106
-0.112977
0.0234442
0.198662
-2.69659
-0.814592
-0.20669
-0.678179
0.116745
-2.42498
-0.306754
3.38663
-0.805844
-8.1401
0.466559
-16.6789
8.97892
13.5091
1.07467
0.383514
4.14319
-1.47527
31.4238
0.865544
1.37347
0.0266086
-3.13702
-0.412824
-0.552716
0.0421517
5.33685
1.52519
-22.8512
0.357905
-0.564926
-2.78091
-0.823798
0.548689
-1.94774
0.988882
-0.325247
0.928841
6.71873
-3.87819
0.0159273
-1.37097
0.0541583
-0.227979
-4.63165
0.167122
0.683768
-0.14889
-7.83676
-0.670441
112.066
-11.9205
0.259779
-0.25308
-1.23177
656.901
-0.454793
3.16995
1.75037
3.28098
1.35955
2.07743
-0.227329
-1.25058
3.46092
-10.7873
-3.92637
-5.67452
4.1871
1.88483
1.84566
0.268955
-0.0517502
1.14344
25.5863
-8.49902
0.55954
-0.944456
0.580771
25.4699
-1.00197
-0.381931
-7.48223
2.24716
0.470911
-2.02102
1.356
-0.707609
-21.8596
0.0343398
3.17706
-0.0758422
0.318983
-0.0494345
10.0554
-2.13533
-0.120227
0.0121493
0.387977
-0.195277
5.43849
-1.13211
1.99332
-0.617879
5.15534
-0.0519123
2.66409
-0.0290745
-0.181015
5.89074
1.06226
-0.702765
-1.21624
0.609425
-6.93214
-7.9521
3.60966
-3.05562
40.7963
2.97201
-0.143731
1.0032
1.41159
-0.581205
0.68633
-0.979065
0.625734
9.47312
-0.960495
-0.137534
-0.0781582
-1.09585
0.701932
1.13081
-1.67156
0.301043
-0.028987
0.303716
0.829654
0.664707
0.786248
-0.207749
1.08781
13.6066
18.5027
0.394001
-0.310674
1.22724
-0.414752
-0.297215
0.184605
7.4219
1.94054
0.169013
-0.842018
-1.43959
-8.61797
-0.693135
4.64434
-0.415134
0.498501
0.585235
0.762765
-2.12508
-0.125484
3.17611
9.28421
0.708452
6.9827
0.0630157
0.444632
0.016012
1.85194
2.70828
0.561944
-0.517706
-0.705549
-0.920136
-0.669139
1.61392
-0.850549
-0.0556499
0.506734
-3014.17
0.850991
4.18877
-0.914857
2.2484
-1.05733
-0.866808
-0.646528
0.673293
-0.625794
-0.671425
-4.25975
-0.612455
-1.67453
0.242684
-2.13562
-3.08144
0.0723081
0.202829
-0.231851
0.664014
-0.0108929
2.96126
-8.73503
0.325145
0.593104
-9.9168
3.18095
1.71278
3.17181
0.229918
-0.719148
0.546718
0.826068
-3.51663
0.312648
-3.90382
1.23089
0.249619
0.437771
-1.36244
0.93055
1.1144
0.781156
-0.114629
-6.46583
0.4627
-0.750638
-2.9092
1.64724
0.824433
0.588273
2.12503
0.340349
-0.835336
-0.304088
0.272376
3.7641
1.91392
-1.29616
-0.930595
1.77703
-0.909333
0.373199
-0.00359032
0.778427
-1.33108
-0.955448
6.86186
-0.0223314
14.0797
-0.567121
1.15082
0.692655
-0.829481
-2.23139
0.504222
-1.05888
0.747583
2.70757
-7.08917
2.51389
0.222505
2.07497
0.815675
-3.1234
0.266085
0.113639
-0.217054
-0.0265272
0.225395
5.72549
0.309592
0.833061
7.15738
0.410653
1.895
-0.62222
0.700307
-1.27838
-2.30406
-0.754192
-0.771449
-0.16459
0.702436
-15.7285
-0.164678
0.153775
-1.28089
-0.0927361
-0.0734441
0.229941
901.496
3.40797
-0.908332
0.560742
-0.549223
-0.29926
-0.687622
0.603217
4.65262
-0.543202
1.30721
-2.82682
28.7595
0.119185
-0.876295
2.57276
0.487168
1.65834
-2.34498
1.43108
0.1363
-1.38516
-0.506289
2.55399
1.84921
-0.225478
0.166608
-0.0308354
-0.2027
0.683877
0.0815027
0.996779
-6.9031
-4.83934
0.298613
-1.05002
0.580035
0.754737
1.72877
0.895826
