-0.643528
0.326419
0.0428827
-5.35917
4.1343
-0.251669
22.5062
-5.94284
1.33564
0.0876836
0.260311
0.785496
0.342021
-0.797935
-0.317498
-1.379
0.0035362
-1.67768
60.0535
-9.40347
-1.06259
-1.79343
-1.70952
0.805227
-0.383924
-1.14925
5.87171
-2.37133
-0.0222354
4.51879
0.0112486
-11.3353
-0.50781
1.99922
0.488139
-1.82276
-0.261157
0.395664
-1.36489
0.828095
1.53157
-1.78215
1.31297
1.62661
1.54205
-0.596991
1.31964
-1.1249
3.2933
2.01418
0.201437
-128.733
0.230371
1.43315
-0.747744
0.661811
-0.162836
4.9421
2.57091
5.15296
0.828306
0.293343
0.369293
-4.69619
28.0932
0.764672
-0.344417
5.88372
-1.56922
-0.0379167
-0.448548
0.915349
-18.0891
1.7024
-0.492315
1.43346
0.806286
-0.41323
-0.820218
11.0823
-1.11199
-0.111263
-0.862625
0.703526
4.82495
0.175898
0.0650295
1.05521
0.861133
0.66101
-2.17679
-11.3094
-0.100356
-0.185974
-6.9177
-1.14173
-2.52229
2.3868
-2.31099
1.4936
-2.86399
-0.746211
-1.07039
0.286567
2.48273
-3.99838
-3.11958
0.878302
-0.0338613
-1.37857
2.11331
0.816642
0.0312645
0.063302
-0.0780712
0.194514
-0.951233
-0.0981547
-0.746476
4.20527
-1.4074
2.58167
-0.274141
-1.65424
-0.412504
0.494294
-0.0778549
0.37435
1.23098
0.644346
-0.949728
0.574668
0.0474219
8.74836
-87.6257
-0.1814
0.332591
-2.15645
-0.60546
0.2212
-0.760363
-0.329044
0.262218
-2.01789
-0.511015
1.7637
-11.0215
0.37021
-3.67754
-0.411639
1.25086
-4.83569
2.18603
-0.776555
13.9365
-6.14168
0.602612
1.15493
-0.909543
-0.383367
-0.454436
-0.340698
0.247377
0.3079
-0.0153002
0.742576
-0.725578
0.0255141
-4.2878
3.2515
0.131689
0.461957
-0.747832
0.100088
-0.118693
0.00385779
1.42386
0.248141
0.549716
-0.319659
0.000822499
-1.0334
0.73982
-0.0878217
-4.05032
-0.28411
0.765779
0.351318
0.17252
1.04783
-0.0200236
-10.7561
1.30112
3.96447
-0.258891
0.681802
-1.14233
-5.10569
-0.859556
3.05164
0.552701
1.54687
1.96127
-0.373236
0.501716
-52.8446
0.973287
-22.4442
6.10388
0.14564
-3.59539
0.81318
-1.02105
0.177758
0.119191
-0.325004
3.35537
-4.664
-1.14823
-1.89842
0.800258
0.485407
-5.41067
-0.831379
0.362267
-2.45458
1.23237
-0.763129
0.913476
0.73359
-2.18741
-0.436766
-0.344241
0.245671
0.764057
-3.24879
1.24071
-2.97122
-0.710287
-0.792781
0.318647
-0.993895
0.863935
-1.35119
-3.43796
1.12662
1.17334
-0.723992
1.13578
-0.159142
0.00395345
-0.727733
-10.3011
-0.133037
-0.372271
-0.139468
-0.329846
-1.18897
0.0183052
-8.33325
-0.0344956
0.107818
-1.96974
1.20112
-0.483009
-1.51445
0.240891
1.10529
0.184982
-16.2498
-0.430164
-2.51381
-1.41566
-0.316077
-2.69084
0.758368
0.535987
0.401534
0.615656
0.643912
0.408611
4.30816
3.79209
0.338578
-0.460679
-1.20206
-0.0497886
-0.673986
-1.73678
6.09947
-0.0614578
11.752
4.30255
-1.68864
-1.06431
1.24474
-0.640474
1.03868
3.18604
-1.30236
1.28488
-41.4306
7.01715
-0.0910247
0.663302
1.33764
0.187032
-0.721683
-0.894306
2.13957
-2.23425
0.446197
-0.985381
-0.134814
0.288831
3.0466
-0.931689
-1.24213
1.52944
-0.0216583
1.25367
-0.207958
1.19207
0.0417979
0.359134
2.27567
-1.88776
0.687641
-2.48926
-0.552664
-0.817044
0.27602
1.41864
1.10172
-1.09566
0.348052
0.462855
2.34605
1.8534
0.495905
-4.30586
1.56315
-0.41524
-2.43668
-1.7808
-2.21592
-1.13524
-0.185232
0.922601
-0.924175
-28.8692
-0.872404
1.34881
0.75955
0.475347
-59.3879
13.4309
0.046955
0.586986
0.313403
-2.57911
-5.31153
1.68061
-1.28517
0.296668
0.147424
1.27661
0.198337
-3.72278
1.51428
-1.27445
-0.244748
-0.792388
1.16813
1.33443
-1.18096
0.655142
0.0942286
-0.31825
17.3995
-1.62563
3.84178
0.489908
4.2572
2.96799
1.48019
-0.260732
-2.48884
0.510227
-0.451696
-0.229689
-3.50913
-2.0869
-0.307872
-0.717176
5.91955
-7.84118
0.172117
-4.98793
-0.686934
-12.477
0.809965
1.52682
0.57725
-1.77455
0.301929
-4.85577
-3.06514
91.1158
1.64998
-9.33792
0.975744
6.42612
-0.0262832
-0.251755
-0.238111
-0.306075
4343.83
-1.29026
4.61679
0.0999904
3.15115
-0.549848
-11.2812
0.163549
-1.49699
-0.691983
0.613496
-1.34322
6.69583
3.05725
0.788887
0.0914832
0.954925
4.59374
1.57428
-1.0047
-0.120263
-0.738819
-0.19149
-0.605793
-0.22044
4.16235
0.567818
-0.443281
1.45494
-2.02712
2.63279
0.496386
1.34723
-0.192337
-1.18616
-1.57133
-0.271615
0.195572
-2.59085
2.26652
-0.652287
-0.150304
-0.399475
-5.97995
-1.62364
4.93571
2.11261
-14.9056
-0.0122126
-0.406402
-2.5958
3.84079
-0.256615
2.21442
-0.574729
0.0924655
7.78756
-0.502251
1.95425
1.43481
0.360465
-219.979
-0.836323
1.21412
-0.324373
0.715838
-6.2556
0.815691
-0.236413
3.0668
-2.74855
0.885412
-0.898702
-2.80482
0.511563
0.134791
1.62137
28.5652
-0.689765
1.60567
2.87586
0.977264
-1.97967
-0.891981
2.88626
-0.0549456
0.1599
-0.929743
-0.964761
-0.41174
-23.4419
7.37076
1.59137
0.00573282
-2.59212
0.325385
0.87961
1.08499
1.91037
1.42951
-2.90806
7.44339
0.916275
-6.3174
-0.2745
2.15845
-0.858687
-1.33615
0.603341
-0.171113
0.224593
0.173172
-0.770505
-0.33517
0.122644
0.550688
1.29058
-1.97134
-2.15297
-11.0292
0.967723
-0.57304
0.204404
-0.337462
-1.6627
-0.207833
4.13545
-0.264495
1.10753
-0.760479
2.51215
-0.782908
-0.869952
-0.0393852
-4.97451
2.87478
-0.606484
0.441058
-1.84017
23.2408
-0.883476
-0.680082
0.526956
1.08359
-0.102716
1.60533
-0.455237
-0.439806
0.443879
2.37275
1.58114
-0.154483
1.65456
0.602389
-1.14415
-1.01198
-0.0799573
1.16609
3.73714
-3.17089
0.101444
2.12816
-1.51145
-2.2
-1.8439
0.682539
1.03357
-4.61315
-0.325303
0.0141206
59.0147
1.48518
-0.366261
-3.76549
-2.66994
-0.385843
1.91472
-7.7255
1.40389
-0.402459
-0.104986
-0.334105
3.54541
0.31887
13.6649
-0.725738
-0.161241
-6.82675
-0.569885
0.598045
-0.997083
-0.559102
-0.95105
0.391045
-30.2911
1.07866
0.54548
1.70846
0.960556
-0.733289
0.749574
-2.14626
-0.275993
0.338702
-0.749131
3.55517
0.17185
10.5056
-1.45746
0.841237
-0.0576173
-7.10759
1.91361
0.139808
0.0592923
0.126792
-0.572503
-1.13594
-0.0499549
-1.6825
0.289977
2.01273
-0.740944
-0.338235
-0.345802
-0.883372
-0.717399
1.17179
0.495753
-1.04036
0.356156
-7.37616
-0.879345
-0.0617559
0.00254854
3.03174
1.47235
1.16875
-1.1875
-4.47139
2.12256
-1.01487
-0.107362
-4.05639
-0.552839
114.27
-7.65653
-3.35977
-3.58922
0.167544
-3.09146
-0.0537938
2.30764
0.239501
0.668428
1.01406
-0.539321
-0.776231
-1.05434
0.105231
1.41523
4.78411
0.354334
0.153243
0.0596648
-0.36722
-1.0139
2.0312
2.87989
0.173162
2.3991
0.617687
-0.96775
-0.0612686
0.980878
-0.16411
-0.73922
-1.13807
-0.42996
-2.24817
0.186363
1.00305
-0.36797
-0.277581
-0.577393
0.0386978
-3.07098
0.30275
0.692098
1.85635
-0.684184
7.48591
43.0365
-2.79451
3.94229
1.69381
-0.143671
1.52863
1.15505
0.919011
0.306521
-0.528332
-0.245787
1.94339
0.57076
0.14196
-3.99627
-42.9282
1.04568
-2.6874
9.09803
-0.972794
-1.0739
-0.0978733
-2.16646
-0.299293
1.57627
-0.660887
-0.651772
-5.28178
3.78701
-1.82946
-0.491874
1.55227
-0.610377
19.5556
1.11306
-0.765377
0.704021
4.00648
-0.309945
0.778889
0.618525
0.933748
-3.0096
0.653934
-0.658483
-4.77167
0.980919
-0.842201
1.06102
-0.51611
-2.19557
1.84127
0.363294
0.109601
-0.213022
0.365593
0.444909
-0.627758
-0.368966
-1.39655
-0.875268
-2.32492
1.25755
0.000769277
-1.03114
-1.50148
1.25012
-0.863695
-0.675481
-1.29855
0.287583
0.44836
2.76516
-2.16532
0.0803365
-0.0829196
-0.898332
-34.608
-22.4274
-11.3581
2.19429
3.07071
-0.887201
1.13675
1.62199
-0.985008
-0.823766
3.53779
1.12297
3.66886
-2.01672
-4.51351
-0.531631
1.21138
-0.366042
-3.21651
0.157408
-1.81598
-2.25243
0.358083
-1.96178
-0.294534
0.958846
0.056203
-0.600763
8.68061
15.0136
0.32259
0.858534
1.50127
0.620551
-0.0679984
-0.0763897
-0.244843
1.40818
-0.525297
-13.0146
-0.253792
3.17674
-0.708912
-5.07108
0.231436
-5.38551
-0.208651
-5.25948
0.918131
0.550799
-3.2845
0.0679671
-0.00039928
1.36006
-1.15352
-8.31954
-1.16995
0.0792356
3.21974
5.17323
-1.19249
0.281045
0.850452
1.84482
-2.77249
-121.444
-4.36512
0.115884
3.40018
3.2818
0.933913
-2.58296
-4.0699
-0.529521
2.38959
-0.149695
13.8757
1.71281
-3.09843
0.330696
-5.6996
-0.63444
0.827893
-4.43243
-0.460993
-26.4113
-0.0462642
7.27853
-2.53038
-2.08889
3.96617
-0.935364
0.63365
1.78531
0.167991
18.1254
-2.93441
-1.4165
1.53394
-12.2326
8.62244
1.59943
-1.23844
-0.505074
174.148
-0.0080602
-3.58115
-1.33922
-3.18152
-0.637402
0.034366
4.61297
-0.141703
-0.42525
1.02593
1.30224
-1.92719
-0.589174
0.0281035
0.0607821
-0.853721
0.455519
2.18626
-0.18667
0.218267
10.7879
1.11293
0.327728
-5.28032
1.7734
-0.888757
10.0447
-0.0696323
-5.45915
0.39383
-1.50247
0.185583
-0.87783
-0.574763
-7.14676
-1.21215
-0.788661
0.617503
-2.68903
-4.0079
-1.68344
-1.87029
-2.62776
4.13415
-0.742977
-1.14818
-117.323
1.50357
-0.418331
-4.57151
-1.32985
0.066168
3.53728
1.0494
-0.521001
-2.80148
-0.469135
2.57458
-1.35503
-0.147811
0.412266
0.227763
0.250293
1.03275
-1.82096
1.1011
4.44423
1.17594
0.193583
-0.796651
0.493258
-4.93411
-5.23798
-1.43296
-1.06213
-0.454987
-3.06706
-0.146188
1.80274
2.37413
3.25686
-0.949839
-77.8834
-0.943265
-5.67773
-0.574869
-0.605021
-1.97504
0.996379
5.08331
-3.63309
-0.241194
0.196965
0.227255
0.762564
0.528472
-0.49148
-0.281461
-3.2712
2.76112
-0.854143
-0.0415327
0.288968
-16.4252
0.856805
-0.751507
0.803398
-0.37042
0.130759
-0.101215
-8.61451
-0.989104
-2.59397
-1.42782
0.21083
-0.709682
4.74565
-0.372742
0.154425
-5.06149
4.72473
-1.96922
3.10063
0.46163
-0.0869377
1.52359
0.0493775
1.01258
0.684487
1.43907
0.804143
1.6919
-2.62909
-0.674611
0.31345
1.03863
-16.2789
-1.91066
0.304854
-31.3122
0.124593
-0.704885
8.92434
2.62572
0.218837
-0.210798
2.80754
1.58088
1.4231
100.7
0.279728
0.288508
-1.78776
-1.9056
-0.863224
-12.7837
2.01069
-0.706675
-2.17016
0.562689
2.52882
-0.326301
-0.679379
1.6694
-0.932129
-0.584017
-1.11548
-5.01186
1.09521
1.01242
0.63694
-0.0290365
-0.043476
3.2316
-0.302949
2.95106
-5.55631
2.28677
-2.80167
-2.41386
-1.49495
-2.11676
-0.0342141
0.326474
0.206198
-1.87299
1.07222
-0.103575
0.269177
-32.6323
0.849975
-17.2071
-0.738988
0.187941
-10.9053
-5.86078
-2.72527
-1.79123
-0.761922
-0.260239
2.65532
-0.0135922
-1.34403
-1.22777
0.0853975
0.317062
2.59921
2.99105
-0.0175314
16.2769
0.136318
-1.30782
-0.182383
0.896464
-0.184685
-12.8911
-1.44581
-0.869889
0.266511
-4.35876
-0.473414
0.429386
-0.131208
0.50986
0.0210959
-1.60194
0.355203
-1.05341
-2.80459
-1.05552
1.90358
-1.49923
-312.993
0.700825
-0.882169
-2.16391
-0.485389
-0.831671
0.458149
-1.35137
3.62364
-0.296102
1.15621
0.0325643
-0.495747
-0.653585
1.12149
-1.10266
0.249259
1.82524
-1.41729
-0.652499
0.336672
-2.8071
-3.01351
-0.567141
0.624993
-5.90957
-0.452795
1.12696
-4.28036
0.477947
0.00427597
-0.375415
7.4969
-14.7956
8.79171
-1.39346
0.796524
-2.08937
-1.46106
-0.566696
-10.424
-3.71227
5.75056
1.41177
0.588914
-3.08032
0.923451
0.305883
0.961658
1.40426
-0.285484
-0.00936059
-1.9388
19.9655
-1.12208
4.41489
1.4442
0.697601
-1.2712
1.003
-0.219478
0.00334901
21.0534
-0.199464
-1.65313
1.96423
2.10926
-5.75597
-0.951707
-1.52362
0.617133
-0.676019
2.28849
-5.23675
-1.01192
-3.73868
0.0284955
-1.18564
-1.3065
-1.60547
2.889
-1.20817
-0.617824
-0.427778
-0.188813
-2.04976
-1.1157
-0.596561
-0.218939
0.367861
-0.307875
1.5261
0.168581
0.168422
-1.40911
0.608561
-0.071685
0.785096
-1.41161
0.115037
-0.320986
3.07149
-0.616692
-0.949834
-1.03851
-2.93856
-0.514955
-1.33854
8.39745
1.20779
-2.26124
0.60027
-1.95307
-0.998942
-0.0622844
-2.44731
9.52166
6.69538
-0.0638314
1.71367
5.11148
-73.7588
-0.851405
0.548436
0.057751
0.369069
-4.039
0.104268
-0.114072
-5.18006
-0.0986949
1.88251
-2.2073
1.0641
-0.0217078
-0.327166
-1.65324
1.80692
37.0967
1.66004
1.23567
-0.359707
-3.35585
16.0201
-0.751355
-36.9782
-0.0234758
-1.21996
17.766
2.14561
1.07394
-0.18474
-3.83563
-0.345037
1.89685
0.465951
-8.57055
1.55532
1.37689
0.388446
2.98872
0.521671
0.969657
-0.334157
-5.04416
-2.968
-0.15211
-0.270611
-0.306957
-0.777414
-2.27704
-0.101985
-0.384033
0.297298
0.508063
0.301569
-0.27975
10.2149
-0.616647
1.10993
0.294363
-0.44032
-2.75773
2.47366
-2.7077
3.88736
-0.217499
-1.43568
12.2017
0.756892
-2.34367
114.221
-1.23102
-1.31664
56.8485
0.725839
-0.178244
0.405107
1.24528
4.33854
0.142497
-0.931672
-1.50947
35.9891
-3.01991
5.48762
-57.8399
48.5121
-0.0597539
0.422054
-0.229945
-0.586729
-0.201009
0.713818
0.368432
0.698523
1.32085
0.18486
2.70098
-1.13487
-0.725715
0.043633
-0.387653
-0.135345
5.34579
-0.329633
-5.41123
-0.250565
0.192318
-1.0866
-5.25475
-3.31492
-1.14805
0.0235764
1.98632
-1.10769
0.882201
-1.70162
40.1179
-0.56764
-0.158591
0.66694
-0.371315
-0.468716
1.38079
-0.400776
-15.7063
0.171762
-3.44748
0.198992
0.58039
0.383355
-1.23864
0.757076
0.0615251
1.19311
-1.15147
-33.9978
5.29916
-1.46578
0.0402118
-1.87318
-1.13896
-0.21558
1.67173
1.90795
1.61151
0.741696
-1.64975
-1.72547
-22.1283
2.68427
2.5983
5.83508
-0.180866
0.305693
-0.0646805
3.53382
-0.0285938
2.05129
-5.4582
6.17402
0.25522
-1.18778
2.61826
-0.109833
-0.352221
0.843423
0.761275
-0.0637166
-0.0680397
1.00498
-0.354334
-4.92863
-2.59358
7.14203
1.46333
0.874063
10.5492
-16.1261
0.32124
-2.41733
5.38166
-0.101792
-0.153785
-0.659086
-0.0263919
0.874366
5.5305
-10.9216
-1.32535
0.441074
-0.834477
0.369934
0.354589
0.806508
4.40559
-1.21073
1.63696
-0.270779
-1.11501
1.31099
0.363658
-1.05403
-1.45274
-1.00818
-0.509122
-2.41364
-1.13027
7.20517
9.28356
0.671942
-0.162524
1.96258
-0.0225227
0.695958
-0.528092
1.02387
-2.40207
1.34622
-0.745539
-0.374872
0.627843
-0.613409
-0.548338
1.84944
-0.74369
1.23999
-0.560516
-1.87112
0.709741
-1.01368
0.368959
0.316659
1.94858
0.191947
0.91794
-7.46987
0.160287
-1.84283
0.592683
0.569821
-1.82678
2.20448
1.26404
0.601107
2.21791
0.532579
0.495645
-2.58774
-0.520417
0.148315
-0.143922
0.148306
0.735378
0.604763
0.789346
-0.284207
2.11333
-0.034578
-1.29711
-0.197594
0.955157
0.366643
-0.819789
2.59832
-40.3084
206.321
-4.50208
-1.58187
-2.29199
1.18668
-0.551528
0.238625
0.00679355
0.651172
1.5019
3.6353
0.00231339
-2.51051
5.91783
-1.762
-0.0556431
-4.43905
-0.488277
-0.0400846
1.97038
0.706565
1.33087
-1.27899
0.174053
-26.8259
-1.49662
6.07332
2.61818
-1.55057
-0.315905
-2.54518
-0.978968
0.494952
1.7099
0.21882
-13.0414
1.58651
-7.04784
1.60899
-0.717783
-5.5581
-1.09638
-2.75222
-7.0082
-1.34115
2.76479
0.327415
1.13795
-0.270175
-1.15345
-1.69522
0.558194
-0.367663
0.0212403
-0.862152
0.336336
1.55048
-5.95533
0.0138253
-0.432342
114.921
1.50542
-1.1235
1.60243
-0.206454
2.36855
0.197205
0.0638081
-0.828552
-0.0797995
1.22749
-0.255609
-12.8912
2.2111
0.496841
-8.75585
57.1247
0.903074
-3.09613
-7.97584
-0.532576
0.0900677
-0.523976
-0.722126
0.0203154
-0.824045
-2.79423
-1.02247
1.68922
0.840946
-6.71382
2.15918
0.138752
-1.19744
1.03939
0.478027
2.1181
1.94051
0.243154
0.799908
0.0632001
3.72293
1.0372
-0.0890447
3.19449
-2.39424
1.1071
5.64947
-6.38566
0.406716
-7.39788
3.73955
1.84611
1.05143
1.88114
0.654856
0.150063
87.5213
16.9763
-1.27152
0.280391
-1.73118
-0.145668
1.60321
10.0013
-3.85612
0.565676
-0.553257
-1.54031
8.79176
30.2062
0.267302
-0.0307689
12.7095
0.552519
-42.4616
-0.409602
-0.171284
-0.00997456
0.254865
-0.350953
-2.06589
2.205
0.363948
-0.164358
5.51127
2.81142
-0.90723
3.259
-0.488839
6.89492
-16.3491
-1.71515
-1.71495
5.21737
-1.73665
0.285856
0.800924
0.278074
0.635681
1.151
-970.367
0.58055
0.0888256
-0.0893964
7.15252
-3.1227
-0.0745007
0.431999
1.19334
1.70012
1.09973
-0.307381
-1.32053
0.923271
-0.287723
-0.440252
-0.283675
-0.234736
-0.101728
0.213235
-0.0470037
2.15361
-1.51283
-7.04011
-0.189425
-0.89761
1.44371
-0.338746
-1.03043
-0.352475
-0.13288
20.6788
2.78339
0.479766
-38.0874
2.35838
-1.60429
3.09166
-1.18665
0.0960734
-0.354958
-0.012049
-0.878415
0.0463887
0.102368
-3.47647
1.49653
-1.15035
1.65805
19.815
-0.328094
3.46653
-0.0251157
-0.177024
3.98732
-0.178654
1.22772
-15.5635
-1.20245
1.38601
0.2681
-19.4417
-0.609502
1.09409
-0.676704
-0.0813764
0.628
0.668542
0.579681
0.261864
-0.297248
-4.52446
-0.0252672
1.92385
2.42337
-2.08288
0.149268
-3.77599
0.406369
-11.7562
0.571843
-0.905038
1.21523
-82.0129
-0.823217
0.386223
3.23719
0.285308
-0.177607
-0.825308
-1.70704
-3.99202
-0.411412
-0.19334
-0.593177
-0.640773
0.292518
-0.449586
1.65599
-2.94157
-0.50336
-0.170431
-5.29584
-0.735278
-3.76374
-1.08149
-0.350505
-5.30567
1.72264
-0.596775
-0.655328
-1.57619
-0.349225
-2.40364
5.02096
-2.2668
0.428518
-2.06036
5.53778
-1.22821
-6.93116
13.101
-0.639814
0.654493
2.87835
-1.5994
0.180282
1.97217
-25.3831
18.6665
-0.709543
-0.6766
-2.56908
-1.1602
-0.978028
-1.81344
-0.463797
1.33876
4.79137
0.419116
3.03397
-1.12289
-1.40179
-1.15292
1.30011
-0.0706028
-4.40535
-2.33013
0.959582
-0.0494993
-3.56833
0.101059
-0.526598
-1.79027
-0.0973966
0.484702
-3.18452
-0.0597121
-0.606541
-7.97439
1.75553
-0.0227203
-0.591088
-0.919205
1.23995
0.73975
-0.575713
-2.03301
-0.213543
-5.62166
0.0701532
0.0406607
1.60974
0.744897
0.618932
0.450432
0.823638
-1.25193
5.39541
-0.89359
-0.40256
-2.89296
1.88639
-0.440494
2.43314
-0.394196
-0.230767
-0.336438
0.450628
-0.224853
1.52067
-4.76272
-0.903686
-0.742012
-6.75848
-0.0307779
-17.2277
-1.17147
-0.372614
0.233627
0.812329
0.365651
-2.69385
0.3979
1.59912
-2.24857
-3.69845
-7.64009
-0.0718566
-5.45262
0.842339
2.74087
-63.876
-2.86676
0.192664
-0.964386
-0.352006
0.0128234
0.487174
-2.37426
-0.613891
1.87614
-0.986806
0.890061
0.498718
0.662881
-10.5102
-2.53958
-0.386431
-0.0194085
-0.418542
0.33155
-2.9114
0.0756775
0.883065
4.1114
-1.94439
3.30448
0.239479
-0.52554
0.136988
-2.31239
9.38622
3.99821
-1.10134
-1.53691
0.783672
-0.912273
0.983895
0.0119689
0.666756
-1.7736
0.0889565
-2.21449
0.847578
5.82351
1.18741
1.34708
-1.11027
0.500163
5.98212
-0.985971
1.03643
-2.7078
0.912681
1.31328
0.357195
-0.3758
-2.28861
0.442034
-0.124446
0.657877
1.60333
-0.292967
-11.1111
-2.32877
-0.647501
0.109479
6.57443
2.59656
7.12017
7.15602
-1.28029
-0.153976
-2.5452
0.883307
0.530138
-1.74849
0.469041
4.45853
3.69999
0.382888
-0.212057
-0.299941
4.92825
1.98455
-10.5194
-2.08489
-5.64848
1.16207
-0.0701436
-0.0354767
-0.448149
-3.04555
-0.335256
0.536508
-5.48894
-1.72417
-2.83034
0.174028
0.302886
-1.30651
-0.0980604
3.18537
0.076612
0.908873
0.636492
-2.53208
-0.0532218
0.0431593
0.200375
0.590234
-1.05464
-0.716267
0.370472
-1.77004
0.221331
-6.58783
-0.67244
0.561133
0.0371994
-4.91525
-0.464017
-10.1691
1.67358
5.49339
-0.525213
1.00902
0.090158
-0.285633
-1.58282
0.31062
2.20869
-0.0965061
1.7161
-7.3257
1.11528
-0.052026
0.624285
0.434716
-0.362485
-0.335798
0.587139
-0.548528
0.432638
-0.21853
-0.230146
0.593472
-3.90976
0.366256
-5.02423
-1.2331
-0.409941
-2.17393
-0.367215
0.946012
-1.77052
0.0135137
0.230829
0.0196921
1.16407
2.38956
-3.53067
1.96283
0.902405
0.0315047
0.995569
28.0949
-5.82306
1.8259
-0.550019
0.553409
-0.0474723
-0.789223
-1.14948
2.73185
-1.65112
-0.847226
-1.46179
0.536258
9.50062
-0.846476
2.43804
4.25116
0.939559
1.099
-2.67181
0.0247967
-0.763189
1.35935
-0.898378
-3.57737
0.480813
-0.380487
0.94577
1.68881
0.107618
0.450175
-0.810353
-1.55928
-0.0273803
0.413408
-1.95983
2.18516
-0.131883
1.30419
-3.50116
4.71857
10.1955
0.862222
-1.09928
0.228931
0.12848
0.883518
1.33075
0.240089
2.1329
-3.70784
11.7308
2.6042
-2.14876
-0.572542
-0.112803
-1.92785
-0.154774
0.665162
-0.00683037
0.415261
-2.17765
3.08365
-0.0659321
-1.34525
-0.231542
-1.88424
-0.376819
0.107273
3.39708
2.62218
-1.09633
0.487101
-1.53481
2.60405
0.218921
1.43771
-0.0416166
0.997934
0.0208734
0.0995221
0.260014
2.76539
-0.163226
1.96141
1.00012
0.969083
10.9743
0.850737
-0.00440313
3.99636
-1.58011
6.67107
1.5647
0.407638
-1.01496
0.983389
42.5621
0.764857
-2.54516
3.89003
-0.124723
2.03904
0.708648
1.9859
-0.326176
-0.707197
-0.742995
-3.98327
-1.45024
-61.469
0.96181
96.1425
-7.12253
-4.29157
1.89894
2.89923
-0.0352177
-24.5443
2.1223
3.44589
0.822862
-0.00791298
0.0500518
0.792777
0.432456
-1.01488
-1.60627
0.157224
0.251657
1.29894
3.5798
0.1612
-0.352095
1.3297
0.978383
-1.40327
-1.67267
-0.656077
0.135362
0.161032
3.35422
-3.08792
-1.45817
-1.7318
-0.0956102
3.09287
0.772744
0.624229
346.281
0.12644
0.115896
-3.5561
4.21242
0.261728
-2.27189
-0.750588
9.4771
-0.280972
1.40145
0.0877191
-0.190789
-3.91354
0.343521
-3.4772
-2.68619
2.18836
-0.82978
2.31106
1.36009
-0.258176
-0.560333
-20.9914
0.00188538
1.58998
-0.199363
-0.139491
8.55664
2.33217
0.185589
-2.83453
0.343299
0.0564955
47.8894
-0.126086
0.0270478
1.75065
2.68831
-0.534873
0.996849
2.54456
0.88531
0.391555
-0.816553
-0.82067
-0.463089
0.0957459
0.481125
-0.829969
0.9513
-15.4813
0.202442
1.35268
1.13828
2.32876
-0.315214
8.64755
-0.099644
-0.773954
-0.568085
-6.89956
-0.240399
0.401473
-2.2933
-0.110094
-1.75401
3.14282
-4.83291
2.10727
4.61253
1.95427
-2.91174
-0.479348
-3.22229
3.61904
-1.77753
4.87683
0.0432026
-22.1466
-0.975381
-0.210388
-0.774413
0.347125
31.6014
-1.17392
-3.37566
-0.46125
-1.38537
16.3347
-0.104694
-0.589291
-0.669482
-1.05114
0.445508
-1.64546
-1.78288
-7.13452
-0.985432
0.95603
0.0203153
-1.06229
0.257141
-0.551379
-0.863083
-0.324935
5.56312
0.301139
0.459139
0.951287
-0.747706
-0.0897927
-0.561979
0.492848
0.865976
-1.83195
-4.2539
-0.577861
-0.378359
-2.47645
0.524609
0.371197
3.68445
0.722079
-0.747556
4.22243
-1.54079
-19.1009
-2.40274
1.36858
33.4584
0.362412
3.28247
-0.721669
-1.93969
1.37365
-0.175955
-0.572367
102.14
-0.802885
0.0225893
0.791625
18.9183
-0.778174
39.0258
13.2978
0.535054
2.83743
-4.22139
-5.68041
1.52046
3.36222
2.16206
-1.18573
13.308
-0.00138074
3.65183
8.65555
-4.3783
0.481665
0.266259
-2.45967
10.0994
1.598
-2.42676
23.5069
-0.410627
0.850915
20.592
0.329806
2.43478
-25.3224
0.266256
3.18666
-0.196596
-1.15953
-0.540499
0.453778
2.9984
-0.205894
1.54254
0.285513
-0.624666
5.1899
0.800548
0.262265
-4.95986
0.807707
1.06865
257.052
-0.317339
0.0530505
-0.963229
-0.622257
-0.274834
0.196092
6.68422
-2.22221
-1.11247
0.563477
-1.12581
-0.0775662
0.432724
0.4373
-0.228779
-26.3126
7.10839
-0.418514
2.68415
-3.18153
3.81007
0.29785
-37.4809
0.100175
4.08956
-2.11036
-0.173715
0.432462
0.354784
0.211066
-0.244862
0.560046
4.20224
2.01026
-0.264605
-1.40251
1.28572
1.95668
0.742421
-0.0732746
4.88819
-0.690552
-0.646178
-1.9008
-0.966733
-2.77043
1.57806
-0.197328
-0.641852
-69.8712
0.781861
0.6522
-86.1313
16.7588
3.46662
-0.411605
2.03096
-2.47346
2.76742
0.201594
-791.786
-6.46504
0.675439
1.02647
0.981014
-0.185591
-0.43186
0.281872
-1.2218
0.826246
0.62832
21.4613
4.36592
0.0213272
-0.00309357
3.17076
0.726762
-0.864014
0.508365
0.969214
-0.328837
0.0523742
-0.0993716
-0.311412
-1.0712
0.806687
-3.04033
-2.32096
-0.28904
-0.834196
-0.00244373
6.04019
-0.604565
0.232956
3.04539
0.482153
0.415872
-0.93284
0.198198
0.535002
-0.327606
5.3111
3.71072
0.370008
0.942819
2.64126
0.65883
3.86521
3.37834
0.338226
-1.02178
-0.629776
-1.43094
0.44621
-0.120661
-14.8039
-0.171939
-1.20847
1.6793
0.292863
-8.31391
-0.0148203
-3.03774
0.738557
-2.93766
-2.62621
0.355513
-0.62085
-5.39655
-4.87706
16.3748
-0.030206
1.78144
0.202425
-3.11663
-0.332209
-0.107646
-0.375654
1.72526
0.609746
-0.642686
-0.848564
-16.849
0.160437
0.44103
0.953451
-1.77783
-3.47467
-0.350633
1.05816
-0.608593
0.115346
1.296
3.17193
9.79187
-1.10906
4.43295
-0.733548
0.268575
-0.310062
-2.36921
-0.459055
27.2356
-0.623622
0.993172
-9.91
0.435826
-0.0158204
1.96146
0.645751
-0.449303
-1.00317
-1.45375
-1.28037
-6.04916
0.0485602
-0.0136041
-5.65496
-1.22334
1.21351
0.477691
-1.20928
0.872118
0.314222
-0.215424
-0.486442
-4.40333
-0.77033
1.93611
-4.65441
0.37319
-1.03836
-3.8091
-3.57911
3.33347
1.40211
-0.171976
-1.06511
0.149942
3.42979
32.9193
-0.38541
-0.148258
-2.87612
2.22712
-3.85468
-1.31135
0.187962
2.06011
-5.31367
4.75007
-23.186
-1.52588
0.262872
-34.4672
0.0850651
-20.6081
-2.58347
-1.24259
-0.280312
0.381067
0.599278
-9.88681
29.8081
-9.11661
2.86582
0.52073
-2.64991
-0.743222
-44.1524
0.0056887
-0.884325
-2.87423
0.539912
1.22046
4.45822
-0.384967
1.76764
0.470385
3.54414
0.74523
0.62504
-0.887295
-1.58645
0.268264
0.938588
0.617978
-5.14663
-0.450035
-5.40163
3.9517
-1.77401
0.190727
-2.45224
-1.9312
-1.33134
1.81677
-0.888804
-0.155538
0.304784
0.619634
1.81132
0.495992
0.00352992
2.07229
0.990718
-0.76093
0.376241
0.802425
4.32854
-0.117766
0.230255
2.29015
-0.17535
-1.9175
-2.00455
1.13191
-0.740447
-1.27467
-0.426048
2.64051
-1.59413
-2.28006
-0.0457423
-2.93738
-0.0140023
1.248
0.40411
0.341347
12.246
-1.28713
5.17871
-0.974103
2.12508
-1.04357
0.155653
5.81672
1.22537
-3.52848
3.35035
0.734039
50.0271
-0.595169
-0.334473
2.04415
-0.738444
4.0323
0.399168
-0.674963
1.14913
2.29885
1.22668
2.41672
-107.653
1.67959
-13.3048
-1.68028
0.172541
-3.49859
3.58328
2.2118
0.944228
-0.467045
0.625228
0.164131
-1.0189
0.931118
0.672303
-0.806645
0.912
0.532202
1.42856
-3.64972
-7.98868
8.75741
-0.169527
-1.71776
0.223454
-1.38004
-0.321938
0.627257
-0.785063
12.5377
0.908891
-0.86951
-0.0547667
-13.0571
-0.254997
-0.870576
-0.822912
-1.27306
0.379611
1.46325
-0.709521
1.37322
-0.454578
2.8447
-0.851949
1.92999
0.19539
1.11478
5.6001
20.2466
0.232338
0.0676358
1.62313
5.04889
-1.54055
-0.487229
0.543904
1.24783
-0.192031
0.146902
1.1378
-1.59953
-1.65218
0.607314
-1.34262
18.6989
0.185661
-1.01688
0.665733
1.68347
0.294112
0.579825
-1.81984
6.30205
-1.05073
-0.722749
1.11559
0.338801
-0.141527
-0.580672
-0.228533
3.39183
-0.122092
-0.169787
-3.04957
0.737416
3.26411
-3.4088
2.48572
-0.800629
-2.22909
-4.05493
0.164929
1.74224
5.21188
0.267639
0.672849
-0.272041
0.182746
-0.348616
0.628301
1.55922
-0.169584
1.17282
-0.326013
2.85819
1.68246
-2.21683
-3.37659
-1.03354
0.123834
0.0687872
-9.58721e-05
0.0281647
-2.04249
3.78751
-0.900471
1.00965
0.62208
-0.712147
-0.358455
3.69614
0.00285925
-0.293363
-2.39915
0.811662
0.746039
0.179396
-129.238
-6.37849
0.920807
0.0731134
1.70907
-0.308306
0.726575
-6.49852
1.74171
-1.24723
1.17903
2.30382
3.70756
0.092449
4.39556
0.89403
10.0231
1.81973
-1.13418
0.539989
-0.939538
-1.61941
1.2563
-1.0865
-3.0698
2.20254
0.534253
-0.0448009
-1.69076
-0.85623
-0.595526
0.24685
-2.51083
-0.216065
-0.368155
-14.8659
3.41261
1.01155
0.190664
0.405145
-0.577513
-7.57101
0.128832
0.175986
0.708972
-5.86481
1.42227
0.0006532
-1.7586
0.318342
0.575377
0.239156
12.4389
0.459067
-0.414853
0.606769
11.9606
0.152706
-1.11433
7.19584
2.21751
-6.81363
0.26541
-17.1553
-2.22611
-0.327643
-1.50971
0.0848002
0.259338
-0.473058
0.252901
0.931797
0.186922
0.45416
-0.233558
0.361094
0.461718
0.86379
0.87838
-3.68441
-1.3997
-0.641226
-0.184885
1.65911
0.170636
-0.0996397
-0.38343
-1.05156
1.78792
-2.28476
1.1723
1.68684
0.192764
2.28523
3.7825
2.31175
4.9548
-0.8329
-1.03948
-1.21322
-1.18668
0.227785
-0.0404968
4.66254
1.59556
0.362993
-3.75657
3.09211
-0.323915
0.374617
0.501356
-4.99847
-1.13286
-0.222482
0.588871
3.19413
1.38973
2.80487
0.0176167
2.63815
1.23373
0.766294
-1.90133
-0.501318
21.1668
-1.53267
22.4373
5.28249
-1.11375
2.02587
-55.6794
0.405156
1.7183
21.3443
0.919104
1.79114
2.35134
-2.0139
0.951875
-3.81472
0.556345
0.966944
0.0222652
1.35617
1.18163
0.171965
0.215203
10.0855
-585.435
1.35735
0.296967
-17.5913
-1.34794
0.139063
-1.058
-0.0817112
-0.307492
2.74095
-6.84811
1.17053
-2.74138
-0.758585
-3.00617
1.65861
1.0724
5.04965
0.382574
0.0775622
1.30414
-0.552358
1.56071
-0.66959
-0.615693
-0.40339
-3.90976
-0.095498
0.586473
-2.98418
-1.45597
-0.344361
1.97423
-0.481472
-1.53031
0.535435
-0.32637
-0.290941
0.473795
2.31331
-2.43847
1.48757
3.0005
-0.688994
-0.674621
0.622183
-4.7639
-0.131268
-1.69114
0.57643
-6.83216
0.0490697
0.223189
-0.347916
1.39053
-1.99822
-0.0267941
-1.58056
2.22243
0.770131
1.79023
4.67828
4.48173
0.540785
4.24786
-3.47335
-0.0449196
2.79056
3.88725
-1.25724
-1.79963
0.0876597
0.827638
-14.1985
-0.710547
1.11073
-0.628032
-1.03293
3.23461
-0.49501
0.212541
-0.617903
0.402437
10.3627
0.839694
-0.370361
0.00672457
2.96236
-20.2708
5.26001
-0.24604
1.26649
0.375311
-0.231282
-1.82576
0.943328
76.0288
-0.38388
-20.6493
0.799229
-4.11515
-0.79806
27.0245
1.79883
-1.10469
4.94965
2.09856
-0.9697
1.43966
1.50152
2.17514
0.259764
-0.529253
0.169288
-0.15361
1.04572
-0.664722
-0.850384
-1.77251
2.56277
0.16428
1.22063
0.024475
1.04796
-0.414223
1.03074
-1.94186
-0.736799
-1.18077
0.46637
-11.1877
1.19088
0.0904318
-1.47435
-0.307783
27.8639
1.24015
-0.109919
21.8145
1.01058
3.16011
-12.6336
2.08229
2.35551
-0.810815
0.489401
1.29206
-17.8165
2.17264
0.0900406
-0.0808184
-1.1823
0.100678
1.36574
-4.68628
-5.87072
-0.89179
1.94184
-0.55431
1.86297
3.91066
11.9564
0.24378
1.14872
-1.94666
-0.304858
2.07317
-0.0379661
-0.506119
1.2623
1.43223
0.145893
-0.826076
-0.227629
1.1314
0.632528
-0.905101
2.94934
1.06168
0.579524
-0.188882
-6.67041
-0.978301
-0.313567
-0.399593
0.942843
1.21365
-0.546776
1.00534
0.685018
-0.461042
-0.0557201
-0.368718
-0.00706992
-0.826332
1.59955
2.74017
1.05003
-0.798856
-0.123467
-1.53102
-0.135222
-0.46063
38.766
4.66659
0.448387
-0.323747
1.65441
0.0536034
-0.270634
68.5826
-0.173045
-0.208043
3.05925
0.440969
1.26134
-0.832268
3.46603
0.26206
1.68853
-0.421085
-1.92296
-1.01874
1.43781
2.44097
25.5865
-12.3013
-2.32962
3.69458
2.91815
15.6462
-0.236959
6.97282
-1.85066
-1.51863
1.43459
1.14608
0.510399
0.406946
-0.355461
1.15556
0.487386
-0.127849
-0.0256101
0.951913
-1.42132
-0.522082
-0.363805
-4.05987
-1.20351
1.11633
0.952911
0.190678
0.551318
-1.16755
-0.90381
0.114836
0.717378
-0.71532
-1.23988
-0.0258404
-0.414411
-0.0813513
0.272828
2.97663
-0.232628
281.522
-401.163
-0.540934
0.0750778
-0.0138851
-8.38407
0.703036
-0.462144
0.489916
0.221119
0.0292619
0.0198781
-28.6673
2.85896
1.34485
0.169833
2.74645
1.53651
-4.77132
-0.814707
-0.14977
0.316212
-1.84693
2.53128
-4.16316
0.568851
0.0267736
-1.20973
3.68958
-0.0934299
-0.302029
-0.940876
0.337126
11.7198
0.463726
3.48938
0.182871
-4.91554
-1.06787
1.45958
-0.473447
-1.1065
0.0978855
-0.00245635
13.5472
-1.99407
-1.08159
-17.5165
-0.674611
5.39012
3.03744
-0.0628248
3.84271
-0.428662
-2.15991
-0.919924
-0.579091
-4.84409
-1.68835
-0.169967
-0.0923102
0.0302489
83.4611
-5.09503
-2.84616
-5.0486
0.332164
-1.36756
-0.307052
26.5632
-6.47877
-1.33506
0.656332
0.984789
0.229557
-1.68944
0.507134
-1.92566
-6.30859
-0.209011
0.584549
4.97762
-2.07929
-0.196586
-3.4109
6.13725
3.11046
1.76698
0.751741
-1.49316
-6.07341
2.19942
-1.27479
-1.53769
-0.537955
-1.18512
0.767721
1.55168
1.31915
-2.27115
-0.930889
-0.012486
8.5958
-0.209343
1.33934
0.615089
6.3373
4.65335
-0.42807
3.4589
0.249349
3.61414
1.15605
31.5095
-0.144413
-0.430408
0.223446
0.287627
7.75521
0.368906
0.120915
1.65955
-0.251218
0.433834
-2.13839
1.06121
1.16105
0.937723
0.302294
-27.9788
3.10587
0.391517
-0.236984
1.66571
0.169605
0.0135662
-0.195149
-0.224455
1.52723
0.1853
3.70686
-1.07465
0.0442583
1.84796
0.415864
-0.696641
48.9127
-3.05568
-2.8543
-0.18736
-103.173
4.06016
-26.6165
-0.627067
-14.7836
0.950395
4.59
-0.068095
-0.561753
0.570556
0.292415
0.814043
-0.0934351
-4.9632
4.84208
-125.789
-1.21253
0.808209
-1.94748
-0.902267
-1.29939
-0.218024
-0.89634
0.356118
10.2842
0.188742
0.700251
-5.21386
-0.0477825
-2.12539
6.63182
-1.76467
1.14014
6.03333
9.84392
0.149487
-0.822569
-0.300516
-0.74542
0.320437
-1.00572
3.84373
-8.51135
-2.96749
-7.53333
-0.413366
-0.155711
0.342494
-0.295665
1.00917
1.3805
11.7544
1.49235
4.60117
-0.587162
0.463679
-0.254888
0.613252
-2.2464
-0.939622
-4.73986
0.704902
0.111796
0.0704842
-1.60125
-0.599656
3.86767
4.12752
0.83887
0.178773
-0.202227
-1.01508
1.32114
1.58578
2.57911
1.73779
0.817053
-1.12259
-0.147494
-2.75077
0.883986
-2.19132
1.65476
-0.642831
1.91614
-7.40243
0.941189
2.90243
-1.31402
3.95293
1.74973
0.00962143
-1.01562
-1.77623
-6.43346
1.09794
-3.89996
-2.11965
47.2162
-0.465144
0.518831
1.65551
-89.3966
-0.1396
-0.447877
0.779521
-0.912451
0.470551
-4.93708
0.779789
-34.5096
-1.04659
-5.43617
0.265238
-1.14409
3.74027
-3.01806
-3.4048
-395.743
0.698211
0.107576
-6.25968
-0.261753
-1.13421
1.11381
0.919873
-4.9452
-0.567132
0.265546
2.14903
1.68613
-38.2441
1.19014
0.471244
3.68337
-0.648452
4.15659
0.443864
1.68218
-0.217659
-1.16002
0.580003
0.736369
15.2082
10.3314
-4.85983
0.578633
-20.9397
-34.1329
0.24379
0.414568
-1.08665
0.373182
-0.255848
-2.90727
0.200582
0.102684
-2.44688
-0.3386
0.612801
0.8161
0.804049
-2.9179
-0.400462
-0.354027
-3.49405
7.07348
-0.161233
-1.09697
-0.0041474
0.149955
0.838074
-0.327647
-0.188523
10.3987
0.243334
25.6326
170.994
4.04816
0.305397
2.34436
-0.971516
0.282165
0.447424
-0.209655
644.397
0.986205
-0.448214
1.02239
3.76752
0.733654
-4.333
1.2866
0.283951
0.161094
-0.0853205
1.14961
-0.515924
0.882876
-2.24281
0.171809
-1.57888
3.65112
3.96292
0.0864909
1.10888
0.982273
1.06477
0.060263
-0.12989
-9.25311
-0.516866
0.161133
3.10885
0.610028
0.658883
-0.131432
-3.18881
-0.0757979
-0.152036
3.59175
-0.0809308
-0.466527
3.36444
27.1967
0.129928
0.136919
1.2698
0.0650473
-0.69283
36.4245
-7.18281
-1.13628
0.0606144
-0.492221
-0.680267
2.06943
-2.02183
-1.68149
1.73483
-1.06815
1.31381
3.53367
-0.0993761
0.331602
2.40517
-0.309021
0.201114
-2.69278
0.424964
1.27634
0.71321
-1.18581
-0.0986907
-2.40355
-0.109493
0.789684
16.0992
0.355971
0.564164
-9.35578
1.01657
1.0921
-2.5846
0.273719
-0.472046
-3.47593
-2.00303
-2.91062
0.853247
0.384995
-0.739846
0.607795
1.09278
-0.00781086
-2.12061
10.8451
-0.793651
-0.944193
-0.0511963
1.6896
1.50344
-0.0596919
-1.5957
-0.393468
3.27629
2.10325
0.944335
0.0922388
-1.0711
-14.217
-0.715615
-1.17204
-3.29714
-28.9051
-0.913004
-1.01788
-0.531766
-0.00279842
1.42765
1.60001
0.929394
0.134439
-0.300414
0.258393
-1.70257
1.89342
5.14864
0.983834
1.02192
0.220198
0.257777
0.0179549
-0.174407
1.83676
0.0313064
0.813724
-0.613026
1.61788
6.49888
2.01336
-3.17002
-2.34498
-0.86063
0.0581444
-2.4174
1.35727
0.220959
-4.02364
0.563841
1.5224
2.47053
-1.16766
1.11723
4.49495
0.959736
0.195352
0.496145
1.37468
4.52833
-0.025746
-0.148179
-0.413631
3.91029
0.786577
-1.17725
-5.61295
0.276014
0.231463
0.0643981
36.4869
-1.51326
0.104153
-11.2923
0.263053
1.1917
-0.0724057
-0.116516
0.973034
0.293964
-10.1133
2.82926
-7.34865
-8.91447
25.163
-0.563413
-0.25114
-31.2838
1.52775
-8.7926
-2.03288
-1.84896
3.05267
2.96756
-1.64559
-0.190153
-0.0294873
0.0135701
-0.508993
-0.492578
0.00885264
0.170193
-1.26942
0.652823
0.595946
-2.50506
5.71837
-1.18384
-9.32866
-0.0671609
-13.5825
0.291421
0.851276
1.9392
-10.4014
-0.884925
-0.489227
-0.34218
0.657071
6.98987
0.596582
-1.37826
0.934753
31.3592
0.55632
-5.92622
-1.95701
4.28894
-0.911178
2.36158
-0.122831
2.69499
-1.13601
-6.797
0.237836
0.0716528
0.858365
1.32523
-0.196835
-0.0706726
-4.29477
0.89942
1.19758
0.357232
0.729766
-1.78022
0.307629
2.58436
0.124136
-1.43291
-8.86654
0.351029
0.985536
7.19425
6.17323
0.164149
-2.80874
-0.262568
1.38325
2.10424
-0.524616
-0.00838285
-30.1332
1.74282
-0.0954133
28.3593
-0.0905802
43.9231
0.942931
-4.8849
-4.98797
-0.383339
0.413732
2.26703
-0.158834
-0.4106
2.38612
0.960838
-0.465555
-0.75936
-0.225988
0.828898
0.696095
1.99975
2.50406
-1.04746
-0.353966
0.327653
-4.61751
-0.835536
0.475417
0.0170521
0.209523
-0.261802
1.86574
0.0645045
-1.95696
-1.45636
2.58338
-0.944199
-6.99071
-1.32948
-6.16702
-0.258741
0.639733
1.09935
-1.13943
1.07294
-0.307243
-0.788673
2.84305
0.998824
-2.43839
0.480059
0.941972
-0.292921
-1.16126
-1.29976
0.188019
0.847691
0.681153
0.0583347
-0.648333
1.08259
0.200295
-0.700199
0.581253
-1.38446
1.57304
-2.41612
0.154559
-0.368777
-1.34401
-0.491227
-5.26286
1.02696
-0.264675
-2.24068
-2.52118
0.182022
1.63637
0.155298
1.90862
1.92323
-1.72817
0.588523
0.150385
6.36503
0.904479
-3.75851
-1.50634
1.18793
-0.605725
-5.25772
2.54914
-2.25864
0.0251543
1.89106
-1.8688
-0.491702
-2.08959
1.1619
0.283917
23.3082
-0.915076
0.840564
4.34626
-0.0566396
0.459507
0.0701407
0.733286
-1.35599
-0.725809
-0.199703
-0.275623
0.0538652
0.408795
-0.00331093
4.10152
0.00310204
1.65419
-0.643135
-0.675272
-0.61832
3.8829
-0.759221
0.301783
0.191049
0.59643
1.21674
0.0200033
1.46183
-0.247064
-2.41096
1.64953
1.63491
-2.09362
4.55211
-1.61092
-0.189842
1.63005
-0.0529987
2.74328
-9.85683
0.4027
4.0822
-1.04673
-28.1454
0.271258
-0.357524
-1.90375
-1.45845
1.76351
-0.463001
0.275143
-0.480992
-3.68871
0.144618
0.617778
0.812118
0.834644
-0.278588
-19.3327
-11.0813
2.32647
-2.572
-0.765942
-0.343945
1.72653
-0.163167
-0.0733156
3.18716
0.565074
-1.23606
1.06252
-0.333351
0.456533
-0.236498
-0.647581
2.02363
-1.81756
0.100821
0.0218407
-0.56435
1.31121
4.02833
1.3883
-0.429494
0.653052
1.42096
-0.400931
1.04134
-0.220252
-2.97131
0.442435
-1.11603
0.0775763
0.769046
0.316578
-0.110292
0.277239
1.15109
-0.56456
-12.0051
0.313818
0.915748
-0.0855058
1.48
0.197653
0.890375
-0.76062
0.10179
0.669333
-0.246854
1.91962
0.220803
-0.945235
-1.10188
-0.201099
1.19165
1.53246
8.11052
-1.58905
1.97147
0.646236
0.65815
-3.04333
-0.813301
-0.357359
1.87462
-0.599178
-2.06259
-0.873239
0.228993
-2.38672
-1.07275
0.195398
-0.742966
5.31525
0.305662
-0.458334
-0.871534
-1.23576
-0.757002
-0.022017
-0.0537321
1.2586
-1.02524
-2.35791
-47.3962
-4.768
0.978978
-6.18446
-1.84618
-0.673289
0.367484
0.695537
-2.69226
9.94486
-0.355445
0.0863974
0.00651562
22.8178
11.1767
-0.273005
2.28012
-0.108153
17.8801
-0.649581
4.8504
-0.37309
-0.578122
1.74953
-6.02419
1.02942
-1.58704
-0.105043
1.33823
5.73022
-0.498558
-0.676866
7.37193
0.164638
-7.29877
-1.90165
-0.0536206
-3.03266
0.116969
-6.23119
-0.172385
0.192565
7.9165
-2.72785
0.371142
0.0185104
-4.33626
-0.0297297
-0.982805
-0.0964455
-0.286535
4.39732
2.63391
-0.910539
0.34134
-1.18865
0.847255
0.959723
-0.461018
-0.970281
-0.449089
0.33283
1.20413
-0.326643
0.734581
0.0534404
0.82452
1.0762
-69.5982
2.99756
-3.33169
5.18537
3.5548
0.435581
1.78914
0.0755045
-1.94329
1.21276
-0.250376
1.78231
-3.95736
0.1679
5.83908
6.3771
-1.86373
-11.5882
-0.716441
-7.26687
0.0044515
0.129075
0.791576
-0.479689
4.99153
-1.78413
-2.39533
1.55169
1.80666
-10.6917
-0.260012
-1.60397
-0.851095
-0.421295
3.03765
-1.45459
-0.230847
1.21815
2.53389
0.0192147
1.11151
1.53382
2.84419
0.600717
0.33282
-0.0617034
-1.08351
-0.393151
0.108093
-3.53048
-0.907682
0.313668
0.447917
1.45848
-10.3612
-0.502218
-0.551348
3.65591
2.06783
2.4834
0.17797
-0.152114
0.387757
1.26678
1.94703
1.79855
1.72543
-1.16798
0.564618
-0.951564
-1.87894
6.45837
-0.463679
-9.33927
-0.522151
-0.662619
-0.655277
0.448131
-0.0419385
-0.756573
16.1304
-2.3488
-2.34513
0.0208674
-0.328418
-2.13234
-2.5084
2.61157
0.356221
49.259
-4.19652
-0.909366
-0.0418316
0.195248
-0.440586
-0.564276
-0.533152
-0.497154
-1.83459
-0.982841
-0.141536
-0.212442
-1.40248
-0.00473312
1.14532
0.0139868
1.75337
-0.280422
5.05202
-2.47627
-1.24074
2.07061
-0.321675
0.463888
2.97912
0.642229
-2.63399
-0.420507
-0.433885
-0.476535
-0.233345
2.02858
-66.4963
1.64996
0.0996194
0.308149
-1.59479
-9.11732
1.16382
0.0258746
0.199034
-1.17848
0.366636
0.513793
-6.01494
-42.5331
0.690294
-3.87991
1.05482
-0.615603
0.361131
-0.394755
-0.369546
-1.23967
0.375142
0.580935
0.279548
-0.062953
4.51169
0.811541
-0.490395
-0.00380591
0.176285
-12.1441
0.441879
0.319672
0.212974
-0.34183
-0.930801
-1.7628
8.13157
1.04084
0.44711
-0.259149
-0.644641
0.0299746
-0.0518666
0.230857
48.0808
-0.403835
4.51401
17.8395
2.97956
-1.22083
0.168417
-1.03072
1.26365
7.09842
-0.690232
-0.373046
-3.27508
1.54121
0.193507
-0.420059
0.534773
1.024
-3.61155
-1.315
0.737955
0.108129
12.3964
-1.99586
0.706706
1.63511
-0.282044
1.59658
-0.102185
0.130126
-4.56125
0.333151
-2.56432
-0.226908
-0.650292
1.40528
6.08318
-1.94916
-1.3706
1.22434
1.73592
0.312038
3.62345
-0.149801
-0.968986
-13.8921
-0.495749
-0.50276
4.21048
-8.83348
-6.39649
-0.513207
-0.13251
28.2768
-1.78758
-2.60355
1.24217
9.16736
1.54334
-0.972872
0.965097
0.420957
-1.67598
-3.23307
0.0907222
0.478177
3.04642
1.336
0.683741
-1.12815
1.77388
-1.01549
1.44996
-0.0257259
0.703705
2.48845
0.244399
-0.463502
0.805908
0.0126306
-1.01177
-1.36385
0.219736
3.45315
-0.536502
0.376762
8.6053
-1.98926
-10.2949
-27.3947
25.5478
-2.89146
-0.428485
1.82451
1.48789
-0.640224
1.38462
0.268864
-1.74556
0.189219
-1.38494
-0.12963
0.856032
-2.6014
1.366
6.43843
-1.21764
0.886232
0.881241
0.130444
1.60236
-0.306887
-0.678508
-1.70694
-3.11376
-0.441537
9.49287
-0.0721508
0.12583
0.0195
-1.81235
0.313655
0.571341
0.25827
-0.457255
-3.16417
0.265652
-0.431946
0.781601
-1.09587
1.13225
0.861617
0.310608
1.2004
-0.0691312
0.0238859
0.174257
0.212529
-1.6795
3.57231
-1.01539
2.49947
1.3018
1.41569
-0.455925
9.95411
-3.6329
-1.56975
0.256337
-2.68241
0.907319
-9.44774
-0.562882
-2.07662
-1.19409
0.371297
-2.28069
1.33855
-0.538095
6.141
-0.427071
-79.2685
-0.255851
-1.74742
-0.471042
0.198665
-0.266808
0.420647
-1.16095
5.95209
0.0971315
-0.677155
-0.18026
-2.32122
1955.62
-0.655237
1.51468
-0.483136
9.51194
-0.0747209
-2.92967
-1.51648
0.0531815
0.572691
0.276456
1.84664
0.138204
-0.193456
0.826764
-2.59282
2.34976
1.41744
1.44049
1.75765
0.860858
-1.18897
3.49
-0.95503
0.339485
-0.990432
3.67708
0.597269
0.155539
13.8117
-0.833212
2.15546
0.807971
8.79959
-0.0746476
-1.31763
4.3117
-1.72325
-1.78056
-0.0648567
-1.38143
-0.856438
28.0451
0.231402
2.52647
-0.68757
-2.00686
0.629488
0.538733
6.27347
-0.168591
-0.213944
0.333761
126.848
37.6271
9.9855
-0.305463
-0.0971338
0.672165
3.27891
0.706415
0.783239
0.917201
11.7946
114.789
0.729654
-0.167992
0.268726
6.84434
-3.34654
0.94921
64.9361
0.371052
-0.303646
-1.60312
-0.923996
-4.56022
-0.501798
4.3699
-2.40943
0.681819
-1.34929
0.353219
1.65163
3.1547
0.478799
-1.0311
3.95484
1.65215
-1.69343
-1.07762
0.384819
13.5448
-2.40842
-0.00692708
0.235816
-0.582382
-3.69991
0.175948
1.17849
-0.91932
-0.47025
0.347585
0.348909
-1.14763
0.343255
1.82024
-0.684748
0.329135
3.36542
0.92123
0.634245
-0.0602592
2.31244
0.255112
-0.0677376
0.298351
0.537174
-0.253483
-26.5667
1.02614
0.627156
-0.65281
-0.832907
-1.39755
-7.99069
-2.32169
0.657232
25.0029
-0.516361
2.77246
-0.0129981
9.7847
0.0358533
0.18446
1.9774
-0.502252
-0.618881
-15.3558
-1.49733
-0.841337
-0.171432
-2.18366
-23.7673
-7.33324
0.627698
-0.573181
-0.802432
-0.529329
-1.9615
2.44426
-4.69179
0.72443
-1.87448
1.68465
3.55448
0.183301
-0.390491
0.346661
0.517123
0.598958
-0.303875
-0.0140973
-0.913969
-10.4534
0.856666
0.89288
0.166994
-2.43659
-1.16226
0.597928
-4.37762
1.63662
-1.34603
-0.0275694
-1.58799
3.82191
-0.195274
0.539325
-0.0611975
-2.55889
-0.0994419
-0.68237
5.80653
0.602941
0.391254
-1.20154
0.188099
-0.00484025
1.01703
2.16787
0.671816
0.90705
2.01141
-3.27566
0.247495
0.0945582
29.387
-1.66821
-2.30746
-0.180506
-1.66347
-0.551493
-0.448601
0.0980965
0.144839
-0.580247
-0.718955
-0.0379193
-0.605308
-0.692267
-0.251734
-23.8838
-0.58658
0.719684
2.21172
1.16312
1.77302
2.498
2.2616
-1.99991
0.914463
0.300759
0.284852
2.98309
0.32129
0.0403082
-0.0388918
-0.0293719
7.07993
-0.613968
-0.0189912
0.555373
-2.41153
-0.328781
-1.18924
-1.7831
-0.54276
1.25434
-1.06209
0.619797
0.32831
1.54534
2.22118
-0.121518
-0.00194287
-0.497203
-0.465594
0.577958
-0.606638
-1.82135
0.546557
-4.73158
0.244621
9.24689
3.38155
2.41495
-0.230781
-0.713548
-0.12125
-3.32473
11.7817
-1.88693
2.15867
0.387946
0.420133
3.87655
-1.34087
-1.70704
-0.753071
-14.9819
-10.9053
13.9511
0.268841
-1.12963
1.10617
12.5337
0.248009
-1.66677
-10.511
-1.84896
0.384801
15.2566
5.71225
2.95155
-1.29647
-0.242756
1.86631
0.29732
-0.330263
0.206799
3.48434
0.0752252
-15.4248
-1.69548
-1.2184
0.113291
-1.41061
-0.230805
0.309082
-0.47023
11.7689
0.419182
3.67621
1.44977
0.744036
-0.199267
14.9207
-2.88549
1.54164
-5.56905
-2.25314
-0.353205
1.58926
-0.444614
-0.819097
2.92066
-0.327788
-2.69746
-0.945923
1.10171
-0.369548
1.2778
2.65213
-0.938587
1.51927
0.0483709
0.260091
0.276341
-0.489069
-0.539988
-2.28273
1.8863
-0.359541
1.89922
0.699386
0.427141
0.0959859
0.237324
0.638761
-0.571502
0.320824
2.74535
0.559179
-4.96203
-0.748505
-0.0992649
0.651457
47.6435
-2.71611
-1.80821
-2.35187
3.14432
-0.12638
0.376443
1.13032
-0.603657
23.7273
-1.54066
-0.962338
0.790083
1.08154
0.0482097
-1.39445
-0.105535
0.436907
-1.36204
-0.82072
-2.14358
1.76068
44.2809
-1.7424
1.40512
-0.113837
1.11822
-6.18068
-1.33519
2.25187
-0.756035
-1.09353
0.00541129
-0.424061
-1.37754
0.0931063
-0.318594
0.0323555
2.00083
-1.70588
-0.42902
-1.93379
0.588035
-1.12087
0.802138
-0.790161
5.13066
0.214441
0.577601
-2.74851
0.069662
0.430537
-0.535658
-2.21353
-0.250698
1.80728
0.324168
1.23929
0.0353342
7.32424
0.977642
-3.18386
0.909762
0.776795
-2.01707
-0.110366
6.29555
-0.949134
-0.069737
9.44391
1.26857
4.41517
-0.0262597
1.10461
-1.01199
-0.199433
-0.292579
-0.34852
5.69101
9.84469
-0.153358
-0.0498157
-1.53501
-0.216204
-563.005
-3.00341
0.759128
-1.18076
-0.608518
-0.576947
2.45548
1.11374
0.6357
0.150971
1.05101
-0.27908
-22.8246
1.06894
-0.778829
1.94346
0.608844
-0.552824
0.598549
-0.543231
-0.610579
-0.0716826
0.405427
3.74265
-8.7594
2.93839
0.0300707
-0.955379
-0.456876
0.437059
0.0115638
-0.673976
-0.0619738
0.915242
31.5533
-0.445528
-0.976909
-0.446149
-2.96996
-0.00769431
-3.17611
0.873711
0.46406
1.79162
-1.79448
0.444009
5.08724
2.49524
0.606313
0.850749
-1.39045
0.569959
-2.03164
-15.9893
-0.197046
10.1037
2.55581
-0.0624757
0.106108
0.72902
0.219813
37.2192
1.74605
0.530977
-0.109029
-4.86525
0.594723
-4.62168
7.4855
-5.02863
0.996984
0.606191
-0.80096
0.238147
-1.12075
9.95944
1.30331
0.611355
-0.359092
10.4991
3.7868
0.383625
0.996758
0.210127
-1.75823
1.11577
9.62534
0.2708
-1.6997
-1.79514
-0.360513
1.08611
-2.22138
-0.18842
-3.11611
0.260528
0.432702
-1.85603
0.696307
76.7167
-0.431446
1.74889
-3.94559
9.22564
-1.14709
0.914441
1.24926
-0.0329833
4.50579
2.98982
-0.579265
2.20615
-0.404587
-0.773418
-0.883808
-0.294134
-6.0335
1.22953
-0.909604
-0.719396
-6.13327
4.12419
4.0261
0.609032
0.243484
1.22566
0.961203
1.79787
0.135605
-0.0836804
2.46233
1.93249
-2.24795
-0.826974
-0.00233348
-0.501579
3.27053
3.03024
0.610917
0.940031
19.7762
-0.16102
0.205046
-3.67149
-4.73555
0.731186
-1.48445
2.40987
-11.3975
3.25376
0.493394
-0.417176
2.19854
-4.57092
0.41284
2.54417
-0.368655
1.13077
1.02264
0.382227
-47.0177
-2.99148
-1.03245
0.000734365
-0.648449
-1.66813
-0.866778
0.904857
-0.239361
3.09376
0.217426
-0.686346
-0.733093
7.08123
0.247284
1.79758
0.158097
-0.602605
-1.58768
0.818314
1.03223
-0.341061
0.0315603
-1.17283
-0.664175
1.07562
1.1348
-1.24139
1.2549
-1.16795
-2.51412
-4.31009
-0.580839
-17.9729
8.68822
-0.827723
0.318819
0.666112
0.386584
-1.5789
0.592648
0.105505
0.218261
4.47628
0.27276
-36.3533
-1.42798
-1.3896
0.147166
-2.83872
0.995231
2.4958
0.0286595
29.0093
-0.943212
0.618313
4.43182
-3.69138
1.00512
-1.07434
-0.103378
-0.845709
-0.285601
0.815789
1.28408
0.955106
-0.0459662
-0.0420777
-0.261872
0.487267
3.03129
-1.8551
0.916338
-0.229764
0.715593
2.34248
0.606665
-0.0812145
1.0259
3.02451
0.305601
-2.43848
0.14855
2.63861
-0.625278
0.823043
3.05322
-0.038779
-19.0444
-1.12597
1.88255
-0.487948
22.7564
0.236479
5.31593
0.11638
-1.78766
-7.5502
-0.176798
1.04944
1.18788
0.68776
-0.332681
7.24598
-1.23919
-0.979102
0.877263
1.99073
10.4002
-0.0239185
1.1255
3.73429
2.06705
-1.37627
0.924944
4.05461
36.9831
0.778962
0.0637297
-0.693028
0.518834
0.341464
-0.353933
0.387445
4.26481
1.00381
-5.85295
0.374989
-2.54089
0.4281
1.29977
-1.06363
1.66788
4.84995
0.869269
-0.0959902
-0.913989
-1.0045
-0.450695
0.761613
0.445596
0.419732
-1.76239
-0.665874
0.947404
0.797139
-2.0381
-0.186094
0.744363
2.79822
-0.149194
0.113276
0.215979
0.242415
-1.77196
-0.627536
0.458325
-0.495279
5.84494
0.081691
-2.11441
1.14998
0.315543
2.14952
-1.40036
2.07803
0.753806
-0.113573
0.845239
-0.791763
-0.604983
3.13859
-0.843288
1.74404
-0.0609528
30.418
1.06147
-2.8528
-3.64686
0.750115
-0.130369
0.605505
4.26475
-5.40905
-0.0175127
0.513653
-4.04139
0.424244
-0.158413
0.00507257
-3.93182
0.22335
0.582034
-1.59387
1.03746
-0.0588392
-12.0086
1.23163
-0.693322
-0.0440253
-1.24795
-0.0472718
-0.152539
0.829404
-1.20403
8.5094
0.551146
-0.240798
11.4173
0.640429
-0.372681
0.778899
2.1055
-1.04627
0.970822
-0.226206
-0.515823
6.25634
-1.40196
-2.78072
-11.6239
-3.08297
-0.671395
-0.0818052
-0.914327
12.6509
1.24753
1.9301
-0.559485
0.0904423
-0.849465
-0.46852
-0.336208
0.150042
-0.079629
1.09412
0.0191044
0.570295
-2.11794
2.26281
-0.121946
-1039.45
-1.27206
3.00617
-0.630427
-6.5741
-2.66782
2.54021
6.2792
1.66939
1.20963
-1.35851
1.83452
0.607873
0.24769
1.25539
-0.316289
0.049387
-14.7575
-1.24082
-1.4869
-1.67465
-0.280564
23.5862
4.3751
0.535294
6.85292
-3.52333
-4.15832
-2.10641
-2.27364
-5.07897
1.64996
-13.1765
-2.21991
2.55464
5.95761
-0.193303
-0.289201
-0.893479
2.67434
1.35114
1.97359
0.947419
0.673834
-1.21376
0.445689
0.547341
-1.12906
0.025904
-1.51835
0.154449
1.34387
10.3861
-2.07285
9.15157
1.32193
-0.469302
2.51302
-1.74777
0.271181
-0.896638
-0.157077
0.0736965
0.132256
-12.699
-0.313156
0.725861
-0.890385
3.84408
0.159601
3.88877
2.40782
0.482965
1.99994
1.24927
0.711648
0.20706
0.947729
3.2002
1.214
-0.170524
-0.689623
1.17381
-10.8766
1.11068
-0.0404106
2.95338
-5.67661
-3.06301
2.40295
12.126
0.0960399
0.132072
1.19374
0.430918
-0.728847
-4.2654
-198.717
-0.175685
0.57146
-0.711189
1.15057
0.226189
-7.76916
0.419796
0.217353
2.0581
9.16027
2.68016
0.260117
1.17352
1.29057
3.36067
-3.29601
1.44787
0.134818
0.998165
1.10589
4.25361
-13.4971
0.146126
1.48853
0.147697
0.0243056
0.55395
1.50128
-0.503702
-2.61212
-0.378563
1.06938
11.0348
0.752651
22.4307
-0.274064
-1.88316
0.0706761
0.0496543
-0.259259
0.197123
2.07923
0.761076
1.29744
0.861257
0.317114
1.16075
1.33377
-0.859061
-1.16067
-0.786704
-0.249052
0.0771399
2.18215
0.851041
-0.272515
-0.595346
-1.99922
1.72205
0.109528
-0.899651
-1.49355
-0.754838
1.05323
-0.478693
-2.01907
0.260196
0.652917
-7.09781
-23.9899
-0.700024
-0.433215
0.112947
-4.15524
-6.10737
-0.649015
-0.175505
-1.83807
0.676927
0.796991
1.97757
0.654032
0.0421291
-0.0633559
-0.378261
0.570382
0.283466
0.70882
5.53362
1.09408
3.96421
0.589751
-3.34456
1.41625
-0.34528
4.03924
1.63152
0.386276
0.321718
-0.194275
-19.2231
-37.1363
-1.26912
-1.57574
1.83612
54.6176
0.184163
0.149036
-1.6789
-0.278814
-38.9189
0.230991
-1.52919
1.03484
1.1837
1.90586
-1.12874
-0.00471001
-0.736108
-0.347815
1.37791
-0.895959
1.36684
0.575253
3.71893
-2.37036
-38.8508
0.68215
0.0113227
-0.95137
-0.412948
0.49553
4.80072
-0.0927797
9.9761
2.06685
0.993157
1.27073
0.843742
-1.71972
1.47384
0.470115
-0.238345
-0.319948
-2.20822
21.7684
0.286231
4.346
-0.488111
2.18493
4.84572
0.263052
4.21351
1.30096
3.54345
0.445018
0.968814
1.35667
-0.0500353
-2.79315
0.47309
-0.976391
-0.142094
-0.287061
-6.31149
-3.08607
4.18509
-2.19236
-1.5683
-0.293547
4.37224
1.27718
0.863218
0.249582
0.454097
-5.23886
-0.780356
0.0144384
0.903398
0.0219968
1.30292
1.83942
1.54207
-0.78126
-1.23246
0.326384
-2.27888
1.50021
-1.94002
1.54026
-0.142662
1.42541
-99.9897
-1.4635
-3.73286
-0.0189357
7.68592
-0.249462
0.0046191
-0.745481
0.373649
-2.23593
-2.13088
9.55818
11.69
0.172538
-14.3423
0.244024
4.39618
0.581813
-2.09848
0.0946053
-1.31768
20.389
0.035781
-1.17569
20.4084
-1.01109
985.779
-0.334934
0.767159
1.33468
0.234855
-0.386248
-29.0774
-0.264252
-0.533559
-0.945432
0.505172
4.19649
1.66244
-2.45791
2.34446
-0.470706
-0.1559
-20.1367
0.0414661
-1.36164
2.79407
-4.40713
2.3697
4.88726
-0.357922
-0.533943
-1.72395
7.4841
0.0433242
2.79464
-3.60432
-3.22021
-0.0316477
5.70842
-0.9374
0.85387
5.42154
-2.22368
-0.42396
-0.686519
1.31774
4.31499
0.154823
-4.18442
2.64791
-7.22585
2.10589
-0.0575321
-0.0878994
-0.451421
-2.64233
1.224
-0.428274
-0.939856
-2.57117
4.67959
-0.471339
0.199648
-14.4343
0.652297
1.45129
0.0850779
2.28777
-0.651484
1.07517
-2.33231
-4.37638
1.43123
2.06955
1.24234
0.762016
-50.9555
-0.352279
0.368333
5.43609
-0.658169
5.31364
-4.20377
-0.396449
-0.516432
-0.0441151
-1.2509
0.943081
2.82708
-0.336552
1.78258
-0.945878
-0.362319
-1.14553
0.738818
1.95709
1.10608
-41.2939
1.82029
-0.602986
23.2149
1.21096
1.67113
1.13665
-2.96366
-4.25522
3.57999
-0.620866
-0.510703
1.86281
0.357923
0.611589
0.651415
0.760888
-0.135409
-0.171069
-2.23961
2.72635
2.93502
-0.992976
-0.151423
-1.22368
-0.113415
-0.413523
-3.02523
-0.712447
-0.90311
0.703678
-1.72814
-3.35625
-1.2265
-0.80626
0.0117863
-2.51359
-0.693607
2.66764
2.94567
0.82364
-1.5338
-1.09031
-0.183374
0.428698
1.55913
-1.84935
-0.995608
0.458919
3.65941
5.01833
0.393821
-2.25576
-0.0894339
-0.00560914
5.12209
-0.411957
0.185904
-0.373031
0.41247
0.253432
-5.72724
0.477561
-0.706589
1.69828
-0.854901
1.87052
-0.990411
0.390246
-0.784969
-9.55809
1.35686
3.65055
2.07239
3.05847
-0.49948
-2.59313
0.0889839
-1.45616
-0.466686
0.344661
2.12564
1.93267
0.103576
0.709444
0.750696
3.58139
0.713126
-0.54289
-6.57347
0.00448051
0.180693
-0.36938
-0.077619
-95.4653
2.52115
-2.62042
0.957918
-0.189732
0.323878
-1.17152
1.18525
0.736374
3.81515
-1.15152
-0.0787957
0.183197
-2.61
0.077764
-2.2982
-1.5293
1.69739
-0.683346
2.82953
-1.65894
0.00144325
0.294981
4.28194
-1.0177
0.017373
0.749101
-0.422509
-4.86735
-3.65911
0.741098
9.09965
0.604927
-0.0415762
-90.2598
1.14424
0.495611
-2.62923
0.128097
0.0646029
-0.0870959
2.01772
1.82786
0.822013
-1.1184
0.0396843
-0.154465
-0.304028
0.504647
0.786213
-0.857179
-3.10439
-6.25222
4.6474
0.957792
3.78307
-31.7748
-3.04799
0.749125
0.489382
1.68313
-0.941029
4.98276
4.81846
-1.84965
-4.92151
24.1899
-49.1288
-1.1103
4.1197
-0.238508
0.199155
0.340502
-0.35121
-13.3901
1.57733
-0.124373
-1.44382
-0.608197
-0.294878
1.84116
0.00730889
2.81646
0.723859
-0.0852746
1.12025
0.792786
-1.69848
-0.10219
-0.265313
18.4328
0.823755
-0.610187
-0.00725404
3.8746
-1.60316
1.21174
-2.54128
-0.161993
-0.689432
-0.379627
-0.526941
-1.66184
-2.7264
-1.75205
-0.725335
22.6877
0.248635
-0.105196
-0.436943
2.67775
0.825792
-1.28184
-0.647358
-2.48011
-0.752074
1.55622
0.060316
0.988112
0.207013
0.617019
-2.65953
0.460513
1.63492
-2.7808
0.601962
0.207504
-0.86341
1.75069
1.62706
1.16539
0.697284
3.35635
-1.56717
-0.351942
-0.84192
-0.350117
1.23047
-2.09245
-0.813039
0.810486
-3.47898
-2.87375
-0.291379
-9.79139
1.20041
-2.93045
-0.48954
-0.94408
1.38494
-1.60951
-0.150466
0.167747
0.697265
-2.64981
-0.242142
-0.0931302
1.42464
-1.6912
-5.04001
1.00994
-1.24661
-1.7705
5.87107
-0.120607
-8.41475
-0.022342
0.0253452
0.595738
0.350922
0.0402702
2.97856
-0.594881
5.57917
-0.539897
-2.85314
-0.419892
0.5278
17.2087
16.4869
3.65164
14.2002
-0.956111
1.57681
0.431451
-0.149621
-0.276721
0.928177
0.254085
-1.09755
2.45565
-166.527
0.444732
-0.912809
-2.54543
-1.51366
-0.486413
0.725048
-0.917519
0.0277941
2.57647
30.6237
-0.590843
0.950064
-1.11073
2.02897
1.74892
0.479068
0.999262
0.175481
11.6722
-0.845693
-1.22281
1.89395
-2.84075
0.138733
12.3681
-2.59676
4.81903
-1.62468
0.485462
0.311197
1.49642
-1.39087
-0.936658
-1.38298
0.366096
1.20942
-1.97763
-0.745035
0.597596
-0.951149
-0.431267
-0.0480002
-6.20882
-5.67704
-0.390478
1.80892
-30.6052
-1.29065
0.904075
-2.54409
0.439634
-19.1267
-4.48953
1.83213
0.276338
-0.514843
0.515255
3.40425
0.786224
-0.143654
0.542552
0.639075
0.236108
-1.69629
0.0216489
-0.0364176
-0.122849
-0.412682
1.45577
2.19861
0.0682421
0.636469
0.468887
4.67139
5.1581
1.10588
-1.18159
1.36452
-1.08017
-1.35358
1.27627
-0.846415
-4.2597
3.00109
-4.42363
0.253636
0.0802374
176.691
0.684436
2.19404
-0.611196
1.82531
-1.07348
-3.52569
0.421278
6.10104
-1.24054
0.708279
-3.53036
-0.116422
-0.915261
-2.54255
-0.206744
-0.834496
0.768647
5.38716
0.129099
10.9355
0.369139
-7.21963
0.55298
3.22948
-3.34414
-0.0899826
-0.793886
0.515031
0.165099
1.28754
-5.12032
0.164287
-0.348518
-0.00809462
0.331385
0.000292355
-0.271793
0.00141683
0.359322
3.0012
1.11989
0.0657678
1.86446
0.00608254
0.951148
0.0829014
-0.266714
-6.40134
0.190428
-5.66974
-0.300118
-0.149676
1.18867
-2.99231
-1.14501
2.32297
-0.8541
-1.79945
-0.973283
1.18283
3.46155
-5.00865
-0.00789413
1.80049
-2.83678
0.810681
-0.706362
0.22734
1.07766
2.32514
1.00293
-0.851519
1.41144
0.832847
6.20689
4.24773
-0.763464
0.21705
3.3923
-0.0164004
4.47945
-1.42658
-0.913786
1.25333
-0.375765
1.13017
0.0761741
-0.160362
-0.379789
0.494319
-0.247361
-0.679646
4.33167
-0.0429479
-2.97168
1.02044
-10.4644
-2.47576
1.35792
0.319613
-0.594001
-3.87775
0.0419658
0.0566541
-2.5412
-1.10853
-1.62549
-1.56166
-0.589177
0.186499
0.780464
-2.44461
-0.366565
1.272
-3.1581
-3.30133
1.3638
-0.532041
-1.14377
2.17004
1.83196
-0.872725
4.20155
-0.202913
1.40963
-0.689021
1.40431
9.37363
-0.986548
-4.38702
0.0867323
-0.417367
-2.98537
0.873474
0.681703
-1.39442
13.8145
0.467176
0.200443
-1.17686
0.237452
14.0702
-1.79298
-1.76377
-1.20059
-1.46037
-0.799395
13.1881
12.4926
1.9905
-1.35216
-0.18059
-2.8033
6.07988
-4.12975
-7.33261
1.51153
1.54308
-0.350964
-5.39709
0.369743
0.575006
-1.49296
-12.4911
0.23623
-2.45149
3.08569
0.795882
-0.355196
3.42253
0.285515
-0.479052
0.197411
-7.83561
1.67223
0.904993
10.4836
-3.45564
1.42559
0.496834
0.792259
0.161912
-1.13655
-8.80405
0.437884
-0.0738679
0.0273731
3.9321
-1.1628
2.41219
1.12422
0.0275221
0.0123557
2.56704
0.185932
1.15248
-0.0553285
-7.15977
-0.436409
1.62396
-2.22405
-6.1837
-1.28798
-1.88644
20.2961
5.83315
-0.891626
0.944201
0.202316
-1.23559
-0.550433
3.49289
0.120975
1.95499
-1.14763
0.665105
-2.26177
1.44989
0.292134
0.000522491
-3.35202
-1.2329
1.63203
-0.156459
2.76093
6.29669
0.971437
7.03508
1.08396
2.7589
-0.221201
3.0987
0.143598
0.586628
0.396495
-1.13625
-4.31519
2.42148
6.4818
-0.850666
-7.11432
0.114643
-1.31545
-1.39655
5.90484
-0.583955
21.1262
0.65364
0.463526
-2.67936
3.28526
0.922334
0.642554
-14.3225
189.58
-0.106204
-0.836311
3.99787
1.73877
0.579027
233.925
-1.01285
1.22546
0.301728
0.0837295
-0.817401
-0.327919
-1.09326
-2.85578
-5.46954
0.582815
-1.22457
0.0500817
-9.08176
11.6606
-6.97127
-1.67607
-0.173161
0.278096
-0.112024
-0.961486
8.94721
-1.00599
-2.3446
-1.32597
-60.1558
-6.39107
0.908322
1.46313
13.8957
-3.01929
-0.355171
-0.0285304
-0.200518
0.476015
-0.983407
-10.4371
1.99813
3.55961
-0.483054
1.76299
-0.964025
0.58837
4.28212
0.53963
-0.369822
0.234534
-0.416813
-0.229095
-0.437749
2.52801
2.34566
5.15865
0.202874
-0.813632
-5.58027
-5.19557
-0.197114
0.919006
-0.0497081
0.183698
0.263851
1.48748
-14.7409
0.320033
0.276959
2.4501
0.881818
4.9291
-0.364776
1.08557
0.0528846
0.726229
0.752138
-54.7401
4.8391
-56.9949
2.36454
-0.258268
12.004
0.565124
-0.361305
-1.62279
0.30557
-0.992128
-0.0291478
-1.48006
-0.146819
2.25499
-0.318012
-0.901653
-0.107552
-2.99106
2.97414
-0.801183
-8.71044
-0.41489
-1.26246
-0.873452
0.905865
-0.659819
6.71715
1.14093
2.40749
20.828
0.735606
0.464785
0.000109409
0.197612
-3.11837
-1.74842
-0.499523
-5.41558
0.699972
-0.313943
0.508984
-13.0135
-0.870668
0.0817007
1.34271
1.20969
0.980985
-0.354101
-1.2305
2.74637
-5.89247
1.22359
2.12634
1.35247
3.79117
4.17107
24.7749
-0.183837
-0.792645
0.188715
-62.4471
5.02473
-0.818153
-0.351681
1.54768
0.0778738
-0.199788
-0.5506
0.0909406
0.831601
0.808255
-0.445296
1.65415
3.16705
1.95418
3.88975
24.1124
-0.342003
-0.62585
-0.571766
0.49079
0.336685
0.203895
-0.669423
-0.47136
-0.52281
4.4824
-3.09632
-7.52009
-1.60509
0.536313
1.87814
3.54658
6.23745
0.868436
-0.188704
-0.0026067
-0.155139
-8.50084
-0.245356
-6.76423
-2.11315
-0.130484
0.685592
-0.275554
4.56814
0.550037
-1.91184
-115.254
2.74786
-1.60106
-0.683853
0.468292
2.27063
-10.0924
-0.307453
1.0399
1.23316
0.449604
-0.0342677
2.23481
-3.39247
4.40172
-0.797558
0.421862
0.581617
-1.18108
0.398646
0.451854
-6.07416
-0.406154
-1.30597
0.513426
-1.51836
3.4057
0.531496
9.50907
-0.874547
3.62853
8.81863
-5.72385
-0.0196018
-5.68476
-0.144396
2.36191
-1.67674
-4.59352
-0.141667
0.399882
-1.41779
-3.10734
0.194767
1.65893
-1.15218
1.21673
0.226935
0.402287
-0.308835
0.24445
-1.14343
0.0801689
1.71039
1.60079
-3.05786
0.870674
0.413354
-0.492762
1.40118
1.70244
0.979546
0.703788
0.936138
0.405443
-2.3751
0.191603
-0.0605744
-0.284755
-17.0467
0.0405577
0.300266
1.29131
-0.20314
-0.181028
-0.416018
0.44382
1.16053
0.113591
-6.66425
-3.96684
2.63902
4.78752
2.52064
-0.77612
-0.0280246
3.34584
0.162193
-2.82323
8.75911
-0.796444
-0.474977
-0.0373658
0.197251
-0.430896
-4.98822
1.51598
-6.83262
10.0917
-0.589576
0.205947
-8.41547
-0.201537
-9.2618
-0.278363
0.0709102
58.2811
4.21811
0.742124
-0.196198
1.19829
-2.20658
4.40773
6.07045
1.27091
-0.436576
-54.7713
-12.6019
-0.690093
-0.296405
2.93986
0.163995
1.04552
1.07347
0.57628
0.778302
0.896958
-0.170314
-1.61726
0.965215
-0.269908
-3.34721
0.268248
1.49104
-13.6915
-0.466951
1.25351
-0.332599
6.18101
26.1283
0.638123
-1.47807
0.340174
0.201724
-1.77397
2.01558
-1.42349
0.29434
0.746043
-0.445715
0.389816
-0.687492
-0.151519
-0.547444
-0.560815
1.45042
0.539429
0.107328
-4.26919
1.09063
1.15756
0.938745
0.705933
0.551625
0.453242
-5.25227
-0.257503
-2.14302
-0.685047
-16.6649
0.767372
16.9648
-5.67841
-227.084
0.714083
0.549697
3.28869
-0.503758
0.306165
-0.439479
1.92536
4.65911
0.643507
-0.0481558
0.131834
0.324567
2.75336
-2.27389
-1.43354
0.4545
-0.326143
1.03923
-1.17629
-1.43929
-0.207771
1.39173
2.85704
0.248015
-0.392541
0.624165
1.29506
-0.5106
-1.27175
-3.17046
0.0111554
1.14193
-6.76113
0.323336
-2.32432
1.01563
1.13026
0.3365
1.50403
0.0438229
0.14312
0.106791
0.00537278
-0.81027
1.21494
1.03767
-0.369819
0.129165
0.376036
0.792574
-7.40598
6.79451
-10.1695
0.424169
0.366888
-0.599595
0.464193
0.459168
-2.66776
-6.14764
0.731319
5.45009
-0.444511
-0.944469
-1.80453
3.07188
1.49831
-0.438601
-1.03599
-0.46024
-0.698909
3.96075
-1.11037
-3.43703
0.864643
-1.03784
-0.960032
-0.878063
-1.86482
0.281126
-0.0191914
-8.32344
0.271085
-1.74245
2.32926
-2.57574
1.48194
0.521241
-1.14497
1.9625
0.673693
0.583051
-2.6978
7.18632
0.552239
-5.34985
1.03396
4.08414
-0.45407
3.82948
4.11635
18.5599
-0.601714
-11.3762
-1.08064
-1.09673
0.0490522
0.807155
-3.53718
0.715281
-0.527694
-0.89985
-1.39388
0.932829
-0.28311
0.166209
-0.788967
1.82307
-14.4668
4.11363
0.511607
3.68156
1.91092
-3.71897
-2.2872
-0.214959
2.06407
-3.59734
0.434962
0.694792
-1.9543
0.62435
0.789823
0.163883
0.579006
-2.51391
0.300078
1.58297
-2.94341
0.0964772
0.540312
-2.9697
-1.35869
3.41157
-0.420061
3.62817
0.195162
-4.51833
1.30299
0.991092
1.91369
0.391316
-8.20852
2.03811
0.431881
-0.237745
-5.72495
-0.145412
-0.512961
-0.912157
0.654504
-9.64026
-20.6356
-1.12321
77.6073
0.379699
0.147153
60.4831
10.4423
-0.0325337
0.40689
0.472795
-11.2248
-0.207754
-0.942084
0.90128
1.94642
0.668449
-2.64549
-0.145076
-0.996528
-2.07223
-0.0313735
-2.57058
2.77422
2.58148
0.856434
-1.46256
-12.9702
0.0275886
2.50799
-0.581608
-0.611679
-9.844
0.0561781
0.254132
-2.1221
0.545962
-0.401904
1.44331
99.1832
-0.777344
0.617297
0.935056
-4.09051
0.502973
-0.0451753
-2.03286
0.780983
0.328344
18.6748
-1.85321
-3.52498
-0.328142
-0.33751
-15.8141
1.03074
-1.56022
-0.429485
0.511961
-0.489847
1.27654
0.623125
3.72764
0.0288289
2.94033
7.46147
-1.00116
0.0500089
3.09044
-0.29255
-0.257827
-1.20873
-13.5591
5.95734
0.651728
0.613063
1.15289
-9.76466
-0.890602
-1.59371
-0.418462
-0.450703
-3.75198
0.439266
0.30968
2.51572
0.646058
-4.79279
8.68851
36.3214
-0.288354
-1.2408
-0.714773
0.121834
1.10305
-1.10447
0.74135
0.49401
0.770891
-0.38959
-0.573326
2.13066
-4.76328
-0.037448
-4.6832
3.27241
1.77106
-0.397688
0.637556
0.816624
-0.0534483
-0.809179
2.32672
-0.165096
176.655
0.379941
8.33166
2.32909
2.33639
-0.440451
1.11632
1.51531
1.20208
2.69971
-1.07135
-2.23772
0.77852
-2.73022
4.19811
0.806022
0.686279
-0.662663
0.667976
-0.421036
4.28206
-1.01018
0.262709
1.80344
0.396553
-1.86456
-1.96791
-0.144503
-4.90453
2.00961
2.74454
0.728617
9.92372
3.27202
27.5372
3.86522
1.727
91.2023
-0.197832
-5.65597
-1.79416
0.173896
0.440536
2.31731
-0.0850082
-0.0567366
-0.0267826
0.582758
-1.98197
0.0512045
-3.29495
-0.285237
-2.06284
1.08255
0.78755
1.00918
-0.289844
5.00901
0.0416276
-0.704677
-5.71175
-0.274142
-5.77203
0.876196
-0.112011
0.624077
0.488824
0.0465105
1.64598
0.535205
1.69536
-8.67262
21.2803
-0.158411
0.913871
0.585609
0.443906
0.536225
-1.26442
0.147365
-14.439
-97.732
-0.509804
-1.47482
-2.68709
0.100557
-0.145519
-0.13639
-2.3662
-0.0355287
-0.521513
0.0836843
4.0319
-0.609937
-1.40758
1.03826
4.46997
0.650533
1.32142
0.0628243
-1.83788
4.82159
-0.585045
-0.398962
0.618757
1.15284
16.7852
0.824781
-5.22876
1.03931
0.643604
0.0311317
-1.61264
0.964206
8.66869
0.397384
-3.11426
0.272568
0.00250661
10.8138
4.85741
2.2759
-0.444367
1.03279
-0.443137
-0.234487
-0.735713
4.9912
0.202677
-0.169846
1.01788
-1.34402
0.828903
0.643289
0.0671655
-5.28182
-0.109644
0.298134
1.85088
0.997565
1.67318
-3.04642
-1.35719
0.663282
1.01674
-6.29549
2.15803
0.893006
-0.0696111
-84.2462
0.288988
0.932499
-0.0284292
1.74087
3.99326
0.312203
-0.453701
0.618815
-1.25068
6.19557
-0.256376
-1.07267
0.131555
1.47697
0.00446668
0.472496
-0.68032
-0.624192
1.83952
-3.23759
-66.0464
0.815775
0.05713
-4.16675
-0.0300843
5.88091
0.600935
-1.08689
-0.902926
1.10546
0.633853
0.215991
0.0770265
-0.329571
-0.187312
11.1534
-0.431816
0.407375
-0.274261
0.96499
-0.0549293
-3.59241
0.562592
-2.1999
1.87512
0.465323
1.62181
-0.83086
0.788329
2.089
68.7602
-1.04321
0.0780193
-0.0203053
-0.228441
-0.356876
-3.56363
6.32953
2.12499
-0.858178
1.41885
-6.29078
0.529419
0.447727
0.224902
-0.147068
-0.138986
-2.6357
-32.4901
5.78541
-0.130418
0.211079
-0.981596
-0.704077
-2.25209
-1.22441
0.448092
6.61244
1.65765
0.461874
0.249466
-4.14008
24.7591
-0.664054
6.76818
-1.2291
-1.03411
-1.10427
0.205139
-0.320735
-1.13926
0.899298
-1.76513
0.776772
0.781538
0.435701
-2.44752
1.30013
-0.89653
1.28813
1.52231
3.34221
-1.55479
-0.308231
-0.303902
-1.80981
0.888827
0.370572
0.172308
-1.1724
-0.409982
-0.768629
0.314724
0.22412
-5.0778
-0.431916
-0.266469
-2.70014
2.38113
20.2822
0.244513
0.757209
-0.764847
-1.61677
-1.49541
-1.53306
-5.35215
0.224843
0.0401636
-3.05605
-9.84642
0.750932
7.26133
-37.0062
10.9122
-2.84369
-0.069078
-1.12293
0.417565
-12.7308
-8.27616
-0.31507
-0.17445
1.61026
-0.519162
2.15267
-0.299754
0.498184
0.916446
2.67218
-0.00163794
-0.533726
-0.534365
-0.927246
0.0523148
0.719809
-0.841083
2.08645
-6.32778
0.659489
-2.74069
0.266088
0.132554
-0.790558
0.0310671
-12.9112
7.9229
4.20735
1.17324
6.61281
-8.49516
-0.686298
-1.54565
-13.0526
0.969988
0.945574
-16.0319
-0.454387
-0.924045
0.917634
-0.79272
-0.366094
-1.291
5.09109
383.107
-0.208391
-0.0414316
-0.29828
-0.686601
-0.510066
0.574554
0.575851
-1.62724
-0.0553353
0.407862
5.98498
-3.44912
0.54211
-8.37663
0.843739
-0.23268
4.44621
1.1446
-0.267161
-0.390219
-0.117924
6.96493
-1.11231
-0.458225
0.933844
-3.234
1.12576
0.329564
-0.917953
2.14272
-1.26406
1.42606
-0.411026
-1.82476
2.25531
-0.27211
-0.117146
0.305304
-1.45465
-3.75733
-1.48246
0.481815
-0.439472
-1.41191
-0.320985
-2.47711
-1.03284
20.7212
-5.0391
-1.1818
-1.7134
0.694434
1.13297
-0.510985
-1.05982
-1.67916
0.0151595
-2.7047
0.0520638
-2.34752
-0.528834
-0.1946
-1.09406
0.874205
2.74925
-1.56165
0.733127
-0.257908
0.59269
1.28564
2.77989
-0.62068
0.327602
-0.89765
0.150439
-16.3727
0.109534
-3.26897
-0.90732
-0.898801
1.20919
-5.61114
-0.647863
0.25449
-0.273457
3.17682
0.317845
3.11876
-3.80781
10.3135
-0.99648
-0.071115
-1.86251
0.737607
1.76979
-0.653555
0.641581
-5.54177
-8.09124
-0.0215723
-0.838515
1.2265
0.0923645
0.353279
-0.436246
-14.6172
13.4898
0.305358
-1.97485
0.418541
-0.0622413
-4.1986
-2.64451
0.963925
3.20219
0.0386083
0.260955
-0.861673
-0.751437
0.711695
0.772146
0.496558
-0.00274385
-0.636749
69.2497
2.30023
0.308217
-0.452007
-0.0446441
0.760079
-0.988631
4.94089
0.244421
1.18194
-0.196096
0.373203
-0.807746
-0.852119
-972.362
0.200728
-0.485864
1.55925
-3.53021
-0.623469
-1.64868
0.987776
-5.08983
0.432715
-1.02898
-1.41188
2.19627
-0.140991
-0.584899
0.064049
-0.539187
0.416856
0.441666
-0.903999
-0.567261
13.0542
-0.929561
-0.0139963
66.904
8.237
-5.29072
1.91839
0.591756
0.203648
25.7933
-1.21389
0.310673
1.46045
-0.0672805
-3.11716
-72.4184
0.242592
-0.762336
2.06825
3.2087
-2.49041
-0.505904
-15.6685
-0.336235
0.228094
0.0393138
0.71534
-0.855063
2.77627
-1.13282
7.21703
1.00395
-0.164618
2.0381
0.772972
0.523075
-2.55317
-0.345277
0.884264
2.72944
-0.331816
1.80035
1.84581
14.3334
5.12977
2.24009
5.63076
-0.39113
0.118683
11.401
-0.192642
-7.91313
-1.08486
1.65299
0.825387
1.17342
-0.211226
-2.34914
1.43476
1.08405
0.805647
0.512301
0.686328
-1.39729
0.939357
-10.9719
0.640827
-0.23249
3.9928
-0.847417
1.74302
-0.432185
9.81757
2.54703
-0.773023
-1.05114
0.734689
12.9988
-1.38819
-8.52628
0.58226
-0.867503
-4.0039
-4.42492
-1.89738
0.680659
1.81031
-1.06992
0.211251
-1.67551
-34.2586
5.06174
5.92051
0.179442
0.93094
2.49001
0.917647
-1.88712
3.35018
0.136394
0.47021
3.56863
0.503708
0.782395
-1.50518
0.81965
0.0711285
3.34399
-0.210411
0.058695
0.301778
0.957186
0.00581261
1.64815
1.39186
14.6947
-0.87209
1.26469
-0.233614
-3.66548
-20.819
1.15794
-2.31111
3.25034
0.0936384
-1.65125
2.99934
-0.63029
12.7307
2.1354
0.494525
3.19134
-0.163033
-0.300519
0.570619
-1.58029
-1.11047
1.83579
-0.483642
-5.78482
0.337734
2.08453
0.0427508
-0.030893
-0.451602
1.24653
-0.10261
-2.57854
3.32371
1.13467
-0.12726
7.01225
-1.02161
-2.3491
-0.436274
-2.10435
8.4285
0.251311
-2.80632
-0.408446
0.322429
-1.43756
0.641719
2.48226
-0.689129
0.242525
4.9963
-0.897491
-1.21603
1.10827
0.604168
1.25776
0.937844
-1.5351
-0.937901
-2.29654
2.26739
0.588314
1.48317
5.2218
-0.722466
2.14021
-0.800153
0.0469011
-0.262771
-0.946464
-3.45268
-1.328
-1.73267
17.1938
0.235985
0.923871
-0.50786
0.790356
-0.17211
3.25171
-0.0593987
-1.79994
-10.5431
-0.159764
0.0157418
7.17133
-0.821554
0.737938
-1.30214
-2.35858
0.425174
-0.639188
-9.85408
1.03355
3.10761
0.938408
-0.518372
-2.52299
-0.449255
-5.13285
0.157567
-1.28492
0.655109
-1.4521
2.59158
1.46546
-6.38035
-0.912389
10.0139
-1.30975
-5.62605
-0.320423
-2.46384
0.354926
0.268108
-0.178439
0.231121
0.0855837
-1.8714
-1.11266
-3.16791
0.395418
4.07916
-4.24787
1.86908
-0.811226
0.321388
-1.44948
0.368162
-2.00207
1.75567
-0.615698
-0.0469019
-3.19532
-1.08968
-1.1129
1.125
-9.86035
0.496697
-2.01598
-2.65931
1.11602
-0.500824
0.732606
0.41654
-1.20845
-0.585042
-1.8026
4.23598
0.236374
2.12383
-2.47648
1.25112
0.664718
-0.28437
-0.529974
-0.10557
-0.228547
-17.1216
-0.411758
0.410978
-2.88634
2.22553
-0.296456
0.776881
10.5251
3.30159
-1.68136
1.32069
2.92809
-1.75567
5.94927
0.0508484
1.87118
0.151394
-0.697134
-0.924747
-1.64884
1.67442
1.86206
3.0718
-0.747631
0.362994
0.869982
-0.740096
8.95664
0.606849
-3.59569
0.0861393
3.05435
1.57754
-1.19447
1.78805
-1.00318
0.825705
1.05543
-0.261016
0.570168
-0.436172
-0.164628
9.41239
6.15012
-0.541885
0.147118
0.308598
5.37606
0.477164
-3.72383
-0.607694
-2.53035
-26.3781
2.10864
-0.628198
3.19657
1.35532
1.13308
-5.83392
2.33136
0.172371
0.173495
0.0890028
-0.587999
-0.607758
-2.41756
0.328531
-0.478938
-33.6631
-2.05799
0.666476
-2.37639
4.66679
3.47224
-4.08293
-4.49255
2.2273
-0.0495613
-9.14057
-4.98177
-0.273988
0.269763
1.69669
1.31545
-12.6304
-28.7012
0.316486
-0.646149
0.100092
27.7221
-0.371426
-0.856957
-0.32139
-0.294009
-1.44203
0.557277
3.76012
0.502841
-2.38393
1.39592
-0.723912
0.697306
-2.33262
0.099761
-0.26234
1.06793
-0.191881
-0.336159
4.25575
0.202596
-0.844169
-0.153313
1.09364
-0.791279
0.280273
-1.62894
-0.817484
0.151713
0.854874
-6.01737
-1.83284
5.2658
0.305484
2.84468
0.632436
-1.55795
-1.21974
-1.16518
-1.01151
-4.59919
-0.305122
-160.356
-0.0627356
-4.56645
-0.332372
0.268785
-0.837176
3.66157
-3.06359
2.80924
3.57845
0.250297
-0.35106
0.815049
-7.43953
2.78419
-3.30701
-18.3285
-1.48347
1.53857
0.516308
-2.98497
0.842199
5.23115
3.51221
0.184181
0.654811
1.50111
-0.224082
0.801018
-1.40092
6.90363
-1.96487
-0.884641
12.3281
1.119
-2.73323
0.469646
-6.27283
-18.9829
-7.94031
1.20632
-0.0452612
-1.34127
-0.0679283
-3.33448
-4.93784
-0.645947
13.9519
-0.269786
-12.3781
5.71445
-0.180927
-0.0138595
10.8471
0.535443
-0.797751
0.797967
-216.063
0.51337
-0.471072
-0.427031
-0.392892
-0.782135
-0.136451
0.845311
0.0333673
-0.0865132
-0.585276
16.3261
6.84619
-0.534106
-6.02436
1.1126
0.149324
0.0984645
-3.28221
0.223079
-6.47056
-1.20978
0.767181
-0.373573
-1.79375
2.30063
0.939849
-0.88059
0.586803
-0.498854
-1.79071
0.953051
0.681468
-0.682715
0.176679
-0.382359
-0.423467
3.32642
-1.27351
-0.170248
-10.9768
-0.0659815
-0.212809
-0.124888
0.694411
0.863351
1.79623
10.1045
-1.4431
0.141627
-3.39181
1.22749
0.142337
-8.27106
-0.564983
-0.112664
-0.483291
-0.0425157
-2.249
1.93874
-0.0853441
2.96208
-0.471091
-19.9764
-1.18761
-0.889872
0.0786823
0.523812
23.8983
-2.10916
0.796296
-0.956311
10.7855
-1.23975
-0.374007
0.255401
0.42439
1.00171
30.935
-0.586439
-1.34392
-2.25869
-0.394177
0.715576
0.558756
-0.749867
-0.592637
0.491834
1.68134
-0.81381
0.578424
15.1138
-0.186382
1.88682
0.41477
0.562559
0.442071
-0.31653
0.698483
-13.9805
-0.070461
3.56895
0.676934
0.390056
4.57107
-0.253186
-0.0790246
-0.59974
0.128157
-4.98743
0.0502622
2.04492
-10.2745
4.2309
2.99054
2.52613
-1.5763
-9.30873
-19.1379
-8.75436
-0.484807
1.53892
-2.35941
-0.845136
0.609277
-10.2269
2.39179
-0.217704
-0.191877
-0.852847
-6.19168
1.80672
1.08711
-0.757822
-1.26121
-0.238066
-1.29086
-0.224767
0.132904
-1.27326
-0.137745
0.565884
0.200752
-0.139569
3.52234
-1.35467
-1.02954
0.372184
-0.200833
-5.78349
0.147351
-1.3179
-0.564324
-1.57888
-2.00552
3.15033
17.3927
9.46161
2.242
-0.290518
-15.8797
-0.704175
-4.59803
4.16087
-0.275263
-0.539408
2.65795
-4.43616
0.259422
-0.530236
-1.13323
-0.939076
-0.254421
-1.1035
-0.265333
-73.8738
2.37962
-0.543674
-0.68398
-9.82183
0.30596
-0.167058
-1.82561
4.56484
-0.433779
-0.0803218
2.37053
0.225627
-2.51476
-0.885248
-1.90381
-2.19155
-10.8487
0.718675
-0.0158142
0.379599
-0.290729
3.71639
-1.17179
7.0986
-2.66851
-22.0579
-1.43376
1.81073
0.29077
1.18706
-1.16615
-19.5019
0.29582
-0.672441
0.875131
-0.641567
0.46018
0.143371
-0.7445
3.09854
0.0469338
0.385261
0.00543078
-3.35946
10.5646
-5.62143
0.818682
0.109121
2.54458
-0.902207
0.601466
0.139069
-0.69179
-7.25019
-0.72196
1.33664
2.15554
-1.47463
-0.0339961
-0.266987
1.53626
-0.997149
-0.443067
4.22115
2.7795
-0.542991
-12.6531
-0.172312
0.0970045
-1.63468
-1.2926
-0.239178
-0.0491531
-0.68574
0.159411
-0.953207
1.89563
-38.8402
-0.442215
-0.686087
-2.9791
-0.416817
-5.336
0.254074
-0.492532
2.06745
-1.10786
0.6882
0.553682
-1.08822
0.0378844
-1.45277
143.106
-65.4441
14.5297
-0.874287
-23.9286
1.0513
-0.543051
-0.46192
2.2429
3.60912
1.73414
0.801677
-0.723526
-0.356295
-12.9511
0.0614888
1.91346
0.188734
52.1633
-1.0419
-0.101777
33.1057
1.77622
0.272118
5.22878
-7.84195
-0.293168
-1.44009
-10.0805
-2.0981
-1.26263
0.705722
-0.387837
17.1108
-8.10175
3.60177
2.40398
-0.254391
0.564295
-6.55125
1.17956
-0.321504
-0.646007
-1.40342
-3.29262
2.48302
-0.000675608
-0.491387
-0.56513
-2.0727
0.579903
-0.198123
-0.823588
-1.20661
-3.80329
0.607471
4.35209
6.00428
0.440977
-0.0775913
0.428119
-0.644246
0.186877
0.00182255
0.15541
1.24553
0.693328
-4.27772
-0.323518
1.73276
-1.04601
-0.422511
1.6365
0.333936
1.41655
-0.000365795
-0.645282
1.39487
7.55161
-7.78809
-0.730008
12.5133
3.45964
-1.03511
1.20691
-5.03607
0.706689
0.498805
0.764423
1.84918
0.953406
6.06409
1.44079
-6.82341
-2.79973
3.27772
-0.656454
3.13405
-1.28289
0.730868
-4.23458
0.631536
0.797332
1.25053
-0.732159
-20.5377
-0.134477
1.21017
-0.264465
-0.847749
-9.83466
-0.535557
0.623015
1.56803
-6.75706
3.24863
-0.304325
0.557713
1.51534
-0.309947
1.0413
-0.916424
-0.908402
1.10823
0.499552
0.403333
-2.07522
2.3588
1.37566
10.2019
-1.15794
-0.718846
9.10223
0.835032
0.0321134
0.886778
0.556611
4.65951
40.043
2.1961
4.23047
1.20159
0.460234
-1.91321
0.221735
-2.81219
-0.623672
0.302361
-2.74938
-0.0647117
-39.909
0.00441132
1.33338
-0.992248
2.05728
-3.50302
-1.01935
-0.595912
2.80705
-0.154494
7.2071
-0.957309
-4.0055
0.095696
-4.30499
-2.66233
-0.140041
-0.0947981
2.20317
-8.94184
-1.99899
1.51304
0.0550358
2.48741
1.55996
0.104981
0.508476
4.57518
-0.725651
-0.463122
0.334422
0.221654
-0.477113
1.0317
-2.56091
0.253876
-6.2147
-1.06702
-2.61768
4.66807
-2.43418
0.174817
-6.37841
0.468765
5.37605
-2.96041
0.460172
-0.769574
1.58152
-2.64551
1.04967
-4.21485
0.917827
0.0750374
0.469874
0.560352
0.292826
0.501128
-0.126861
-0.409806
-2.53418
1.35619
5.45376
2.8436
1.70728
-47.3773
-0.917675
8.87633
-1.59508
-0.598124
0.589908
0.550005
-1.9684
3.80158
-11.4912
0.463228
0.180062
-13.9089
-0.440752
-0.312203
5.88124
-0.317313
0.480049
-1.16478
-0.146871
0.212875
-0.418057
19.8781
0.703046
0.0292681
0.303344
2.87805
1.34534
0.236145
0.479246
-2.70014
1.78351
-0.659751
1.34097
-0.603203
-0.368403
-0.565866
-2.58476
1.06504
-1.03478
0.131174
2.85038
0.430449
20.9502
6.95509
-0.246747
0.340818
-3.47852
0.287208
-0.630959
0.640456
0.705584
5.41708
-0.584844
-1.14769
0.885444
-0.250679
-0.522535
-2.78116
-0.320664
0.182314
-1.3345
1.95428
-0.255758
-0.127468
6.14332
0.601686
2.3509
0.820799
0.269797
0.342599
-0.526059
0.776055
0.653459
3.61103
0.382824
-0.130278
-33.527
-12.7468
0.148728
4.679
0.443547
8.85928
0.170774
0.343535
-1.01218
19.8043
1.44133
-0.656722
0.776978
0.15216
3.35076
4.06659
2.09408
19.8383
0.152962
-1.36981
-0.383066
-0.0447506
-3.96558
0.426432
0.893576
-1.75738
-16.2177
0.176206
9.43275
0.206979
0.24924
-5.27872
0.571443
0.397468
-0.394701
1.74295
-0.474688
0.180774
5.31609
-0.313009
1.78585
-1.63024
-0.599777
0.949212
1.51926
0.244179
1.69888
1.09037
1.8233
-2.12838
-4.23516
-0.41141
9.18968
-0.0831631
0.136586
0.871783
1.0569
-0.0068762
-11.6606
0.0527173
-0.872038
0.972274
1.3856
2.16151
45.5638
0.797324
1.34752
2.87863
13.4999
0.493635
1.06333
5.52503
-0.876881
-0.433617
0.783709
0.675511
0.918201
-0.494546
-5.00965
-1.65842
-7.75261
-0.217575
0.359256
0.65241
0.321252
-0.481064
-1.34801
1.913
2.31838
10.7141
0.392079
-11.7731
-137.996
-0.321558
-0.682228
4.1434
-0.81804
-1.65688
0.848642
2.90415
-2.7227
0.154653
-0.544202
-0.274791
-0.413011
-1.41727
0.0425686
19.8193
0.420085
2.78531
12.969
-0.0286144
0.140529
-0.369361
-2.05969
1.94198
2.04243
0.847516
16.4788
2.04066
-1.86979
0.312873
1.75706
-1.42201
-0.160163
2.19556
0.578722
1.14582
3.69955
-0.0150336
0.321139
-1.58123
-25.175
-0.300627
-1.12136
-0.360987
-1.27234
1.03861
0.558659
-2.0015
-1.34751
-3.80002
-0.65161
1.24133
1.61671
-1.36586
-0.93926
-0.375099
0.837288
-0.609078
-4.24425
-3.77347
1.15126
2.11859
0.800634
-0.0195564
1.13037
1.53376
0.474114
-0.683666
0.365197
1.17852
-3.63823
1.47678
5.75257
1.86936
-2.40725
-0.518762
2.1133
0.263292
2.43559
-1.20928
1.88018
0.390202
-3.09994
0.506604
0.193618
0.750917
-0.201424
-3.06273
0.111804
1.14103
-0.36422
-0.980173
-0.72233
-0.483011
1.19928
1.77131
-2.29245
-1.39806
-0.823684
-0.310244
-2.0698
-0.266048
-0.377871
-7.63671
1.20404
-0.041627
1.47717
0.182088
-1.61154
-2.4523
-0.974375
0.902738
0.049134
0.443692
0.611483
3.20352
-0.289048
9.70116
-1.34873
1.71635
1.68037
2.03253
0.547469
-2.2355
-2.05101
-2.93306
0.151203
0.438739
-1.29365
-2.80662
0.722862
0.203892
2.49989
0.414057
8.57266
-0.444856
-0.935949
30.8418
-1.3938
-36.7267
-2.77519
-2.29541
0.588463
1.36844
0.911161
-56.3159
4.54324
0.492464
-0.515853
-3.16076
2.19027
-0.417657
0.145411
0.85209
0.0970537
-0.217034
0.217988
7.5185
-11.5679
0.0540401
10.3647
0.216864
0.342873
-0.903728
-19.6197
-2.85769
-0.466368
-2.90604
2.50488
-2.31653
6.48727
0.175474
2.10027
0.0192073
-0.859961
-1.78847
-0.681859
-1.55429
-0.610664
1.21312
1.36957
-0.620489
-1.58778
1.25723
-1.00282
-5.16825
-3.35336
-1.09909
0.442633
0.167479
0.935816
-1.13231
-0.551283
-0.735681
5.04161
-0.559578
7.68325
-0.580932
0.956743
0.079505
4.64344
1.87126
0.631248
-0.906182
-8.41699
-1.0604
1.34841
34.0592
0.0849628
-0.387931
-0.159975
0.538695
-1.06149
-1.04477
1.51333
-2.00386
-4.67608
-2.38574
-6.34504
0.461119
-1.54895
0.230228
-0.618286
21.9444
0.68466
-3.37253
-0.942216
-3.55926
0.172091
-0.58522
-3.37473
1.40739
0.825746
0.083439
-0.653419
0.629366
-0.391889
1.48279
-1.48624
0.685418
-2.52612
0.342729
0.710988
5.36687
-0.597407
-0.140706
-0.438989
-0.890178
0.401265
-0.478735
-0.55186
-0.0876304
-3.8088
258.37
-0.869702
0.53348
0.828846
0.0286255
4.5995
0.260216
-1.47042
5.95542
-0.196237
-2.73424
-0.00609001
1.07548
1.79513
0.214923
0.244954
-14.4931
-0.5794
-0.0798494
-0.14171
-0.277819
0.571682
2.43354
1.02627
0.872978
0.394647
-0.396149
-75.0325
-0.412261
-1.56796
-1.23721
-2.08156
-0.221222
1.11049
0.0651807
1.25243
-1.14347
0.192019
0.720378
3.44722
-1.77049
-4.21804
1.28325
2.39204
0.249162
-0.205309
-6.80838
-0.166975
0.679685
8.57958
-1.32845
-0.493977
-0.399848
3.21194
0.132303
-2.77324
0.484591
-0.37647
0.380001
-3.10262
-3.40305
-0.695342
-0.807172
-1.47691
0.090723
-10.322
-0.438713
-2.80977
-4.73186
-1.8305
-1.46543
0.0824343
-0.24777
-0.490365
0.15196
-0.453558
0.793135
28.6405
0.0082079
0.287769
1.33697
0.271565
0.38095
2.21785
-0.0827247
-1.70353
-1.01612
1.59076
-0.503975
2.94297
-1.13593
-1.5925
0.438919
0.0374039
-0.0574187
3.74842
0.0908649
0.880736
4.37206
0.805823
6.5949
-0.368934
-0.636872
-0.970711
-3.76704
-0.125709
-2.99024
-1.35606
0.457993
0.436909
-0.179111
-2.513
0.00964636
-0.259313
1.24023
0.235775
0.0584041
0.475286
2.39373
-26.7581
-2.27498
-1.78173
1.27758
-3.47104
0.217559
-1.20149
0.95564
-0.636522
-0.809568
1.35895
0.446209
-0.468397
-3.92479
1.43561
-0.807441
1.58311
0.399407
-0.879626
0.510351
-3.36981
-0.0276253
-4.86027
1.43911
0.467486
3.86624
0.997348
-1.52588
-1.40707
-0.341092
0.189265
1.13309
0.242311
-2.43398
0.811692
-0.0670413
-1.06091
0.168122
-0.481223
5.26593
-0.157664
-6.27036
-0.021545
-0.0431093
-39.1217
1.00228
-0.847638
-0.824272
4.85773
-0.486936
-0.0849259
15.3261
0.714549
-3.689
-4.26166
5.28754
0.381603
1.38209
0.333525
-0.0413341
3.66231
-1.06817
-2.49788
0.1336
0.0632798
-1.03186
-1.04029
0.862283
-0.668669
-0.318366
-2.93279
2.07806
1.29641
1.43264
1.04279
1.04241
-0.452925
-0.010856
0.215229
0.161295
2.00696
-0.0791431
-1.53017
1.52061
2.74605
-0.776398
0.209702
-0.277502
-2507.58
-0.42519
4.86611
3.15916
-1.71384
0.487823
0.643341
0.161128
-1.92224
0.138729
-2.74612
0.54468
-2.55533
-0.57069
-0.339885
0.632074
-2.44427
1.0244
0.333862
1.2721
-1.18962
-14.6546
-0.513708
-0.503834
-0.719597
12.5191
-13.2512
-0.0775927
-0.224214
-0.644714
1.61625
0.50304
0.288837
0.560521
-0.920426
-53.529
4.84749
1.73657
-0.842971
-1.06963
0.484585
0.478109
1.14636
0.223329
2.63226
1.04657
0.128228
-0.340378
-0.109375
-0.150542
-0.73434
4.12901
-0.813197
0.961676
-0.65092
-1.41515
-0.90906
4.15792
-0.37123
0.467574
7.92667
0.112906
-0.894978
-0.104693
-1.0284
12.6782
-1.93936
-2.886
0.549228
-0.365197
-0.640247
2.17714
-5.44022
-2.35423
1.15039
3.04466
-0.598144
2.84555
0.206267
12.0792
-2.05542
-1.12298
1.21101
-1.23173
0.809871
4.48666
0.291051
-1.75332
2.88701
-0.851025
-5.6646
1.00408
-0.82894
0.333945
-0.574574
0.00917782
1.72769
4.67604
-0.958022
-1.15725
-1.11882
-1.84751
-0.515703
0.36178
7.50423
-1.14119
1.31701
1.02475
4.6668
5.90328
-3.44948
0.111075
3.32306
-0.183
-4.39639
-0.251238
3.76814
-1.56103
-9.92085
-0.97886
-2.49739
-11.3625
0.667804
4.56702
-0.861657
8.03497
-16.4442
13.3629
-0.252086
0.180539
-0.425518
0.44188
0.839181
-2.03089
0.311616
2.0843
10.0212
3.3487
-8.93797
-1.03158
0.0307759
1.58335
-1.94558
1.15112
-47.6475
0.394525
0.282472
-0.0415077
1.57552
-3.94051
1.55741
-4.30404
0.0434142
8.23096
-0.654602
1.30427
-0.396596
-0.562238
1.57412
-1.07794
-88.8986
0.104827
-0.791866
0.896806
-1.38166
-1.9113
-0.410035
0.100413
3.62913
8.84872
-4.26519
-0.497609
-2.54193
-0.384522
-2.05746
0.272528
0.052671
-0.796032
-0.303417
1.2711
-0.20307
-0.351069
-0.155092
-0.571131
-1.51405
-2.21476
1.49928
-0.883019
3.86742
-0.161057
-162.821
0.45608
3.39064
0.460071
-0.324152
-15.121
0.189987
0.0249363
-3.47105
39.3161
0.13673
0.166896
-0.216296
-0.399402
0.134873
-3.83414
0.600849
-0.560961
7.2363
1.41765
-0.949957
0.183892
0.707637
0.59229
-2.66553
-0.787799
0.17658
2.22925
44.798
0.608313
0.446647
1.20745
-0.95967
-0.600623
0.782314
4.16827
0.354601
1.0832
1.58817
-2.11452
0.00291581
0.50666
0.216371
0.324084
4.58556
-0.308656
-0.376569
0.383708
1.17415
-24.2517
-0.541385
-3.08649
2.9217
1.89985
0.18784
0.0394564
3.66636
-0.893059
0.0412454
-1.30871
0.293213
-0.462345
-0.0102717
0.576649
4.10792
2.20943
-0.110699
-0.807293
-0.412222
-0.0524206
-0.511768
-3.67369
-0.0344884
-1.01482
1.90941
9.66375
-21.9743
0.345465
1.35712
0.277115
-0.596823
0.17957
-0.302441
2.39829
0.930319
-0.0289664
-2.75125
13.234
-2.68833
0.120255
-0.368868
-1.34355
-3.67151
-5.14851
-0.375841
-0.536161
-0.150414
-3.22816
7.10372
2.82573
3.11554
0.028326
0.647457
-1.97364
-0.406613
-2.70393
-0.556965
0.91162
0.143304
-5.54643
0.420992
-0.969717
-0.919419
1.85538
-0.546068
6.36144
-0.125922
2.54885
4.0242
0.677989
0.212025
-7.11793
0.750173
2.00426
-4.70276
-50.5173
-0.979513
4.45066
1.11886
-0.505651
-8.52295
8.48329
1.90401
-0.345744
-0.399943
-0.219327
-1.6381
-0.476972
-0.14993
-0.107259
1.10669
-0.265322
1.75584
-0.437701
2.8875
1.83147
-0.293667
-0.713171
0.326827
0.720256
-0.714633
-0.667661
-0.387554
-0.711295
-249.212
0.47757
0.454403
1.1598
3.60251
-1.03821
0.531824
1.13099
0.479282
-3.20699
0.103602
-0.0368246
1.29152
0.641327
1.30986
-0.97136
-0.374087
-2.78205
-0.557064
64.7396
-0.525904
0.770574
-2.10336
-1.06017
0.508158
0.58539
-0.0541328
-0.419995
-0.372393
-0.0812852
0.886972
-5.87779
2.16302
535.302
0.608107
2.1058
-0.2363
0.908552
1.26122
0.308433
-0.439187
0.153582
-3.17078
1.3724
6.15358
1.87559
-0.570401
-3.78518
7.87693
-2.68861
-0.827726
-2.06744
-1.68138
2.0538
0.52573
14.5898
-0.299476
0.417441
-1.96547
25.5005
-3.21132
-8.85506
0.491623
-0.508226
0.908845
0.298363
-10.5698
-1.13859
-1.36115
0.868667
-0.959926
-0.13315
-0.460375
0.335922
0.487076
1.12431
0.124277
-1.79633
-7.02195
-0.805159
0.872251
5.32164
1.63232
2.83204
-0.0977513
0.723686
0.842952
4.6047
-0.172676
-0.65018
1.75279
0.00038162
0.179949
0.176111
-0.508959
-0.51654
-0.592608
2.63821
-0.458294
-3.08434
0.78373
0.0185385
0.231416
-2.10927
15.5853
0.45687
-1.92138
0.36805
0.712477
6.19909
0.415193
-1.57643
0.574717
-0.849513
4.48796
0.027047
0.914229
-2.97909
2.13077
0.31608
0.886782
-0.532716
-3.44989
0.205687
-0.303409
-1.83765
-1.3499
-0.375634
0.298122
-0.86319
0.930421
1.18442
0.194688
-3.2323
-0.130821
-0.897805
2.37386
-0.034199
-3.01592
-0.300413
-0.791124
0.922669
1.1062
-0.37967
0.371313
-4.08485
-1.10338
0.259226
-1.11655
0.737032
1.15667
-0.820782
-0.400883
-9.00054
0.471369
-2.29582
0.85248
-0.751768
-0.330132
-2.13779
-1.95667
-7.05778
-3.24525
0.299306
0.327958
-0.16751
0.216293
1.68959
-0.404072
-9.47895
-1.32109
-1.92057
-0.706142
3.03457
17.867
-0.703877
-51.5174
2.76175
-0.648799
1.73871
-0.502499
5.20988
1.4276
-0.489708
-0.313435
-0.175369
0.242154
0.0490501
-0.0137738
0.775568
-12.8209
-3.31479
-0.141848
0.760635
4.79672
-0.268885
-2.39385
-1.49138
2.77029
-0.647157
-0.715059
-1.03856
-1.59148
6.8743
1.0344
-0.638473
0.535565
-0.450793
-1.3797
0.0198186
-0.935755
0.0709834
7.46723
0.375802
-1.64353
-0.849359
-0.732779
0.652192
-4.11395
0.456533
-0.811603
0.671829
1.66479
12.6525
-1.66677
-41.5184
-1.28349
-4.69588
1.96939
1.19762
0.711862
0.311581
0.976797
-3.01879
-1.39812
-0.174336
-2.90216
1.19185
-2.58567
-0.793355
2.07162
0.476367
-0.0931537
-3.13329
-2.56113
-0.0467639
1.24529
-6.28214
-0.361582
-2.31308
-2.16064
0.804266
-2.88175
4.59348
1.48608
-0.284866
0.0364969
1.17588
-0.334011
-0.554379
0.795069
-0.873631
-1.66468
-2.12127
0.572845
-0.305586
2.15496
-0.870022
0.444308
1.55995
7.49469
-2.17746
1.17866
1.19291
-1.35298
0.214038
-0.166112
-1.13902
-0.90889
-1.13456
-0.100854
0.973797
0.180992
-2.41548
0.646957
-0.311762
-7.51206
-1.26213
-1.07027
2.9385
1.17308
-1.21313
8.16335
4.65219
4.05751
-0.213583
-2.75646
-2.70976
0.938433
0.479718
0.172854
1.01399
-0.104115
-0.747789
95.7814
0.434822
1.30848
-0.41086
4.28876
2.47132
0.486101
1.73302
-0.468324
-0.0757891
1.31494
-0.235323
0.340971
-6.10932
-0.0868125
-0.914689
0.236071
-2.13761
-7.51774
-2.02925
0.668176
1.27327
-2.12951
2.09894
0.122267
1.71815
-0.985442
1.60351
0.785621
0.514447
1.84663
2.23983
0.756856
1.95369
-9.27104
7.72835
2.2014
0.235105
-0.09127
0.633898
-4.16085
-4.12944
-0.522034
0.325966
-0.343897
-0.690728
-3.83476
-0.414414
-1.15723
-0.202867
2.612
-2.3541
0.193276
0.116297
-0.0956301
-0.451703
1.19268
-1.64635
-0.645718
-2.54945
-0.232847
0.447773
-1.16121
-3.05855
-0.254741
0.867373
0.346441
7.13737
0.304009
0.534116
0.12998
0.662961
-0.358084
0.28457
0.787761
0.540174
1.05542
1.92152
-1.67273
-0.861459
-3.15286
0.385406
0.566898
0.0141191
-0.642516
-1.26928
-0.879641
-1.78696
-2.51952
1.65076
1.26901
0.717134
-0.0289382
-2.02333
-7.29999
0.0568838
0.121346
-0.860931
-0.00880695
-1.34187
-0.485674
0.637085
-11.0943
-3.64655
3.36882
1.05137
5.16476
2.62886
1.3344
-0.560505
-1.8182
0.504605
-1.36752
-1.0348
0.176418
1.06144
0.892734
-0.381603
-0.139216
-0.372661
1.01104
-0.0688875
-0.621655
0.908526
-10.4041
-2.03095
-10.5132
-1.49574
-0.103329
-0.405152
0.763655
1.88092
-0.230953
0.265313
2.62197
1.09401
-3.99781
-0.137299
1.92072
0.0504397
-0.564201
-5.48777
-5.54555
-0.773126
-0.896773
-1.00263
298.612
0.781949
9.44935
-0.346211
-0.385651
0.669045
-1.48136
1.30675
26.3793
0.884618
3.48254
0.962908
-4.74177
0.230064
0.09061
0.560755
0.280141
642.059
1.13663
-0.71375
1.26492
21.7792
1.59867
-0.458837
2.12178
-1.37673
-0.315809
1.89608
-0.886409
2.59572
-5.95765
9.12719
0.529274
-0.389373
-1.72251
0.0535186
-1.1825
0.919459
-3.37446
-5.0991
-1.14173
0.615485
-4.33498
0.793521
-1.51768
1.63763
3.54379
-0.11233
1.20097
0.274392
0.909401
10.7727
-0.55249
1.92299
-4.52926
1.11132
-0.37814
-0.526267
-1.54781
0.813431
0.133325
-0.925932
-0.276163
0.280988
0.979467
-11.0641
0.735317
-0.104011
-11.6236
1.42964
4.07626
-1.94174
1.72903
7.05279
-0.158307
-3.37032
7.08058
-0.0877468
0.188967
-1.1316
-3.80043
4.20104
25.7607
-2.44013
-1.88208
3.94888
-0.348163
-0.489282
19.1933
4.19543
-36.9794
2.85893
-1.92191
2.2569
1.16855
6.22109
0.792271
0.496955
2.45945
-0.363411
9.25093
7.16889
-0.0166322
3.58164
2.71833
-2.71718
-0.149007
-2.57711
1.50242
-1.64666
3.04393
-0.427129
0.298884
9.76076
1.25254
-1.15991
-1.12802
-0.983141
-0.420841
-0.317831
0.392015
0.623059
-1.56438
0.454805
2.07448
-1.71683
0.0307271
-0.164373
8.69348
-0.144144
-1.88878
-0.471677
-0.61039
0.179997
-2.33033
-1.57
-0.740369
2.1964
0.0857729
1.97327
