0.645917
0.433123
0.52049
0.62584
0.511617
0.46714
0.64317
0.621484
0.437963
0.412509
0.450666
0.750122
0.550764
0.599413
0.400228
0.487681
0.458882
0.479311
0.562001
0.189257
0.407148
0.581666
0.533997
0.267184
0.541416
0.556463
0.406501
0.432249
0.604328
0.604626
0.334031
0.541469
0.69086
0.653027
0.398996
0.661444
0.3869
0.461442
0.232517
0.336479
0.336809
0.449658
0.530079
0.636363
0.738293
0.816853
0.204449
0.50967
0.502508
0.224018
0.403847
0.413294
0.557624
0.473953
0.343802
0.324854
0.685168
0.521372
0.517179
0.237583
0.686452
0.465827
0.425184
0.522264
0.463668
0.529073
0.685914
0.520983
0.705539
0.221627
0.405366
0.485465
0.585612
0.504707
0.524503
0.129284
0.36357
0.51637
0.576535
0.338333
0.533753
0.436127
0.499347
0.455843
0.554038
0.411077
0.453
0.574494
0.332339
0.577669
0.502229
0.344533
0.523318
0.324559
0.655542
0.528241
0.426985
0.410345
0.328903
0.251021
0.47225
0.350491
0.652495
0.440081
0.45724
0.514802
0.499095
0.494147
0.505345
0.543135
0.424061
0.851738
0.639023
0.424376
0.517814
0.649618
0.386015
0.342355
0.536329
0.384522
0.284697
0.541594
0.554078
0.476066
0.573053
0.59334
0.54382
0.611678
0.511562
0.454946
0.401794
0.438965
0.342843
0.738701
0.684367
0.529421
0.425117
0.483826
0.488738
0.510728
0.443629
0.32038
0.487527
0.663028
0.611459
0.408007
0.61323
0.475767
0.482412
0.526078
0.38764
0.313489
0.633784
0.304054
0.414277
0.65713
0.5119
0.749682
0.515096
0.656869
0.400938
0.414601
0.519632
0.606758
0.664173
0.607403
0.534274
0.552663
0.561574
0.417407
0.267387
0.464269
0.369577
0.361155
0.504038
0.199067
0.475463
0.339648
0.660391
0.589592
0.303618
0.447916
0.456619
0.39225
0.624107
0.478905
0.588945
0.312642
0.521442
0.598626
0.523096
0.503305
0.345806
0.645829
0.545922
0.618631
0.468783
0.452402
0.578652
0.580769
0.315892
0.634466
0.659609
0.500498
0.30005
0.431645
0.538177
0.218159
0.440908
0.454767
0.483243
0.360331
0.588536
0.540871
0.602708
0.59519
0.596027
0.727795
0.406399
0.429534
0.680503
0.286846
0.539651
0.407918
0.308069
0.347677
0.592054
0.502913
0.424228
0.689902
0.474603
0.647246
0.272026
0.45535
0.594301
0.344706
0.396861
0.566051
0.680065
0.566817
0.687039
0.347686
0.475396
0.525
0.656256
0.506801
0.666215
0.500516
0.408322
0.561564
0.516971
0.382866
0.661746
0.468306
0.511357
0.446387
0.434583
0.426009
0.508914
0.487913
0.5371
0.203808
0.614586
0.327962
0.286021
0.466511
0.700602
0.58489
0.490717
0.533032
0.710608
0.575602
0.376057
0.374154
0.612837
0.556309
0.362416
0.439499
0.656601
0.539607
0.540454
0.418211
0.635009
0.625999
0.532954
0.621485
0.583413
0.453506
0.260587
0.584368
0.470687
0.651855
0.41172
0.394593
0.498311
0.410038
0.403114
0.561754
0.645995
0.318957
0.609843
0.553709
0.333928
0.694024
0.496393
0.580486
0.458822
0.544622
0.510249
0.349346
0.557966
0.435434
0.274508
0.417427
0.523073
0.44483
0.462999
0.318166
0.390647
0.502617
0.442822
0.641392
0.650845
0.386881
0.463541
0.72972
0.22181
0.449788
0.554522
0.560048
0.616587
0.565995
0.513299
0.471237
0.376988
0.764504
0.535671
0.359263
0.560961
0.393998
0.316318
0.689513
0.751714
0.630032
0.556828
0.791678
0.218313
0.776091
0.532497
0.443781
0.415733
0.524102
0.422334
0.474798
0.590327
0.477113
0.487216
0.595637
0.483699
0.619731
0.633922
0.399901
0.339587
0.441595
0.628971
0.571931
0.356399
0.535401
0.583358
0.4316
0.440483
0.532283
0.530936
0.483736
0.456413
0.301048
0.539339
0.39387
0.501036
0.68971
0.449158
0.569326
0.414593
0.46294
0.216966
0.591926
0.657896
0.390785
0.379372
0.451325
0.508631
0.444664
0.353614
0.510292
0.447963
0.297251
0.596269
0.457961
0.612419
0.213092
0.463096
0.155964
0.373701
0.535266
0.413281
0.455646
0.584834
0.567337
0.400552
0.481554
0.605458
0.535232
0.367809
0.474836
0.508991
0.575324
0.343541
0.126845
0.402697
0.186423
0.61606
0.683416
0.287929
0.426793
0.68037
0.558167
0.587291
0.423809
0.413497
0.371608
0.610132
0.653132
0.69473
0.763567
0.765651
0.264901
0.561187
0.55967
0.218183
0.483631
0.646264
0.377714
0.572651
0.752308
0.615122
0.624417
0.346303
0.664344
0.86973
0.664023
0.39899
0.633104
0.484895
0.56287
0.537415
0.559934
0.45098
0.572503
0.464794
0.318987
0.389918
0.571081
0.407828
0.79046
0.286019
0.720317
0.315925
0.521593
0.395634
0.513484
0.497524
0.424268
0.489938
0.4081
0.645667
0.545244
0.519013
0.792849
0.526491
0.654732
0.195603
0.688561
0.383082
0.544769
0.271889
0.503211
0.572417
0.732768
0.767475
0.24493
0.440559
0.518952
0.702504
0.557896
0.492551
0.508673
0.554031
0.41533
0.576695
0.410535
0.499918
0.332039
0.332379
0.455981
0.312774
0.515141
0.506858
0.621606
0.542743
0.443747
0.496249
0.506664
0.564875
0.662982
0.482435
0.528596
0.402963
0.620335
0.699974
0.421167
0.572039
0.406914
0.460955
0.593967
0.557373
0.555822
0.582857
0.34837
0.376235
0.576004
0.702918
0.422124
0.61351
0.46314
0.526523
0.499749
0.60347
0.548404
0.357381
0.394901
0.323695
0.659283
0.310349
0.468632
0.505836
0.530595
0.336973
0.54744
0.54015
0.59387
0.528221
0.669575
0.401617
0.483505
0.534223
0.50809
0.355916
0.641382
0.39874
0.654543
0.0712714
0.60966
0.394728
0.626426
0.480607
0.324595
0.720967
0.481716
0.377663
0.431623
0.438886
0.451308
0.616846
0.621477
0.660165
0.469373
0.401967
0.445409
0.712565
0.696338
0.432493
0.430105
0.592961
0.361455
0.722202
0.523647
0.548268
0.342944
0.465608
0.525927
0.398756
0.363048
0.309415
0.471742
0.432025
0.581713
0.353362
0.442923
0.554126
0.473169
0.67707
0.806298
0.597401
0.480475
0.342921
0.645039
0.569387
0.448865
0.392248
0.528616
0.606706
0.393067
0.721614
0.526481
0.501432
0.3788
0.442809
0.607054
0.430631
0.585547
0.395513
0.38926
0.684334
0.426125
0.652721
0.460577
0.401239
0.757053
0.349812
0.393624
0.439172
0.419576
0.5483
0.551838
0.489393
0.670386
0.54124
0.56179
0.556931
0.628381
0.601148
0.651638
0.446378
0.382778
0.301988
0.637641
0.393255
0.450704
0.409146
0.42764
0.650647
0.580201
0.376464
0.564832
0.67127
0.276984
0.524868
0.538707
0.614293
0.468971
0.466481
0.743012
0.558582
0.658689
0.301367
0.582286
0.230028
0.366278
0.42725
0.456628
0.66702
0.51961
0.698305
0.445732
0.578103
0.556677
0.635891
0.543046
0.318569
0.490996
0.476959
0.453518
0.463794
0.344451
0.545949
0.276499
0.328412
0.733461
0.610673
0.580771
0.419742
0.53217
0.645685
0.391615
0.475866
0.427714
0.447887
0.519593
0.683608
0.393632
0.754739
0.755067
0.566468
0.672834
0.387897
0.538157
0.250181
0.584781
0.223046
0.616153
0.733357
0.624937
0.565076
0.463564
0.298233
0.549098
0.337663
0.626837
0.383531
0.340724
0.48531
0.547959
0.50611
0.424312
0.497508
0.519127
0.364484
0.559532
0.518957
0.243461
0.596203
0.445215
0.282751
0.66234
0.509146
0.364176
0.427692
0.414913
0.487114
0.362734
0.424947
0.49515
0.511962
0.70498
0.288134
0.660532
0.483523
0.262283
0.475768
0.637022
0.696383
0.553051
0.473206
0.389025
0.39741
0.564862
0.476485
0.730935
0.453957
0.567995
0.562731
0.517748
0.370468
0.332199
0.347173
0.354055
0.36763
0.421905
0.577798
0.510026
0.256224
0.472676
0.44388
0.455268
0.476779
0.515589
0.568991
0.560748
0.52154
0.657624
0.373824
0.338275
0.59895
0.554668
0.536627
0.667862
0.340848
0.507999
0.712952
0.406199
0.293156
0.52228
0.521674
0.29343
0.282647
0.499328
0.53702
0.718421
0.532043
0.591804
0.279084
0.721414
0.326453
0.658191
0.456621
0.482634
0.44515
0.467128
0.43083
0.66035
0.499569
0.486423
0.338418
0.514868
0.602881
0.519647
0.393954
0.317638
0.58672
0.249584
0.4991
0.447501
0.630784
0.510297
0.689508
0.488137
0.341764
0.404154
0.475404
0.450038
0.676087
0.441599
0.461306
0.3533
0.419348
0.313302
0.502831
0.649707
0.393432
0.578804
0.568949
0.478102
0.645592
0.713937
0.577476
0.498688
0.274107
0.71087
0.467643
0.321503
0.460498
0.248193
0.629705
0.632048
0.513045
0.491175
0.44785
0.642235
0.191004
0.560341
0.305193
0.695241
0.390252
0.404459
0.680907
0.485196
0.652244
0.585536
0.528136
0.392265
0.538266
0.750675
0.302237
0.374765
0.625764
0.519698
0.613265
0.615371
0.274655
0.418053
0.661872
0.519845
0.827093
0.560214
0.597556
0.564449
0.598502
0.3368
0.682527
0.651488
0.451278
0.645019
0.479347
0.449014
0.482224
0.561543
0.388511
0.56745
0.473622
0.493053
0.581887
0.487956
0.53502
0.524728
0.504336
0.549034
0.584067
0.461916
0.700079
0.481995
0.571641
0.534832
0.369882
0.544119
0.547318
0.489
0.443558
0.631046
0.490116
0.662414
0.679587
0.576272
0.506979
0.670212
0.455962
0.703466
0.544472
0.563629
0.526106
0.643349
0.490661
0.655833
0.36962
0.736414
0.593431
0.535007
0.514499
0.610033
0.324165
0.405926
0.446615
0.556332
0.413457
0.374918
0.710998
0.277238
0.726531
0.748095
0.261535
0.55581
0.684479
0.646289
0.500996
0.52735
0.533923
0.418321
0.497979
0.747863
0.389028
0.291787
0.653907
0.59779
0.588981
0.64093
0.560193
0.540935
0.510429
0.446814
0.628125
0.526378
0.633434
0.216707
0.443035
0.537669
0.67314
0.527302
0.397339
0.440516
0.755467
0.538515
0.557715
0.757797
0.538234
0.438445
0.440018
0.828217
0.56948
0.541675
0.377594
0.620232
0.54945
0.457124
0.406913
0.632511
0.144565
0.521779
0.447618
0.391719
0.420145
0.384963
0.566987
0.351795
0.54919
0.615464
0.292721
0.619186
0.358933
0.550537
0.430221
0.307191
0.343261
0.540088
0.464895
0.510176
0.45168
0.358449
0.55629
0.454006
0.624888
0.726139
0.385356
0.510519
0.649977
0.539596
0.481152
0.367889
0.527873
0.451583
0.767573
0.45067
0.661118
0.65111
0.729148
0.32731
0.567096
0.600267
0.448705
0.391902
0.692032
0.50607
0.42624
0.742491
0.542652
0.416871
0.611311
0.500804
0.469565
0.682263
0.490574
0.746948
0.63976
0.718789
0.643943
0.515315
0.44187
0.465869
0.549607
0.571293
0.700146
0.450742
0.668608
0.437763
0.360674
0.330129
0.418561
0.359994
0.591762
0.430758
0.454805
0.600177
0.551518
0.330646
0.373048
0.37028
0.567378
0.436611
0.444177
0.594379
0.299064
0.418161
0.559212
0.408405
0.478774
0.619649
0.526633
0.344143
0.506935
0.426255
0.707838
0.512004
0.701893
0.408361
0.438039
0.41897
0.536509
0.585564
0.45436
0.678274
0.429529
0.376916
0.391426
0.348783
0.48648
0.447766
0.414812
0.466254
0.401762
0.404286
0.607926
0.596143
0.544956
0.271709
0.52825
0.367462
0.570554
0.437486
0.380464
0.577305
0.628246
0.430703
0.649283
0.542699
0.433568
0.497812
0.382521
0.495747
0.715444
0.644135
0.559836
0.463805
0.623445
0.431886
0.726071
0.361531
0.495322
0.418217
0.667366
0.577705
0.402478
0.509693
0.777128
0.417157
0.56197
0.599802
0.667265
0.526077
0.388736
0.509674
0.354074
0.475295
0.428039
0.603858
0.570256
0.507493
0.32843
0.806358
0.463315
0.396091
0.669379
0.269313
0.531103
0.259904
0.630424
0.788876
0.568524
0.491467
0.372263
0.629655
0.463045
0.469849
0.492513
0.489109
0.544102
0.241133
0.324334
0.753769
0.68287
0.780802
0.375223
0.586115
0.530236
0.539774
0.27281
0.619176
0.204619
0.576549
0.517601
0.378847
0.486247
0.567154
0.468429
0.523953
0.385447
0.356549
0.540593
0.482106
0.530723
0.282625
0.421021
0.625258
0.62521
0.598711
0.547306
0.501015
0.361213
0.492829
0.512507
0.611537
0.331911
0.521057
0.505625
0.377226
0.763073
0.426105
0.645589
0.472108
0.58816
0.507243
0.487301
0.475458
0.646344
0.769417
0.85125
0.221987
0.489371
0.551941
0.538829
0.591827
0.591331
0.383347
0.335678
0.471437
0.572461
0.510579
0.373088
0.515869
0.337856
0.60801
0.417094
0.498863
0.314352
0.403975
0.296892
0.56599
0.419969
0.407453
0.385405
0.392343
0.552638
0.5319
0.428272
0.64352
0.627163
0.572431
0.512546
0.469192
0.466315
0.490621
0.308481
0.413403
0.364977
0.611161
0.648749
0.36461
0.252531
0.568013
0.277394
0.619962
0.492131
0.604966
0.459952
0.299619
0.645843
0.405806
0.257128
0.68406
0.228162
0.390445
0.393943
0.295115
0.549535
0.672086
0.677397
0.603384
0.654809
0.352122
0.507778
0.493002
0.284079
0.578161
0.577284
0.590449
0.776202
0.469227
0.546421
0.677041
0.505878
0.602424
0.231777
0.633317
0.4572
0.457598
0.532486
0.55515
0.509977
0.549879
0.577594
0.451939
0.626025
0.482398
0.609376
0.371567
0.603477
0.279468
0.451496
0.348366
0.306638
0.389652
0.375041
0.561398
0.321915
0.672407
0.605452
0.612037
0.538079
0.514337
0.65099
0.441739
0.458955
0.493213
0.6267
0.641667
0.442334
0.670062
0.55113
0.752686
0.390243
0.511136
0.466906
0.583212
0.419037
0.510102
0.447403
0.41819
0.59536
0.603228
0.47332
0.458745
0.474647
0.67185
0.374147
0.390855
0.617326
0.551293
0.615969
0.473966
0.435528
0.576491
0.570483
0.276422
0.547174
0.473467
0.618618
0.642479
0.448651
0.45298
0.430012
0.802822
0.48165
0.497218
0.327407
0.452848
0.740434
0.490169
0.709457
0.30531
0.67515
0.384051
0.489723
0.62983
0.483554
0.393197
0.442881
0.643348
0.292538
0.35721
0.567056
0.704088
0.413319
0.63002
0.415466
0.74654
0.567554
0.362226
0.46925
0.305058
0.739536
0.501208
0.470813
0.506058
0.582055
0.606126
0.573739
0.629555
0.316563
0.450947
0.55811
0.384647
0.604376
0.674664
0.682028
0.614083
0.763564
0.559383
0.470456
0.712427
0.560663
0.617943
0.666839
0.551701
0.468755
0.71628
0.483041
0.567362
0.561057
0.52331
0.477036
0.444698
0.565751
0.573172
0.369811
0.6084
0.663168
0.460431
0.493596
0.472209
0.436905
0.405993
0.559665
0.635932
0.428314
0.486949
0.568577
0.37731
0.477821
0.492419
0.688146
0.398348
0.511557
0.444168
0.83019
0.541004
0.34905
0.517913
0.508028
0.645127
0.524612
0.550701
0.30078
0.610906
0.545235
0.271762
0.442108
0.446031
0.521248
0.518053
0.550665
0.390337
0.628799
0.679111
0.59393
0.352592
0.47785
0.665605
0.59947
0.468915
0.304552
0.637314
0.577112
0.472274
0.277354
0.503513
0.477767
0.788615
0.453394
0.384659
0.281343
0.757259
0.752826
0.680502
0.475486
0.389683
0.497583
0.626793
0.663053
0.379031
0.507487
0.459606
0.329755
0.568667
0.636846
0.580947
0.431189
0.566489
0.301038
0.588388
0.443494
0.206209
0.573892
0.470317
0.293417
0.329529
0.377696
0.57118
0.477238
0.685148
0.5397
0.610737
0.435548
0.471637
0.609386
0.529442
0.320374
0.61987
0.533225
0.479023
0.726846
0.414176
0.53808
0.452302
0.524117
0.555737
0.307006
0.437154
0.376348
0.611728
0.324341
0.692897
0.567231
0.472789
0.559404
0.508717
0.410221
0.531927
0.444647
0.457128
0.626686
0.540857
0.636043
0.56379
0.397605
0.504933
0.32814
0.359957
0.239092
0.523557
0.397281
0.465737
0.322329
0.416786
0.783984
0.490411
0.564946
0.516568
0.575377
0.568117
0.580281
0.427527
0.443564
0.429939
0.306366
0.530978
0.52428
0.422209
0.577171
0.439147
0.327294
0.709824
0.480213
0.595343
0.556789
0.665391
0.508808
0.520018
0.443875
0.471829
0.612108
0.350548
0.268113
0.407897
0.625973
0.511639
0.440364
0.412298
0.493071
0.149404
0.561667
0.620238
0.418356
0.400146
0.544466
0.243443
0.42917
0.448324
0.52223
0.645822
0.496975
0.529188
0.576036
0.696551
0.515725
0.591314
0.4234
0.423107
0.511901
0.562416
0.25278
0.72038
0.481291
0.536901
0.210554
0.498846
0.61204
0.672955
0.375726
0.594008
0.472839
0.466503
0.367348
0.648783
0.736149
0.543881
0.553074
0.376944
0.392181
0.338165
0.553069
0.494405
0.419166
0.207874
0.506566
0.860282
0.4449
0.512422
0.589944
0.314133
0.405392
0.535835
0.502587
0.561242
0.426685
0.577517
0.483834
0.494579
0.579944
0.503432
0.660736
0.519423
0.548178
0.439007
0.578502
0.552297
0.562347
0.421124
0.415666
0.506626
0.488063
0.414256
0.672971
0.578685
0.351048
0.507426
0.443529
0.353112
0.265354
0.485151
0.573276
0.520483
0.665047
0.316752
0.512418
0.421681
0.435466
0.612803
0.504192
0.50558
0.49879
0.602348
0.376733
0.426979
0.640855
0.305858
0.473352
0.458579
0.488842
0.601474
0.608459
0.400933
0.285663
0.459459
0.459435
0.522875
0.385836
0.6741
0.343878
0.446259
0.654989
0.444773
0.587917
0.515747
0.432576
0.508062
0.522301
0.398483
0.563083
0.729387
0.462168
0.390216
0.56911
0.522732
0.703919
0.632941
0.390913
0.546785
0.534483
0.462213
0.518003
0.659926
0.37697
0.406732
0.562242
0.508492
0.230917
0.583858
0.347981
0.644878
0.599912
0.516623
0.308524
0.765365
0.485616
0.503406
0.471501
0.431792
0.672384
0.482406
0.386596
0.574905
0.394592
0.549693
0.401775
0.517587
0.489247
0.531247
0.439306
0.519356
0.465744
0.313673
0.377147
0.314109
0.305078
0.56205
0.52791
0.544743
0.621162
0.571923
0.55568
0.61323
0.422004
0.409907
0.416224
0.453886
0.499598
0.506717
0.290219
0.360877
0.611834
0.709194
0.45019
0.486843
0.711253
0.324581
0.414109
0.475181
0.493988
0.469913
0.55271
0.560087
0.513849
0.459982
0.500187
0.500595
0.613762
0.735367
0.542235
0.411149
0.508221
0.673066
0.300578
0.283938
0.601014
0.580305
0.484806
0.508325
0.393508
0.710149
0.632247
0.589994
0.337424
0.437153
0.502889
0.535448
0.376264
0.792897
0.443174
0.643404
0.320994
0.503997
0.390532
0.549612
0.494652
0.436936
0.676475
0.390267
0.589532
0.591473
0.323042
0.535133
0.498152
0.57286
0.444654
0.616977
0.650395
0.606747
0.500539
0.639899
0.61503
0.852396
0.533653
0.545465
0.661807
0.551286
0.328446
0.480694
0.344104
0.569749
0.576258
0.743178
0.421637
0.425129
0.314102
0.541925
0.524122
0.412892
0.566831
0.342752
0.542547
0.783886
0.847408
0.467606
0.363414
0.681875
0.734294
0.460463
0.527976
0.485709
0.434531
0.559325
0.654206
0.470941
0.547686
0.334216
0.511475
0.593997
0.567427
0.44332
0.450355
0.408544
0.59854
0.47094
0.58245
0.4676
0.638048
0.657673
0.453997
0.484115
0.486754
0.399909
0.494421
0.373836
0.144832
0.436031
0.635944
0.662675
0.431557
0.672661
0.337446
0.500589
0.4902
0.627147
0.406429
0.398184
0.536574
0.531808
0.454411
0.422352
0.531484
0.68992
0.557124
0.403763
0.657944
0.39018
0.691443
0.291021
0.523868
0.641518
0.612126
0.721691
0.25683
0.718393
0.395715
0.475808
0.582605
0.311549
0.354923
0.458364
0.662622
0.733061
0.609512
0.467636
0.292935
0.268129
0.54014
0.50914
0.430531
0.409517
0.457424
0.391908
0.409806
0.332104
0.753156
0.195289
0.347189
0.412042
0.384111
0.439533
0.715679
0.283565
0.447506
0.570001
0.520318
0.741266
0.473117
0.52965
0.443356
0.390169
0.569231
0.422705
0.283428
0.442507
0.362758
0.358455
0.421945
0.549708
0.469194
0.320692
0.553933
0.400488
0.473173
0.467096
0.267772
0.339718
0.608626
0.57431
0.803013
0.464995
0.569134
0.47759
0.518166
0.70484
0.479997
0.796759
0.327932
0.508685
0.706308
0.599242
0.594791
0.388018
0.394587
0.551796
0.262492
0.312397
0.344179
0.499061
0.484295
0.524514
0.529933
0.642408
0.518694
0.404949
0.456878
0.658178
0.437775
0.468124
0.684627
0.290769
0.422595
0.553556
0.233754
0.6023
0.416704
0.506845
0.354729
0.594607
0.7898
0.50764
0.634523
0.497728
0.451624
0.450656
0.625375
0.41731
0.580932
0.44294
0.84941
0.545502
0.531126
0.536947
0.362927
0.478921
0.484825
0.534481
0.612719
0.584753
0.502251
0.499549
0.497342
0.662391
0.59716
0.606083
0.328851
0.532327
0.33968
0.585166
0.6012
0.634281
0.594626
0.660764
0.292786
0.539309
0.629687
0.576453
0.501166
0.601296
0.449655
0.490481
0.522639
0.636051
0.41607
0.693822
0.499419
0.583874
0.588178
0.695358
0.669925
0.765839
0.468879
0.598489
0.736904
0.585267
0.662774
0.111628
0.333702
0.273357
0.562994
0.607144
0.297053
0.669334
0.596021
0.254199
0.477845
0.517602
0.492232
0.454027
0.427919
0.432544
0.643753
0.723883
0.336215
0.319942
0.495846
0.49907
0.552447
0.265427
0.535382
0.410951
0.588543
0.436508
0.537978
0.581185
0.540943
0.745995
0.468322
0.545851
0.500419
0.360131
0.456755
0.353618
0.436549
0.292421
0.666036
0.40453
0.54379
0.71056
0.588417
0.313744
0.453868
0.424514
0.354075
0.569972
0.549928
0.262692
0.473045
0.452507
0.412656
0.443318
0.565965
0.883181
0.494904
0.491087
0.662095
0.499146
0.622821
0.635392
0.56068
0.585999
0.778094
0.175032
0.474156
0.524714
0.603721
0.643148
0.615878
0.664776
0.327354
0.31195
0.58399
0.393285
0.500107
0.814825
0.555985
0.448052
0.249995
0.727964
0.181105
0.612662
0.648804
0.5575
0.381662
0.493052
0.446769
0.352921
0.497766
0.736756
0.654554
0.563766
0.387069
0.514947
0.416607
0.543238
0.382543
0.409715
0.350219
0.867487
0.38381
0.569447
0.60291
0.489403
0.484144
0.617272
0.745852
0.606304
0.49532
0.693471
0.467718
0.436009
0.511469
0.323675
0.512942
0.528331
0.642911
0.540237
0.428168
0.570701
0.549479
0.422922
0.504422
0.477746
0.514596
0.414301
0.450147
0.604445
0.33667
0.420976
0.477842
0.728748
0.490242
0.518663
0.46715
0.269015
0.348574
0.490955
0.768397
0.509607
0.491519
0.570257
0.677841
0.598657
0.482937
0.506241
0.350297
0.368331
0.632539
0.421725
0.573921
0.341349
0.305821
0.356798
0.729268
0.578682
0.46699
0.746563
0.460398
0.561137
0.594139
0.491916
0.42576
0.370112
0.560009
0.601336
0.453451
0.446522
0.298713
0.407965
0.437754
0.587392
0.457954
0.372817
0.476586
0.330885
0.453196
0.312639
0.413831
0.445496
0.486634
0.849533
0.423851
0.35947
0.767804
0.44757
0.521478
0.342598
0.378517
0.526357
0.819425
0.703434
0.673031
0.539064
0.362413
0.628739
0.51184
0.557411
0.375933
0.725027
0.41716
0.572125
0.365981
0.600057
0.539438
0.616694
0.639382
0.838932
0.67255
0.345801
0.483491
0.398184
0.592598
0.507487
0.606684
0.393365
0.36939
0.668298
0.510662
0.541719
0.465089
0.680725
0.412249
0.710493
0.551724
0.388171
0.382116
0.701419
0.815003
0.679175
0.503198
0.479298
0.739291
0.533333
0.511198
0.453048
0.466927
0.518389
0.758277
0.184989
0.579826
0.642463
0.490149
0.501554
0.554404
0.347053
0.353633
0.587609
0.490196
0.323822
0.620003
0.667552
0.312552
0.398475
0.439101
0.628475
0.710893
0.56438
0.60633
0.561805
0.413152
0.451624
0.661763
0.746624
0.537065
0.537495
0.536292
0.545718
0.429405
0.564246
0.459046
0.628443
0.440472
0.420361
0.344227
0.485572
0.525019
0.522239
0.241674
0.692184
0.360394
0.63274
0.577314
0.75553
0.382173
0.668597
0.497366
0.325072
0.417707
0.346464
0.58964
0.529195
0.715353
0.331894
0.469178
0.644233
0.295007
0.490527
0.522309
0.62176
0.462963
0.568398
0.597972
0.54369
0.526844
0.389505
0.16901
0.40458
0.506035
0.563559
0.366506
0.618185
0.557784
0.42343
0.680767
0.411225
0.533305
0.407744
0.543222
0.620602
0.452204
0.685128
0.430406
0.588881
0.454299
0.667756
0.49683
0.613277
0.57839
0.536423
0.63653
0.52119
0.357054
0.619777
0.638331
0.714507
0.440682
0.427508
0.538644
0.358424
0.414472
0.191054
0.5452
0.52008
0.897074
0.344156
0.619318
0.438113
0.563243
0.376771
0.532959
0.495659
0.475861
0.385363
0.586109
0.664063
0.611711
0.555172
0.562434
0.689372
0.793594
0.449378
0.355236
0.233906
0.477953
0.518184
0.606551
0.604985
0.577765
0.218972
0.520829
0.465151
0.516777
0.766386
0.748538
0.404537
0.511331
0.787215
0.747816
0.666914
0.56427
0.486337
0.543982
0.375331
0.642348
0.352874
0.393384
0.439321
0.610933
0.634913
0.752216
0.399709
0.64066
0.439975
0.641168
0.454796
0.309383
0.499428
0.428067
0.407031
0.534762
0.65895
0.52419
0.485259
0.230007
0.583979
0.563032
0.665813
0.52563
0.527168
0.6168
0.586483
0.497885
0.49157
0.575514
0.289981
0.450469
0.504564
0.492738
0.335654
0.376704
0.428237
0.572781
0.686722
0.658028
0.575444
0.675661
0.440422
0.710347
0.649517
0.442861
0.46442
0.658268
0.420458
0.550341
0.49752
0.490203
0.40124
0.682641
0.5477
0.322882
0.273114
0.556984
0.576271
0.386222
0.475798
0.428977
0.512583
0.439291
0.343084
0.757956
0.437076
0.462129
0.411641
0.432665
0.658319
0.459463
0.613967
0.345476
0.567255
0.490139
0.60792
0.500685
0.473429
0.536028
0.686058
0.650639
0.426358
0.487944
0.407828
0.430166
0.732045
0.401859
0.33504
0.718431
0.340345
0.520658
0.523339
0.46806
0.672631
0.525461
0.39544
0.530199
0.368779
0.442827
0.630658
0.453579
0.564677
0.46317
0.653062
0.684317
0.791478
0.500542
0.359889
0.23598
0.26001
0.230344
0.443498
0.787616
0.620791
0.371101
0.633995
0.508337
0.453822
0.427399
0.604227
0.36441
0.542972
0.287606
0.181349
0.65848
0.546601
0.582713
0.515673
0.356778
0.52686
0.378276
0.452732
0.211342
0.601601
0.313093
0.592015
0.269031
0.610354
0.445216
0.517842
0.322477
0.333546
0.453676
0.345416
0.501109
0.284937
0.514764
0.797984
0.380588
0.542769
0.2728
0.64772
0.619946
0.645765
0.411491
0.510746
0.487428
0.324986
0.263556
0.651588
0.834634
0.259602
0.340335
0.459145
0.606494
0.340439
0.592406
0.40839
0.370503
0.525148
0.606273
0.291813
0.507484
0.417159
0.28643
0.33311
0.579071
0.560083
0.558367
0.59249
0.481518
0.391592
0.654406
0.516863
0.475054
0.546391
0.614927
0.326181
0.5627
0.555879
0.463156
0.475555
0.758483
0.200327
0.608965
0.476014
0.464606
0.384569
0.229188
0.448583
0.459234
0.605622
0.488039
0.548957
0.425867
0.354581
0.636923
0.424364
0.733073
0.658315
0.409998
0.61019
0.457042
0.650725
0.558373
0.669889
0.642659
0.418843
0.696066
0.62508
0.491522
0.565133
0.625402
0.279373
0.373672
0.551808
0.335129
0.544344
0.666267
0.652439
0.594288
0.532457
0.665603
0.356083
0.378005
0.562123
0.193711
0.593589
0.243553
0.465344
0.278491
0.24771
0.617893
0.708324
0.234221
0.449658
0.459629
0.408586
0.671211
0.555272
0.423144
0.60575
0.639053
0.353076
0.69116
0.533186
0.533699
0.522239
0.470884
0.429151
0.406771
0.487177
0.491374
0.472026
0.394826
0.483
0.42496
0.44749
0.581675
0.446005
0.619142
0.446549
0.219381
0.28909
0.309121
0.41235
0.520794
0.744825
0.733017
0.629009
0.511976
0.409383
0.446214
0.674541
0.566584
0.567789
0.488717
0.508478
0.362444
0.712778
0.366654
0.667637
0.385478
0.592759
0.639174
0.404208
0.496595
0.564181
0.634322
0.291264
0.568028
0.324255
0.737472
0.38283
0.538041
0.524346
0.295458
0.558654
0.734385
0.394051
0.456632
0.486268
0.741028
0.441397
0.626058
0.642078
0.349421
0.554946
0.766407
0.565114
0.821064
0.456639
0.635703
0.35644
0.324873
0.396742
0.445902
0.537639
0.589405
0.419512
0.380645
0.565433
0.671381
0.554488
0.46201
0.357469
0.489267
0.61631
0.346441
0.376325
0.561401
0.357571
0.607335
0.373368
0.435915
0.364567
0.580302
0.508546
0.374457
0.484221
0.467431
0.502452
0.579598
0.509761
0.485781
0.277935
0.219309
0.439555
0.475869
0.51355
0.539573
0.783261
0.43732
0.432594
0.263097
0.566269
0.516815
0.330322
0.299283
0.340204
0.429619
0.807993
0.145621
0.625603
0.248464
0.214125
0.507022
0.593265
0.446702
0.438048
0.617426
0.552252
0.246858
0.374521
0.393241
0.293025
0.71797
0.565606
0.713435
0.590363
0.60829
0.580705
0.69494
0.477938
0.523464
0.539836
0.659394
0.458817
0.399642
0.510022
0.469374
0.226642
0.517986
0.669728
0.506469
0.272484
0.70973
0.470127
0.483617
0.492626
0.263628
0.522019
0.599854
0.462171
0.630823
0.569251
0.383317
0.486045
0.392706
0.708477
0.410315
0.689478
0.488265
0.584403
0.47326
0.489731
0.767994
0.301682
0.393137
0.343822
0.637223
0.690248
0.284191
0.456201
0.564602
0.450005
0.586976
0.637374
0.559296
0.461775
0.354589
0.229757
0.367733
0.731701
0.625688
0.579694
0.417898
0.551776
0.422934
0.572517
0.362998
0.494603
0.509234
0.617348
0.469965
0.769542
0.505285
0.745487
0.490886
0.472105
0.465313
0.664817
0.582739
0.550052
0.324761
0.605548
0.444402
0.547725
0.531428
0.231519
0.36805
0.603369
0.463865
0.62651
0.408807
0.45969
0.697621
0.565777
0.322666
0.471791
0.427331
0.337129
0.674832
0.293628
0.373188
0.590096
0.251984
0.397743
0.332523
0.391268
0.501632
0.805598
0.376196
0.293109
0.555486
0.518254
0.586167
0.645135
0.263193
0.349305
0.792701
0.372072
0.466062
0.752276
0.460525
0.613812
0.381823
0.450532
0.313095
0.485828
0.461471
0.434979
0.748906
0.314036
0.434758
0.678405
0.426065
0.481632
0.404902
0.378545
0.259699
0.572466
0.514867
0.407303
0.536198
0.600279
0.52272
0.401894
0.399927
0.388454
0.633837
0.744827
0.46929
0.542489
0.691226
0.672143
0.503598
0.687564
0.276165
0.520393
0.540003
0.395492
0.480364
0.638492
0.476937
0.586895
0.54467
0.385673
0.579517
0.572316
0.391015
0.314649
0.56189
0.51548
0.683203
0.572217
0.45641
0.507243
0.323691
0.578753
0.361057
0.592853
0.519626
0.483251
0.472014
0.279472
0.530099
0.410181
0.521543
0.366098
0.542049
0.465786
0.572067
0.802988
0.525227
0.570506
0.84199
0.540467
0.503768
0.615806
0.589508
0.324198
0.676265
0.561239
0.646358
0.510954
0.647238
0.513442
0.51883
0.509875
0.435869
0.553925
0.459819
0.511922
0.444836
0.366689
0.32042
0.586488
0.450914
0.388513
0.526427
0.449197
0.774126
0.561361
0.363912
0.408013
0.454095
0.473825
0.32501
0.763778
0.677718
0.471616
0.542563
0.582806
0.534356
0.299352
0.569063
0.398584
0.702752
0.779513
0.326274
0.681187
0.683354
0.480469
0.618165
0.299427
0.472477
0.483744
0.568867
0.473842
0.228792
0.609578
0.582781
0.478682
0.612282
0.646759
0.345822
0.717209
0.491658
0.47356
0.471107
0.704841
0.434984
0.53622
0.671693
0.405504
0.34305
0.423323
0.505871
0.353475
0.485101
0.560781
0.431981
0.450083
0.487473
0.444107
0.630853
0.464824
0.549228
0.681908
0.462299
0.625314
0.463134
0.575603
0.431151
0.400553
0.259609
0.402526
0.618189
0.336192
0.725951
0.368859
0.208022
0.476943
0.550362
0.589975
0.702017
0.516415
0.372658
0.642282
0.578439
0.574076
0.370784
0.484857
0.248902
0.556667
0.459568
0.71199
0.51127
0.780322
0.617553
0.679026
0.821709
0.391363
0.687208
0.522138
0.566327
0.428703
0.617581
0.415092
0.425643
0.538146
0.647239
0.488713
0.669285
0.616497
0.475691
0.46647
0.526064
0.3879
0.666719
0.595718
0.434798
0.471666
0.396214
0.501125
0.538678
0.384111
0.335965
0.345534
0.241926
0.639513
0.695019
0.413819
0.559288
0.308887
0.469912
0.565647
0.370272
0.310185
0.438409
0.630811
0.310874
0.50897
0.529077
0.611809
0.322057
0.39245
0.277759
0.647582
0.408769
0.5486
0.21486
0.38311
0.384619
0.361405
0.693661
0.45431
0.4803
0.267098
0.655139
0.377307
0.529643
0.467569
0.720783
0.635473
0.623258
0.547551
0.30974
0.565168
0.699727
0.392047
0.494582
0.599066
0.74814
0.269001
0.651571
0.550458
0.199667
0.26726
0.643393
0.397593
0.322149
0.51805
0.417849
0.507611
0.489163
0.454953
0.644389
0.347118
0.518468
0.376813
0.57706
0.351984
0.365433
0.782992
0.369283
0.73229
0.372399
0.482673
0.52092
0.498032
0.528511
0.489727
0.365598
0.304431
0.656465
0.671289
0.366814
0.398581
0.438825
0.709432
0.351734
0.636376
0.609673
0.567841
0.444833
0.433802
0.605928
0.554642
0.548987
0.491926
0.391625
0.782507
0.844729
0.431366
0.38906
0.510938
0.831107
0.799397
0.580259
0.394678
0.51175
0.349648
0.644505
0.557013
0.641887
0.587903
0.39252
0.47644
0.606521
0.443753
0.321533
0.357613
0.213705
0.551633
0.780319
0.509357
0.482766
0.559506
0.587972
0.64922
0.614873
0.551545
0.539686
0.489616
0.4879
0.463459
0.458286
0.548091
0.561051
0.545523
0.469054
0.495107
0.455117
0.317347
0.401324
0.557563
0.545909
0.157188
0.223192
0.50402
0.431839
0.54332
0.621679
0.536262
0.478663
0.550204
0.432314
0.508068
0.478021
0.601662
0.437931
0.611151
0.461003
0.469043
0.491453
0.454452
0.468995
0.615614
0.422818
0.379111
0.393369
0.238838
0.573253
0.479196
0.551205
0.728288
0.324678
0.53799
0.570456
0.38606
0.677848
0.660518
0.62536
0.564567
0.456315
0.522865
0.308241
0.548436
0.306563
0.324385
0.570191
0.596268
0.616724
0.395482
0.539748
0.486625
0.431717
0.775442
0.471194
0.571736
0.302923
0.744635
0.624203
0.691848
0.432855
0.405012
0.682389
0.671431
0.373417
0.502504
0.334128
0.70277
0.580276
0.64388
0.325305
0.688957
0.44163
0.566729
0.517372
0.401613
0.66977
0.381081
0.418079
0.512378
0.506944
0.340266
0.675977
0.453584
0.548046
0.460945
0.628731
0.693545
0.472752
0.360849
0.461207
0.685362
0.516346
0.499156
0.46032
0.543567
0.65527
0.489126
0.454
0.567527
0.760319
0.524598
0.501907
0.580428
0.353608
0.459326
0.382508
0.672451
0.427242
0.457275
0.617875
0.48017
0.430934
0.568557
0.523314
0.423309
0.557264
0.773624
0.199357
0.545912
0.648329
0.490615
0.440356
0.431518
0.373351
0.489025
0.465191
0.509416
0.597261
0.647454
0.635485
0.439042
0.445198
0.603361
0.47598
0.617756
0.493366
0.456208
0.517022
0.338652
0.565382
0.408972
0.413516
0.433071
0.423555
0.491958
0.537592
0.539353
0.411615
0.351376
0.579007
0.586247
0.48025
0.566168
0.409942
0.475862
0.416969
0.461635
0.277199
0.475783
0.370828
0.518
0.379368
0.530125
0.530517
0.545275
0.679669
0.590973
0.557191
0.350478
0.613795
0.439525
0.323866
0.716174
0.299244
0.363944
0.359641
0.615738
0.467485
0.410576
0.784614
0.504835
0.658649
0.617955
0.151049
0.263366
0.481759
0.63851
0.735797
0.649013
0.500185
0.179778
0.57161
0.713085
0.506045
0.552353
0.530962
0.390643
0.459393
0.661859
0.41126
0.29783
0.455
0.661666
0.497516
0.456547
0.514336
0.595341
0.636138
0.245509
0.562339
0.37533
0.536588
0.69143
0.323313
0.40795
0.577269
0.627512
0.549472
0.59435
0.335644
0.540149
0.777474
0.591101
0.55394
0.399296
0.496938
0.249799
0.410682
0.442299
0.520977
0.388487
0.371041
0.593146
0.389062
0.4637
0.667851
0.305654
0.630038
0.663819
0.408931
0.495464
0.497178
0.254731
0.359902
0.766007
0.493322
0.468242
0.416205
0.450732
0.774179
0.492321
0.810927
0.319503
0.399885
0.628384
0.820014
0.58151
0.4531
0.521821
0.493363
0.429522
0.416968
0.413836
0.385393
0.398657
0.474814
0.540091
0.564331
0.363747
0.828674
0.618313
0.584365
0.598183
0.814907
0.59497
0.203875
0.608015
0.507695
0.601572
0.477348
0.50092
0.837158
0.613754
0.445756
0.432085
0.505947
0.589599
0.463749
0.388473
0.471009
0.734918
0.451982
0.548493
0.476136
0.41846
0.925346
0.623671
0.492834
0.224008
0.555288
0.409131
0.474952
0.532578
0.765444
0.515993
0.485701
0.398704
0.679378
0.325252
0.649754
0.411118
0.338509
0.602241
0.759797
0.469763
0.544714
0.475095
0.474291
0.696532
0.469334
0.359952
0.435554
0.623641
0.178254
0.379331
0.57517
0.737229
0.377568
0.355854
0.423977
0.429257
0.468544
0.378073
0.379445
0.631688
0.752727
0.4539
0.583574
0.545499
0.643131
0.634177
0.614899
0.774264
0.566629
0.767201
0.490719
0.337718
0.393312
0.416117
0.508232
0.553313
0.464465
0.335437
0.430193
0.580574
0.531768
0.679679
0.352555
0.640125
0.342524
0.644083
0.395087
0.331272
0.741712
0.271292
0.554276
0.432599
0.199899
0.474073
0.480148
0.701342
0.561673
0.416783
0.520592
0.48043
0.343284
0.380277
0.460091
0.436761
0.44814
0.53789
0.412538
0.519009
0.528264
0.544418
0.56432
0.535374
0.368806
0.454861
0.464642
0.477102
0.437321
0.432856
0.691903
0.387177
0.902195
0.0870013
0.460975
0.698781
0.424046
0.811903
0.555596
0.51721
0.455028
0.454029
0.65851
0.432961
0.494868
0.633108
0.50112
0.542398
0.356707
0.509627
0.562391
0.194286
0.653889
0.498213
0.417802
0.422873
0.45085
0.704596
0.483896
0.48701
0.603237
0.448269
0.639145
0.494899
0.57686
0.380514
0.550536
0.408902
0.570602
0.493614
0.626786
0.316708
0.62006
0.53584
0.388896
0.415085
0.327473
0.411251
0.338736
0.440148
0.406959
0.384909
0.664529
0.622127
0.465837
0.48337
0.50271
0.440245
0.432779
0.446281
0.439347
0.470582
0.517943
0.435547
0.547796
0.491352
0.631412
0.450414
0.49565
0.53958
0.532994
0.455437
0.4926
0.472762
0.533512
0.347667
0.377093
0.419927
0.46645
0.432503
0.245464
0.418257
0.606494
0.526131
0.510579
0.602614
0.191921
0.456618
0.54224
0.493235
0.730754
0.614826
0.59921
0.527482
0.712407
0.548149
0.529564
0.58968
0.639444
0.551287
0.515135
0.462198
0.426966
0.564359
0.596449
0.47338
0.734728
0.533608
0.172272
0.54459
0.700659
0.436774
0.464485
0.399467
0.591462
0.455518
0.722579
0.521776
0.489948
0.341396
0.56682
0.631446
0.669786
0.439064
0.29571
0.657415
0.392492
0.488426
0.378539
0.355561
0.281181
0.333014
0.19055
0.353782
0.419603
0.540415
0.605973
0.476475
0.488075
0.536095
0.528335
0.448299
0.631409
0.427536
0.399881
0.511862
0.365148
0.432698
0.490684
0.494495
0.729077
0.525931
0.627397
0.672694
0.510996
0.494713
0.792079
0.625298
0.565232
0.399846
0.520028
0.422582
0.671911
0.706633
0.374993
0.621935
0.313025
0.38056
0.509925
0.353745
0.62504
0.81214
0.46702
0.574601
0.526081
0.564827
0.374068
0.298762
0.866247
0.358845
0.503058
0.621473
0.525867
0.762885
0.325926
0.616424
0.558558
0.633906
0.591755
0.490503
0.469808
0.310782
0.626588
0.546662
0.420104
0.136751
0.394095
0.543845
0.482786
0.484091
0.632252
0.423627
0.36602
0.426147
0.483183
0.737638
0.776442
0.709815
0.55242
0.367686
0.566827
0.607374
0.467964
0.560271
0.33501
0.670565
0.363033
0.846189
0.546338
0.391284
0.589757
0.400147
0.513201
0.729858
0.501236
0.599551
0.615213
0.760533
0.339189
0.519344
0.370949
0.679643
0.56335
0.473298
0.521802
0.619281
0.292272
0.672471
0.361646
0.620935
0.635076
0.478378
0.299977
0.581206
0.428027
0.4104
0.494755
0.635695
0.702873
0.521185
0.304209
0.666648
0.466251
0.446458
0.510533
0.592864
0.627858
0.701386
0.545172
0.13324
0.452681
0.538036
0.533852
0.553735
0.608518
0.469754
0.674724
0.555407
0.719987
0.549475
0.515922
0.201575
0.515939
0.469895
0.717144
0.596599
0.466694
0.31248
0.527018
0.517743
0.555175
0.556863
0.504062
0.484176
0.522309
0.588199
0.630108
0.561229
0.388794
0.692306
0.343571
0.400343
0.605598
0.460487
0.444563
0.680887
0.553594
0.559937
0.539529
0.643585
0.53413
0.452794
0.400948
0.399338
0.308858
0.426757
0.375154
0.493526
0.40688
0.56146
0.892178
0.354827
0.574467
0.394587
0.685503
0.628199
0.557846
0.436147
0.643121
0.272056
0.549618
0.343138
0.566526
0.496187
0.467325
0.513475
0.650018
0.7553
0.547781
0.559941
0.503905
0.437132
0.418639
0.422856
0.582915
0.356853
0.340998
0.684156
0.252929
0.572636
0.501799
0.433901
0.598565
0.471163
0.476503
0.760365
0.561233
0.35555
0.591754
0.502652
0.478073
0.339724
0.811105
0.505135
0.499237
0.569222
0.767536
0.399304
0.282856
0.42409
0.303658
0.533261
0.54871
0.509243
0.489811
0.662955
0.514281
0.414161
0.513404
0.472235
0.49788
0.458759
0.317987
0.52932
0.466627
0.386097
0.471863
0.612638
0.40212
0.584458
0.424214
0.515237
0.479858
0.509045
0.62838
0.598788
0.592226
0.833805
0.450302
0.619182
0.527928
0.422098
0.614379
0.458124
0.547888
0.505175
0.354715
0.509891
0.4202
0.562657
0.628745
0.599425
0.801997
0.290988
0.810503
0.425599
0.447794
0.524676
0.716746
0.679136
0.301961
0.160021
0.441204
0.59428
0.57355
0.359995
0.497262
0.641692
0.627268
0.448549
0.520399
0.410659
0.643506
0.608246
0.38806
0.583867
0.348071
0.570999
0.511785
0.368675
0.789657
0.350591
0.486245
0.574841
0.407622
0.639312
0.590331
0.448456
0.398027
0.329806
0.380955
0.582792
0.521921
0.596233
0.461191
0.494744
0.532873
0.363995
0.507789
0.215475
0.613012
0.621245
0.581788
0.499127
0.537168
0.303471
0.599357
0.476385
0.42787
0.558904
0.693614
0.411298
0.471276
0.440141
0.543809
0.569749
0.54291
0.347821
0.383961
0.754975
0.706045
0.375954
0.533065
0.156718
0.314673
0.494574
0.624006
0.511978
0.553351
0.291761
0.564935
0.371796
0.410283
0.340346
0.468302
0.463386
0.296385
0.530211
0.758226
0.352645
0.536847
0.609076
0.751917
0.239559
0.373821
0.416042
0.347333
0.418088
0.686979
0.504465
0.685154
0.531204
0.376258
0.684417
0.642773
0.748249
0.428213
0.439167
0.321918
0.651578
0.53016
0.572718
0.476513
0.477398
0.487075
0.333009
0.566499
0.315272
0.673781
0.353461
0.495871
0.704249
0.514186
0.508127
0.2847
0.511955
0.571385
0.645776
0.527194
0.65606
0.464747
0.337385
0.398906
0.503811
0.366368
0.640162
0.50045
0.312042
0.289373
0.56849
0.572881
0.663309
0.640655
0.405972
0.708265
0.398226
0.403233
0.649702
0.430723
0.49334
0.527085
0.523381
0.467883
0.610078
0.28704
0.424096
0.605604
0.534641
0.613265
0.391332
0.56194
0.200778
0.371451
0.437796
0.47759
0.565805
0.57967
0.710218
0.553865
0.492247
0.267014
0.423657
0.235981
0.539091
0.431589
0.622847
0.606137
0.422613
0.424819
0.675375
0.490333
0.470622
0.613781
0.419483
0.574566
0.53798
0.248574
0.61801
0.655443
0.416441
0.438525
0.572521
0.509161
0.467976
0.526865
0.50944
0.349288
0.516317
0.712039
0.563634
0.662108
0.493729
0.61491
0.673263
0.669064
0.675051
0.411024
0.700985
0.885751
0.523519
0.468167
0.367192
0.649139
0.576438
0.540426
0.29636
0.298446
0.435536
0.61569
0.732004
0.455923
0.587932
0.495246
0.581855
0.303546
0.328791
0.459196
0.444599
0.338313
0.314449
0.553596
0.593002
0.466694
0.342363
0.494321
0.514779
0.628552
0.697626
0.544922
0.330008
0.38905
0.559837
0.173627
0.718822
0.577009
0.432272
0.666673
0.630998
0.758976
0.509879
0.366443
0.454005
0.705557
0.684586
0.0644657
0.350993
0.62213
0.505592
0.31867
0.326672
0.477914
0.447178
0.345077
0.43754
0.379856
0.334386
0.676246
0.352527
0.411448
0.353746
0.458425
0.328738
0.308144
0.416765
0.508995
0.651301
0.693672
0.401711
0.363973
0.371633
0.484414
0.496576
0.35714
0.358985
0.517762
0.59397
0.388801
0.468747
0.516729
0.406887
0.720805
0.559309
0.515172
0.611328
0.388871
0.507737
0.390026
0.274809
0.323374
0.552204
0.439529
0.46506
0.541829
0.313989
0.276336
0.485234
0.702628
0.530448
0.444709
0.454449
0.428965
0.288184
0.500909
0.417581
0.619134
0.526765
0.301144
0.467018
0.405763
0.550645
0.613561
0.601281
0.419377
0.722118
0.308086
0.509601
0.31476
0.511561
0.684506
0.304901
0.451715
0.271975
0.485722
0.346243
0.761237
0.520914
0.526337
0.480405
0.506255
0.510846
0.669725
0.444347
0.451556
0.624238
0.538755
0.628236
0.435298
0.336392
0.381971
0.693359
0.485759
0.860066
0.680055
0.530503
0.609063
0.552922
0.614837
0.360677
0.600343
0.382233
0.489321
0.518726
0.671922
0.570126
0.342676
0.687352
0.373906
0.574916
0.515668
0.399222
0.587463
0.706391
0.462718
0.601564
0.337685
0.450606
0.555842
0.553351
0.596191
0.437071
0.568833
0.44071
0.574777
0.38093
0.558849
0.461491
0.45778
0.656588
0.475248
0.323364
0.546139
0.607558
0.526262
0.368745
0.410297
0.389281
0.533511
0.50025
0.348274
0.415123
0.419254
0.617031
0.651881
0.787395
0.524626
0.438742
0.58678
0.520436
0.778298
0.512332
0.435908
0.295663
0.659493
0.358326
0.541763
0.341957
0.46897
0.677545
0.468712
0.540416
0.384433
0.434825
0.305393
0.360821
0.687122
0.460484
0.409489
0.617181
0.464765
0.529092
0.488687
0.569423
0.489195
0.523262
0.495048
0.404256
0.408067
0.471258
0.523897
0.625891
0.258308
0.433381
0.247622
0.52075
0.689919
0.444524
0.330685
0.392481
0.474213
0.708537
0.472016
0.176087
0.458622
0.662857
0.568554
0.433247
0.325108
0.536262
0.708877
0.624024
0.62152
0.524874
0.464796
0.381065
0.48174
0.696175
0.583964
0.637692
0.254266
0.351542
0.686546
0.656387
0.549128
0.456756
0.47881
0.363247
0.525511
0.678257
0.317282
0.62983
0.318691
0.400189
0.446224
0.488177
0.593187
0.472239
0.302451
0.36802
0.363451
0.24798
0.304639
0.476369
0.404718
0.584045
0.745661
0.586822
0.551433
0.616662
0.368341
0.475533
0.422168
0.817446
0.366213
0.558398
0.297287
0.227089
0.306168
0.5936
0.594507
0.414762
0.470501
0.478274
0.629589
0.622407
0.569329
0.369235
0.412848
0.505136
0.54415
0.595868
0.621198
0.518973
0.489514
0.427606
0.41067
0.351175
0.438526
0.646709
0.612456
0.521116
0.521522
0.316078
0.40974
0.654693
0.30456
0.596818
0.751971
0.674774
0.390211
0.555522
0.563586
0.545255
0.518625
0.419525
0.287095
0.41668
0.49956
0.421417
0.814065
0.375573
0.649505
0.57221
0.356193
0.694929
0.672242
0.684977
0.552743
0.685699
0.43229
0.225277
0.567158
0.593366
0.511108
0.498018
0.46746
0.273368
0.344316
0.317891
0.591599
0.286412
0.409565
0.796311
0.55565
0.42071
0.320085
0.574809
0.56152
0.582548
0.48584
0.224691
0.299627
0.577965
0.396391
0.715862
0.825246
0.483866
0.276704
0.453177
0.425242
0.592709
0.645666
0.624458
0.401766
0.495668
0.499261
0.656912
0.703991
0.298489
0.634856
0.413698
0.467586
0.46432
0.574946
0.473719
0.5098
0.339678
0.638959
0.538491
0.41761
0.303122
0.507938
0.531597
0.505415
0.509714
0.342626
0.549307
0.661489
0.485168
0.320738
0.2545
0.709478
0.617815
0.580021
0.567977
0.549294
0.438759
0.572691
0.708238
0.684048
0.574631
0.392467
0.48821
0.665292
0.375105
0.522816
0.539386
0.683492
0.600186
0.525165
0.663274
0.586042
0.609673
0.446306
0.588574
0.519363
0.407864
0.638581
0.440534
0.66892
0.507697
0.674649
0.525558
0.422019
0.506073
0.576912
0.537327
0.519627
0.590981
0.502345
0.456994
0.718446
0.184615
0.615305
0.324905
0.482159
0.487295
0.388746
0.298843
0.496891
0.315689
0.499327
0.596951
0.402108
0.685281
0.4816
0.583849
0.392603
0.599827
0.494477
0.546428
0.63413
0.476949
0.399405
0.690561
0.405133
0.524967
0.180302
0.459305
0.596805
0.626458
0.432767
0.433871
0.646342
0.48226
0.353029
0.455942
0.323035
0.398039
0.460449
0.548064
0.319404
0.395088
0.54235
0.470723
0.411583
0.607549
0.523893
0.421885
0.442798
0.668158
0.502371
0.557733
0.555229
0.531288
0.364521
0.311157
0.45942
0.451458
0.60347
0.545111
0.403483
0.612339
0.50116
0.357985
0.709659
0.339197
0.531136
0.632904
0.512689
0.548863
0.610506
0.486596
0.598402
0.486806
0.489658
0.53908
0.543791
0.530378
0.471574
0.624397
0.14966
0.529407
0.412829
0.445571
0.287943
0.307235
0.745626
0.512837
0.518626
0.423095
0.500602
0.481011
0.532586
0.63511
0.386121
0.42617
0.3197
0.605745
0.529974
0.599096
0.425507
0.430496
0.508786
0.40724
0.530132
0.486936
0.630144
0.471243
0.651845
0.304801
0.499936
0.557927
0.642658
0.827021
0.366283
0.409522
0.408915
0.41382
0.401726
0.687899
0.666649
0.65319
0.443073
0.370559
0.646152
0.165954
0.386078
0.428833
0.715951
0.385848
0.518448
0.563414
0.332383
0.476749
0.414544
0.362299
0.472814
0.611443
0.709787
0.494172
0.420086
0.338889
0.779445
0.387981
0.380917
0.638319
0.379082
0.227279
0.496183
0.495999
0.532149
0.474978
0.396728
0.41005
0.500419
0.428386
0.241353
0.565191
0.627405
0.49238
0.317068
0.726082
0.542407
0.57577
0.364789
0.647466
0.548211
0.606389
0.501929
0.632427
0.339966
0.38713
0.438702
0.696705
0.823707
0.559732
0.625293
0.295523
0.284221
0.605847
0.626846
0.487131
0.613174
0.61514
0.312829
0.46028
0.525992
0.425546
0.483718
0.325764
0.402227
0.64819
0.364053
0.318714
0.567727
0.604083
0.596041
0.700533
0.642873
0.615811
0.50769
0.478461
0.610467
0.527817
0.645535
0.836339
0.667115
0.605278
0.50265
0.520851
0.526772
0.334319
0.691924
0.45052
0.614357
0.48453
0.273202
0.376139
0.347304
0.28643
0.507532
0.455802
0.635911
0.628165
0.455619
0.41883
0.678075
0.312829
0.23975
0.552947
0.475433
0.484487
0.434704
0.398974
0.307161
0.390058
0.335084
0.386986
0.472182
0.477476
0.662313
0.475679
0.413986
0.43821
0.528401
0.610016
0.494537
0.503594
0.376145
0.506969
0.661059
0.437241
0.383425
0.600231
0.48425
0.486835
0.575741
0.575523
0.427362
0.543159
0.565454
0.530952
0.377464
0.296455
0.663818
0.492713
0.534389
0.493066
0.534683
0.565101
0.566572
0.410322
0.724717
0.523758
0.420096
0.335349
0.468452
0.569682
0.777533
0.622855
0.787941
0.614676
0.432871
0.506027
0.353153
0.501463
0.260329
0.650028
0.413395
0.777147
0.546887
0.494572
0.331446
0.509235
0.52575
0.874933
0.536156
0.600257
0.342018
0.402252
0.547874
0.429613
0.509803
0.705907
0.522236
0.508497
0.545796
0.393343
0.505866
0.722521
0.207525
0.285254
0.412988
0.373278
0.401674
0.774284
0.531561
0.599136
0.691078
0.5901
0.574483
0.610628
0.60716
0.608159
0.334787
0.53919
0.812511
0.507938
0.619345
0.360594
0.357194
0.38161
0.464969
0.376193
0.389654
0.647928
0.332203
0.344308
0.53242
0.488592
0.479651
0.648267
0.484126
0.465056
0.406115
0.332522
0.288814
0.580116
0.475738
0.568917
0.703518
0.527732
0.485949
0.634844
0.434427
0.551404
0.278504
0.36623
0.495319
0.250471
0.515919
0.431769
0.620784
0.69766
0.440794
0.4706
0.348246
0.741763
0.502121
0.522018
0.330796
0.366879
0.474823
0.500238
0.277142
0.583313
0.527088
0.745551
0.311829
0.472956
0.421355
0.400376
0.540689
0.560286
0.592076
0.168059
0.481862
0.704547
0.355976
0.636181
0.426698
0.403269
0.613924
0.475584
0.428492
0.374948
0.539621
0.621072
0.537817
0.681113
0.467054
0.528332
0.424799
0.405508
0.640395
0.781253
0.321015
0.499896
0.337304
0.460642
0.602923
0.51986
0.386193
0.613916
0.607269
0.416724
0.442981
0.48943
0.555471
0.748513
0.552513
0.390724
0.263417
0.568111
0.579699
0.506364
0.376682
0.603123
0.547296
0.389798
0.506186
0.641196
0.359214
0.379371
0.609579
0.377021
0.224538
0.708607
0.588957
0.782084
0.638663
0.477004
0.532117
0.563349
0.340862
0.416764
0.644878
0.43909
0.275287
0.654567
0.294658
0.5544
0.464115
0.651904
0.455464
0.47969
0.592852
0.603794
0.612873
0.395558
0.550541
0.443435
0.411898
0.498518
0.409725
0.468267
0.424491
0.414464
0.626943
0.768115
0.746774
0.649722
0.354645
0.56464
0.7351
0.430825
0.446698
0.59803
0.637072
0.590554
0.284986
0.325159
0.407502
0.574535
0.433419
0.695704
0.614711
0.614052
0.323419
0.589802
0.490927
0.699551
0.483456
0.442698
0.669064
0.577192
0.342587
0.526816
0.640698
0.57822
0.468357
0.65721
0.686369
0.596928
0.453554
0.548271
0.445753
0.695541
0.560858
0.362823
0.444022
0.690022
0.392493
0.412668
0.660703
0.535083
0.402845
0.614678
0.463268
0.573589
0.451212
0.66952
0.430926
0.558072
0.641199
0.571011
0.621882
0.32183
0.360815
0.301205
0.403473
0.624407
0.477322
0.617115
0.538942
0.490385
0.513969
0.655317
0.533374
0.589143
0.408596
0.505434
0.566881
0.273299
0.699886
0.536076
0.624227
0.43023
0.684912
0.569646
0.561521
0.648603
0.527355
0.636296
0.583736
0.32309
0.560861
0.302219
0.648851
0.696994
0.724778
0.54179
0.629182
0.774839
0.59409
0.354066
0.567871
0.544169
0.332366
0.527953
0.644583
0.465764
0.422729
0.72158
0.241843
0.48083
0.440326
0.493698
0.370633
0.617919
0.449752
0.330459
0.415857
0.355426
0.778009
0.64078
0.500255
0.720446
0.669523
0.607363
0.296667
0.513205
0.522711
0.506942
0.456956
0.488538
0.691727
0.549604
0.741284
0.571164
0.372942
0.499211
0.649916
0.217691
0.450289
0.65971
0.46388
0.371985
0.219677
0.749063
0.529089
0.617154
0.329815
0.305814
0.366084
0.551106
0.25028
0.52406
0.405352
0.566298
0.499502
0.600515
0.643812
0.279525
0.433432
0.580956
0.555053
0.43483
0.514408
0.559931
0.784316
0.311019
0.459613
0.533161
0.395107
0.442581
0.326363
0.711371
0.540177
0.465923
0.750306
0.53085
0.494079
0.606863
0.341749
0.662142
0.452528
0.524654
0.300317
0.514871
0.476493
0.53513
0.470788
0.623682
0.493829
0.582688
0.481227
0.40602
0.681903
0.467981
0.6329
0.704319
0.711058
0.434685
0.710208
0.629144
0.557057
0.762259
0.715122
0.540643
0.573246
0.309007
0.477069
0.54689
0.788788
0.626328
0.32548
0.531554
0.462825
0.264856
0.423602
0.490857
0.727053
0.579315
0.640662
0.370764
0.598278
0.392807
0.582942
0.728249
0.301842
0.403408
0.617229
0.542595
0.436185
0.4255
0.512852
0.490068
0.60449
0.493054
0.618036
0.55263
0.473737
0.468789
0.29549
0.51223
0.383186
0.477172
0.300471
0.308851
0.558397
0.704642
0.627417
0.403906
0.494317
0.600247
0.220509
0.450583
0.709391
0.295634
0.287246
0.357778
0.65554
0.595453
0.626533
0.341676
0.466281
0.536847
0.544527
0.654773
0.4633
0.267723
0.549277
0.701017
0.702921
0.754553
0.362123
0.491258
0.566791
0.526914
0.539174
0.637594
0.480617
0.342025
0.745508
0.469541
0.732169
0.571033
0.45981
0.388968
0.262403
0.251386
0.30609
0.642922
0.285103
0.516715
0.61611
0.731176
0.670848
0.626367
0.43183
0.49445
0.286579
0.608916
0.578309
0.43469
0.54488
0.464421
0.597105
0.453896
0.376125
0.614079
0.357666
0.485239
0.336662
0.437596
0.494935
0.720371
0.508465
0.510754
0.497331
0.669905
0.287583
0.280133
0.438357
0.458396
0.413877
0.538943
0.761648
0.548069
0.732997
0.466739
0.853915
0.673133
0.729339
0.654218
0.639664
0.583414
0.30837
0.459024
0.478894
0.445847
0.576853
0.654882
0.623474
0.507337
0.36505
0.388584
0.675102
0.52361
0.5071
0.510273
0.57949
0.415751
0.351937
0.473751
0.285687
0.507596
0.380928
0.5155
0.500641
0.870418
0.479836
0.733025
0.687621
0.472239
0.527918
0.432744
0.509913
0.582579
0.658374
0.461734
0.331195
0.772911
0.400612
0.551463
0.780585
0.500786
0.680871
0.47948
0.508987
0.462661
0.534754
0.609624
0.645918
0.506506
0.530614
0.534431
0.560501
0.338945
0.530219
0.565377
0.590996
0.640168
0.492538
0.466566
0.594789
0.379186
0.584074
0.293307
0.451811
0.637007
0.477351
0.585458
0.502073
0.399362
0.636527
0.401688
0.39165
0.546161
0.400696
0.609221
0.726546
0.58275
0.432331
0.32695
0.682209
0.738153
0.407987
0.439758
0.386211
0.676302
0.554466
0.458785
0.386828
0.474992
0.3961
0.615456
0.651768
0.340063
0.753765
0.284133
0.325645
0.423817
0.45616
0.285993
0.435256
0.760386
0.477418
0.810519
0.39737
0.239094
0.347185
0.394938
0.390316
0.400636
0.391088
0.439012
0.839847
0.620057
0.508431
0.634349
0.589608
0.663431
0.693686
0.604294
0.331441
0.469214
0.228791
0.451568
0.421103
0.476367
0.340623
0.284156
0.767754
0.73436
0.414681
0.541949
0.633624
0.388583
0.720685
0.502938
0.293066
0.410718
0.533373
0.652267
0.2632
0.478379
0.673445
0.613252
0.323333
0.611429
0.556784
0.748052
0.585453
0.622533
0.388434
0.437543
0.667493
0.383785
0.491281
0.464142
0.66542
0.4658
0.494105
0.485862
0.636253
0.455212
0.35212
0.461229
0.514882
0.354529
0.523893
0.638437
0.622448
0.537184
0.426648
0.452219
0.718436
0.561165
0.538484
0.891428
0.444493
0.396847
0.368491
0.64071
0.453239
0.326843
0.387724
0.411513
0.564355
0.425319
0.275466
0.529944
0.30349
0.387132
0.512343
0.429703
0.323928
0.488226
0.427
0.514073
0.359428
0.521407
0.515031
0.427068
0.388561
0.638224
0.592413
0.554618
0.391765
0.479201
0.572141
0.424806
0.443973
0.400847
0.369449
0.573487
0.606155
0.387286
0.311638
0.588361
0.462656
0.614203
0.472974
0.559979
0.408481
0.429121
0.44967
0.390072
0.538332
0.609657
0.666842
0.392666
0.550402
0.613691
0.457473
0.447065
0.581923
0.664793
0.517445
0.618095
0.575771
0.61367
0.422078
0.660911
0.679925
0.74157
0.745523
0.506755
0.652225
0.3532
0.668624
0.432812
0.636008
0.341757
0.463361
0.622772
0.448404
0.663502
0.628843
0.512835
0.349058
0.868339
0.207536
0.697306
0.505923
0.4999
0.469615
0.664011
0.425847
0.375762
0.612926
0.586653
0.556422
0.526745
0.53725
0.581853
0.583879
0.42348
0.421761
0.524548
0.447648
0.527114
0.527483
0.607121
0.369931
0.516466
0.481995
0.544207
0.36874
0.482035
0.657949
0.304434
0.502209
0.52293
0.462388
0.449138
0.503521
0.489412
0.599203
0.351586
0.538959
0.503674
0.597177
0.452784
0.491792
0.355675
0.712148
0.394199
0.383797
0.56913
0.271292
0.38557
0.74231
0.293597
0.444037
0.567594
0.557955
0.699267
0.667625
0.383933
0.317259
0.497613
0.551999
0.47255
0.402049
0.518216
0.620872
0.629446
0.596743
0.64334
0.552352
0.313868
0.414893
0.409575
0.258067
0.59716
0.432972
0.370918
0.435747
0.470421
0.394326
0.290008
0.553916
0.400776
0.617498
0.362167
0.442493
0.562668
0.314915
0.627905
0.589643
0.588328
0.611021
0.30944
0.559208
0.318324
0.559841
0.500484
0.277055
0.545514
0.423961
0.299471
0.577247
0.609192
0.419181
0.426888
0.595119
0.504873
0.487165
0.0983547
0.445124
0.1419
0.674231
0.396432
0.58437
0.437505
0.71579
0.724255
0.651488
0.432561
0.407432
0.330346
0.655025
0.62003
0.345571
0.332263
0.69197
0.480142
0.709877
0.37195
0.387713
0.623039
0.509359
0.611267
0.502536
0.575584
0.503323
0.494366
0.741298
0.258254
0.522977
0.405548
0.283773
0.543492
0.651012
0.746513
0.630299
0.450186
0.663142
0.524244
0.394825
0.410479
0.30158
0.627258
0.59497
0.464028
0.446318
0.48967
0.562505
0.22899
0.592696
0.584253
0.560143
0.625119
0.456105
0.500929
0.530407
0.557748
0.436056
0.278101
0.464489
0.406239
0.417886
0.752079
0.264607
0.709665
0.512718
0.434182
0.439897
0.737596
0.483154
0.444562
0.536894
0.325386
0.627743
0.623549
0.631214
0.410314
0.562098
0.371454
0.523215
0.515361
0.605481
0.571011
0.469648
0.697795
0.631721
0.626525
0.384356
0.735617
0.551799
0.382594
0.64866
0.210305
0.447904
0.403934
0.437645
0.522181
0.366941
0.616275
0.399248
0.52669
0.403531
0.604838
0.482783
0.40634
0.46266
0.58897
0.722045
0.713102
0.400935
0.655036
0.311704
0.56773
0.519654
0.51944
0.606723
0.442157
0.54563
0.363178
0.411638
0.454472
0.616291
0.450888
0.354715
0.66697
0.419424
0.611961
0.562385
0.509361
0.567001
0.578684
0.519347
0.282988
0.454725
0.575125
0.433077
0.688385
0.628652
0.427782
0.687994
0.526602
0.707979
0.390947
0.600507
0.242592
0.66565
0.281037
0.553919
0.413015
0.518898
0.398315
0.44041
0.656612
0.209418
0.353768
0.261033
0.706852
0.543259
0.554388
0.684872
0.496899
0.405318
0.84157
0.652816
0.547523
0.260769
0.503182
0.493339
0.620014
0.610045
0.537484
0.617219
0.517369
0.485633
0.55238
0.451491
0.526059
0.784888
0.62132
0.392399
0.244131
0.646156
0.540987
0.59156
0.414602
0.42522
0.468019
0.483696
0.77029
0.650861
0.443401
0.519445
0.510241
0.573969
0.703636
0.740298
0.500356
0.222299
0.555817
0.438283
0.472188
0.486772
0.656602
0.550579
0.3532
0.655877
0.6488
0.47495
0.387024
0.548918
0.408637
0.638182
0.400012
0.449718
0.545239
0.445223
0.566069
0.689098
0.443748
0.376404
0.559531
0.352733
0.595788
0.435175
0.128533
0.392437
0.625466
0.486544
0.450656
0.491756
0.474298
0.53064
0.548917
0.685171
0.501544
0.44639
0.468602
0.364764
0.803617
0.69339
0.381883
0.345764
0.542033
0.508074
0.554266
0.42588
0.347551
0.561982
0.45007
0.492194
0.660767
0.310074
0.567476
0.539031
0.66764
0.646993
0.490118
0.402545
0.451926
0.466191
0.453329
0.540789
0.44382
0.394695
0.399411
0.54596
0.592513
0.424869
0.506825
0.529119
0.495922
0.709993
0.410824
0.733451
0.418184
0.515281
0.594527
0.683409
0.518344
0.358761
0.545019
0.442972
0.37404
0.632132
0.382993
0.622341
0.653121
0.411499
0.549613
0.730576
0.473623
0.459218
0.652227
0.519827
0.47704
0.544531
0.431785
0.70941
0.268489
0.492271
0.438445
0.425414
0.566286
0.581779
0.425672
0.360721
0.537386
0.394718
0.453931
0.474221
0.527535
0.539407
0.608174
0.435975
0.348195
0.405491
0.572785
0.522663
0.447298
0.627466
0.386534
0.416583
0.327431
0.4161
0.749907
0.609861
0.711673
0.366947
0.72833
0.5177
0.491263
0.544708
0.356528
0.520836
0.286617
0.797447
0.689305
0.554938
0.448615
0.558003
0.369161
0.416241
0.624174
0.479949
0.516694
0.537777
0.581092
0.327214
0.339829
0.594563
0.573031
0.641027
0.765488
0.510883
0.536083
0.652641
0.603957
0.566393
0.622146
0.559069
0.662348
0.43446
0.438548
0.451655
0.548336
0.346544
0.494091
0.359907
0.186627
0.577174
0.633643
0.478133
0.565059
0.608459
0.530123
0.768557
0.610248
0.590121
0.51646
0.226865
0.558372
0.696523
0.471928
0.455551
0.547934
0.737748
0.686813
0.274498
0.549888
0.655581
0.545322
0.620646
0.716549
0.481503
0.486139
0.81915
0.643615
0.213105
0.589129
0.5735
0.387103
0.744487
0.330223
0.603854
0.765788
0.638164
0.547814
0.500182
0.535199
0.530244
0.345593
0.344551
0.58549
0.402482
0.359364
0.546202
0.555493
0.726269
0.249074
0.431396
0.450576
0.582579
0.320281
0.401037
0.703004
0.692739
0.579142
0.632677
0.439429
0.568131
0.797454
0.735906
0.558859
0.419391
0.694327
0.403716
0.532571
0.480374
0.482062
0.525883
0.390336
0.628385
0.598107
0.588648
0.249213
0.55555
0.44356
0.279197
0.484836
0.408418
0.431313
0.801021
0.472287
0.212048
0.642165
0.700881
0.384675
0.385288
0.392266
0.379731
0.401568
0.596088
0.296193
0.534733
0.634345
0.466507
0.301458
0.539816
0.427981
0.48945
0.575938
0.656845
0.374183
0.84249
0.621766
0.573213
0.413209
0.563929
0.50872
0.535736
0.474123
0.584296
0.476805
0.502612
0.587241
0.480871
0.530086
0.328459
0.698488
0.64777
0.479176
0.452085
0.442514
0.460307
0.604058
0.748808
0.627556
0.576398
0.387015
0.371227
0.606799
0.482891
0.260713
0.423082
0.333861
0.0900962
0.551365
0.435092
0.518029
0.639
0.462246
0.340634
0.721007
0.454566
0.398554
0.640232
0.60276
0.503041
0.509096
0.61074
0.579989
0.445782
0.610905
0.627727
0.575969
0.387172
0.635578
0.654135
0.402822
0.456604
0.425725
0.387118
0.633434
0.517333
0.519855
0.586828
0.615515
0.437408
0.566672
0.430704
0.298923
0.37562
0.445994
0.495629
0.352206
0.320073
0.553258
0.27573
0.31696
0.466749
0.306222
0.359118
0.389545
0.544575
0.303338
0.632502
0.447944
0.592501
0.619397
0.534563
0.795155
0.289856
0.650135
0.569555
0.725904
0.756716
0.467095
0.610615
0.416302
0.605558
0.639445
0.512521
0.680206
0.274586
0.311611
0.617386
0.54463
0.248655
0.454332
0.431391
0.601023
0.723654
0.460557
0.48983
0.540118
0.448903
0.333747
0.381425
0.344418
0.450113
0.280637
0.49712
0.482161
0.459473
0.308174
0.685999
0.626382
0.632653
0.538555
0.680039
0.437948
0.394057
0.569499
0.485229
0.646196
0.4073
0.459924
0.580184
0.498074
0.509141
0.623993
0.322269
0.608014
0.670336
0.647422
0.499071
0.5266
0.760069
0.646397
0.499694
0.475551
0.70258
0.48732
0.392052
0.407516
0.541961
0.659764
0.711481
0.498301
0.296978
0.498933
0.681216
0.241859
0.421434
0.30984
0.541587
0.488714
0.622617
0.444397
0.763289
0.659477
0.772529
0.484415
0.818215
0.508276
0.621943
0.516582
0.392788
0.556706
0.550155
0.647211
0.323385
0.336461
0.314172
0.360852
0.437539
0.355998
0.366784
0.312505
0.580475
0.250025
0.56649
0.661758
0.532922
0.5058
0.583056
0.380863
0.577959
0.631139
0.695879
0.538643
0.703022
0.598735
0.480366
0.687938
0.535588
0.151377
0.478028
0.444532
0.471165
0.583434
0.353442
0.287497
0.579833
0.344571
0.565986
0.450576
0.549103
0.680092
0.543332
0.296421
0.668448
0.485079
0.559873
0.523704
0.473418
0.582132
0.426142
0.573613
0.489546
0.629035
0.220141
0.26801
0.749504
0.536085
0.7803
0.486343
0.758651
0.654625
0.380563
0.200841
0.567797
0.339086
0.575015
0.53674
0.347708
0.353506
0.393262
0.37238
0.573702
0.378147
0.455074
0.677761
0.603105
0.478947
0.426812
0.412961
0.701972
0.557618
0.641967
0.542105
0.445297
0.547333
0.639578
0.305219
0.528098
0.321044
0.42883
0.33919
0.390659
0.518142
0.364147
0.328562
0.343549
0.570852
0.516558
0.444455
0.496766
0.243565
0.564884
0.511369
0.428509
0.724102
0.720899
0.511871
0.605321
0.382425
0.369297
0.551684
0.575058
0.614787
0.675243
0.484706
0.342514
0.314081
0.425085
0.330069
0.605534
0.462921
0.461241
0.361218
0.534633
0.466503
0.398405
0.438696
0.635104
0.677955
0.41933
0.391101
0.607301
0.588746
0.30508
0.588603
0.344386
0.848774
0.523642
0.335124
0.559755
0.451543
0.555109
0.532483
0.357251
0.694857
0.450696
0.514586
0.641142
0.450751
0.592064
0.453206
0.360719
0.412877
0.428722
0.408809
0.503824
0.416937
0.42257
0.218731
0.458196
0.750358
0.524341
0.528061
0.769275
0.600341
0.557294
0.291896
0.414039
0.472704
0.805798
0.395914
0.415158
0.504044
0.323497
0.608996
0.3268
0.462231
0.61683
0.719225
0.577741
0.579116
0.360394
0.403949
0.260241
0.49756
0.602678
0.805509
0.461856
0.574091
0.572246
0.555236
0.465534
0.409039
0.5497
0.606679
0.461142
0.347086
0.490256
0.570673
0.444859
0.590571
0.732432
0.624713
0.714364
0.402433
0.28304
0.400511
0.635902
0.770544
0.306874
0.308985
0.359156
0.504679
0.356596
0.682189
0.538555
0.504299
0.346226
0.506618
0.492568
0.651352
0.598377
0.570516
0.659412
0.447823
0.585166
0.396368
0.508351
0.251878
0.646237
0.594899
0.516458
0.507164
0.621259
0.543188
0.453972
0.56358
0.701701
0.410656
0.325648
0.630283
0.616922
0.654745
0.535868
0.676678
0.758175
0.474333
0.48286
0.317854
0.652878
0.50284
0.699534
0.418741
0.478381
0.573334
0.159006
0.476774
0.403874
0.491773
0.521547
0.465057
0.531489
0.378058
0.642886
0.824921
0.53993
0.512382
0.473711
0.494892
0.389067
0.56015
0.695667
0.277959
0.401255
0.614598
0.555032
0.424639
0.780162
0.533332
0.522658
0.40874
0.652414
0.462996
0.335279
0.377359
0.41949
0.523694
0.622357
0.36716
0.391253
0.308998
0.614451
0.714244
0.448875
0.464209
0.53954
0.383028
0.570495
0.719961
0.575498
0.557043
0.470768
0.53362
0.428459
0.546848
0.384854
0.549606
0.693203
0.571504
0.503833
0.422754
0.324012
0.373104
0.483941
0.415797
0.560172
0.760401
0.454267
0.611687
0.323048
0.697969
0.491137
0.470897
0.601433
0.630745
0.572688
0.27909
0.494754
0.348078
0.341053
0.706516
0.572179
0.553268
0.4551
0.54047
0.468402
0.339296
0.5931
0.428629
0.768754
0.42331
0.447622
0.524927
0.488477
0.324166
0.536137
0.27068
0.431018
0.460732
0.628313
0.350397
0.281558
0.403995
0.569053
0.781429
0.474769
0.552519
0.665651
0.545295
0.346086
0.456298
0.424597
0.430933
0.465959
0.545223
0.591821
0.48983
0.655464
0.600583
0.698664
0.422204
0.633976
0.335445
0.480216
0.413145
0.456727
0.535231
0.45469
0.577714
0.519328
0.485028
0.380164
0.382869
0.651313
0.625484
0.392705
0.389072
0.561588
0.603706
0.638113
0.561511
0.561282
0.607334
0.405037
0.274826
0.756521
0.295403
0.723139
0.579549
0.51359
0.394347
0.685575
0.385494
0.446867
0.45545
0.675845
0.387934
0.416871
0.334249
0.516914
0.326556
0.559282
0.534473
0.313372
0.403148
0.559423
0.55934
0.629641
0.5393
0.360502
0.450719
0.549428
0.745812
0.423937
0.6096
0.610421
0.586028
0.27883
0.33612
0.426892
0.299264
0.593781
0.479577
0.430488
0.230295
0.522611
0.642396
0.311751
0.577384
0.617452
0.649951
0.573563
0.584479
0.525379
0.312022
0.160775
0.39137
0.602097
0.511899
0.462111
0.516126
0.657931
0.334896
0.451518
0.443024
0.523836
0.27719
0.513331
0.361149
0.570627
0.665055
0.651909
0.447523
0.571861
0.389164
0.601134
0.386112
0.364742
0.362817
0.407854
0.401537
0.485131
0.409539
0.557823
0.37346
0.539771
0.55623
0.340956
0.562919
0.594761
0.553261
0.419107
0.572704
0.52411
0.781717
0.674633
0.596144
0.751991
0.478355
0.398481
0.467194
0.569607
0.267359
0.245562
0.562978
0.500929
0.610016
0.471951
0.350288
0.675993
0.563211
0.408592
0.600843
0.54707
0.387943
0.561501
0.386327
0.609288
0.601636
0.706887
0.631651
0.57685
0.573187
0.425598
0.650992
0.788783
0.386585
0.755287
0.681831
0.200351
0.535534
0.497486
0.602243
0.440288
0.464324
0.573506
0.369633
0.618503
0.464735
0.256915
0.727205
0.34884
0.519095
0.406964
0.428681
0.557988
0.508639
0.278392
0.341975
0.39215
0.66572
0.486759
0.587171
0.671295
0.538555
0.468946
0.490484
0.596588
0.677163
0.606394
0.509952
0.566218
0.376956
0.190837
0.395198
0.530567
0.688616
0.631601
0.636158
0.508346
0.494858
0.759551
0.356542
0.635727
0.460631
0.510751
0.207933
0.431916
0.596025
0.414841
0.779636
0.394367
0.462407
0.417009
0.586185
0.398695
0.752385
0.48251
0.526
0.442129
0.452283
0.729579
0.487191
0.661338
0.639804
0.477046
0.644584
0.457962
0.486068
0.250033
0.649268
0.416982
0.545657
0.74013
0.530596
0.49898
0.37481
0.750924
0.451629
0.578633
0.379372
0.467489
0.492223
0.595822
0.542153
0.46752
0.357902
0.646176
0.514419
0.446446
0.574534
0.684729
0.397408
0.469685
0.544724
0.625678
0.524935
0.708989
0.496424
0.725541
0.344038
0.389608
0.701161
0.324903
0.552505
0.400059
0.700665
0.540409
0.3842
0.532247
0.147651
0.444792
0.348323
0.468206
0.398725
0.506048
0.558573
0.75902
0.523508
0.490942
0.583268
0.305681
0.511178
0.542884
0.576663
0.511465
0.729957
0.645905
0.403169
0.397437
0.561165
0.66754
0.746329
0.530246
0.591018
0.572455
0.428804
0.583453
0.272501
0.510601
0.502256
0.426056
0.4075
0.459733
0.45996
0.696214
0.65567
0.249687
0.26165
0.472662
0.429696
0.478504
0.640121
0.305086
0.734092
0.568389
0.601426
0.618461
0.462319
0.578533
0.573136
0.281765
0.569672
0.724671
0.454669
0.551653
0.540569
0.640421
0.655473
0.695901
0.290809
0.597891
0.565191
0.505241
0.679127
0.585984
0.297441
0.757396
0.607651
0.481641
0.617495
0.551798
0.496262
0.355606
0.554017
0.541828
0.418548
0.400162
0.67548
0.414072
0.653128
0.677774
0.370693
0.667861
0.368288
0.449112
0.616754
0.706189
0.523717
0.485286
0.372003
0.540413
0.61283
0.497031
0.340414
0.221398
0.323823
0.274445
0.680186
0.630789
0.376914
0.531908
0.45467
0.595934
0.477765
0.457835
0.648675
0.734918
0.560036
0.797753
0.516732
0.404805
0.489513
0.428064
0.629889
0.233212
0.452949
0.439185
0.500863
0.683917
0.41023
0.429187
0.369068
0.470556
0.570967
0.457543
0.811525
0.624181
0.557174
0.424272
0.525638
0.482276
0.492006
0.580106
0.437081
0.546873
0.839245
0.551918
0.370894
0.411938
0.406423
0.554538
0.555492
0.245721
0.482397
0.48129
0.495512
0.0991847
0.442366
0.40373
0.257016
0.569841
0.523489
0.604561
0.382705
0.460782
0.324485
0.511753
0.639877
0.32284
0.554078
0.747432
0.562576
0.645448
0.35549
0.659682
0.563425
0.567052
0.446005
0.332706
0.56051
0.512962
0.679187
0.490602
0.60931
0.448062
0.378549
0.698689
0.587179
0.370488
0.490271
0.356154
0.504716
0.293333
0.412307
0.553467
0.890052
0.69394
0.50027
0.682524
0.602697
0.389939
0.517828
0.537955
0.495998
0.369671
0.550714
0.491815
0.393206
0.710059
0.567457
0.374847
0.321914
0.411662
0.383703
0.525312
0.634386
0.529069
0.336693
0.497445
0.515005
0.541828
0.236718
0.538178
0.347235
0.369748
0.436799
0.381606
0.406653
0.465971
0.322652
0.370667
0.607771
0.407271
0.313248
0.445876
0.423563
0.535327
0.587659
0.549
0.599309
0.38334
0.395032
0.539146
0.497142
0.553598
0.608599
0.829575
0.553531
0.603985
0.367682
0.501973
0.54682
0.77175
0.298458
0.273264
0.61248
0.734225
0.368325
0.667023
0.485319
0.407801
0.432286
0.522045
0.284692
0.653954
0.663903
0.655857
0.503598
0.536253
0.487827
0.348321
0.447138
0.603097
0.274146
0.233611
0.540515
0.511705
0.514171
0.657782
0.360698
0.420249
0.438734
0.699886
0.426963
0.42366
0.498365
0.549735
0.520404
0.667673
0.603494
0.1235
0.416559
0.624413
0.394101
0.374359
0.352673
0.436715
0.513362
0.270501
0.474664
0.529357
0.408212
0.774415
0.400316
0.441367
0.450236
0.52919
0.594849
0.258954
0.509861
0.459442
0.702074
0.433874
0.441727
0.502652
0.146626
0.474047
0.633932
0.333578
0.576991
0.414952
0.59222
0.418631
0.430566
0.35111
0.494311
0.383632
0.564913
0.36237
0.350531
0.498351
0.426686
0.651433
0.304322
0.432119
0.452951
0.465297
0.328855
0.530192
0.36923
0.658214
0.420794
0.470502
0.333734
0.328012
0.625566
0.510936
0.465766
0.387883
0.584828
0.410939
0.494804
0.495231
0.479855
0.346593
0.600774
0.726961
0.626484
0.530365
0.629539
0.552474
0.499043
0.646581
0.423649
0.603153
0.432264
0.428807
0.588461
0.168594
0.449826
0.599397
0.41834
0.169295
0.443388
0.384359
0.455853
0.373714
0.292602
0.784639
0.586581
0.461212
0.359513
0.560302
0.540086
0.504544
0.563379
0.555594
0.448966
0.285446
0.466675
0.405396
0.707098
0.40018
0.770713
0.718368
0.577849
0.400253
0.489898
0.586415
0.764958
0.395177
0.37547
0.437854
0.623361
0.573174
0.290014
0.502551
0.523491
0.432865
0.359119
0.417607
0.578548
0.63093
0.480923
0.254357
0.506434
0.410528
0.561644
0.630018
0.651958
0.162274
0.537628
0.275436
0.484622
0.269266
0.483055
0.614959
0.575714
0.491904
0.597048
0.48315
0.427205
0.355007
0.492878
0.419367
0.274427
0.513419
0.522726
0.565143
0.53393
0.603319
0.579882
0.417048
0.355017
0.551748
0.711213
0.691554
0.515028
0.539347
0.499696
0.127255
0.649835
0.420396
0.56203
0.528297
0.626245
0.535365
0.640863
0.342416
0.455185
0.446273
0.314775
0.324892
0.745123
0.632106
0.330266
0.379662
0.754649
0.654792
0.476051
0.460799
0.790582
0.706214
0.436747
0.287617
0.601376
0.540348
0.515561
0.557346
0.641426
0.454808
0.607146
0.569212
0.555754
0.492208
0.504836
0.497807
0.400394
0.569369
0.681852
0.623062
0.634654
0.403266
0.503716
0.446276
0.578874
0.584766
0.387378
0.460253
0.425697
0.459044
0.368842
0.416535
0.743449
0.415473
0.691338
0.520204
0.454777
0.586721
0.465039
0.315123
0.368925
0.529662
0.230612
0.588521
0.567311
0.738935
0.304651
0.26841
0.483532
0.463034
0.58636
0.511596
0.593476
0.494465
0.821486
0.441472
0.37049
0.337942
0.479955
0.206987
0.514946
0.577893
0.405194
0.66717
0.306156
0.229503
0.201778
0.385402
0.535417
0.632696
0.578543
0.426823
0.468472
0.40909
0.36022
0.429427
0.679462
0.327209
0.294181
0.459457
0.74047
0.296759
0.351121
0.415917
0.204031
0.63025
0.459136
0.524641
0.562083
0.367837
0.598273
0.523279
0.604185
0.463197
0.464423
0.60446
0.249544
0.485067
0.60349
0.631662
0.329394
0.517654
0.603786
0.503243
0.505155
0.366383
0.570165
0.603369
0.49902
0.622826
0.709735
0.189186
0.581239
0.349565
0.627088
0.522615
0.515359
0.454104
0.51668
0.520087
0.340601
0.478672
0.679731
0.478034
0.519888
0.594306
0.380103
0.605913
0.27182
0.413356
0.454059
0.488139
0.323113
0.591431
0.637356
0.584027
0.371241
0.350805
0.773343
0.699246
0.360703
0.501701
0.289805
0.418382
0.494527
0.451251
0.521331
0.427167
0.588351
0.664114
0.617684
0.282091
0.509158
0.57164
0.495516
0.368257
0.625047
0.522609
0.808174
0.543302
0.345275
0.638241
0.642151
0.572221
0.689261
0.39441
0.483834
0.747351
0.245787
0.327643
0.390036
0.348368
0.544751
0.578003
0.362693
0.473728
0.557673
0.476747
0.562988
0.568805
0.582501
0.501653
0.562914
0.544439
0.484919
0.406056
0.251318
0.63635
0.512566
0.333261
0.484103
0.570861
0.539561
0.716717
0.460505
0.701753
0.524349
0.404798
0.753973
0.649286
0.380806
0.510445
0.730663
0.544101
0.596101
0.349479
0.423214
0.550852
0.32323
0.582642
0.233282
0.670085
0.494231
0.407253
0.623047
0.599628
0.423555
0.352685
0.302114
0.242098
0.300226
0.524104
0.469114
0.393163
0.721536
0.521529
0.342974
0.611939
0.237802
0.65309
0.501945
0.592857
0.514001
0.485449
0.592596
0.716193
0.545128
0.459968
0.59845
0.397046
0.482085
0.785917
0.259602
0.581135
0.546765
0.443662
0.470451
0.807769
0.87025
0.539265
0.581016
0.68934
0.727198
0.301773
0.385479
0.4127
0.531667
0.665991
0.265644
0.576939
0.492629
0.603724
0.601645
0.326783
0.508061
0.628196
0.471036
0.559789
0.429948
0.479098
0.402575
0.573684
0.503148
0.484848
0.473645
0.528592
0.431576
0.486092
0.550016
0.535174
0.537284
0.588214
0.342174
0.507331
0.652132
0.494987
0.440872
0.757131
0.43699
0.570992
0.412
0.336151
0.497642
0.30392
0.462061
0.573908
0.616513
0.612328
0.383952
0.219139
0.520279
0.399177
0.58074
0.498327
0.449595
0.322107
0.233621
0.369229
0.401387
0.379652
0.489059
0.322624
0.608164
0.546524
0.41775
0.386786
0.5528
0.485035
0.44178
0.186235
0.66065
0.574183
0.702166
0.325176
0.651246
0.399708
0.481703
0.489321
0.376146
0.610583
0.511082
0.425984
0.642876
0.649264
0.442016
0.466505
0.571681
0.790047
0.610518
0.44827
0.214746
0.663972
0.546283
0.483338
0.768331
0.607843
0.38895
0.570619
0.227308
0.553438
0.395986
0.478543
0.387981
0.481364
0.386203
0.611482
0.536784
0.619143
0.6421
0.448156
0.525993
0.587963
0.446996
0.592638
0.408512
0.426433
0.281406
0.453202
0.676112
0.578177
0.538433
0.462383
0.532146
0.465008
0.299806
0.730617
0.762419
0.826748
0.471116
0.69936
0.49686
0.446811
0.504107
0.497656
0.249168
0.360042
0.501467
0.534741
0.469453
0.522708
0.240352
0.56309
0.35287
0.687107
0.468226
0.459755
0.540535
0.544224
0.290917
0.294016
0.27198
0.462819
0.528965
0.527379
0.36373
0.554044
0.574241
0.435182
0.678081
0.4252
0.512888
0.511273
0.510102
0.558902
0.540198
0.538256
0.678459
0.375192
0.394038
0.251865
0.594776
0.320906
0.560753
0.53152
0.46349
0.705836
0.614451
0.698777
0.504982
0.598277
0.559694
0.646011
0.493259
0.538961
0.549669
0.650577
0.568535
0.373871
0.406855
0.512198
0.55638
0.491189
0.509424
0.397142
0.449008
0.529824
0.621416
0.751801
0.549947
0.467196
0.504199
0.586724
0.338638
0.359036
0.485468
0.412431
0.383127
0.466892
0.38375
0.269082
0.842257
0.449159
0.363214
0.728259
0.797869
0.594288
0.466569
0.607873
0.405319
0.632161
0.452776
0.537985
0.528736
0.269567
0.429678
0.409768
0.436344
0.262476
0.566751
0.451908
0.289906
0.471975
0.41599
0.184553
0.408886
0.469158
0.44428
0.532952
0.580853
0.479867
0.641916
0.529807
0.400368
0.622376
0.54155
0.442065
0.443292
0.425407
0.650747
0.425491
0.334934
0.662025
0.429268
0.496418
0.680443
0.24507
0.557751
0.528132
0.644688
0.356147
0.644813
0.499424
0.265701
0.483301
0.370815
0.571048
0.548491
0.389247
0.503395
0.324601
0.721326
0.695316
0.345833
0.30637
0.669733
0.625571
0.766689
0.470883
0.538766
0.496258
0.548974
0.666416
0.474276
0.349763
0.599069
0.155011
0.440741
0.617523
0.348296
0.37626
0.607013
0.557307
0.310688
0.367184
0.25125
0.457306
0.445117
0.316141
0.240271
0.249533
0.59331
0.289208
0.543152
0.351058
0.680915
0.511667
0.219541
0.782915
0.498919
0.559917
0.274023
0.538714
0.418424
0.321525
0.701783
0.229792
0.492793
0.670694
0.299457
0.369233
0.395986
0.596768
0.528832
0.627593
0.531851
0.484459
0.569055
0.659172
0.392114
0.70248
0.36318
0.526029
0.475744
0.294541
0.363805
0.310663
0.612606
0.521967
0.235683
0.586677
0.232272
0.37541
0.324606
0.495361
0.625435
0.305396
0.414509
0.746774
0.270388
0.625273
0.450204
0.324578
0.519052
0.279099
0.601909
0.428974
0.303146
0.461085
0.508794
0.35201
0.147598
0.298575
0.600153
0.261245
0.649633
0.399605
0.411103
0.69413
0.451944
0.707492
0.560238
0.565989
0.629039
0.543624
0.43374
0.404477
0.50834
0.55681
0.33675
0.484919
0.321668
0.490576
0.760144
0.401771
0.356873
0.442443
0.319529
0.626108
0.750825
0.391288
0.62247
0.527931
0.399793
0.43665
0.397522
0.552093
0.596185
0.40964
0.581259
0.600753
0.23519
0.517677
0.432528
0.472797
0.543336
0.469499
0.370764
0.62719
0.604362
0.34394
0.580241
0.564488
0.30589
0.523296
0.666316
0.656822
0.281638
0.373347
0.393328
0.405886
0.425654
0.637189
0.896134
0.481291
0.223282
0.39517
0.475987
0.304976
0.563
0.760796
0.623484
0.524166
0.517515
0.521133
0.331732
0.184993
0.333741
0.735013
0.466132
0.216827
0.440564
0.574225
0.555908
0.605471
0.430415
0.289509
0.798521
0.519677
0.624063
0.618016
0.671697
0.41416
0.585074
0.692003
0.398158
0.424144
0.37699
0.286064
0.293154
0.458066
0.68725
0.534502
0.351159
0.659589
0.580752
0.200278
0.321063
0.526747
0.464991
0.477213
0.522972
0.430446
0.488871
0.508933
0.537186
0.258463
0.368413
0.618889
0.328777
0.422558
0.413175
0.429293
0.459732
0.509667
0.464431
0.72292
0.604081
0.543864
0.666234
0.446628
0.457634
0.27077
0.657922
0.801526
0.479563
0.503249
0.455208
0.700674
0.493507
0.406012
0.798742
0.545949
0.505209
0.382566
0.885144
0.682413
0.474902
0.50272
0.41564
0.588604
0.647326
0.420479
0.630157
0.668334
0.440759
0.735129
0.53727
0.193676
0.598011
0.502964
0.568832
0.536122
0.694705
0.480381
0.517126
0.29571
0.490173
0.343996
0.555545
0.535036
0.519127
0.469228
0.573388
0.441284
0.602248
0.441073
0.512327
0.426031
0.463716
0.311408
0.686276
0.336906
0.565216
0.60395
0.576257
0.360968
0.399419
0.505552
0.364681
0.366813
0.750587
0.381102
0.525278
0.73705
0.363534
0.52592
0.600461
0.417406
0.521516
0.447106
0.730713
0.641941
0.293926
0.473209
0.472947
0.630598
0.470224
0.565318
0.44765
0.596797
0.460126
0.484037
0.547825
0.3064
0.643434
0.503881
0.754757
0.508742
0.34631
0.4137
0.633722
0.685622
0.473516
0.459269
0.49298
0.46113
0.525967
0.639165
0.616451
0.166591
0.286591
0.530263
0.527958
0.399219
0.490276
0.374216
0.385008
0.445377
0.449812
0.386404
0.573894
0.510678
0.452036
0.246078
0.295075
0.517011
0.648611
0.688657
0.267004
0.35466
0.4442
0.652771
0.384892
0.435778
0.65066
0.446174
0.564551
0.359953
0.366876
0.402862
0.465032
0.605674
0.41685
0.531745
0.470879
0.392026
0.608907
0.534221
0.247741
0.557693
0.360596
0.42966
0.354724
0.480596
0.479889
0.415781
0.463127
0.26863
0.735282
0.553409
0.522508
0.503601
0.535792
0.456249
0.428671
0.486662
0.545686
0.546805
0.45018
0.640321
0.56607
0.576133
0.395115
0.451986
0.232743
0.47078
0.351561
0.335618
0.532456
0.444356
0.385965
0.436361
0.47201
0.479298
0.574078
0.559119
0.709355
0.538161
0.579479
0.473449
0.354713
0.501476
0.4631
0.697432
0.673064
0.354947
0.751129
0.512367
0.18629
0.373186
0.424044
0.284286
0.621772
0.587063
0.501197
0.599961
0.340826
0.6001
0.53676
0.352797
0.580589
0.765548
0.536287
0.382801
0.45083
0.485266
0.439625
0.485837
0.355591
0.386191
0.555177
0.417987
0.490291
0.518044
0.50115
0.644804
0.448161
0.451239
0.708585
0.692396
0.424971
0.497323
0.534805
0.773865
0.525652
0.692478
0.559052
0.373008
0.657426
0.45068
0.288156
0.606057
0.666672
0.286348
0.561298
0.546568
0.685238
0.612281
0.650278
0.63942
0.259057
0.629169
0.515028
0.354803
0.61947
0.535984
0.371849
0.505636
0.525856
0.31048
0.611337
0.292041
0.476373
0.646324
0.480151
0.520448
0.389428
0.604912
0.400464
0.50506
0.658879
0.168666
0.696664
0.484413
0.356012
0.59794
0.652827
0.720587
0.78544
0.231051
0.427778
0.594375
0.312896
0.468277
0.266874
0.323891
0.602287
0.593868
0.299558
0.43029
0.577568
0.269609
0.496455
0.52246
0.331188
0.539725
0.545408
0.59889
0.623028
0.586759
0.427042
0.451818
0.658319
0.544485
0.630817
0.744913
0.425662
0.486341
0.624271
0.716063
0.660858
0.451688
0.712331
0.282479
0.541875
0.439331
0.609931
0.40377
0.496441
0.386179
0.278215
0.753429
0.416947
0.362943
0.689632
0.480431
0.446627
0.368989
0.406215
0.586297
0.464315
0.411612
0.463082
0.431685
0.509041
0.334147
0.499198
0.608846
0.525782
0.441791
0.691973
0.117083
0.573871
0.399305
0.522318
0.558908
0.632897
0.582709
0.482184
0.392253
0.498924
0.405703
0.465799
0.642563
0.737021
0.665161
0.356098
0.5678
0.713441
0.5192
0.595261
0.505491
0.260368
0.392794
0.547503
0.596379
0.734412
0.272737
0.626945
0.412628
0.342569
0.485323
0.745671
0.414908
0.370128
0.631802
0.478058
0.573046
0.517061
0.580481
0.546858
0.516916
0.414228
0.278116
0.492872
0.401287
0.648903
0.251468
0.440601
0.59061
0.49952
0.332943
0.633079
0.473172
0.300341
0.67907
0.464838
0.531243
0.484363
0.780089
0.646314
0.613388
0.462745
0.31253
0.508007
0.321947
0.685421
0.29984
0.489639
0.54399
0.403297
0.660709
0.417935
0.57524
0.449104
0.488751
0.485167
0.427203
0.622063
0.574956
0.596447
0.53793
0.37004
0.716368
0.422909
0.252754
0.599863
0.417551
0.615291
0.685232
0.518423
0.758647
0.301307
0.549227
0.73961
0.55451
0.3831
0.465427
0.529117
0.648998
0.608812
0.540734
0.463558
0.468951
0.524744
0.504451
0.333891
0.501555
0.400251
0.624525
0.626161
0.461142
0.503599
0.640354
0.484186
0.787448
0.509624
0.711906
0.637024
0.783786
0.423856
0.730597
0.415335
0.683524
0.666358
0.554175
0.360659
0.556009
0.594178
0.260736
0.244161
0.664126
0.644941
0.667048
0.369574
0.50694
0.215614
0.581043
0.170401
0.470235
0.478241
0.471384
0.474443
0.519702
0.775849
0.508203
0.668426
0.566418
0.402713
0.584765
0.639901
0.479037
0.288497
0.652254
0.609221
0.384731
0.579089
0.427831
0.416754
0.470739
0.410277
0.364473
0.44363
0.455878
0.545025
0.651038
0.681172
0.538459
0.500581
0.449988
0.406372
0.541593
0.406587
0.341806
0.568699
0.57339
0.457043
0.349407
0.766354
0.908405
0.563327
0.738843
0.625665
0.494746
0.667391
0.566833
0.252313
0.521612
0.487117
0.459695
0.372868
0.273896
0.661997
0.507167
0.52386
0.389436
0.337775
0.639399
0.486156
0.362399
0.433167
0.58364
0.536481
0.55104
0.598922
0.482391
0.645785
0.304143
0.506368
0.467074
0.465092
0.278248
0.455397
0.546626
0.591236
0.544189
0.505239
0.471428
0.304249
0.549452
0.508938
0.608178
0.240386
0.691856
0.34633
0.705695
0.354128
0.555418
0.441755
0.596351
0.691746
0.553003
0.531214
0.370313
0.329917
0.510312
0.587964
0.443664
0.325707
0.316374
0.272713
0.636751
0.398261
0.367498
0.460799
0.36185
0.455515
0.561312
0.198629
0.322022
0.647932
0.578281
0.508863
0.434311
0.25097
0.449065
0.320537
0.655384
0.542903
0.58298
0.53759
0.707265
0.367591
0.367305
0.63679
0.632563
0.384524
0.487355
0.532488
0.366133
0.461264
0.617453
0.158074
0.563367
0.325504
0.353611
0.658596
0.500475
0.353162
0.466766
0.500468
0.441607
0.631945
0.523862
0.586015
0.390132
0.631986
0.63211
0.8851
0.501799
0.480654
0.595102
0.604231
0.386977
0.54033
0.819748
0.415143
0.575146
0.607497
0.478416
0.638362
0.521014
0.28926
0.715377
0.470044
0.417868
0.388582
0.201329
0.468335
0.526338
0.679952
0.601113
0.76348
0.457989
0.639537
0.550865
0.377402
0.261769
0.483493
0.370986
0.655727
0.592223
0.359219
0.506055
0.319284
0.292786
0.639723
0.523993
0.292733
0.362665
0.222648
0.672309
0.493637
0.505661
0.383273
0.533625
0.463344
0.453539
0.444024
0.406248
0.557405
0.641499
0.489683
0.625238
0.522756
0.771281
0.484165
0.408238
0.375035
0.567202
0.356796
0.63754
0.724428
0.406818
0.767749
0.461068
0.623403
0.542147
0.39635
0.501917
0.634315
0.326912
0.504232
0.506873
0.517708
0.49367
0.40799
0.5432
0.57043
0.502008
0.472347
0.580567
0.212464
0.381272
0.442652
0.687932
0.417379
0.75108
0.6316
0.656748
0.457122
0.508721
0.534561
0.561115
0.509648
0.46948
0.665195
0.418175
0.248745
0.53504
0.590858
0.359799
0.359091
0.203884
0.23733
0.317617
0.524533
0.339681
0.475101
0.311861
0.621159
0.548947
0.463831
0.281035
0.374921
0.613947
0.705688
0.460677
0.651098
0.663339
0.448601
0.388729
0.433318
0.68006
0.612493
0.461368
0.295462
0.438375
0.529379
0.672247
0.611486
0.381038
0.654786
0.631687
0.595922
0.400502
0.504809
0.378553
0.399917
0.53886
0.300759
0.270544
0.251513
0.389452
0.580865
0.479079
0.540489
0.445192
0.603757
0.439603
0.592078
0.326922
0.478143
0.440002
0.204039
0.328235
0.582573
0.598288
0.459835
0.376172
0.682605
0.52122
0.468401
0.531054
0.12294
0.489959
0.377604
0.491006
0.600826
0.735217
0.492855
0.441072
0.5646
0.496963
0.701397
0.363114
0.396845
0.673121
0.522792
0.627152
0.223118
0.514649
0.711705
0.499841
0.54121
0.693992
0.533836
0.570051
0.417863
0.239389
0.391946
0.599951
0.593853
0.474502
0.737508
0.413783
0.337339
0.423072
0.574201
0.543042
0.670909
0.429874
0.720942
0.519742
0.470326
0.716409
0.601484
0.568779
0.611645
0.64308
0.48104
0.472225
0.566051
0.605896
0.26245
0.395193
0.265158
0.478028
0.43884
0.563313
0.55887
0.444106
0.49857
0.310809
0.557525
0.603574
0.282768
0.476824
0.402721
0.280491
0.265452
0.473436
0.478594
0.718914
0.189842
0.495401
0.507856
0.519726
0.349137
0.558993
0.643644
0.447068
0.811765
0.471539
0.457142
0.567101
0.494807
0.526775
0.638629
0.651834
0.388257
0.632712
0.501471
0.565362
0.499523
0.403148
0.54875
0.634772
0.462857
0.632494
0.393606
0.284817
0.552226
0.433657
0.498624
0.682435
0.526822
0.51392
0.217026
0.398481
0.473381
0.714133
0.498318
0.660265
0.504619
0.418102
0.601132
0.55641
0.613279
0.284388
0.593034
0.388201
0.319936
0.350408
0.486408
0.468333
0.612176
0.453653
0.655262
0.384264
0.643994
0.508328
0.412934
0.611091
0.607054
0.424961
0.536716
0.626015
0.528344
0.579436
0.552868
0.397323
0.388949
0.496233
0.513393
0.655991
0.362233
0.434648
0.392328
0.474258
0.471442
0.438832
0.410599
0.645854
0.469994
0.571289
0.290334
0.666399
0.425025
0.489955
0.485833
0.535208
0.67683
0.502269
0.502249
0.333292
0.363709
0.543235
0.475883
0.474666
0.321727
0.241959
0.652436
0.583522
0.339381
0.382487
0.38056
0.728956
0.684145
0.506172
0.47558
0.668464
0.806058
0.376583
0.558972
0.534503
0.416506
0.422935
0.518431
0.574279
0.460323
0.538987
0.355271
0.557101
0.337407
0.642542
0.403464
0.338022
0.645863
0.653515
0.749323
0.558978
0.640863
0.739668
0.403211
0.533702
0.329193
0.278447
0.443758
0.660704
0.41478
0.517144
0.658813
0.506506
0.41026
0.464164
0.55239
0.772081
0.537254
0.65025
0.398589
0.478357
0.425778
0.755018
0.645979
0.367317
0.332174
0.652215
0.77217
0.605376
0.534794
0.694198
0.33987
0.393457
0.216004
0.3959
0.41305
0.437761
0.445103
0.410907
0.674012
0.527241
0.555503
0.393421
0.577132
0.614988
0.445791
0.542199
0.639413
0.634171
0.681543
0.514794
0.477142
0.424195
0.555314
0.527383
0.546079
0.534824
0.467064
0.218455
0.642521
0.657004
0.576164
0.610944
0.706009
0.647043
0.477604
0.670819
0.581714
0.619973
0.36632
0.500473
0.520835
0.548853
0.440728
0.748835
0.508478
0.586289
0.494316
0.549154
0.517218
0.595617
0.456079
0.6488
0.416172
0.42123
0.638892
0.367899
0.364096
0.426102
0.380639
0.46646
0.743679
0.571353
0.625855
0.520261
0.634448
0.705812
0.574227
0.467777
0.473948
0.277286
0.863901
0.213822
0.840201
0.382111
0.478092
0.636483
0.740855
0.35241
0.547785
0.474771
0.672455
0.66433
0.524903
0.663877
0.492373
0.564663
0.741391
0.577962
0.220205
0.493236
0.641294
0.638087
0.667812
0.566106
0.53487
0.302776
0.419261
0.62788
0.304519
0.494362
0.69413
0.434799
0.289162
0.495645
0.499068
0.454061
0.552687
0.604689
0.291117
0.225995
0.337867
0.44318
0.34867
0.607275
0.523398
0.5144
0.397482
0.474536
0.41056
0.495345
0.514045
0.504204
0.608522
0.575168
0.489669
0.7478
0.673294
0.626201
0.567582
0.490478
0.163239
0.278132
0.462474
0.718434
0.651161
0.380285
0.456468
0.538606
0.495366
0.257662
0.375314
0.608551
0.404445
0.525711
0.54028
0.668643
0.38635
0.61559
0.540263
0.451988
0.374025
0.520664
0.569085
0.515348
0.458247
0.407503
0.437709
0.428636
0.49332
0.39798
0.431876
0.529227
0.501357
0.237037
0.392807
0.544788
0.483233
0.283055
0.521169
0.375069
0.615097
0.520845
0.430609
0.765849
0.50317
0.683381
0.413125
0.580222
0.290073
0.316279
0.450061
0.752711
0.525359
0.523554
0.653565
0.386038
0.572213
0.445557
0.616789
0.410478
0.331336
0.647624
0.568759
0.269592
0.400207
0.60453
0.471899
0.528181
0.298599
0.371244
0.785882
0.528952
0.49539
0.610941
0.488747
0.470514
0.352079
0.439077
0.551569
0.463943
0.608603
0.326366
0.281921
0.577583
0.199219
0.428512
0.777991
0.435517
0.491442
0.277828
0.382426
0.436032
0.449075
0.438738
0.624387
0.450529
0.25971
0.609364
0.44036
0.504881
0.635026
0.414818
0.738046
0.494875
0.65478
0.510634
0.501094
0.311805
0.517279
0.279423
0.432176
0.62662
0.483944
0.498954
0.423258
0.380498
0.53554
0.580442
0.269193
0.641939
0.433746
0.272915
0.56661
0.807223
0.713827
0.210728
0.346409
0.540319
0.500658
0.310076
0.5751
0.574531
0.488558
0.7168
0.447166
0.641704
0.471378
0.548
0.415235
0.472575
0.437687
0.586334
0.523932
0.446878
0.610385
0.367182
0.402105
0.693369
0.732798
0.489877
0.520952
0.583589
0.575311
0.286264
0.755189
0.570751
0.517715
0.550206
0.722479
0.644584
0.581057
0.284161
0.473347
0.358747
0.336308
0.523341
0.228719
0.599874
0.771482
0.480592
0.403138
0.373432
0.38884
0.498262
0.215052
0.754264
0.432877
0.43574
0.296906
0.668337
0.590329
0.357902
0.521183
0.522299
0.496339
0.571611
0.616805
0.470837
0.536031
0.39207
0.645331
0.406496
0.526536
0.57193
0.638231
0.676913
0.348305
0.313481
0.584618
0.690886
0.682246
0.684233
0.440876
0.584072
0.58576
0.701123
0.566324
0.300552
0.559468
0.627073
0.447891
0.737155
0.739713
0.580746
0.555681
0.429039
0.59075
0.497103
0.683407
0.669161
0.524636
0.650282
0.304417
0.699175
0.374815
0.275059
0.665932
0.439167
0.388417
0.568588
0.420245
0.399002
0.348423
0.446476
0.639912
0.601811
0.62489
0.548916
0.491039
0.323225
0.58781
0.282271
0.469993
0.587759
0.565223
0.434079
0.688433
0.55171
0.23995
0.466116
0.382313
0.431978
0.556424
0.278329
0.304109
0.510267
0.734242
0.409822
0.834389
0.556563
0.404325
0.6215
0.538036
0.685127
0.513156
0.364764
0.529953
0.697297
0.465081
0.714026
0.761467
0.401161
0.545719
0.316648
0.567345
0.658037
0.413333
0.536985
0.418492
0.32511
0.550661
0.442748
0.319844
0.584432
0.696846
0.559371
0.508462
0.418719
0.656384
0.615016
0.693567
0.468431
0.606563
0.385341
0.407639
0.742872
0.562844
0.649278
0.493357
0.227418
0.347654
0.567222
0.441903
0.402489
0.545802
0.330011
0.549331
0.346772
0.491288
0.295628
0.513406
0.223102
0.656813
0.482015
0.416516
0.53205
0.518497
0.426078
0.412539
0.463731
0.422685
0.714568
0.657294
0.486921
0.436623
0.362029
0.612632
0.596811
0.436062
0.33046
0.351111
0.415387
0.655515
0.48733
0.548276
0.524642
0.654149
0.671608
0.548197
0.341784
0.454743
0.726605
0.619222
0.552956
0.585501
0.664722
0.493794
0.449427
0.654765
0.610152
0.4403
0.605904
0.645191
0.534835
0.596656
0.558728
0.524118
0.530473
0.573797
0.542919
0.596551
0.571243
0.500363
0.398023
0.511339
0.500608
0.734312
0.826598
0.373079
0.259773
0.438232
0.265254
0.484454
0.659983
0.447046
0.591888
0.486996
0.437027
0.51241
0.436096
0.592545
0.421541
0.369049
0.380573
0.681327
0.376586
0.434956
0.644018
0.233015
0.714455
0.748964
0.431208
0.670262
0.483948
0.403525
0.540214
0.514811
0.449795
0.604276
0.653305
0.53796
0.556256
0.356508
0.436233
0.652042
0.52203
0.336158
0.46578
0.628831
0.55469
0.662246
0.63959
0.504016
0.357338
0.480455
0.543328
0.562744
0.541678
0.544233
0.31253
0.596919
0.630205
0.509415
0.790538
0.546467
0.651885
0.428935
0.616572
0.418935
0.692857
0.652257
0.352293
0.228079
0.695234
0.525178
0.350344
0.374812
0.497623
0.793708
0.770097
0.55394
0.632014
0.503775
0.345685
0.517473
