94.56
104.64
135.42
96.34
97.54
91.32
107.88
87.58
102
127.34
111.88
88.54
102.54
98.08
94.84
90.3
85.12
85.36
117.78
108.9
108.46
104.34
92.5
127.14
77.7
122.32
115.9
101.86
109.16
85.46
72.02
110.06
96.42
91.04
101.58
109.48
107.36
77.74
84.08
106.7
96.88
118.02
84.16
97.06
96.56
124.88
111.98
110.76
115.42
99.86
114.4
85.86
125.48
107.36
85
109.28
75.22
98.5
93.04
92.62
99.66
100.9
117.18
102.14
105.6
88.1
95.02
91.38
119.76
98.76
94.92
82.44
98.94
93.32
112.78
119.46
101.4
107.82
93.32
104.76
107.26
102.62
108.48
133.86
88.66
78.52
84.58
110.28
88.52
93.74
88.34
104.78
117.32
91.84
123.38
90.04
102.2
117.48
118.84
95.82
