0.502384           0
0.499144  0.00323944
0.500162  0.00212913
0.50108  0.00176335
0.501127  0.00136671
0.501041  0.00111922
0.501288 0.000977436
0.500717  0.00102074
0.500697 0.000900448
0.501308  0.00101111
0.501283  0.00091491
0.50116 0.000844174
0.501362 0.000802348
0.502067  0.00102372
0.50175  0.00100439
0.501694 0.000941154
0.501415 0.000927292
0.501181 0.000905024
0.501378 0.000878496
0.501531 0.000847299
0.501683 0.000820315
0.501599 0.000786737
0.50175 0.000766839
0.501458 0.000790252
0.501417 0.000759058
0.501257  0.00074668
0.501099 0.000735572
0.501116 0.000709002
0.501053  0.00068696
0.500915 0.000677803
0.500659 0.000703797
0.500509 0.000697767
0.500429 0.000681053
0.500509 0.000665595
0.500462 0.000648058
0.500595 0.000643838
0.50064 0.000627777
0.500666 0.000611589
0.500594 0.000600029
0.500572 0.000585253
0.500529 0.000572427
0.500421 0.000568944
0.500248  0.00058198
0.500297 0.000570774
0.500241 0.000560764
0.500251 0.000548518
0.500203 0.000538804
0.500297  0.00053574
0.500264 0.000525735
0.50023 0.000516231
0.500252  0.00050649
0.50021  0.00049848
0.500233 0.000489541
0.500175 0.000483825
0.500114 0.000478844
0.500073 0.000472004
0.500034  0.00046535
0.500021 0.000457425
0.500032 0.000449724
0.500033 0.000442167
0.499929 0.000447158
0.499836  0.00044943
0.499757 0.000449285
0.49971 0.000444704
0.499691 0.000438219
0.499786 0.000441799
0.499821 0.000436594
0.499828 0.000430169
0.499885 0.000427824
0.499873  0.00042185
0.499892 0.000416305
0.499836 0.000414283
0.499777 0.000412826
0.499849 0.000413508
0.49981 0.000409781
0.499777  0.00040574
0.499766 0.000400571
0.499743 0.000396086
0.499781 0.000392914
0.49979 0.000388065
0.499789 0.000383246
0.499764 0.000379341
0.499785 0.000375309
0.499786 0.000370815
0.499834 0.000369596
0.499854 0.000365836
0.499845  0.00036174
0.499851 0.000357664
0.499816 0.000355338
0.499746 0.000358292
0.499741 0.000354362
0.499773 0.000351916
0.499783 0.000348242
0.49976 0.000345287
0.499827 0.000348292
0.499766 0.000350136
0.499838 0.000354065
0.499814 0.000351253
0.499814 0.000347687
0.499828  0.00034448
