     1.53207           0
      1.5136   0.0184729
     1.55257    0.040404
     1.47678   0.0809902
     1.48186   0.0629396
     1.45364   0.0586269
     1.42332   0.0580883
     1.45687   0.0604677
     1.46156   0.0535327
     1.46835   0.0483605
     1.46679   0.0437713
     1.46672   0.0399577
     1.47285   0.0372622
     1.46887   0.0347266
     1.47697   0.0333276
      1.4829   0.0317336
     1.48424    0.029839
     1.48676   0.0282446
     1.48386   0.0268734
      1.4999   0.0301184
     1.50274   0.0287887
     1.49951   0.0276382
     1.49945   0.0264093
     1.50104   0.0253347
      1.4971   0.0246178
     1.49246   0.0241023
     1.48551   0.0242116
     1.48134   0.0237003
     1.47923   0.0229658
     1.47669   0.0223326
     1.47386   0.0217847
     1.47235   0.0211466
     1.47082   0.0205527
     1.47342   0.0201071
     1.47272   0.0195365
     1.47721     0.01951
     1.47722   0.0189754
     1.48117   0.0188885
     1.48401   0.0186155
     1.48121   0.0183594
     1.48629   0.0186135
     1.48717    0.018186
     1.48669   0.0177646
     1.48834    0.017435
     1.49687   0.0190562
     1.49503   0.0187274
      1.4941   0.0183483
     1.49334    0.017978
     1.49727   0.0180402
     1.49566   0.0177489
      1.4934   0.0175434
      1.4982     0.01786
     1.50041   0.0176581
     1.50387   0.0176708
     1.49868   0.0181076
      1.5007   0.0178963
      1.5025   0.0176714
     1.50007    0.017534
     1.50048   0.0172393
     1.50156   0.0169841
     1.49824   0.0170302
     1.49891   0.0167665
     1.49978    0.016521
     1.50227   0.0164505
     1.50297   0.0162106
      1.5025     0.01597
     1.50186   0.0157425
     1.50087   0.0155412
     1.50334    0.015512
     1.50423   0.0153146
     1.50401   0.0150989
     1.50598   0.0150175
     1.50524   0.0148289
     1.50377   0.0147005
     1.50349    0.014506
     1.50253   0.0143458
     1.50211   0.0141645
     1.49965    0.014197
     1.50037   0.0140345
     1.50085   0.0138663
      1.5014   0.0137051
     1.50432   0.0138488
     1.50479   0.0136888
      1.5035   0.0135859
     1.50287   0.0134397
     1.50342   0.0132937
     1.50612   0.0134152
     1.50563   0.0132709
     1.50599   0.0131257
     1.50434   0.0130828
     1.50324   0.0129851
     1.50196   0.0129066
     1.50329   0.0128356
     1.50163   0.0128059
     1.50211   0.0126796
     1.50249   0.0125524
     1.50079   0.0125377
     1.49949   0.0124767
     1.50107   0.0124511
     1.50207   0.0123663
