     7.65341           0
     7.66031  0.00690079
      7.6555  0.00624456
      7.6743   0.0193086
     7.66568   0.0172601
     7.67207    0.015473
     7.67711   0.0140135
     7.67538   0.0122585
     7.68007   0.0117851
     7.67709   0.0109553
     7.67061   0.0118405
     7.67033   0.0108124
     7.67082  0.00995805
     7.67028  0.00923512
     7.66665  0.00933193
     7.66888  0.00900793
     7.66635  0.00882975
     7.66781  0.00845134
     7.66884  0.00806012
     7.66505  0.00853463
     7.66724  0.00840949
     7.66853  0.00812128
     7.66869  0.00776174
     7.66946  0.00747126
     7.66978  0.00717333
     7.66988  0.00689267
     7.66837  0.00680297
     7.67153  0.00727849
     7.67076  0.00706525
     7.67009  0.00685853
     7.67105  0.00670302
     7.67079  0.00649551
     7.67082  0.00629569
     7.67097  0.00610958
     7.66964  0.00608127
     7.67152  0.00620374
     7.67163  0.00603476
     7.67098  0.00590957
     7.67215  0.00587193
     7.67131  0.00578442
     7.67116  0.00564341
     7.67244  0.00565435
     7.67296  0.00554561
     7.67292  0.00541829
      7.6725  0.00531306
     7.67373  0.00534027
     7.67363  0.00522638
     7.67214  0.00532773
     7.67225  0.00521898
     7.67282  0.00514511
      7.6721  0.00509407
      7.6731  0.00509362
     7.67188  0.00514237
     7.67275  0.00511982
     7.67246  0.00503424
     7.67177  0.00499083
     7.67254  0.00496198
     7.67148  0.00498896
     7.67067  0.00497073
     7.67067  0.00488718
     7.67048  0.00481017
     7.67005  0.00475123
       7.671  0.00477031
     7.67076  0.00470157
     7.67023  0.00465802
     7.67053  0.00459651
      7.6703  0.00453331
     7.66961  0.00451932
     7.66974   0.0044553
     7.66903  0.00444909
     7.66947  0.00440833
     7.66912  0.00436086
       7.669   0.0043022
     7.66882  0.00424745
      7.6689   0.0041911
      7.6688  0.00413683
     7.66854  0.00409099
     7.66909  0.00407594
     7.66931     0.00403
     7.66955  0.00398639
     7.67007  0.00397072
     7.67031  0.00392977
     7.66997  0.00389717
      7.6704  0.00387455
     7.67065  0.00383693
     7.67042  0.00379946
     7.67158   0.0039306
     7.67082  0.00395862
      7.6713  0.00394303
     7.67155  0.00390694
     7.67152   0.0038639
     7.67145  0.00382231
      7.6718  0.00379737
     7.67117  0.00380965
     7.67162  0.00379634
     7.67097  0.00381226
     7.67134  0.00379069
     7.67128   0.0037523
     7.67162  0.00373002
     7.67177  0.00369581
