   0.0527462           0
    0.053134  0.00038782
    0.052609 0.000570746
   0.0527109 0.000416243
   0.0526793 0.000323963
   0.0525375 0.000300142
   0.0525515 0.000254055
    0.052362 0.000290395
   0.0522661  0.00027346
   0.0522434 0.000245645
   0.0522939 0.000227855
   0.0523672 0.000220544
   0.0524401 0.000215571
   0.0524324 0.000199727
   0.0523994  0.00018885
   0.0523632 0.000180323
   0.0523996 0.000173261
   0.0523642 0.000167138
   0.0524098 0.000164548
   0.0524358  0.00015824
    0.052431 0.000150593
   0.0524069  0.00014559
   0.0524165 0.000139449
   0.0523785 0.000138806
   0.0523643 0.000133896
   0.0524034 0.000134457
   0.0523609  0.00013619
   0.0523727 0.000131765
   0.0523144 0.000139855
   0.0522385 0.000154969
   0.0522393 0.000149889
   0.0522285  0.00014553
   0.0522449    0.000142
   0.0522655 0.000139292
   0.0522985  0.00013922
   0.0523611 0.000149107
   0.0523646 0.000145062
   0.0523683 0.000141241
   0.0523566  0.00013807
   0.0523739 0.000135689
    0.052341  0.00013638
   0.0522828 0.000145269
   0.0522578 0.000144029
    0.052255 0.000140745
   0.0522732 0.000138779
   0.0522777 0.000135805
    0.052261  0.00013393
   0.0522136 0.000139435
   0.0521878 0.000138967
   0.0522004 0.000136737
   0.0522213 0.000135656
   0.0521965 0.000135317
   0.0521764 0.000134245
    0.052157 0.000133164
   0.0521518 0.000130821
   0.0521391 0.000129096
   0.0521674 0.000129942
   0.0522191 0.000137743
   0.0522015 0.000136524
   0.0522464 0.000141529
   0.0522551 0.000139457
   0.0522468  0.00013744
   0.0522582 0.000135724
   0.0522531 0.000133682
   0.0522301 0.000133614
   0.0522211 0.000131881
   0.0522201 0.000129901
   0.0522271 0.000128166
    0.052219 0.000126556
   0.0522141  0.00012483
   0.0522041 0.000123466
   0.0521985  0.00012187
   0.0522022 0.000120245
   0.0521959 0.000118774
   0.0521965 0.000117181
   0.0522022 0.000115769
   0.0522106 0.000114559
    0.052237 0.000116136
   0.0522357 0.000114663
    0.052224 0.000113825
   0.0522384 0.000113324
   0.0522348 0.000111992
   0.0522381 0.000110685
   0.0522213 0.000110643
   0.0522234 0.000109354
   0.0522193 0.000108153
   0.0522151 0.000106986
   0.0522173 0.000105787
   0.0522223 0.000104707
   0.0522272 0.000103655
   0.0522256 0.000102522
   0.0522404  0.00010248
   0.0522504 0.000101863
   0.0522467 0.000100842
   0.0522393 0.000100049
   0.0522296 9.94799e-05
   0.0522341 9.85522e-05
    0.052228  9.7733e-05
   0.0522254 9.67757e-05
   0.0522035 9.82542e-05
