    0.126865           0           0
    0.149932           0           0
    0.172998           0           0
    0.196065           0           0
    0.219131           0           0
    0.242198           0           0
    0.265264           0           0
     0.28833           0           0
    0.311397           0           0
    0.334463           0           0
     0.35753           0           0
    0.380596           0           0
    0.403663           0           0
    0.426729           0           0
    0.449795           0           0
    0.472862           0           0
    0.495928           0           0
    0.518995           0           0
    0.542061           0           0
    0.565128           0           0
    0.588194           0           0
     0.61126           0           0
    0.634327           0           0
    0.657393           0           0
     0.68046           0           0
    0.703526           0           0
    0.726593           0           0
    0.749659           0           0
    0.772725           0           0
    0.795792           0           0
    0.818858           0           0
    0.841925           0           0
    0.864991           0           0
    0.888058           0           0
    0.911124           0           0
     0.93419           0           0
    0.957257           0           0
    0.980323           0           0
     1.00339           0           0
     1.02646     8.97259    0.566003
     1.04952      153.12     9.14359
     1.07259     1032.07     59.4319
     1.09566     3793.79     219.801
     1.11872     8769.31     509.079
     1.14179     14617.1     848.652
     1.16485     19046.9     1104.94
     1.18792     20321.6     1179.11
     1.21099     18666.4     1079.83
     1.23405     15152.1     878.092
     1.25712       11168     647.915
     1.28019     7481.46     436.019
     1.30325     4609.04     268.951
     1.32632     2658.26     154.763
     1.34939     1402.88     81.1165
     1.37245     682.167     39.7957
     1.39552     328.989      18.927
     1.41859      177.96     10.3165
     1.44165     153.977     8.76379
     1.46472     229.256     13.6101
     1.48778     422.569     24.5884
     1.51085     741.751     43.3293
     1.53392      1229.9      72.023
     1.55698     1917.24     111.731
     1.58005     2707.88     157.784
     1.60312     3474.82      201.85
     1.62618     4077.32     235.047
     1.64925     4255.06      245.82
     1.67232      4086.5     236.169
     1.69538     3596.85     207.162
     1.71845      2797.6     162.152
     1.74152     2015.85     117.646
     1.76458      1345.9     78.5789
     1.78765     893.187     52.6371
     1.81071     759.286     44.5153
     1.83378     1022.23     59.4269
     1.85685     1815.09     104.604
     1.87991     3192.48     183.861
     1.90298     5214.24     302.185
     1.92605     7626.16     442.238
     1.94911     9954.29     578.602
     1.97218     11690.3      677.74
     1.99525     12261.8      711.99
     2.01831     11565.1     670.594
     2.04138     9833.82     571.706
     2.06445     7553.63     440.467
     2.08751     5310.76     309.041
     2.11058     3491.47     201.751
     2.13364     2325.37     134.003
     2.15671     1845.59     106.241
     2.17978     1984.09     114.124
     2.20284     2601.83     150.213
     2.22591     3417.72     197.849
     2.24898     4131.31      239.66
     2.27204      4577.7     265.789
     2.29511     4601.34     268.291
     2.31818     4229.56     246.792
     2.34124     3593.46     209.308
     2.36431     2949.09     171.479
     2.38738     2513.06     145.304
     2.41044     2498.04     144.545
