    0.355482           0           0
    0.420115           0           0
    0.484748           0           0
    0.549381           0           0
    0.614014           0           0
    0.678647           0           0
     0.74328           0           0
    0.807913           0           0
    0.872546           0           0
    0.937179           0           0
     1.00181           0           0
     1.06645           0           0
     1.13108           0           0
     1.19571     27.8954     1.71219
     1.26034      4455.6     255.971
     1.32498     29695.4      1718.5
     1.38961     57729.6     3356.55
     1.45424     64880.1     3778.37
     1.51888     62128.4     3632.76
     1.58351     56766.3     3287.79
     1.64814     50822.8     2954.46
     1.71278     45958.1     2679.96
     1.77741     43425.5     2523.98
     1.84204     41888.5     2429.51
     1.90667     41015.5     2369.98
     1.97131     39847.7     2312.26
     2.03594       39065     2266.01
     2.10057     38869.6      2258.5
     2.16521     38891.8     2262.08
     2.22984     39126.5     2271.95
     2.29447       39223      2273.1
     2.35911     39265.7      2275.2
     2.42374     39369.6     2274.05
     2.48837     39547.9     2294.38
     2.55301     39648.9     2312.74
     2.61764     39895.1     2322.21
     2.68227     39763.9     2322.51
      2.7469       39938      2336.5
     2.81154     39565.3     2310.97
     2.87617     39923.1     2315.41
      2.9408       40156     2321.77
     3.00544     40029.6     2325.92
     3.07007     40190.1     2330.57
      3.1347       40370     2341.74
     3.19934     40501.8     2350.32
     3.26397     40673.9     2358.99
      3.3286     40714.5     2371.74
     3.39323     40833.6     2373.11
     3.45787     40949.7     2384.07
      3.5225     40959.8     2383.68
     3.58713       41095     2393.32
     3.65177     41179.6      2406.6
      3.7164     41230.3     2408.11
     3.78103     41305.9     2404.22
     3.84567     41602.6      2418.7
      3.9103     41599.2     2424.15
     3.97493     41584.9     2426.08
     4.03957     41754.3     2430.58
      4.1042     41958.7     2437.34
     4.16883     41892.4     2438.94
     4.23346     41898.2      2438.4
      4.2981       42024     2440.49
     4.36273     42301.5     2455.26
     4.42736     42361.2     2458.05
       4.492     42412.6     2463.09
     4.55663     42405.3     2472.67
     4.62126     42609.1     2477.69
      4.6859     42818.3     2486.95
     4.75053     42889.8     2489.06
     4.81516     43130.8     2506.78
     4.87979     43218.1     2508.08
     4.94443     43127.4     2503.03
     5.00906     43217.7     2507.26
     5.07369     43220.1     2508.45
     5.13833     43463.8     2517.53
     5.20296     43544.2     2526.87
     5.26759     43729.1     2532.41
     5.33223     43611.3     2528.88
     5.39686     43641.1     2530.09
     5.46149       43665     2528.02
     5.52612     43850.4     2543.67
     5.59076     43900.2     2544.47
     5.65539     43887.5     2547.12
     5.72002     44073.3     2556.68
     5.78466     43998.7     2551.97
     5.84929     43983.5     2549.02
     5.91392     44183.1     2559.11
     5.97856     44160.9     2560.18
     6.04319       44056     2556.85
     6.10782     44133.3     2559.07
     6.17246       44204     2567.19
     6.23709     44125.8     2560.36
     6.30172     44126.9     2563.67
     6.36635     44120.5     2564.51
     6.43099     44292.4     2575.19
     6.49562       44523      2585.9
     6.56025       44613     2588.57
     6.62489     44662.3     2588.93
     6.68952     44669.5     2592.56
     6.75415     44682.9     2595.04
