           1    -5.51564    -5.51564           0
           2    -5.43252    -5.47408   0.0415591
           3    -5.47611    -5.47476   0.0240037
           4    -5.45542    -5.46992   0.0176481
           5    -5.46388    -5.46871   0.0137234
           6    -5.45667    -5.46671   0.0113835
           7    -5.45083    -5.46444  0.00988455
           8    -5.43633    -5.46093  0.00925334
           9    -5.44557    -5.45922  0.00833703
          10      -5.469     -5.4602  0.00752074
          11    -5.45807       -5.46   0.0068055
          12    -5.48508    -5.46209  0.00655462
          13    -5.42831     -5.4595  0.00656562
          14    -5.44476    -5.45844    0.006169
          15    -5.44043    -5.45724  0.00586721
          16    -5.49143    -5.45938  0.00588959
          17    -5.48917    -5.46113  0.00580326
          18    -5.46932    -5.46159  0.00549023
          19    -5.44123    -5.46052  0.00530257
          20    -5.46926    -5.46095  0.00504941
          21    -5.45124    -5.46049  0.00482515
          22    -5.44736    -5.45989  0.00463917
          23      -5.472    -5.46042  0.00446404
          24     -5.4917    -5.46172  0.00446826
          25    -5.44185    -5.46093  0.00435887
          26    -5.49501    -5.46224  0.00438819
          27    -5.47081    -5.46256  0.00423445
          28    -5.47018    -5.46283  0.00408948
          29    -5.48143    -5.46347  0.00399775
          30    -5.46102    -5.46339  0.00386306
          31    -5.44648    -5.46284  0.00377596
          32    -5.48462    -5.46352  0.00371883
          33     -5.4788    -5.46399    0.003634
          34     -5.4699    -5.46416  0.00352979
          35    -5.46946    -5.46431  0.00343079
          36    -5.45901    -5.46416  0.00333738
          37    -5.43919    -5.46349  0.00331537
          38    -5.45716    -5.46332  0.00323124
          39    -5.47003    -5.46349  0.00315199
          40    -5.49225    -5.46421  0.00315519
          41    -5.47251    -5.46442  0.00308392
          42    -5.46608    -5.46446  0.00300986
          43    -5.46257    -5.46441  0.00293936
          44    -5.45942     -5.4643  0.00287401
          45    -5.45614    -5.46412  0.00281527
          46    -5.45957    -5.46402  0.00275516
          47     -5.4687    -5.46412  0.00269775
          48    -5.46782    -5.46419  0.00264208
          49    -5.48187    -5.46456  0.00261262
          50    -5.47144    -5.46469  0.00256353
          51    -5.48364    -5.46506  0.00254009
          52    -5.46951    -5.46515  0.00249223
          53    -5.51511    -5.46609  0.00262022
          54    -5.47233    -5.46621  0.00257383
          55    -5.45044    -5.46592  0.00254281
          56    -5.48789    -5.46631  0.00252762
          57    -5.45669    -5.46614  0.00248861
          58    -5.48554    -5.46648  0.00246808
          59     -5.4852     -5.4668  0.00244655
          60    -5.44266    -5.46639  0.00243884
          61    -5.47837    -5.46659  0.00240655
          62    -5.46203    -5.46652  0.00236855
          63    -5.49801    -5.46702  0.00238365
          64    -5.46282    -5.46695  0.00234703
          65    -5.46807    -5.46697   0.0023107
          66    -5.44882    -5.46669  0.00229197
          67    -5.45132    -5.46646  0.00226914
          68     -5.4518    -5.46625   0.0022459
          69    -5.45184    -5.46604  0.00222294
          70    -5.46091    -5.46597  0.00219218
          71    -5.46351    -5.46593  0.00216136
          72    -5.46221    -5.46588  0.00213176
          73    -5.44594    -5.46561  0.00212003
          74    -5.47752    -5.46577  0.00209738
          75    -5.49552    -5.46616  0.00210691
          76    -5.44119    -5.46584  0.00210482
          77    -5.49415     -5.4662  0.00210961
          78    -5.48173     -5.4664  0.00209188
          79    -5.45108    -5.46621  0.00207432
          80    -5.48514    -5.46645  0.00206185
          81    -5.45238    -5.46627  0.00204363
          82    -5.49235    -5.46659  0.00204346
          83    -5.45708    -5.46648  0.00202193
          84     -5.4807    -5.46664  0.00200488
          85      -5.441    -5.46634  0.00200399
          86    -5.43852    -5.46602   0.0020068
          87    -5.50683    -5.46649  0.00203831
          88    -5.45894     -5.4664  0.00201683
          89    -5.46845    -5.46643  0.00199418
          90    -5.46667    -5.46643   0.0019719
          91    -5.43774    -5.46611  0.00197543
          92    -5.45517    -5.46599  0.00195746
          93    -5.44767     -5.4658   0.0019463
          94    -5.49789    -5.46614  0.00195552
          95    -5.48136     -5.4663  0.00194145
          96    -5.44178    -5.46604  0.00193802
          97    -5.47392    -5.46612  0.00191966
          98    -5.46761    -5.46614  0.00190003
          99    -5.49211     -5.4664  0.00189895
         100    -5.45373    -5.46628  0.00188413
