           1     -7.5563     -7.5563           0
           2    -7.53644    -7.54637  0.00992771
           3    -7.52799    -7.54024  0.00839095
           4    -7.53448     -7.5388  0.00610563
           5     -7.5295    -7.53694  0.00508205
           6    -7.52169     -7.5344  0.00486595
           7    -7.53643    -7.53469  0.00412269
           8    -7.53673    -7.53495  0.00357942
           9     -7.5633     -7.5381  0.00446012
          10     -7.5396    -7.53825  0.00399208
          11    -7.54686    -7.53903  0.00369488
          12    -7.54553    -7.53957  0.00341615
          13    -7.53709    -7.53938  0.00314821
          14    -7.55067    -7.54019  0.00302408
          15     -7.5425    -7.54034  0.00281947
          16    -7.56279    -7.54174  0.00298739
          17    -7.54256    -7.54179  0.00280658
          18    -7.54492    -7.54197  0.00265175
          19    -7.54251    -7.54199  0.00250847
          20    -7.57107    -7.54345  0.00278872
          21    -7.54415    -7.54348  0.00265281
          22    -7.55732    -7.54411  0.00260635
          23    -7.56277    -7.54492  0.00261922
          24    -7.53696    -7.54459  0.00252956
          25    -7.54527    -7.54462  0.00242642
          26    -7.56196    -7.54528  0.00242474
          27     -7.5277    -7.54463  0.00242241
          28    -7.55816    -7.54512  0.00238377
          29    -7.54676    -7.54517   0.0023008
          30    -7.54754    -7.54525  0.00222419
          31    -7.52508     -7.5446  0.00224748
          32    -7.55852    -7.54504  0.00221915
          33    -7.54897    -7.54515  0.00215416
          34    -7.56429    -7.54572  0.00216433
          35    -7.54573    -7.54572  0.00210158
          36    -7.53425     -7.5454  0.00206706
          37    -7.54767    -7.54546  0.00201135
          38    -7.55821     -7.5458  0.00198624
          39    -7.55097    -7.54593  0.00193917
          40     -7.5245    -7.54539   0.0019645
          41    -7.56547    -7.54588   0.0019776
          42    -7.53731    -7.54568  0.00194069
          43    -7.54183    -7.54559  0.00189714
          44    -7.55717    -7.54585  0.00187211
          45    -7.52546     -7.5454  0.00188531
          46    -7.53439    -7.54516  0.00185934
          47    -7.51872     -7.5446  0.00190432
          48    -7.55383    -7.54479  0.00187413
          49      -7.546    -7.54481  0.00183565
          50    -7.56242    -7.54517  0.00183268
          51    -7.55574    -7.54537  0.00180831
          52    -7.54021    -7.54527  0.00177597
          53    -7.54751    -7.54532  0.00174266
          54    -7.55439    -7.54549  0.00171832
          55     -7.5442    -7.54546  0.00168695
          56    -7.54169    -7.54539  0.00165792
          57    -7.52868     -7.5451  0.00165477
          58    -7.53291    -7.54489  0.00163953
          59    -7.54097    -7.54482  0.00161288
          60    -7.54731    -7.54487  0.00158631
          61    -7.54829    -7.54492   0.0015611
          62    -7.56274    -7.54521  0.00156238
          63    -7.54144    -7.54515  0.00153855
          64    -7.55365    -7.54528  0.00152014
          65    -7.56606     -7.5456  0.00153033
          66    -7.55097    -7.54568  0.00150915
          67    -7.53507    -7.54552  0.00149487
          68    -7.55874    -7.54572  0.00148548
          69    -7.54253    -7.54567  0.00146452
          70    -7.54818    -7.54571   0.0014439
          71    -7.55283    -7.54581  0.00142694
          72    -7.52871    -7.54557  0.00142689
          73    -7.53391    -7.54541  0.00141625
          74    -7.53746     -7.5453  0.00140111
          75    -7.55767    -7.54547   0.0013921
          76    -7.54778     -7.5455    0.001374
          77     -7.5321    -7.54533  0.00136716
          78    -7.53263    -7.54516   0.0013593
          79    -7.56406     -7.5454  0.00136314
          80    -7.53832    -7.54531  0.00134891
          81    -7.56186    -7.54552  0.00134772
          82    -7.55755    -7.54566  0.00133925
          83    -7.54252    -7.54563  0.00132355
          84    -7.55982     -7.5458  0.00131856
          85    -7.51414    -7.54542  0.00135514
          86    -7.54643    -7.54543  0.00133934
          87     -7.5745    -7.54577  0.00136535
          88    -7.53107     -7.5456  0.00136004
          89    -7.55294    -7.54568   0.0013472
          90    -7.55421    -7.54578  0.00133551
          91    -7.55142    -7.54584  0.00132221
          92    -7.54499    -7.54583  0.00130779
          93     -7.5323    -7.54569   0.0013018
          94    -7.56411    -7.54588  0.00130272
          95    -7.54312    -7.54585  0.00128926
          96    -7.57062    -7.54611  0.00130157
          97    -7.52859    -7.54593  0.00130068
          98    -7.53527    -7.54582  0.00129193
          99    -7.55975    -7.54596  0.00128653
         100    -7.54312    -7.54593  0.00127392
