    0.126865           0           0
    0.149932           0           0
    0.172998           0           0
    0.196065           0           0
    0.219131           0           0
    0.242198           0           0
    0.265264           0           0
     0.28833           0           0
    0.311397           0           0
    0.334463           0           0
     0.35753           0           0
    0.380596           0           0
    0.403663           0           0
    0.426729           0           0
    0.449795           0           0
    0.472862           0           0
    0.495928           0           0
    0.518995           0           0
    0.542061           0           0
    0.565128           0           0
    0.588194           0           0
     0.61126           0           0
    0.634327           0           0
    0.657393           0           0
     0.68046           0           0
    0.703526           0           0
    0.726593           0           0
    0.749659           0           0
    0.772725           0           0
    0.795792           0           0
    0.818858           0           0
    0.841925           0           0
    0.864991           0           0
    0.888058           0           0
    0.911124           0           0
     0.93419           0           0
    0.957257           0           0
    0.980323           0           0
     1.00339 7.21066e-05 1.02529e-05
     1.02646  0.00261278 7.77057e-05
     1.04952   0.0373498 0.000294808
     1.07259     0.23439 0.000855323
     1.09566    0.806012  0.00153484
     1.11872      1.8032  0.00235935
     1.14179     2.93116  0.00183611
     1.16485     3.74921  0.00225327
     1.18792     3.99238  0.00283973
     1.21099     3.67496  0.00306373
     1.23405     3.00293  0.00238382
     1.25712     2.22139  0.00163659
     1.28019     1.50476  0.00118108
     1.30325    0.939584  0.00106539
     1.32632    0.545386  0.00107206
     1.34939    0.296177 0.000854076
     1.37245    0.151728  0.00063914
     1.39552   0.0754204 0.000499152
     1.41859   0.0414719 0.000376813
     1.44165   0.0361325 0.000381232
     1.46472    0.051594  0.00041386
     1.48778   0.0904379 0.000509185
     1.51085    0.157534 0.000596831
     1.53392    0.257866  0.00064267
     1.55698    0.387852 0.000549011
     1.58005    0.539093 0.000577632
     1.60312    0.687087 0.000836244
     1.62618    0.793417  0.00116863
     1.64925     0.83881  0.00133314
     1.67232    0.805845  0.00112813
     1.69538      0.7029 0.000860409
     1.71845    0.557935 0.000564139
     1.74152    0.405679 0.000515809
     1.76458    0.277446 0.000618518
     1.78765    0.192666 0.000731087
     1.81071     0.16858 0.000784863
     1.83378    0.223929 0.000964601
     1.85685    0.381391  0.00115157
     1.87991    0.660798  0.00123524
     1.90298     1.05741 0.000987514
     1.92605     1.52785 0.000771319
     1.94911     1.97865  0.00113936
     1.97218     2.30075  0.00201824
     1.99525     2.40834  0.00244387
     2.01831     2.27246   0.0021365
     2.04138     1.94006  0.00134409
     2.06445     1.50639 0.000819197
     2.08751     1.07184 0.000777611
     2.11058    0.717424  0.00102324
     2.13364    0.485803  0.00114888
     2.15671     0.38981  0.00122798
     2.17978    0.414453  0.00102153
     2.20284     0.52783 0.000702321
     2.22591     0.68143 0.000455822
     2.24898    0.825871 0.000614624
     2.27204    0.912979 0.000705247
     2.29511     0.92083 0.000914012
     2.31818    0.829736   0.0007692
     2.34124    0.706393 0.000532463
     2.36431    0.591272 0.000649673
     2.38738    0.518944  0.00100168
     2.41044    0.520529  0.00117741
