           1     7.39224     7.39224           0
           2      7.4362     7.41422   0.0219793
           3     7.74869     7.52571     0.11221
           4     7.56628     7.53585   0.0799903
           5      7.2586      7.4804     0.08315
           6     7.66573     7.51129    0.074588
           7     7.73403     7.54311   0.0706143
           8     7.22818     7.50374   0.0727287
           9     7.29285     7.48031   0.0682872
          10     7.31814     7.46409   0.0631942
          11     7.12636     7.43339   0.0648854
          12     7.64417     7.45096   0.0617816
          13     7.58242     7.46107   0.0577236
          14     7.29984     7.44955   0.0546684
          15     7.54743     7.45608   0.0513101
          16     7.15507     7.43726   0.0515516
          17     7.27522     7.42773   0.0493536
          18     7.39051     7.42566   0.0465769
          19     7.46156     7.42755   0.0440978
          20     7.91653       7.452   0.0484552
          21      7.1181      7.4361   0.0487555
          22     8.16103     7.46905   0.0569807
          23     7.64512     7.47671   0.0549824
          24     7.47355     7.47658   0.0526418
          25     7.94123     7.49516   0.0538043
          26     8.07133     7.51732   0.0562432
          27     7.49483     7.51649   0.0541264
          28     7.56507     7.51823   0.0521864
          29     7.52372     7.51841   0.0503551
          30     7.12667     7.50536   0.0503697
          31     7.68675     7.51121   0.0490679
          32     7.86165     7.52216   0.0487557
          33       7.597     7.52443   0.0473095
          34     7.38702     7.52039   0.0460746
          35      7.8561     7.52998   0.0457555
          36     8.10565     7.54597   0.0472542
          37     8.08626     7.56057   0.0482234
          38     7.39016     7.55609   0.0471509
          39     7.23486     7.54785   0.0466588
          40     7.42798     7.54485    0.045576
          41     7.94924     7.55472   0.0455316
          42     7.08621     7.54356   0.0458131
          43      7.6144     7.54521   0.0447653
          44     7.59263     7.54629   0.0437493
          45     7.28376     7.54045   0.0431621
          46     7.99124     7.55025    0.043336
          47     7.58665     7.55103    0.042411
          48     7.58579     7.55175   0.0415243
          49     7.59805      7.5527    0.040679
          50     7.21188     7.54588   0.0404358
          51     7.79341     7.55073   0.0399311
          52     7.65023     7.55265   0.0392024
          53     7.66224     7.55471   0.0385112
          54     7.20435     7.54823   0.0383442
          55     7.41086     7.54573   0.0377234
          56     7.56634      7.5461   0.0370454
          57      7.8236     7.55097   0.0367139
          58     7.65134      7.5527   0.0361169
          59     7.96022      7.5596   0.0361652
          60     7.56589     7.55971   0.0355575
          61     7.62515     7.56078   0.0349861
          62     7.92219     7.56661   0.0349074
          63     7.62894      7.5676   0.0343631
          64     7.45312     7.56581   0.0338691
          65      7.5845      7.5661   0.0333453
          66     7.62068     7.56692   0.0328465
          67     7.29737      7.5629   0.0326018
          68     7.95256     7.56863   0.0326259
          69     7.38666     7.56599   0.0322576
          70     7.20692     7.56087   0.0322046
          71     7.67338     7.56245   0.0317873
          72       8.099      7.5699   0.0322164
          73     6.90706     7.56082    0.033044
          74     7.50355     7.56005   0.0326036
          75     7.57687     7.56027   0.0321668
          76     7.62603     7.56114   0.0317525
          77      7.5795     7.56138   0.0313383
          78     7.23031     7.55713   0.0312238
          79     7.03816     7.55056   0.0315182
          80     7.69166     7.55233   0.0311717
          81     7.85316     7.55604   0.0310076
          82     7.67684     7.55751   0.0306626
          83     7.32521     7.55471   0.0304199
          84     7.68316     7.55624   0.0300945
          85     7.77103     7.55877   0.0298455
          86     7.60313     7.55929   0.0295009
          87     7.44562     7.55798   0.0291891
          88     7.68656     7.55944   0.0288925
          89     7.45339     7.55825   0.0285908
          90     7.68339     7.55964   0.0283055
          91     7.56338     7.55968   0.0279928
          92     7.65243     7.56069   0.0277052
          93     7.88729      7.5642   0.0276298
          94     7.92444     7.56803   0.0276016
          95     7.54853     7.56783   0.0273103
          96     7.21253     7.56413   0.0272765
          97     6.98495     7.55816   0.0276464
          98     7.48577     7.55742   0.0273728
          99     7.15117     7.55331   0.0274038
         100     7.71454     7.55493   0.0271763
