           1     1.12853     1.12853           0
           2      1.5655     1.34701    0.218485
           3      1.3472     1.34708    0.126142
           4     1.45316      1.3736   0.0930553
           5     1.40203     1.37928   0.0723043
           6     1.46301     1.39324    0.060663
           7     1.43087     1.39861   0.0515507
           8     1.51064     1.41262   0.0467886
           9     1.51426     1.42391   0.0427812
          10     1.35055     1.41657   0.0389616
          11     1.46377     1.42086   0.0355024
          12     1.25442     1.40699   0.0352524
          13     1.58345     1.42057   0.0351537
          14     1.49052     1.42556   0.0329274
          15     1.53909     1.43313   0.0315743
          16      1.2753     1.42327   0.0311388
          17     1.24885     1.41301   0.0309971
          18     1.32102      1.4079   0.0296678
          19     1.50181     1.41284   0.0284949
          20     1.32938     1.40867   0.0273528
          21     1.48206     1.41216   0.0262514
          22     1.56488      1.4191   0.0259745
          23     1.39069     1.41787   0.0248502
          24     1.28417      1.4123   0.0244358
          25     1.58156     1.41907   0.0243962
          26     1.18606     1.41011    0.025094
          27     1.37733     1.40889   0.0241772
          28     1.31103      1.4054   0.0235584
          29     1.29772     1.40168   0.0230328
          30     1.43027     1.40264   0.0222722
          31     1.48254     1.40521   0.0216954
          32      1.2564     1.40056    0.021515
          33     1.31025     1.39783   0.0210317
          34     1.34636     1.39631   0.0204598
          35     1.33899     1.39468   0.0199341
          36     1.45111     1.39624   0.0194358
          37     1.52977     1.39985   0.0192446
          38      1.4453     1.40105   0.0187694
          39     1.32607     1.39913   0.0183826
          40     1.24395     1.39525   0.0183324
          41     1.30669     1.39309   0.0180096
          42     1.37936     1.39276   0.0175786
          43     1.42079     1.39341   0.0171773
          44     1.43935     1.39446   0.0168148
          45     1.43796     1.39542   0.0164653
          46     1.44402     1.39648    0.016138
          47      1.3761     1.39605   0.0157969
          48     1.37104     1.39552   0.0154731
          49     1.29198     1.39341   0.0153006
          50     1.39346     1.39341   0.0149915
          51     1.29795     1.39154   0.0148133
          52     1.42834     1.39225   0.0145429
          53     1.12326     1.38717   0.0151418
          54     1.37267      1.3869   0.0148612
          55     1.46267     1.38828   0.0146533
          56     1.31291     1.38694   0.0144521
          57      1.4319     1.38773   0.0142182
          58     1.28515     1.38596   0.0140824
          59     1.32973       1.385   0.0138744
          60     1.49211     1.38679   0.0137575
          61     1.33167     1.38589   0.0135603
          62     1.40209     1.38615   0.0133423
          63      1.1908     1.38305     0.01349
          64     1.45878     1.38423   0.0133302
          65     1.36792     1.38398   0.0131259
          66      1.5027     1.38578   0.0130501
          67     1.43992     1.38658   0.0128792
          68     1.46515     1.38774   0.0127409
          69     1.44592     1.38858   0.0125831
          70     1.37888     1.38844   0.0124029
          71     1.38636     1.38842    0.012227
          72     1.39594     1.38852   0.0120564
          73     1.45111     1.38938    0.011921
          74     1.32605     1.38852   0.0117899
          75      1.2176     1.38624   0.0118528
          76     1.47331     1.38739   0.0117517
          77     1.24825     1.38558    0.011738
          78     1.32725     1.38483   0.0116107
          79     1.45326      1.3857   0.0114954
          80     1.25164     1.38402   0.0114739
          81     1.44857     1.38482   0.0113593
          82     1.23058     1.38294   0.0113765
          83     1.42686     1.38347    0.011251
          84     1.34837     1.38305   0.0111241
          85     1.51907     1.38465   0.0111084
          86     1.48799     1.38585    0.011044
          87     1.18834     1.38358   0.0111499
          88     1.44413     1.38427   0.0110439
          89     1.40309     1.38448   0.0109212
          90     1.35615     1.38417   0.0108037
          91     1.51182     1.38557   0.0107761
          92     1.44351      1.3862   0.0106769
          93     1.48143     1.38722    0.010611
          94     1.23854     1.38564    0.010616
          95     1.30257     1.38477     0.01054
          96     1.51304      1.3861   0.0105148
          97     1.35011     1.38573   0.0104125
          98     1.37447     1.38562   0.0103063
          99     1.25118     1.38426   0.0102917
         100     1.42266     1.38464   0.0101955
