           1   0.0481373   0.0481373           0
           2   0.0485167    0.048327 0.000189698
           3    0.044474   0.0470427  0.00128899
           4   0.0516778   0.0482014  0.00147428
           5   0.0472358   0.0480083  0.00115819
           6   0.0481121   0.0480256 0.000945814
           7   0.0490952   0.0481784 0.000813831
           8   0.0495273    0.048347 0.000724687
           9   0.0467298   0.0481673 0.000663895
          10   0.0478418   0.0481348 0.000594697
          11   0.0489824   0.0482118 0.000543415
          12   0.0484262   0.0482297  0.00049639
          13   0.0503774   0.0483949 0.000485581
          14   0.0478651   0.0483571 0.000451151
          15   0.0471298   0.0482752 0.000427894
          16   0.0494039   0.0483458 0.000406426
          17   0.0489938   0.0483839  0.00038367
          18   0.0492934   0.0484344 0.000365239
          19   0.0499812   0.0485158 0.000354943
          20   0.0484588    0.048513  0.00033674
          21    0.050845    0.048624 0.000339007
          22   0.0520213   0.0487785 0.000358223
          23   0.0509512   0.0488729 0.000355091
          24    0.047959   0.0488348   0.0003421
          25   0.0484895    0.048821 0.000328421
          26   0.0474894   0.0487698 0.000319667
          27   0.0471844   0.0487111 0.000313154
          28   0.0483027   0.0486965 0.000302115
          29   0.0491715   0.0487129 0.000291971
          30   0.0507552    0.048781 0.000290169
          31   0.0505687   0.0488386 0.000286517
          32   0.0476763   0.0488023 0.000279787
          33   0.0486646   0.0487981 0.000271208
          34   0.0475672   0.0487619 0.000265589
          35   0.0472433   0.0487185 0.000261514
          36   0.0496327   0.0487439 0.000255412
          37   0.0472387   0.0487033 0.000251722
          38   0.0498431   0.0487332 0.000246837
          39   0.0485521   0.0487286  0.00024047
          40   0.0489716   0.0487347 0.000234459
          41   0.0498447   0.0487618 0.000230267
          42   0.0504236   0.0488013 0.000228174
          43   0.0499854   0.0488289   0.0002245
          44   0.0488245   0.0488288 0.000219338
          45    0.049816   0.0488507 0.000215528
          46   0.0467054   0.0488041 0.000215888
          47   0.0510443   0.0488517 0.000216556
          48   0.0502718   0.0488813 0.000214051
          49   0.0457041   0.0488165 0.000219435
          50   0.0468195   0.0487765  0.00021868
          51   0.0485309   0.0487717 0.000214403
          52   0.0490135   0.0487764 0.000210291
          53   0.0462031   0.0487278 0.000211922
          54   0.0486651   0.0487266 0.000207964
          55   0.0491344   0.0487341 0.000204282
          56   0.0476148   0.0487141 0.000201594
          57   0.0482879   0.0487066 0.000198167
          58   0.0500005   0.0487289 0.000195994
          59   0.0502334   0.0487544 0.000194324
          60   0.0493454   0.0487643 0.000191311
          61   0.0525353   0.0488261 0.000198045
          62   0.0484003   0.0488192 0.000194946
          63   0.0508505   0.0488515 0.000194517
          64   0.0487923   0.0488505 0.000191456
          65   0.0470757   0.0488232 0.000190455
          66   0.0503895    0.048847 0.000189042
          67   0.0517714   0.0488906 0.000191247
          68   0.0479624    0.048877 0.000188908
          69   0.0496773   0.0488886 0.000186511
          70   0.0479645   0.0488754   0.0001843
          71    0.048973   0.0488767 0.000181691
          72    0.049475    0.048885 0.000179343
          73   0.0497363   0.0488967 0.000177253
          74   0.0475324   0.0488783  0.00017581
          75   0.0461287   0.0488416 0.000177282
          76   0.0495142   0.0488504 0.000175158
          77   0.0484674   0.0488455  0.00017294
          78   0.0488975   0.0488461 0.000170709
          79   0.0478167   0.0488331 0.000169038
          80   0.0476115   0.0488178 0.000167608
          81   0.0478903   0.0488064 0.000165922
          82   0.0472105   0.0487869 0.000165037
          83   0.0464085   0.0487583 0.000165536
          84   0.0484794    0.048755 0.000163587
          85   0.0488335   0.0487559 0.000161654
          86   0.0500457   0.0487709 0.000160466
          87   0.0502869   0.0487883 0.000159565
          88   0.0504102   0.0488067 0.000158814
          89   0.0481081   0.0487989 0.000157216
          90   0.0472133   0.0487813 0.000156454
          91   0.0494311   0.0487884  0.00015489
          92   0.0503802   0.0488057 0.000154171
          93   0.0461561   0.0487772 0.000155143
          94   0.0484074   0.0487733 0.000153534
          95   0.0502799   0.0487891 0.000152735
          96   0.0476021   0.0487768 0.000151641
          97   0.0486185   0.0487751 0.000150078
          98   0.0491334   0.0487788 0.000148584
          99    0.049665   0.0487878 0.000147347
         100   0.0487845   0.0487877 0.000145866
