    0.141073           0           0
    0.166723           0           0
    0.192372           0           0
    0.218022           0           0
    0.243672           0           0
    0.269321           0           0
    0.294971           0           0
     0.32062           0           0
     0.34627           0           0
     0.37192           0           0
    0.397569           0           0
    0.423219           0           0
    0.448869           0           0
    0.474518           0           0
    0.500168           0           0
    0.525818           0           0
    0.551467           0           0
    0.577117           0           0
    0.602767           0           0
    0.628416           0           0
    0.654066           0           0
    0.679715           0           0
    0.705365           0           0
    0.731015           0           0
    0.756664           0           0
    0.782314           0           0
    0.807964           0           0
    0.833613           0           0
    0.859263           0           0
    0.884913           0           0
    0.910562           0           0
    0.936212           0           0
    0.961861           0           0
    0.987511 1.69373e-05  4.6639e-06
     1.01316  0.00101791 4.61855e-05
     1.03881    0.018568 0.000191994
     1.06446    0.127778 0.000582345
     1.09011    0.438312  0.00149094
     1.11576    0.938166  0.00202564
     1.14141     1.46486  0.00248889
     1.16706     1.84868  0.00207461
     1.19271     2.03032  0.00174895
     1.21836     2.04034  0.00162264
     1.24401     1.93725  0.00140338
     1.26966     1.77836  0.00173063
     1.29531     1.60506  0.00187835
     1.32096     1.43238  0.00190662
     1.34661     1.27745  0.00176732
     1.37226     1.14391  0.00163691
     1.39791      1.0293   0.0016132
     1.42355    0.932272  0.00109152
      1.4492    0.852298   0.0012548
     1.47485    0.785535  0.00116012
      1.5005    0.730631  0.00108651
     1.52615    0.686355 0.000911824
      1.5518    0.651797 0.000910133
     1.57745    0.622046 0.000879917
      1.6031    0.601862 0.000792176
     1.62875    0.587386 0.000848059
      1.6544    0.577593 0.000847045
     1.68005    0.572485 0.000867857
      1.7057    0.573079 0.000916538
     1.73135    0.577826 0.000837777
       1.757    0.588435  0.00094843
     1.78265    0.603006  0.00087186
      1.8083     0.62238 0.000908523
     1.83395    0.646924 0.000905627
      1.8596     0.67468 0.000981142
     1.88525    0.707219 0.000908881
      1.9109    0.742509 0.000902579
     1.93655    0.779857 0.000964184
      1.9622    0.816072 0.000930613
     1.98785    0.854591 0.000918599
      2.0135    0.892988 0.000903823
     2.03915    0.929237  0.00097141
      2.0648    0.964026 0.000917926
     2.09045    0.997816 0.000812924
      2.1161     1.02633 0.000895367
     2.14174     1.04901 0.000857141
     2.16739     1.06668 0.000746749
     2.19304      1.0767  0.00085247
     2.21869      1.0792 0.000905719
     2.24434       1.076 0.000820347
     2.26999     1.06437 0.000869639
     2.29564     1.04754 0.000858643
     2.32129      1.0283 0.000882709
     2.34694     1.00453 0.000787263
     2.37259    0.980469 0.000859671
     2.39824     0.95625 0.000800434
     2.42389    0.932134 0.000846963
     2.44954    0.908675 0.000793714
     2.47519    0.888549 0.000711263
     2.50084    0.869611 0.000676908
     2.52649    0.852504 0.000649786
     2.55214     0.83846 0.000675879
     2.57779     0.82812 0.000655903
     2.60344    0.820272 0.000694407
     2.62909    0.808744 0.000624342
     2.65474    0.801802 0.000679947
     2.68039    0.802589 0.000703884
