           1   0.0491007   0.0491007           0
           2   0.0491868   0.0491437 4.30378e-05
           3    0.049077   0.0491215 3.33607e-05
           4   0.0492397    0.049151 3.78197e-05
           5   0.0489348   0.0491078  5.2241e-05
           6   0.0491943   0.0491222 4.50261e-05
           7   0.0498068     0.04922 0.000104941
           8    0.049616   0.0492695 0.000103485
           9   0.0488511    0.049223 0.000102422
          10   0.0489335   0.0491941  9.6076e-05
          11   0.0491306   0.0491883 8.70951e-05
          12   0.0488204   0.0491576 8.52138e-05
          13   0.0488658   0.0491352 8.15357e-05
          14   0.0495078   0.0491618 8.00431e-05
          15   0.0494847   0.0491833 7.75631e-05
          16    0.048862   0.0491632 7.52823e-05
          17   0.0495388   0.0491853 7.40864e-05
          18   0.0490711    0.049179 7.01369e-05
          19   0.0487504   0.0491564 7.00723e-05
          20    0.049165   0.0491569 6.64778e-05
          21   0.0489617   0.0491476 6.39125e-05
          22   0.0489923   0.0491405 6.13455e-05
          23   0.0487763   0.0491247 6.07184e-05
          24   0.0492039    0.049128 5.82271e-05
          25   0.0487762   0.0491139 5.75945e-05
          26   0.0495134   0.0491293 5.74282e-05
          27   0.0494834   0.0491424 5.67952e-05
          28   0.0488332   0.0491313 5.58318e-05
          29   0.0495242   0.0491449 5.55491e-05
          30   0.0495103   0.0491571   5.503e-05
          31   0.0492739   0.0491608 5.33585e-05
          32   0.0491644   0.0491609 5.16642e-05
          33   0.0491222   0.0491598 5.00879e-05
          34    0.049055   0.0491567 4.86901e-05
          35   0.0485048   0.0491381 5.08148e-05
          36    0.049221   0.0491404 4.94368e-05
          37   0.0492789   0.0491441 4.82275e-05
          38    0.049057   0.0491418 4.69972e-05
          39   0.0491326   0.0491416 4.57769e-05
          40   0.0485324   0.0491264 4.71452e-05
          41   0.0495024   0.0491355 4.68869e-05
          42   0.0491529   0.0491359 4.57588e-05
          43   0.0493747   0.0491415 4.50257e-05
          44   0.0484341   0.0491254 4.68367e-05
          45   0.0490146    0.049123 4.58502e-05
          46   0.0489502   0.0491192 4.49994e-05
          47   0.0493621   0.0491244 4.43338e-05
          48   0.0489857   0.0491215 4.34964e-05
          49   0.0485299   0.0491094 4.42772e-05
          50   0.0488406    0.049104 4.37144e-05
          51   0.0487388   0.0490969 4.34431e-05
          52    0.048702   0.0490893 4.32711e-05
          53   0.0492836   0.0490929 4.26049e-05
          54   0.0492042    0.049095 4.18592e-05
          55   0.0493916   0.0491004 4.14435e-05
          56   0.0482581   0.0490854 4.33872e-05
          57   0.0495056   0.0490927 4.32522e-05
          58    0.049465   0.0490991 4.29817e-05
          59   0.0490156   0.0490977 4.22706e-05
          60    0.048802   0.0490928 4.18514e-05
          61   0.0492147   0.0490948 4.12081e-05
          62   0.0486558   0.0490877 4.11518e-05
          63   0.0486871   0.0490814 4.09897e-05
          64   0.0487121   0.0490756 4.07547e-05
          65   0.0493834   0.0490803 4.04014e-05
          66   0.0490356   0.0490796 3.97903e-05
          67   0.0489546   0.0490778 3.92363e-05
          68   0.0498589   0.0490893 4.03258e-05
          69   0.0484259   0.0490797 4.08834e-05
          70   0.0491039     0.04908 4.02966e-05
          71   0.0489269   0.0490778 3.97835e-05
          72   0.0492111   0.0490797 3.92707e-05
          73   0.0493123   0.0490829 3.88599e-05
          74    0.049084   0.0490829 3.83312e-05
          75   0.0491899   0.0490843 3.78436e-05
          76   0.0493355   0.0490876 3.74883e-05
          77    0.049097   0.0490878 3.69984e-05
          78   0.0491666   0.0490888  3.6535e-05
          79   0.0493717   0.0490923  3.6247e-05
          80   0.0491115   0.0490926 3.57918e-05
          81   0.0486569   0.0490872 3.57542e-05
          82    0.048986    0.049086  3.5337e-05
          83   0.0486738    0.049081 3.52602e-05
          84   0.0488017   0.0490777 3.49962e-05
          85   0.0489217   0.0490758 3.46308e-05
          86   0.0494853   0.0490806 3.45553e-05
          87   0.0490101   0.0490798 3.41654e-05
          88   0.0491492   0.0490806 3.37841e-05
          89   0.0486961   0.0490763 3.36805e-05
          90   0.0483711   0.0490684 3.42134e-05
          91   0.0484422   0.0490615 3.45281e-05
          92   0.0487583   0.0490582 3.43095e-05
          93   0.0489015   0.0490566 3.39804e-05
          94   0.0493543   0.0490597 3.37658e-05
          95   0.0484035   0.0490528 3.41151e-05
          96   0.0493422   0.0490558 3.38922e-05
          97   0.0485201   0.0490503 3.39926e-05
          98   0.0489231    0.049049  3.3669e-05
          99   0.0498749   0.0490574 3.43554e-05
         100   0.0488557   0.0490553 3.40698e-05
