           1   -0.421597   -0.421597           0
           2   -0.413492   -0.417544   0.0040528
           3   -0.408667   -0.414585  0.00377252
           4   -0.413119   -0.414219  0.00269265
           5   -0.414758   -0.414327  0.00208851
           6   -0.410005   -0.413606  0.00185116
           7   -0.416789   -0.414061  0.00162925
           8   -0.413598   -0.414003  0.00141216
           9   -0.417509   -0.414393  0.00130491
          10   -0.410185   -0.413972  0.00124068
          11   -0.411007   -0.413702  0.00115415
          12   -0.416043   -0.413897  0.00107149
          13   -0.411542   -0.413716  0.00100214
          14   -0.411205   -0.413537 0.000944989
          15   -0.411433   -0.413396 0.000890847
          16   -0.415214    -0.41351 0.000841021
          17   -0.412938   -0.413476 0.000790717
          18   -0.411307   -0.413356 0.000755174
          19   -0.409483   -0.413152 0.000742844
          20   -0.414032   -0.413196 0.000706095
          21   -0.417336   -0.413393 0.000699966
          22   -0.419398   -0.413666 0.000721044
          23   -0.417039   -0.413813 0.000704419
          24   -0.411518   -0.413717 0.000681176
          25   -0.423911   -0.414125 0.000770167
          26    -0.41038   -0.413981  0.00075384
          27   -0.409698   -0.413822 0.000742528
          28   -0.405828   -0.413537 0.000770374
          29   -0.415042   -0.413589 0.000745144
          30   -0.411397   -0.413516 0.000723575
          31   -0.411814   -0.413461 0.000701994
          32   -0.420188   -0.413671 0.000711475
          33   -0.415673   -0.413732 0.000692243
          34    -0.41405   -0.413741 0.000671639
          35   -0.416255   -0.413813 0.000656111
          36   -0.409642   -0.413697 0.000648065
          37   -0.408277    -0.41355 0.000647106
          38   -0.417393   -0.413652 0.000637912
          39   -0.404659   -0.413421 0.000662745
          40   -0.415327   -0.413469 0.000647719
          41   -0.417527   -0.413568 0.000639429
          42    -0.40977   -0.413477 0.000630537
          43   -0.409707    -0.41339 0.000621911
          44   -0.420563   -0.413553 0.000629104
          45    -0.41423   -0.413568 0.000615149
          46   -0.419156   -0.413689 0.000613772
          47   -0.411366    -0.41364 0.000602603
          48   -0.409821    -0.41356 0.000595254
          49   -0.417047   -0.413631 0.000587307
          50   -0.414726   -0.413653 0.000575858
          51    -0.41751   -0.413729 0.000569497
          52   -0.410195   -0.413661 0.000562558
          53   -0.411857   -0.413627 0.000552891
          54   -0.417766   -0.413703 0.000547944
          55   -0.412073   -0.413674 0.000538706
          56   -0.414559    -0.41369 0.000529235
          57   -0.410352   -0.413631 0.000523154
          58   -0.408474   -0.413542 0.000521688
          59   -0.414379   -0.413556 0.000512966
          60   -0.410132   -0.413499 0.000507562
          61   -0.412357   -0.413481 0.000499523
          62   -0.407862    -0.41339 0.000499687
          63   -0.414477   -0.413407 0.000491994
          64   -0.413294   -0.413405 0.000484249
          65   -0.411667   -0.413379  0.00047749
          66   -0.414372   -0.413394 0.000470441
          67   -0.411675   -0.413368 0.000464075
          68   -0.413146   -0.413365 0.000457211
          69   -0.410557   -0.413324  0.00045237
          70    -0.40888   -0.413261 0.000450359
          71   -0.409294   -0.413205 0.000447471
          72   -0.410583   -0.413168 0.000442713
          73   -0.413334   -0.413171 0.000436612
          74    -0.41464    -0.41319 0.000431129
          75   -0.416904    -0.41324 0.000428214
          76   -0.414501   -0.413257 0.000422868
          77   -0.417229   -0.413308 0.000420517
          78   -0.409886   -0.413264 0.000417403
          79   -0.409824   -0.413221 0.000414381
          80   -0.411074   -0.413194 0.000410047
          81   -0.411984   -0.413179 0.000405229
          82   -0.412626   -0.413172 0.000400313
          83   -0.417864   -0.413229  0.00039948
          84   -0.422276   -0.413336 0.000409127
          85   -0.417138   -0.413381 0.000406751
          86   -0.412457    -0.41337 0.000402137
          87   -0.411201   -0.413345 0.000398269
          88   -0.412585   -0.413337 0.000393812
          89   -0.422198   -0.413436 0.000401891
          90   -0.417154   -0.413478 0.000399542
          91   -0.414786   -0.413492 0.000395388
          92   -0.411415    -0.41347 0.000391718
          93   -0.416306     -0.4135 0.000388682
          94   -0.412605    -0.41349 0.000384642
          95   -0.413316   -0.413489 0.000380576
          96   -0.417344   -0.413529 0.000378727
          97    -0.41638   -0.413558 0.000375953
          98   -0.415134   -0.413574 0.000372444
          99   -0.407454   -0.413512  0.00037381
         100   -0.416956   -0.413547 0.000371652
