           1   -0.455188   -0.455188           0
           2   -0.418784   -0.436986    0.018202
           3   -0.438395   -0.437456   0.0105194
           4    -0.41353   -0.431474  0.00954501
           5   -0.442999   -0.433779  0.00774448
           6   -0.416245   -0.430857  0.00696594
           7   -0.412132   -0.428182   0.0064665
           8    -0.39874   -0.424502  0.00670119
           9   -0.410437   -0.422939  0.00611301
          10   -0.434907   -0.424136  0.00559709
          11    -0.43123   -0.424781  0.00510368
          12   -0.402592   -0.422932   0.0050125
          13   -0.445582   -0.424674  0.00492903
          14   -0.442217   -0.425927  0.00473231
          15    -0.38497   -0.423197  0.00518306
          16   -0.406436   -0.422149  0.00496018
          17   -0.406861    -0.42125  0.00474527
          18   -0.415949   -0.420955  0.00448356
          19   -0.403725   -0.420048   0.0043369
          20   -0.389331   -0.418513  0.00439166
          21   -0.387209   -0.417022  0.00443529
          22   -0.416552   -0.417001  0.00422893
          23   -0.420107   -0.417136  0.00404314
          24   -0.389768   -0.415995  0.00403548
          25   -0.389839   -0.414949   0.0040096
          26   -0.404908   -0.414563  0.00387161
          27   -0.446336    -0.41574  0.00390691
          28   -0.432587   -0.416341  0.00381257
          29   -0.450318   -0.417513  0.00386081
          30   -0.409392   -0.417242  0.00373971
          31   -0.402634   -0.416771  0.00364763
          32   -0.413295   -0.416662  0.00353347
          33    -0.41672   -0.416664  0.00342472
          34   -0.397038   -0.416087  0.00337224
          35   -0.399601   -0.415616  0.00330818
          36   -0.405532   -0.415336  0.00322715
          37   -0.432674   -0.415804  0.00317351
          38   -0.407212   -0.415578  0.00309713
          39   -0.409844   -0.415431  0.00302025
          40   -0.409108   -0.415273  0.00294802
          41    -0.41023    -0.41515  0.00287785
          42   -0.420957   -0.415288  0.00281189
          43   -0.413263   -0.415241  0.00274613
          44   -0.401796   -0.414936  0.00270033
          45   -0.409142   -0.414807  0.00264278
          46   -0.409319   -0.414688  0.00258744
          47   -0.387909   -0.414118  0.00259511
          48   -0.416643   -0.414171  0.00254101
          49   -0.412279   -0.414132  0.00248891
          50   -0.418957   -0.414228  0.00244054
          51   -0.405385   -0.414055  0.00239848
          52   -0.413343   -0.414041  0.00235194
          53   -0.456342   -0.414839  0.00244129
          54   -0.412148    -0.41479  0.00239617
          55   -0.415091   -0.414795  0.00235221
          56   -0.428641   -0.415042  0.00232302
          57   -0.401524   -0.414805  0.00229419
          58   -0.411928   -0.414756  0.00225484
          59   -0.414793   -0.414756  0.00221629
          60   -0.393465   -0.414401  0.00220774
          61   -0.386143   -0.413938  0.00222012
          62   -0.405763   -0.413806  0.00218799
          63   -0.394834   -0.413505  0.00217394
          64   -0.410054   -0.413451  0.00214038
          65   -0.439487   -0.413852  0.00214493
          66   -0.410161   -0.413796  0.00211292
          67     -0.4016   -0.413614  0.00208909
          68   -0.401203   -0.413431  0.00206622
          69   -0.411083   -0.413397  0.00203633
          70   -0.440649   -0.413787  0.00204444
          71   -0.417752   -0.413842  0.00201621
          72   -0.409301   -0.413779  0.00198901
          73   -0.429132    -0.41399  0.00197282
          74   -0.413451   -0.413982  0.00194599
          75   -0.444326   -0.414387  0.00196204
          76   -0.432772   -0.414629   0.0019511
          77   -0.420088     -0.4147   0.0019269
          78   -0.386795   -0.414342  0.00193539
          79   -0.451324    -0.41481  0.00196724
          80   -0.406874   -0.414711  0.00194503
          81   -0.446427   -0.415102  0.00196037
          82   -0.407407   -0.415009  0.00193859
          83   -0.423455    -0.41511  0.00191779
          84   -0.404236   -0.414981  0.00189924
          85   -0.419024   -0.415029  0.00187737
          86    -0.38387   -0.414666  0.00189045
          87   -0.416297   -0.414685  0.00186869
          88   -0.385469   -0.414353  0.00187693
          89   -0.422658   -0.414446  0.00185806
          90   -0.439019   -0.414719  0.00185748
          91   -0.413454   -0.414705  0.00183701
          92   -0.398011   -0.414524  0.00182597
          93   -0.419891   -0.414582  0.00180715
          94   -0.428658   -0.414731  0.00179408
          95   -0.443723   -0.415037  0.00180114
          96   -0.406097   -0.414943  0.00178471
          97    -0.41515   -0.414946  0.00176621
          98   -0.401281   -0.414806  0.00175365
          99   -0.388369   -0.414539  0.00175627
         100   -0.399364   -0.414387  0.00174523
