           1     1.46306     1.46306           0
           2    0.957843     1.21045    0.252608
           3     1.06409     1.16166    0.153787
           4     1.41969     1.22617    0.126437
           5     1.75536     1.33201      0.1442
           6     1.73122     1.39854    0.135238
           7     1.07287     1.35202    0.123403
           8     1.51529     1.37243    0.108802
           9      1.4423     1.38019   0.0962677
          10       1.622     1.40437   0.0894353
          11     1.38558     1.40266   0.0809153
          12     1.20033      1.3858   0.0757652
          13    0.839514     1.34378   0.0813824
          14     1.11081     1.32714   0.0771613
          15     1.32985     1.32732   0.0718334
          16     1.17954     1.31808   0.0678259
          17     1.51169     1.32947   0.0647211
          18     1.68889     1.34944   0.0642037
          19     1.50658     1.35771   0.0612912
          20     1.19126     1.34939   0.0587385
          21     1.65743     1.36406    0.057765
          22     1.64283     1.37673   0.0565156
          23     1.57691     1.38543   0.0546994
          24      1.6247      1.3954   0.0533112
          25     1.35585     1.39382   0.0511587
          26     1.30148     1.39027   0.0492799
          27     1.32554     1.38787   0.0474801
          28     1.39669     1.38819   0.0457541
          29     1.35931     1.38719   0.0441594
          30     1.03399     1.37542   0.0442568
          31      1.5545     1.38119   0.0431934
          32     1.90597     1.39759   0.0449222
          33     1.54897     1.40218   0.0437806
          34     1.60986     1.40829   0.0429104
          35     1.03079      1.3975   0.0430396
          36     1.10913     1.38949   0.0425871
          37     1.11482     1.38207   0.0420801
          38     1.27549     1.37926   0.0410537
          39     1.34647     1.37842    0.039996
          40      1.3282     1.37717   0.0390035
          41     1.19652     1.37276   0.0382946
          42    0.876429     1.36094   0.0391956
          43      1.1324     1.35563   0.0386405
          44     1.22417     1.35264   0.0378702
          45     1.77407     1.36201   0.0381853
          46     1.88111     1.37329   0.0390137
          47     1.54562     1.37696   0.0383502
          48     1.49239     1.37936   0.0376197
          49     1.65036     1.38489   0.0372567
          50     1.38425     1.38488    0.036504
          51     1.93975     1.39576   0.0373986
          52     1.79668     1.40347   0.0374741
          53     1.50991     1.40548    0.036815
          54     1.48513     1.40695   0.0361569
          55     1.30593     1.40512    0.035541
          56     1.39921     1.40501   0.0349007
          57     1.78708     1.41171   0.0349321
          58     1.43341     1.41209   0.0343265
          59     1.34694     1.41098   0.0337578
          60     1.63261     1.41468   0.0333953
          61     1.28571     1.41256   0.0329112
          62     1.31258     1.41095   0.0324162
          63     1.52998     1.41284   0.0319534
          64     1.24725     1.41025   0.0315564
          65     1.22156     1.40735   0.0312025
          66     1.30957     1.40587   0.0307618
          67     1.43901     1.40636   0.0303032
          68     1.51346     1.40794   0.0298958
          69     1.58899     1.41056   0.0295759
          70     1.50437      1.4119   0.0291811
          71     1.76917     1.41693    0.029204
          72     1.91614     1.42387   0.0296185
          73     1.53154     1.42534   0.0292471
          74     1.43546     1.42548   0.0288495
          75     1.69272     1.42904   0.0286844
          76     1.66202     1.43211     0.02847
          77     1.47632     1.43268   0.0281037
          78     1.57266     1.43448    0.027799
          79     1.24811     1.43212   0.0275461
          80     1.24331     1.42976   0.0273018
          81    0.974263     1.42413   0.0275428
          82    0.781907      1.4163   0.0283098
          83     1.08441      1.4123    0.028251
          84     1.16082     1.40931   0.0280728
          85     1.11738     1.40588   0.0279524
          86     1.31821     1.40486   0.0276442
          87     1.46662     1.40557   0.0273338
          88     1.16323     1.40281   0.0271614
          89     1.34645     1.40218   0.0268619
          90     1.15028     1.39938   0.0267088
          91     1.61845     1.40179   0.0265232
          92     1.75471     1.40562   0.0265123
          93      1.6267       1.408   0.0263332
          94     1.29719     1.40682   0.0260782
          95     1.92713      1.4123   0.0263771
          96     1.90844     1.41747   0.0266077
          97     1.51796      1.4185   0.0263523
          98     1.59391     1.42029   0.0261434
          99     1.36853     1.41977   0.0258832
         100     1.48011     1.42037   0.0256302
