    0.355482           0           0
    0.420115           0           0
    0.484748           0           0
    0.549381           0           0
    0.614014           0           0
    0.678647           0           0
     0.74328           0           0
    0.807913           0           0
    0.872546           0           0
    0.937179           0           0
     1.00181           0           0
     1.06645           0           0
     1.13108           0           0
     1.19571 0.000532513 4.73297e-05
     1.26034   0.0819617 0.000624777
     1.32498    0.607826  0.00181972
     1.38961     1.20067  0.00324786
     1.45424     1.36789  0.00345813
     1.51888      1.2911  0.00282081
     1.58351     1.15783  0.00236508
     1.64814     1.04315  0.00224518
     1.71278     0.95489  0.00199324
     1.77741    0.893616  0.00188425
     1.84204    0.850034  0.00163483
     1.90667    0.817426  0.00145029
     1.97131    0.799352  0.00143915
     2.03594    0.787225  0.00140442
     2.10057    0.778845  0.00128074
     2.16521    0.775911  0.00136128
     2.22984    0.777126  0.00126137
     2.29447    0.782885   0.0011867
     2.35911    0.788939  0.00127489
     2.42374    0.791764  0.00130698
     2.48837    0.795687  0.00109568
     2.55301    0.797727  0.00116023
     2.61764    0.800994   0.0011762
     2.68227    0.801768  0.00106678
      2.7469    0.803607  0.00112045
     2.81154    0.805305  0.00101105
     2.87617    0.804009  0.00101831
      2.9408    0.806996 0.000993242
     3.00544    0.807119 0.000991826
     3.07007    0.808877 0.000925539
      3.1347    0.809576 0.000945884
     3.19934    0.812547 0.000940368
     3.26397    0.813752 0.000818204
      3.3286    0.815665 0.000841637
     3.39323    0.817951  0.00083365
     3.45787    0.821451    0.000806
      3.5225    0.822358  0.00084758
     3.58713     0.82448 0.000807824
     3.65177    0.827016 0.000716558
      3.7164    0.828109 0.000821367
     3.78103    0.831431 0.000725283
     3.84567     0.83319 0.000683719
      3.9103    0.833928 0.000601217
     3.97493     0.83752 0.000716862
     4.03957    0.838186 0.000711264
      4.1042    0.840524  0.00061508
     4.16883    0.844009 0.000647436
     4.23346    0.844781 0.000669221
      4.2981    0.845974 0.000699033
     4.36273    0.846957 0.000644746
     4.42736    0.848962 0.000613778
       4.492    0.852317 0.000601242
     4.55663    0.853192 0.000551983
     4.62126    0.855522 0.000645798
      4.6859    0.857657 0.000676173
     4.75053    0.857707 0.000555415
     4.81516     0.85927   0.0005515
     4.87979    0.861919 0.000563095
     4.94443    0.863063 0.000558319
     5.00906    0.862943 0.000496629
     5.07369    0.865151 0.000538491
     5.13833    0.866924 0.000507365
     5.20296    0.867113 0.000549639
     5.26759    0.869154 0.000468706
     5.33223    0.869725 0.000472158
     5.39686     0.87303 0.000525789
     5.46149    0.873022  0.00053256
     5.52612    0.875072 0.000449636
     5.59076    0.875167 0.000392435
     5.65539    0.876895 0.000457311
     5.72002    0.877495 0.000528566
     5.78466    0.879272 0.000535112
     5.84929    0.879869 0.000521636
     5.91392    0.881947 0.000401339
     5.97856    0.882424 0.000476914
     6.04319    0.883331  0.00040372
     6.10782    0.883755 0.000498851
     6.17246      0.8855 0.000407324
     6.23709    0.886955 0.000423912
     6.30172    0.887186 0.000382759
     6.36635    0.888567 0.000429136
     6.43099    0.889658 0.000453421
     6.49562    0.889119 0.000398552
     6.56025    0.890963  0.00040813
     6.62489    0.891474 0.000422584
     6.68952    0.892988 0.000413019
     6.75415    0.893649 0.000396946
