           1     7.54154     7.54154           0
           2     7.65111     7.59633   0.0547886
           3     7.69845     7.63037   0.0464699
           4     7.65845     7.63739   0.0336006
           5     7.69313     7.64854   0.0283141
           6     7.73147     7.66236   0.0269351
           7     7.64937      7.6605   0.0228398
           8     7.64915     7.65908   0.0198307
           9      7.5047     7.64193   0.0244969
          10     7.63178     7.64092   0.0219342
          11     7.59242     7.63651   0.0203242
          12     7.59109     7.63272   0.0189355
          13     7.64107     7.63336   0.0174299
          14     7.57294     7.62905   0.0167042
          15     7.61862     7.62835   0.0155663
          16     7.50193     7.62045   0.0165666
          17     7.61011     7.61984   0.0155735
          18     7.60231     7.61887   0.0147151
          19     7.61616     7.61873   0.0139199
          20     7.45556     7.61057   0.0155223
          21     7.61118      7.6106   0.0147647
          22     7.53023     7.60694   0.0145438
          23     7.50166     7.60237   0.0146316
          24     7.65221     7.60444   0.0141618
          25     7.59943     7.60424    0.013585
          26     7.51076     7.60065   0.0135382
          27     7.70185      7.6044   0.0135556
          28     7.53128     7.60178    0.013321
          29     7.59272     7.60147   0.0128572
          30     7.58521     7.60093   0.0124331
          31     7.70882     7.60441   0.0125189
          32     7.52599     7.60196   0.0123666
          33     7.58264     7.60137   0.0120003
          34     7.49323     7.59819   0.0120687
          35     7.60039     7.59826    0.011719
          36     7.66022     7.59998   0.0115181
          37      7.5898      7.5997   0.0112059
          38     7.53387     7.59797   0.0110437
          39     7.57114     7.59728   0.0107788
          40      7.7124     7.60016   0.0108929
          41     7.49096      7.5975   0.0109527
          42     7.64649     7.59866   0.0107522
          43     7.61682     7.59909   0.0105076
          44     7.53695     7.59767   0.0103627
          45      7.7101     7.60017   0.0104333
          46     7.65602     7.60139    0.010276
          47     7.75041     7.60456   0.0105431
          48     7.55225     7.60347   0.0103784
          49     7.59352     7.60326   0.0101665
          50     7.50338     7.60127   0.0101594
          51     7.54617     7.60019   0.0100166
          52     7.62841     7.60073   0.0098371
          53     7.58582     7.60045  0.00965381
          54     7.55715     7.59965  0.00950722
          55     7.60914     7.59982  0.00933436
          56     7.62064     7.60019   0.0091737
          57     7.68647      7.6017  0.00913756
          58     7.66585     7.60281   0.0090465
          59     7.61968      7.6031  0.00889644
          60      7.5948     7.60296    0.008748
          61      7.5832     7.60263   0.0086095
          62     7.50438     7.60105  0.00861648
          63     7.62206     7.60138  0.00848516
          64     7.55509     7.60066   0.0083828
          65     7.48708     7.59891  0.00843576
          66     7.57257     7.59851  0.00831655
          67     7.65535     7.59936   0.0082353
          68     7.52528     7.59827   0.0081861
          69     7.61379      7.5985  0.00806972
          70      7.5802     7.59823  0.00795789
          71     7.55756     7.59766  0.00786589
          72     7.69432       7.599  0.00787121
          73     7.66002     7.59984  0.00780751
          74     7.63799     7.60036  0.00771852
          75     7.53551     7.59949  0.00766383
          76     7.58139     7.59925  0.00756607
          77      7.6706     7.60018  0.00752442
          78     7.66086     7.60096  0.00746796
          79     7.49804     7.59966  0.00748703
          80     7.63244     7.60006   0.0074042
          81     7.50722     7.59892  0.00740151
          82     7.52799     7.59805  0.00736169
          83      7.6164     7.59827  0.00727581
          84     7.52506      7.5974  0.00724132
          85      7.7737     7.59948  0.00745014
          86     7.59182     7.59939  0.00736354
          87     7.43724     7.59752  0.00751324
          88     7.67621     7.59842    0.007481
          89     7.55905     7.59798  0.00740968
          90     7.54924     7.59743  0.00734688
          91     7.56455     7.59707  0.00727467
          92     7.59926      7.5971   0.0071952
          93     7.67209      7.5979  0.00716295
          94     7.49588     7.59682  0.00716898
          95     7.61635     7.59702  0.00709609
          96     7.46247     7.59562   0.0071603
          97     7.68867     7.59658  0.00715073
          98     7.65813     7.59721   0.0071052
          99     7.52075     7.59644  0.00707534
         100      7.6094     7.59657  0.00700543
