           1    -5.43247    -5.43247           0
           2    -5.56366    -5.49806   0.0655968
           3    -5.52786    -5.50799   0.0391529
           4    -5.46966    -5.49841   0.0292969
           5    -5.41227    -5.48118   0.0284926
           6    -5.40545    -5.46856   0.0264677
           7    -5.51943    -5.47583     0.02352
           8     -5.4325    -5.47041   0.0210765
           9    -5.46602    -5.46992   0.0185942
          10    -5.42974    -5.46591   0.0171096
          11     -5.4797    -5.46716   0.0155269
          12    -5.47698    -5.46798   0.0141976
          13    -5.57343    -5.47609   0.0153739
          14    -5.53297    -5.48015    0.014802
          15    -5.50074    -5.48152   0.0138481
          16    -5.52795    -5.48443   0.0132746
          17    -5.43903    -5.48176   0.0127521
          18    -5.41925    -5.47828   0.0125143
          19    -5.43101    -5.47579   0.0120959
          20    -5.48776    -5.47639   0.0114908
          21     -5.3939    -5.47246   0.0116144
          22    -5.43048    -5.47056   0.0112371
          23    -5.41973    -5.46835   0.0109625
          24    -5.40267    -5.46561   0.0108467
          25    -5.44201    -5.46467   0.0104465
          26    -5.48517    -5.46545   0.0100676
          27    -5.47854    -5.46594  0.00969963
          28    -5.45605    -5.46559  0.00935347
          29    -5.50268    -5.46686  0.00911535
          30    -5.53623    -5.46918  0.00910471
          31    -5.41995    -5.46759  0.00894817
          32    -5.36124    -5.46427  0.00927957
          33    -5.48242    -5.46482  0.00901079
          34    -5.45347    -5.46448  0.00874812
          35    -5.53237    -5.46642  0.00871312
          36    -5.50001    -5.46735  0.00851889
          37    -5.54618    -5.46949  0.00855494
          38    -5.51852    -5.47078  0.00842618
          39    -5.51063     -5.4718  0.00827065
          40    -5.52801     -5.4732   0.0081828
          41    -5.52514    -5.47447  0.00808064
          42    -5.54998    -5.47627  0.00808824
          43    -5.52732    -5.47745  0.00798664
          44    -5.48472    -5.47762  0.00780476
          45    -5.37892    -5.47543  0.00793838
          46    -5.36123    -5.47294  0.00815116
          47    -5.43674    -5.47217  0.00801296
          48    -5.42167    -5.47112  0.00791448
          49    -5.40241    -5.46972  0.00787709
          50    -5.44868     -5.4693   0.0077294
          51    -5.36091    -5.46717  0.00786875
          52    -5.37663    -5.46543  0.00790995
          53    -5.41779    -5.46453  0.00781115
          54    -5.43804    -5.46404  0.00768082
          55    -5.47491    -5.46424  0.00754247
          56    -5.47025    -5.46435  0.00740733
          57    -5.36054    -5.46253  0.00750068
          58    -5.44519    -5.46223  0.00737628
          59    -5.45729    -5.46214  0.00725067
          60    -5.41456    -5.46135  0.00717277
          61    -5.49234    -5.46186  0.00707248
          62    -5.47112    -5.46201  0.00695907
          63    -5.43681    -5.46161  0.00685939
          64    -5.47786    -5.46186  0.00675613
          65     -5.5124    -5.46264  0.00669666
          66    -5.46053    -5.46261   0.0065945
          67    -5.45339    -5.46247  0.00649678
          68    -5.41895    -5.46183  0.00643244
          69    -5.42371    -5.46128  0.00636256
          70    -5.44863     -5.4611  0.00627361
          71    -5.40631    -5.46033  0.00623257
          72    -5.36556    -5.45901  0.00628478
          73    -5.48384    -5.45935  0.00620741
          74    -5.46592    -5.45944   0.0061236
          75    -5.41413    -5.45883  0.00607152
          76    -5.43772    -5.45856  0.00599754
          77    -5.46165     -5.4586  0.00591927
          78    -5.45145     -5.4585  0.00584361
          79    -5.52472    -5.45934  0.00582973
          80    -5.46248    -5.45938  0.00575653
          81    -5.53731    -5.46034  0.00576584
          82    -5.55808    -5.46154  0.00581849
          83    -5.51562    -5.46219  0.00578477
          84     -5.5098    -5.46275  0.00574353
          85    -5.51234    -5.46334  0.00570545
          86    -5.45764    -5.46327  0.00563911
          87    -5.44185    -5.46303  0.00557935
          88    -5.48725     -5.4633  0.00552245
          89    -5.48015    -5.46349  0.00546333
          90    -5.54154    -5.46436  0.00547145
          91    -5.45693    -5.46428  0.00541161
          92    -5.44627    -5.46408  0.00535604
          93    -5.44795    -5.46391  0.00530097
          94    -5.46471    -5.46391  0.00524428
          95    -5.33778    -5.46259  0.00535596
          96    -5.33666    -5.46128   0.0054598
          97    -5.41842    -5.46083  0.00542125
          98    -5.41268    -5.46034   0.0053881
          99    -5.46864    -5.46043  0.00533406
         100    -5.44053    -5.46023   0.0052842
