    -7.53271           0
    -7.53038   0.0023274
     -7.5325   0.0025045
    -7.53015  0.00294123
    -7.53198  0.00292593
    -7.53112  0.00254183
    -7.53063  0.00220358
    -7.53117  0.00198442
    -7.53012  0.00203857
    -7.53072  0.00191916
    -7.53189  0.00209453
    -7.53197  0.00191334
    -7.53174  0.00177425
    -7.53147   0.0016649
    -7.53196  0.00162495
    -7.53131  0.00165341
    -7.53166  0.00159307
    -7.53129  0.00154729
    -7.53107  0.00147985
    -7.53172  0.00154456
    -7.53142  0.00149794
    -7.53126  0.00143751
    -7.53139  0.00137967
    -7.53127   0.0013264
    -7.53132  0.00127338
    -7.53133  0.00122343
     -7.5317  0.00123553
    -7.53138  0.00123282
    -7.53162  0.00121292
    -7.53178  0.00118333
    -7.53154  0.00117069
    -7.53158  0.00113447
     -7.5316  0.00109963
    -7.53155  0.00106787
    -7.53187  0.00108509
    -7.53155  0.00110113
    -7.53152  0.00107131
    -7.53173  0.00106326
    -7.53153  0.00105564
    -7.53167  0.00103869
    -7.53172  0.00101448
    -7.53141  0.00103833
    -7.53132  0.00101795
    -7.53126 0.000996255
    -7.53133  0.00097619
    -7.53104 0.000998528
    -7.53101 0.000977409
    -7.53128 0.000995334
    -7.53121 0.000977298
    -7.53111 0.000962798
    -7.53125 0.000952808
    -7.53104 0.000956611
    -7.53134 0.000985174
    -7.53117 0.000982383
    -7.53116 0.000964362
    -7.53134 0.000963951
    -7.53114 0.000967305
     -7.5313 0.000963597
    -7.53141  0.00095326
    -7.53133 0.000940661
    -7.53137 0.000925859
    -7.53147 0.000916288
    -7.53134 0.000910136
    -7.53145 0.000901791
    -7.53154 0.000892129
    -7.53155 0.000878657
    -7.53164 0.000869597
    -7.53171 0.000860185
    -7.53168 0.000848117
    -7.53181 0.000845477
    -7.53174 0.000836298
    -7.53182 0.000828652
    -7.53181 0.000817336
    -7.53186 0.000807716
    -7.53188  0.00079713
    -7.53189 0.000786586
    -7.53194 0.000778265
    -7.53187 0.000771268
    -7.53182 0.000763489
    -7.53177  0.00075513
    -7.53165  0.00075611
    -7.53161 0.000747921
    -7.53166 0.000740502
    -7.53157 0.000736545
    -7.53159 0.000728101
    -7.53165 0.000721655
    -7.53146 0.000738482
    -7.53164 0.000753003
    -7.53158 0.000747281
    -7.53158 0.000738937
    -7.53163 0.000732664
    -7.53169 0.000727453
    -7.53163 0.000722267
    -7.53175 0.000724613
    -7.53166 0.000722942
    -7.53185 0.000739837
    -7.53175 0.000738816
    -7.53174 0.000731272
    -7.53169 0.000725718
    -7.53168 0.000718579
