    0.141073           0           0
    0.166723           0           0
    0.192372           0           0
    0.218022           0           0
    0.243672           0           0
    0.269321           0           0
    0.294971           0           0
     0.32062           0           0
     0.34627           0           0
     0.37192           0           0
    0.397569           0           0
    0.423219           0           0
    0.448869           0           0
    0.474518           0           0
    0.500168           0           0
    0.525818           0           0
    0.551467           0           0
    0.577117           0           0
    0.602767           0           0
    0.628416           0           0
    0.654066           0           0
    0.679715           0           0
    0.705365           0           0
    0.731015           0           0
    0.756664           0           0
    0.782314           0           0
    0.807964           0           0
    0.833613           0           0
    0.859263           0           0
    0.884913           0           0
    0.910562           0           0
    0.936212           0           0
    0.961861           0           0
    0.987511           0           0
     1.01316 0.000923462 0.000121735
     1.03881   0.0209225 0.000741722
     1.06446    0.135821  0.00165372
     1.09011    0.464653  0.00296112
     1.11576    0.976577   0.0055816
     1.14141     1.49533  0.00652032
     1.16706     1.85948  0.00836368
     1.19271     2.02246  0.00861897
     1.21836     2.02663   0.0070392
     1.24401     1.90273  0.00691397
     1.26966      1.7543  0.00700739
     1.29531     1.57526  0.00569018
     1.32096     1.41937  0.00585909
     1.34661     1.26076  0.00512464
     1.37226     1.13395  0.00577109
     1.39791     1.02194  0.00493717
     1.42355    0.927832  0.00495206
      1.4492    0.848943  0.00562664
     1.47485    0.780533  0.00484332
      1.5005    0.731854    0.003875
     1.52615     0.69359  0.00383511
      1.5518    0.652236  0.00393595
     1.57745    0.627313  0.00415502
      1.6031    0.606643  0.00357872
     1.62875    0.589455  0.00355438
      1.6544    0.581641  0.00318921
     1.68005    0.578367  0.00342408
      1.7057    0.584751    0.003505
     1.73135    0.582894  0.00367947
       1.757    0.592459  0.00335146
     1.78265      0.6101  0.00336836
      1.8083    0.626612  0.00328916
     1.83395    0.651687   0.0032269
      1.8596    0.684531  0.00323789
     1.88525    0.712097  0.00390785
      1.9109    0.746189  0.00399916
     1.93655    0.781956  0.00403371
      1.9622    0.820198  0.00386272
     1.98785    0.857102  0.00334187
      2.0135    0.895802  0.00387655
     2.03915    0.929168  0.00349166
      2.0648    0.970604  0.00342752
     2.09045    0.988333  0.00326552
      2.1161     1.01664  0.00341197
     2.14174     1.04409  0.00314826
     2.16739     1.05962  0.00351147
     2.19304     1.07398  0.00358396
     2.21869     1.07481  0.00373423
     2.24434     1.07125  0.00386436
     2.26999     1.06197  0.00364459
     2.29564     1.04296  0.00326097
     2.32129      1.0235  0.00348154
     2.34694      1.0007  0.00269829
     2.37259    0.976483  0.00358684
     2.39824    0.954239  0.00338668
     2.42389    0.928239  0.00295015
     2.44954    0.907319  0.00305263
     2.47519     0.88675  0.00318483
     2.50084    0.867572  0.00280545
     2.52649    0.846224  0.00297971
     2.55214    0.834474  0.00282573
     2.57779    0.826192  0.00297062
     2.60344    0.818571  0.00280444
     2.62909    0.814783  0.00242358
     2.65474    0.815497  0.00289342
     2.68039    0.814638  0.00306915
