    0.126865           0           0
    0.149932           0           0
    0.172998           0           0
    0.196065           0           0
    0.219131           0           0
    0.242198           0           0
    0.265264           0           0
     0.28833           0           0
    0.311397           0           0
    0.334463           0           0
     0.35753           0           0
    0.380596           0           0
    0.403663           0           0
    0.426729           0           0
    0.449795           0           0
    0.472862           0           0
    0.495928           0           0
    0.518995           0           0
    0.542061           0           0
    0.565128           0           0
    0.588194           0           0
     0.61126           0           0
    0.634327           0           0
    0.657393           0           0
     0.68046           0           0
    0.703526           0           0
    0.726593           0           0
    0.749659           0           0
    0.772725           0           0
    0.795792           0           0
    0.818858           0           0
    0.841925           0           0
    0.864991           0           0
    0.888058           0           0
    0.911124           0           0
     0.93419           0           0
    0.957257           0           0
    0.980323           0           0
     1.00339 3.46112e-05 2.14119e-05
     1.02646  0.00183005 0.000177949
     1.04952   0.0310449 0.000776401
     1.07259    0.208119  0.00167338
     1.09566    0.767339  0.00355633
     1.11872     1.76514  0.00610236
     1.14179     2.91764  0.00770231
     1.16485     3.79614  0.00734774
     1.18792     4.05953  0.00806839
     1.21099       3.725   0.0086841
     1.23405     3.03347  0.00776343
     1.25712     2.23395  0.00608039
     1.28019      1.4831  0.00505929
     1.30325    0.919288  0.00366332
     1.32632    0.531623  0.00325267
     1.34939    0.285733  0.00249914
     1.37245    0.143334  0.00189969
     1.39552   0.0691133  0.00150538
     1.41859   0.0381621  0.00117248
     1.44165   0.0339691  0.00110243
     1.46472   0.0487415   0.0012926
     1.48778    0.087696  0.00159716
     1.51085    0.155537  0.00197865
     1.53392    0.256869  0.00220611
     1.55698    0.389434   0.0023314
     1.58005    0.538327  0.00243743
     1.60312    0.688803  0.00311918
     1.62618    0.798895  0.00363216
     1.64925     0.84039  0.00411588
     1.67232    0.810913   0.0039743
     1.69538    0.707228  0.00287989
     1.71845    0.558957  0.00245268
     1.74152    0.405256  0.00192252
     1.76458      0.2731  0.00204067
     1.78765    0.188542  0.00211854
     1.81071    0.160817  0.00207259
     1.83378    0.213225  0.00240176
     1.85685    0.368902  0.00309318
     1.87991    0.647368  0.00338357
     1.90298     1.04568  0.00366359
     1.92605      1.5298  0.00371775
     1.94911     1.99998  0.00411914
     1.97218     2.32289  0.00540023
     1.99525      2.4225  0.00659408
     2.01831      2.2977  0.00610841
     2.04138     1.94894  0.00475025
     2.06445     1.50463  0.00316054
     2.08751     1.06706  0.00306134
     2.11058    0.707385  0.00354132
     2.13364    0.473783  0.00312028
     2.15671    0.376539  0.00264736
     2.17978    0.406247   0.0025058
     2.20284    0.524334   0.0023979
     2.22591    0.682639  0.00203786
     2.24898    0.832148  0.00213355
     2.27204    0.916718  0.00288478
     2.29511    0.915993  0.00274686
     2.31818    0.839043  0.00241552
     2.34124    0.714116  0.00215835
     2.36431    0.589593  0.00229603
     2.38738    0.510207  0.00268863
     2.41044    0.510648  0.00370976
