1.2161788
1.8834041
1.4325366
1.2004168
0.71424866
1.605506
0.7701225
2.591566
2.8798692
0.55297935
2.1903389
1.1362983
1.293302
2.7272108
-0.6998756
-0.63533616
-0.9036722
2.3543415
2.1359253
2.5042975
2.9398465
2.22015
0.86593837
2.1454396
-0.5104333
1.5815518
-0.40985835
2.803697
1.108039
0.67818415
0.07620537
2.1201925
0.8445671
1.2948637
-0.9094014
1.492179
1.4699626
1.4893658
2.8000045
1.7495825
0.45699722
0.7678957
1.8129897
-0.74322987
1.6892123
1.7047371
-0.14104748
-0.4677155
0.28022277
0.47385222
1.3019332
0.7741902
2.9789693
-0.5755197
-0.14708626
-0.3378476
1.6344376
0.0310328
0.88531405
-0.004523039
-0.3472315
-0.54211223
1.6473558
-0.43059325
-0.19639122
0.49396163
2.3077145
-0.595345
2.3756967
-0.5993669
2.9311886
0.89469993
2.932398
1.4408867
1.9799502
-0.82759833
0.14939964
-0.5027249
0.20287055
-0.5086155
0.29046857
0.67658424
-0.72750115
1.7923
1.2875147
0.07954949
1.1136525
-0.6080208
1.3249916
2.7420473
0.29281777
1.6917937
-0.45619965
1.8879672
0.17586446
-0.2500937
1.3673667
-0.90411675
2.3395839
-0.9659245
