1.1920569
1.7511778
1.3733603
1.1788487
0.7714499
1.5183048
0.81827104
2.3446028
2.5861948
0.6363096
2.0083828
1.1251187
1.2566845
2.45827
-0.41355658
-0.35947382
-0.5843339
2.1458135
1.9627852
2.2714734
2.636454
2.0333638
0.8985628
1.970758
-0.25480795
1.4982318
-0.17052817
2.5223641
1.101438
0.74122864
0.23678303
1.9496014
0.8806541
1.2579931
-0.5891348
1.4233394
1.4047225
1.4209819
2.5192695
1.6390381
0.55587864
0.81640506
1.6921719
-0.44988656
1.5884491
1.6014585
0.05472964
-0.2190113
0.40774536
0.57000273
1.2639172
0.8216797
2.6692386
-0.30934894
0.049669266
-0.11018467
1.5425489
0.19892931
0.91479915
0.16913432
-0.11804819
-0.2813542
1.5533743
-0.18790352
0.008352876
0.58685404
2.106741
-0.3259622
2.1637087
-0.32933247
2.629199
0.92266434
2.6302128
1.3803575
1.8320813
-0.52058554
0.2981183
-0.24834847
0.3429258
-0.25328457
0.4163311
0.73988795
-0.4367062
1.6748345
1.2518349
0.23958534
1.1061419
-0.3365842
1.2832397
2.4707026
0.41829967
1.5906122
-0.2093612
1.7550015
0.32029527
-0.03664875
1.3187492
-0.5847064
2.133447
-0.6365
