1.2220899
1.8899947
1.438668
1.2063118
0.7196485
1.6118135
0.7755793
2.5988781
2.8874748
0.5582149
2.1972423
1.142128
1.2992916
2.7346606
-0.69591606
-0.6313108
-0.8999202
2.3614116
2.1427732
2.5115204
2.947513
2.2270837
0.87149274
2.152297
-0.5062808
1.587835
-0.4056034
2.8112254
1.1138399
0.68354726
0.080955386
2.1270242
0.8500997
1.3008548
-0.90565526
1.4983711
1.4761322
1.495555
2.8075285
1.7560369
0.46213502
0.77335024
1.8195086
-0.73931456
1.6956053
1.7111458
-0.13651884
-0.46351957
0.28518057
0.47900718
1.3079315
0.7796511
2.9866757
-0.5714334
-0.1425637
-0.33351934
1.6407745
0.03573674
0.8908881
0.00014472008
-0.3429128
-0.537992
1.6537061
-0.42635942
-0.19191885
0.4991371
2.3147373
-0.59127903
2.3827887
-0.59530497
2.9388463
0.9002836
2.9400573
1.4470267
1.986639
-0.82376885
0.15422422
-0.4985646
0.20774955
-0.50446105
0.2954368
0.68194574
-0.72356975
1.7987978
1.2934984
0.0843029
1.119459
-0.6039678
1.3310134
2.7495124
0.29778838
1.6981891
-0.45199192
1.8945625
0.18071598
-0.24567604
1.3734317
-0.90036523
2.3466392
-0.9622359
