1.2063947
1.8611178
1.4186985
1.1909281
0.7138696
1.5884268
0.7686964
2.5560107
2.8389115
0.55562204
2.1623015
1.128011
1.2820728
2.6891136
-0.67375743
-0.61042726
-0.8737354
2.3232307
2.1089075
2.4703772
2.897765
2.1915538
0.862717
2.1182432
-0.48786485
1.5649215
-0.38917434
2.7641668
1.1002812
0.6784808
0.08778167
2.0934694
0.8417461
1.2836052
-0.8793572
1.4772234
1.4554232
1.4744627
2.7605433
1.7298038
0.46143836
0.7665114
1.7920228
-0.7162994
1.6705648
1.6857986
-0.12540042
-0.44594753
0.28797626
0.4779775
1.2905422
0.7726879
2.9361548
-0.5517316
-0.13132608
-0.31851292
1.6168163
0.04345548
0.88172954
0.008565903
-0.327721
-0.5189501
1.6294925
-0.40952075
-0.17970705
0.49771017
2.2774777
-0.57118547
2.3441858
-0.575132
2.8892694
0.8909396
2.8904562
1.4268922
1.9558548
-0.7990869
0.15960443
-0.4803009
0.21207345
-0.486081
0.29803008
0.6769109
-0.7008654
1.7717208
1.2763939
0.09106308
1.1057894
-0.58362377
1.3131685
2.703672
0.30033523
1.6730977
-0.43464732
1.8655955
0.18557334
-0.2324034
1.3547497
-0.8741716
2.3087502
-0.93482125
