1.2217869
1.8883102
1.4379171
1.2060416
0.7203849
1.6107044
0.77619994
2.5957272
2.883727
0.5592853
2.194922
1.1419904
1.298829
2.7312288
-0.69225144
-0.62777996
-0.8958336
2.3587518
2.1405659
2.5085502
2.943641
2.224702
0.871915
2.15007
-0.5030085
1.5867754
-0.40253937
2.807635
1.1137608
0.68435836
0.08301294
2.1248493
0.8505662
1.3003889
-0.90155685
1.4974967
1.4753036
1.4946864
2.803946
1.7546294
0.46340412
0.7739755
1.8179698
-0.7355602
1.6943228
1.7098311
-0.13401139
-0.46033573
0.2868157
0.48024136
1.307451
0.78026336
2.9827228
-0.5680264
-0.14004385
-0.3306043
1.6396055
0.03788787
0.8912703
0.0023694038
-0.33997846
-0.53465414
1.6525103
-0.42325246
-0.18929684
0.5003297
2.3121743
-0.5878309
2.3800848
-0.5918486
2.9349923
0.9006463
2.9362006
1.4462584
1.9847546
-0.81983984
0.1561302
-0.49530816
0.20954484
-0.50119257
0.29705065
0.6827601
-0.71984804
1.797302
1.2930478
0.08635354
1.1193684
-0.60049343
1.3304852
2.74605
0.2993974
1.6969013
-0.44883192
1.8928685
0.18256718
-0.24294281
1.3728157
-0.8962778
2.34401
-0.95802057
