0.6218438
0.65742165
0.6333805
0.6210034
0.5950799
0.6426035
0.5980592
0.69518226
0.7105552
0.5864807
0.673788
0.61758447
0.6259562
0.7024151
0.5196759
0.5231173
0.5088091
0.68253297
0.6708866
0.6905289
0.7137533
0.6753776
0.6031683
0.6713939
0.52977735
0.64132625
0.5351402
0.70649356
0.6160776
0.5931569
0.56105816
0.6700477
0.6020287
0.62603945
0.50850356
0.63656074
0.6353761
0.6364107
0.7062966
0.650286
0.5813627
0.59794044
0.653667
0.5173642
0.64706695
0.64789474
0.54947376
0.53205514
0.5719367
0.58226144
0.62641644
0.5982761
0.7158394
0.5263068
0.5491518
0.53898
0.6441462
0.5586494
0.60420144
0.5567535
0.5384796
0.5280882
0.64483505
0.5340346
0.54652274
0.58333373
0.68004674
0.5252497
0.68367165
0.52503526
0.71329165
0.60470194
0.71335614
0.6338257
0.66256964
0.5128655
0.564961
0.5301884
0.5678122
0.5298743
0.57248306
0.5930716
0.5182029
0.6525638
0.6256476
0.56123644
0.61637694
0.5245738
0.62764597
0.70320624
0.57260835
0.6472046
0.5326692
0.65766495
0.56637216
0.5436592
0.62990546
0.50878537
0.68174607
0.50548965
