0.9178246
1.0740281
0.96847594
0.9141346
0.80031824
1.0089697
0.81339884
1.2398152
1.3073096
0.76256365
1.1458843
0.8991239
0.9358799
1.2715709
0.46925893
0.4843682
0.4215483
1.1842787
1.1331456
1.2193849
1.3213508
1.1528634
0.83583015
1.135373
0.51360905
1.0033617
0.5371546
1.2894771
0.89250815
0.79187524
0.6509465
1.1294625
0.830827
0.93624544
0.42020705
0.9824388
0.9772377
0.9817802
1.2886126
1.0426993
0.74009335
0.81287754
1.0575435
0.4591093
1.0285661
1.0322006
0.6000856
0.5236097
0.69870883
0.74403924
0.9379005
0.8143511
1.3305099
0.49837178
0.5986719
0.554013
1.0157428
0.6403712
0.8403662
0.6320473
0.5518161
0.5061928
1.0187671
0.53230035
0.58712924
0.74874705
1.1733631
0.4937305
1.1892782
0.49278894
1.319324
0.8425635
1.3196071
0.9704308
1.0966305
0.43935788
0.668082
0.5154137
0.6806
0.5140346
0.7011075
0.7915007
0.46279153
1.0526998
0.934525
0.6517294
0.89382225
0.49076298
0.9432987
1.2750442
0.7016574
1.0291704
0.5263057
1.0750964
0.6742776
0.57455695
0.95321906
0.4214442
1.180824
0.40697446
