1.1099167
1.4112523
1.2076293
1.1027982
0.88323265
1.2857465
0.9084667
1.7310758
1.8612804
0.8103994
1.5498714
1.0738407
1.1447475
1.7923361
0.24457914
0.27372676
0.15253955
1.623939
1.525297
1.691663
1.8883677
1.563335
0.9517395
1.529594
0.330136
1.2749282
0.37555814
1.8268793
1.0610781
0.866945
0.59507656
1.5181917
0.9420877
1.1454527
0.14995211
1.2345653
1.2245318
1.2332947
1.8252115
1.350815
0.7670516
0.907461
1.3794513
0.22499925
1.3235505
1.3305618
0.49695975
0.34942836
0.6872158
0.7746637
1.1486455
0.9103037
1.9060366
0.30074137
0.49423248
0.40807998
1.2988126
0.57467544
0.96049
0.5586176
0.40384197
0.31582898
1.304647
0.36619377
0.4719652
0.7837456
1.6028813
0.29178774
1.6335837
0.28997135
1.8844576
0.96472895
1.8850038
1.2114004
1.4548547
0.18689638
0.6281329
0.33361727
0.65228164
0.330957
0.6918431
0.8662225
0.23210275
1.3701073
1.1421338
0.5965868
1.0636133
0.28606302
1.1590593
1.7990367
0.692904
1.3247162
0.35462922
1.413313
0.64008504
0.44771177
1.1781969
0.15233874
1.6172743
0.124424875
