1.113025
1.475381
1.2305244
1.104465
0.84043735
1.3244604
0.87078124
1.8599689
2.01654
0.7528554
1.6420708
1.0696436
1.154909
1.9336345
0.0724563
0.107506335
-0.03822136
1.731137
1.61252
1.8125751
2.0491123
1.6582606
0.9228168
1.617687
0.17533839
1.3114514
0.2299586
1.9751728
1.0542966
0.82085145
0.4939295
1.6039758
0.91121054
1.1557571
-0.04133272
1.2629149
1.2508496
1.2613871
1.9731673
1.4027053
0.7007295
0.8695719
1.4371405
0.048911452
1.3699195
1.3783507
0.37594402
0.19853753
0.604727
0.7098831
1.1595964
0.87299037
2.0703592
0.1399914
0.3726645
0.2690661
1.3401725
0.4693972
0.93333936
0.4500876
0.26396984
0.15813428
1.3471882
0.2186979
0.34588808
0.7208041
1.7058151
0.12922466
1.7427347
0.12704045
2.0444107
0.9384366
2.0450675
1.2350591
1.5278131
0.0030927658
0.5336797
0.17952466
0.5627187
0.17632568
0.61029136
0.8199826
0.057453454
1.4259043
1.1517661
0.4957456
1.0573452
0.12234068
1.1721189
1.941692
0.61156714
1.3713214
0.20479155
1.4778591
0.54805225
0.31672335
1.195132
-0.038462758
1.7231226
-0.07202923
