1.1922152
1.8460598
1.4042342
1.1767694
0.700351
1.5737346
0.7551043
2.5400202
2.8225415
0.5423158
2.1468391
1.1139367
1.2677917
2.6729445
-0.6854141
-0.6221689
-0.8851236
2.3075528
2.0935168
2.4545016
2.8813157
2.1760526
0.84899867
2.1028404
-0.49977088
1.5502609
-0.4012128
2.7478971
1.0862441
0.6650097
0.07510316
2.0780997
0.8280559
1.269322
-0.8907379
1.4626805
1.4409095
1.4599236
2.7442784
1.714922
0.44825852
0.7529222
1.7770575
-0.72789896
1.6557624
1.6709758
-0.13779283
-0.45790982
0.27502918
0.46477544
1.2762499
0.7590904
2.9196541
-0.563552
-0.1437105
-0.33064628
1.6020861
0.030836463
0.8679857
-0.0040062666
-0.33984196
-0.5308144
1.6147454
-0.42153192
-0.19202662
0.48448163
2.261861
-0.5829798
2.3284798
-0.586921
2.8728316
0.87718344
2.874017
1.4124168
1.9406697
-0.81057537
0.1468296
-0.49221706
0.19922817
-0.49798942
0.28506947
0.6634419
-0.71248555
1.7567828
1.2621205
0.07838023
1.0917449
-0.5954014
1.2988458
2.6874833
0.28737152
1.6582919
-0.44662488
1.8505313
0.17276365
-0.24465215
1.3403711
-0.8855593
2.2930913
-0.94612753
