1.1942596
1.855917
1.408812
1.1786293
0.69651824
1.5803378
0.7519258
2.5581694
2.8440666
0.53659475
2.1602902
1.1150458
1.2707393
2.6926818
-0.70580506
-0.6418041
-0.9079009
2.3229241
2.1063309
2.471629
2.903543
2.1898527
0.84694207
2.1157656
-0.5179436
1.5565836
-0.418208
2.7685301
1.0870223
0.6607547
0.0637995
2.0907292
0.82574916
1.2722878
-0.9135823
1.4679567
1.4459256
1.4651668
2.7648683
1.723212
0.44141358
0.7497176
1.7860901
-0.74879754
1.6633458
1.6787409
-0.15164042
-0.47558236
0.26611435
0.45812792
1.2792984
0.7559595
2.9423394
-0.58248687
-0.15762877
-0.34679818
1.6090279
0.019003808
0.866156
-0.01625526
-0.35610378
-0.5493581
1.6218386
-0.43876982
-0.20652223
0.47806954
2.2766867
-0.60214674
2.3441012
-0.60613513
2.8949575
0.8754636
2.896157
1.4170924
1.9516573
-0.83246183
0.13638294
-0.51029956
0.18940765
-0.51614094
0.27627462
0.6591681
-0.7332001
1.765573
1.2650003
0.067115664
1.0925889
-0.61471677
1.3021644
2.7073946
0.2786042
1.6659055
-0.4641626
1.8604419
0.16262686
-0.2597766
1.3441858
-0.90834177
2.30829
-0.9696338
