1.1863767
1.8166044
1.3907375
1.1714888
0.7122786
1.5541155
0.7650543
2.485499
2.7578154
0.5599517
2.1065197
1.1109256
1.2592235
2.6136217
-0.6234323
-0.5624716
-0.81592834
2.2614279
2.0551233
2.403069
2.8144667
2.1346774
0.85555714
2.0641098
-0.4444946
1.5314897
-0.34949648
2.6858673
1.0842333
0.6782139
0.10961491
2.0402627
0.8353709
1.2606984
-0.82133985
1.4470727
1.4260881
1.4444155
2.682379
1.6902032
0.4692918
0.76295096
1.7500944
-0.6643827
1.6331805
1.6478443
-0.09559131
-0.4041456
0.30231953
0.48521215
1.267376
0.7688964
2.8514204
-0.5059719
-0.10129523
-0.28147876
1.5814428
0.0669471
0.8738584
0.033362865
-0.29034233
-0.47441697
1.5936449
-0.36908162
-0.14786613
0.50420654
2.2173867
-0.524698
2.281599
-0.52849686
2.806289
0.88272387
2.8074317
1.3986245
1.9077969
-0.7440728
0.17875051
-0.43721366
0.22925651
-0.4427775
0.31199718
0.67670274
-0.649526
1.730552
1.253757
0.1127736
1.0895354
-0.5366709
1.2891557
2.6276355
0.31421608
1.6356187
-0.39326823
1.8209144
0.20374787
-0.19859087
1.3291812
-0.8163483
2.247489
-0.8747288
