1.0678966
1.4098034
1.178765
1.0598197
0.8106922
1.2673998
0.8393237
1.7726874
1.9204228
0.72805285
1.5670862
1.0269635
1.107417
1.8421959
0.086051464
0.11912346
-0.018380225
1.6511261
1.539203
1.7279682
1.9511569
1.5823624
0.88842267
1.5440784
0.18312752
1.255125
0.23466522
1.8813899
1.0124825
0.79221165
0.4837392
1.531141
0.8774714
1.1082171
-0.021315992
1.2093277
1.1979432
1.207886
1.8794975
1.3412291
0.67886865
0.8381826
1.3737209
0.06383532
1.3102936
1.318249
0.37241215
0.20501739
0.588284
0.68750566
1.1118398
0.8414081
1.9712048
0.14977527
0.3693177
0.27156574
1.2822253
0.46059138
0.8983514
0.4423715
0.26675713
0.16689426
1.2888451
0.22404003
0.3440523
0.69781035
1.6272331
0.13961613
1.6620693
0.13755518
1.9467204
0.903161
1.9473403
1.1830438
1.4592766
0.020602405
0.5212462
0.18707752
0.54864633
0.18405902
0.59353423
0.7913918
0.07189524
1.3631189
1.1044513
0.48545283
1.0153589
0.13312066
1.1236557
1.8497986
0.594738
1.3116163
0.21091849
1.4121417
0.53480756
0.3165335
1.14537
-0.018608034
1.643564
-0.050280273
