1.1642399
1.7227807
1.345355
1.1510453
0.7440692
1.4901494
0.79084176
2.3155901
2.5569315
0.6090691
1.9797188
1.0973711
1.2288004
2.4291394
-0.4397081
-0.3856815
-0.6103082
2.1170068
1.9341686
2.2425365
2.6071389
2.004674
0.8710501
1.9421332
-0.28112411
1.4700971
-0.19693172
2.493167
1.073715
0.7138792
0.20995694
1.9209986
0.85316
1.2301077
-0.6151042
1.3952823
1.3766847
1.3929273
2.4900756
1.6107574
0.52872145
0.7889777
1.663836
-0.47600043
1.560221
1.5732167
0.028092384
-0.24536455
0.3807419
0.54283094
1.2360257
0.79424685
2.639889
-0.33560848
0.023037255
-0.1366508
1.5143683
0.1721425
0.8872697
0.14237839
-0.14450622
-0.30764282
1.5251824
-0.21428919
-0.01823628
0.5596648
2.0779753
-0.35220456
2.1348834
-0.35557127
2.5998912
0.89512676
2.600904
1.352345
1.8036003
-0.546626
0.27122855
-0.27467132
0.3159896
-0.2796023
0.38931876
0.7125399
-0.46283364
1.6465166
1.2239558
0.21275634
1.078414
-0.3628155
1.255328
2.4415593
0.39128524
1.5623817
-0.23572457
1.7266005
0.29338253
-0.063191295
1.2908007
-0.61068034
2.1046534
-0.6624203
